#Insight Transform File V1.0
#Transform 0
Transform: AffineTransform_float_3_3
Parameters: 1 0 0 0 1 0 0 0 1 0 -2.84217e-14 -0.002295
FixedParameters: 0 0 0

#Transform 1
Transform: AffineTransform_float_3_3
Parameters: 1 -0.00018905 0.000262964 0.000189949 1 0.00019205 -0.000263036 -0.00019195 1 0.0107627 -0.0433077 -0.00484204
FixedParameters: 0 0 0

#Transform 2
Transform: AffineTransform_float_3_3
Parameters: 1 0.000103341 0.000346899 -0.000102659 0.999999 -0.000983036 -0.000347101 0.000982964 1 0.00581526 0.0153024 0.0110996
FixedParameters: 0 0 0

#Transform 3
Transform: AffineTransform_float_3_3
Parameters: 0.999998 -0.000304446 0.00197868 0.00028955 0.999969 0.00780258 -0.00198132 -0.00780141 0.999967 0.013593 0.0779936 0.0222078
FixedParameters: 0 0 0

#Transform 4
Transform: AffineTransform_float_3_3
Parameters: 0.999999 -0.000433442 0.00132656 0.000428556 0.999995 0.00334757 -0.00132844 -0.00334643 0.999993 0.0238187 0.119112 -0.0713618
FixedParameters: 0 0 0

#Transform 5
Transform: AffineTransform_float_3_3
Parameters: 0.999998 -0.000439007 0.00182609 0.000430994 0.999991 0.00438279 -0.00182791 -0.00438221 0.999988 0.0201338 0.0128964 -0.0693979
FixedParameters: 0 0 0

#Transform 6
Transform: AffineTransform_float_3_3
Parameters: 0.999994 -0.000479359 0.00340906 0.000435643 0.999916 0.0130006 -0.00341495 -0.0129994 0.999909 0.0231157 0.156013 -0.0742006
FixedParameters: 0 0 0

#Transform 7
Transform: AffineTransform_float_3_3
Parameters: 0.999995 -0.000691876 0.00303068 0.000645119 0.99988 0.015441 -0.00304132 -0.015439 0.999876 0.0250656 0.328051 -0.112421
FixedParameters: 0 0 0

#Transform 8
Transform: AffineTransform_float_3_3
Parameters: 0.99999 -0.000153198 0.00459341 9.37966e-05 0.999917 0.0128846 -0.00459559 -0.0128844 0.999907 0.0288122 0.118632 -0.142828
FixedParameters: 0 0 0

#Transform 9
Transform: AffineTransform_float_3_3
Parameters: 0.999992 5.20268e-07 0.0041441 -2.74789e-05 0.999978 0.00663095 -0.00414391 -0.00663106 0.99997 0.012086 0.0653691 -0.214658
FixedParameters: 0 0 0

#Transform 10
Transform: AffineTransform_float_3_3
Parameters: 1 0.00118891 4.72519e-05 -0.00118909 0.999998 0.00189395 -4.47479e-05 -0.00189406 0.999998 -0.0549082 0.129254 -0.183436
FixedParameters: 0 0 0

#Transform 11
Transform: AffineTransform_float_3_3
Parameters: 0.999999 0.00159447 -0.000803052 -0.00159653 0.999997 -0.00191272 0.000799946 0.00191428 0.999998 -0.067676 -0.167125 -0.024239
FixedParameters: 0 0 0

#Transform 12
Transform: AffineTransform_float_3_3
Parameters: 0.999999 0.00123653 -0.000647984 -0.00123547 0.999999 0.000822802 0.000649017 -0.000822199 1 -0.0454833 0.129533 -0.0422551
FixedParameters: 0 0 0

#Transform 13
Transform: AffineTransform_float_3_3
Parameters: 1 -0.0001792 -0.000391367 0.0001798 0.999998 0.00204593 0.000390633 -0.00204607 0.999998 0.0191666 0.0882443 -0.0857569
FixedParameters: 0 0 0

#Transform 14
Transform: AffineTransform_float_3_3
Parameters: 1 0.000215111 -0.000390389 -0.00021389 0.999996 0.00284508 0.00039061 -0.00284492 0.999996 0.00604071 0.148769 -0.106781
FixedParameters: 0 0 0

#Transform 15
Transform: AffineTransform_float_3_3
Parameters: 1 0.000209514 -0.000177394 -0.000208487 0.999996 0.00289504 0.000177604 -0.00289496 0.999996 0.00493693 0.178092 -0.0780578
FixedParameters: 0 0 0

#Transform 16
Transform: AffineTransform_float_3_3
Parameters: 1 0.000370729 7.73121e-05 -0.000371273 0.999993 0.00353797 -7.66869e-05 -0.00353803 0.999993 -0.00523212 0.0929718 -0.0949644
FixedParameters: 0 0 0

#Transform 17
Transform: AffineTransform_float_3_3
Parameters: 1 0.000281723 7.70218e-05 -0.000281277 0.999994 0.00362498 -7.59809e-05 -0.00362502 0.999994 0.00391372 0.116903 -0.0870476
FixedParameters: 0 0 0

#Transform 18
Transform: AffineTransform_float_3_3
Parameters: 1 0.000282324 -8.89794e-05 -0.000281676 0.999994 0.00361703 9.00194e-05 -0.00361698 0.999994 0.0112528 0.114862 -0.105088
FixedParameters: 0 0 0

#Transform 19
Transform: AffineTransform_float_3_3
Parameters: 1 0.000282212 -5.49226e-05 -0.000281788 0.999992 0.00381901 5.60765e-05 -0.00381898 0.999992 0.0029419 0.0525746 -0.0899349
FixedParameters: 0 0 0

#Transform 20
Transform: AffineTransform_float_3_3
Parameters: 1 0.000441383 -0.000135762 -0.000441616 0.999996 0.00280706 0.00013724 -0.00280694 0.999996 0.00259979 0.0966375 -0.109317
FixedParameters: 0 0 0

#Transform 21
Transform: AffineTransform_float_3_3
Parameters: 0.999999 0.000359039 0.000736439 -0.000363965 0.999977 0.00674774 -0.000734561 -0.00674727 0.999977 -0.00218023 0.104239 -0.112178
FixedParameters: 0 0 0

#Transform 22
Transform: AffineTransform_float_3_3
Parameters: 0.999999 -8.97463e-05 0.00123396 7.42529e-05 0.999918 0.0127551 -0.00123505 -0.0127549 0.999918 0.0128956 0.260607 -0.109525
FixedParameters: 0 0 0

#Transform 23
Transform: AffineTransform_float_3_3
Parameters: 0.999999 0.000192494 0.000931016 -0.000201505 0.999947 0.0102208 -0.000928989 -0.0102212 0.999948 0.00906428 0.250686 -0.102588
FixedParameters: 0 0 0

#Transform 24
Transform: AffineTransform_float_3_3
Parameters: 0.999999 1.77578e-05 0.00123526 -3.12394e-05 0.999942 0.010721 -0.00123474 -0.010721 0.999942 0.00908237 0.155479 -0.124518
FixedParameters: 0 0 0

#Transform 25
Transform: AffineTransform_float_3_3
Parameters: 1 0.000107156 0.000978129 -0.000116844 0.99995 0.0100709 -0.000976873 -0.0100701 0.999949 0.0075256 0.244952 -0.122085
FixedParameters: 0 0 0

#Transform 26
Transform: AffineTransform_float_3_3
Parameters: 1 0.00020264 0.00108618 -0.000213359 0.999945 0.0104698 -0.00108383 -0.0104692 0.999944 0.00123267 0.184595 -0.138068
FixedParameters: 0 0 0

#Transform 27
Transform: AffineTransform_float_3_3
Parameters: 0.999999 0.000140835 0.000910464 -0.00015017 0.999949 0.0100739 -0.000909533 -0.0100741 0.999949 0.00554616 0.240746 -0.11301
FixedParameters: 0 0 0

#Transform 28
Transform: AffineTransform_float_3_3
Parameters: 0.999999 0.000174615 0.000893885 -0.000184386 0.999945 0.0105098 -0.000892111 -0.0105102 0.999945 0.00711226 0.213755 -0.144074
FixedParameters: 0 0 0

#Transform 29
Transform: AffineTransform_float_3_3
Parameters: 1 0.000256831 0.000964765 -0.000267171 0.999945 0.0105547 -0.000962234 -0.0105553 0.999944 0.00750522 0.227622 -0.12291
FixedParameters: 0 0 0

#Transform 30
Transform: AffineTransform_float_3_3
Parameters: 1 0.000161835 0.00101967 -0.000171169 0.99995 0.00997683 -0.00101834 -0.00997717 0.999949 0.00934444 0.26213 -0.13668
FixedParameters: 0 0 0

#Transform 31
Transform: AffineTransform_float_3_3
Parameters: 0.999999 0.000352809 0.00123854 -0.000365187 0.999952 0.00985756 -0.00123446 -0.00985744 0.99995 0.000782469 0.191688 -0.182649
FixedParameters: 0 0 0

#Transform 32
Transform: AffineTransform_float_3_3
Parameters: 0.999999 0.000147386 0.000902449 -0.00015562 0.999955 0.00955287 -0.000901554 -0.00955314 0.999954 0.00887325 0.200124 -0.171014
FixedParameters: 0 0 0

#Transform 33
Transform: AffineTransform_float_3_3
Parameters: 0.999999 0.000164048 0.000939607 -0.000172946 0.999955 0.00953485 -0.000937393 -0.00953516 0.999954 0.00981796 0.194501 -0.176907
FixedParameters: 0 0 0

#Transform 34
Transform: AffineTransform_float_3_3
Parameters: 0.999999 0.000121321 0.000913195 -0.000130677 0.999955 0.00950989 -0.000911798 -0.00951012 0.999955 0.00505669 0.204465 -0.195072
FixedParameters: 0 0 0

#Transform 35
Transform: AffineTransform_float_3_3
Parameters: 0.999999 0.000110847 0.000936129 -0.000120151 0.999952 0.00978289 -0.000934869 -0.00978311 0.999951 0.00221975 0.200393 -0.170101
FixedParameters: 0 0 0

#Transform 36
Transform: AffineTransform_float_3_3
Parameters: 1 -3.24235e-05 0.00108574 2.2574e-05 0.999954 0.00959903 -0.00108627 -0.00959897 0.999954 0.00598434 0.24455 -0.188264
FixedParameters: 0 0 0

#Transform 37
Transform: AffineTransform_float_3_3
Parameters: 0.999999 7.31561e-05 0.000944814 -8.28457e-05 0.999945 0.0104229 -0.000944188 -0.0104231 0.999945 0.00872923 0.205115 -0.201114
FixedParameters: 0 0 0

#Transform 38
Transform: AffineTransform_float_3_3
Parameters: 0.999999 2.99614e-05 0.000850366 -3.90346e-05 0.999944 0.010631 -0.000849633 -0.010631 0.999943 0.0109705 0.224677 -0.205437
FixedParameters: 0 0 0

#Transform 39
Transform: AffineTransform_float_3_3
Parameters: 1 -0.000134798 0.000441564 0.000130197 0.999941 0.0108491 -0.000443439 -0.0108489 0.999941 0.0129369 0.279284 -0.219844
FixedParameters: 0 0 0

#Transform 40
Transform: AffineTransform_float_3_3
Parameters: 0.999999 -0.000139367 0.000834489 0.000130638 0.999937 0.0112151 -0.000835517 -0.0112149 0.999937 0.0149457 0.232454 -0.220068
FixedParameters: 0 0 0

#Transform 41
Transform: AffineTransform_float_3_3
Parameters: 0.999999 2.34502e-05 0.000785302 -3.25464e-05 0.99994 0.010889 -0.000784692 -0.010889 0.999941 0.00963721 0.222684 -0.19897
FixedParameters: 0 0 0

#Transform 42
Transform: AffineTransform_float_3_3
Parameters: 0.999999 -0.000138675 0.000865654 0.000130321 0.99995 0.0100141 -0.000867348 -0.0100139 0.999949 0.0122761 0.297808 -0.190763
FixedParameters: 0 0 0

#Transform 43
Transform: AffineTransform_float_3_3
Parameters: 0.999999 0.000177764 0.00123713 -0.000192235 0.999933 0.0115168 -0.00123487 -0.0115172 0.999933 0.00638798 0.185666 -0.198488
FixedParameters: 0 0 0

#Transform 44
Transform: AffineTransform_float_3_3
Parameters: 0.999998 0.000439524 0.00225993 -0.000468477 0.999914 0.013059 -0.00225408 -0.01306 0.999912 -0.00523321 0.252768 -0.186672
FixedParameters: 0 0 0

#Transform 45
Transform: AffineTransform_float_3_3
Parameters: 0.999988 0.000612991 0.00483399 -0.000673008 0.999922 0.0124219 -0.00482601 -0.0124251 0.999911 -0.00455738 0.272921 -0.247876
FixedParameters: 0 0 0

#Transform 46
Transform: AffineTransform_float_3_3
Parameters: 0.999989 0.000469646 0.00451387 -0.000523358 0.99993 0.0118268 -0.00450812 -0.0118282 0.99992 -0.0106902 0.226793 -0.254049
FixedParameters: 0 0 0

#Transform 47
Transform: AffineTransform_float_3_3
Parameters: 0.99999 0.000407066 0.00429781 -0.000454936 0.999937 0.0111582 -0.00429319 -0.0111599 0.999929 -0.00533204 0.267296 -0.227364
FixedParameters: 0 0 0

#Transform 48
Transform: AffineTransform_float_3_3
Parameters: 0.999991 0.00195836 0.00378198 -0.00200464 0.999925 0.0121015 -0.00375801 -0.0121085 0.999919 -0.0792033 0.254125 -0.248242
FixedParameters: 0 0 0

#Transform 49
Transform: AffineTransform_float_3_3
Parameters: 0.999992 0.000976879 0.00391354 -0.00102213 0.999933 0.0115441 -0.00390246 -0.0115479 0.999925 -0.032921 0.258085 -0.244567
FixedParameters: 0 0 0

#Transform 50
Transform: AffineTransform_float_3_3
Parameters: 0.999991 0.000625891 0.00401629 -0.000671107 0.999936 0.0112404 -0.00400871 -0.0112426 0.999929 -0.0218758 0.299836 -0.202272
FixedParameters: 0 0 0

#Transform 51
Transform: AffineTransform_float_3_3
Parameters: 0.999994 0.000503286 0.00358127 -0.000546723 0.999928 0.0119361 -0.00357573 -0.0119379 0.999923 -0.018072 0.253184 -0.222897
FixedParameters: 0 0 0

#Transform 52
Transform: AffineTransform_float_3_3
Parameters: 0.999993 0.000340119 0.00367701 -0.00038088 0.999938 0.0111227 -0.00367299 -0.0111243 0.999932 -0.00423765 0.257894 -0.200735
FixedParameters: 0 0 0

#Transform 53
Transform: AffineTransform_float_3_3
Parameters: 0.999993 0.000228142 0.00367577 -0.000268862 0.999938 0.0111191 -0.00367324 -0.0111199 0.999932 -0.00382581 0.258018 -0.22183
FixedParameters: 0 0 0

#Transform 54
Transform: AffineTransform_float_3_3
Parameters: 0.999993 0.000222888 0.00367609 -0.000269111 0.999921 0.0125481 -0.00367291 -0.0125489 0.999914 -0.00224243 0.22408 -0.20917
FixedParameters: 0 0 0

#Transform 55
Transform: AffineTransform_float_3_3
Parameters: 0.999996 0.000230809 0.00302715 -0.000269188 0.999921 0.0126212 -0.00302384 -0.0126228 0.999916 0.00217885 0.299384 -0.227847
FixedParameters: 0 0 0

#Transform 56
Transform: AffineTransform_float_3_3
Parameters: 0.999995 0.000229189 0.00329202 -0.000268809 0.999927 0.0120972 -0.00328899 -0.0120988 0.999922 -6.69346e-05 0.277606 -0.261004
FixedParameters: 0 0 0

#Transform 57
Transform: AffineTransform_float_3_3
Parameters: 0.999993 0.000224539 0.00367599 -0.000269462 0.999927 0.0120991 -0.00367301 -0.0120999 0.99992 -0.00225238 0.255311 -0.26045
FixedParameters: 0 0 0

#Transform 58
Transform: AffineTransform_float_3_3
Parameters: 0.999995 0.000287559 0.0031856 -0.000325446 0.999931 0.011759 -0.00318239 -0.01176 0.999926 -0.000437837 0.308479 -0.274928
FixedParameters: 0 0 0

#Transform 59
Transform: AffineTransform_float_3_3
Parameters: 0.999994 0.000230705 0.00343027 -0.000275291 0.999916 0.0129181 -0.00342673 -0.0129189 0.99991 -0.00188007 0.272896 -0.285068
FixedParameters: 0 0 0

#Transform 60
Transform: AffineTransform_float_3_3
Parameters: 0.999994 0.000203117 0.00327486 -0.000244886 0.999918 0.0127943 -0.00327213 -0.0127947 0.999913 0.00375514 0.262261 -0.283112
FixedParameters: 0 0 0

#Transform 61
Transform: AffineTransform_float_3_3
Parameters: 0.999994 0.0001176 0.0032738 -0.000160404 0.999916 0.0129545 -0.00327219 -0.0129545 0.99991 0.000166439 0.267467 -0.259114
FixedParameters: 0 0 0

#Transform 62
Transform: AffineTransform_float_3_3
Parameters: 0.999994 8.46836e-05 0.00327333 -0.000126327 0.999921 0.0126247 -0.00327266 -0.0126243 0.999915 0.00445335 0.293718 -0.273364
FixedParameters: 0 0 0

#Transform 63
Transform: AffineTransform_float_3_3
Parameters: 0.999994 -5.98733e-05 0.00349552 1.51235e-05 0.999917 0.0128351 -0.00349648 -0.0128359 0.999912 0.00776081 0.270178 -0.283488
FixedParameters: 0 0 0

#Transform 64
Transform: AffineTransform_float_3_3
Parameters: 0.999994 -7.00272e-05 0.00367041 2.29646e-05 0.999918 0.0128112 -0.0036716 -0.0128108 0.999911 0.0116331 0.23755 -0.301153
FixedParameters: 0 0 0

#Transform 65
Transform: AffineTransform_float_3_3
Parameters: 0.999994 -6.8987e-05 0.00339939 2.50176e-05 0.999917 0.0129382 -0.00339961 -0.0129378 0.99991 0.0110397 0.283248 -0.289602
FixedParameters: 0 0 0

#Transform 66
Transform: AffineTransform_float_3_3
Parameters: 0.999994 -3.22492e-05 0.00352787 -1.22509e-05 0.999922 0.012542 -0.00352812 -0.012542 0.999915 0.00595266 0.281946 -0.308766
FixedParameters: 0 0 0

#Transform 67
Transform: AffineTransform_float_3_3
Parameters: 0.999993 -0.0002098 0.00379241 0.000156203 0.9999 0.0141817 -0.0037946 -0.0141803 0.999892 0.0156299 0.268171 -0.297008
FixedParameters: 0 0 0

#Transform 68
Transform: AffineTransform_float_3_3
Parameters: 0.999994 -0.000269128 0.00361656 0.000217863 0.9999 0.0141309 -0.00362044 -0.0141291 0.999893 0.0178515 0.291163 -0.307266
FixedParameters: 0 0 0

#Transform 69
Transform: AffineTransform_float_3_3
Parameters: 0.999994 -0.000296258 0.0035192 0.000246745 0.999902 0.013989 -0.0035228 -0.013988 0.999896 0.0102074 0.320142 -0.296698
FixedParameters: 0 0 0

#Transform 70
Transform: AffineTransform_float_3_3
Parameters: 0.999994 -0.000231896 0.00326012 0.000187092 0.999905 0.0137647 -0.00326388 -0.0137643 0.9999 0.0184034 0.296831 -0.310742
FixedParameters: 0 0 0

#Transform 71
Transform: AffineTransform_float_3_3
Parameters: 0.999993 -0.000121838 0.00356767 7.31734e-05 0.999907 0.0136854 -0.00356833 -0.0136857 0.9999 0.0129235 0.301039 -0.321696
FixedParameters: 0 0 0

#Transform 72
Transform: AffineTransform_float_3_3
Parameters: 0.999994 -0.00027865 0.00324326 0.000231355 0.999892 0.0146828 -0.00324675 -0.0146822 0.999887 0.0182981 0.284759 -0.311886
FixedParameters: 0 0 0

#Transform 73
Transform: AffineTransform_float_3_3
Parameters: 0.999995 -0.000232755 0.00332906 0.000186247 0.999902 0.0140377 -0.00333194 -0.0140373 0.999896 0.0174362 0.294092 -0.33171
FixedParameters: 0 0 0

#Transform 74
Transform: AffineTransform_float_3_3
Parameters: 0.999995 -0.000298864 0.00314406 0.000253135 0.999899 0.0142609 -0.00314793 -0.0142591 0.999894 0.0134729 0.328178 -0.319642
FixedParameters: 0 0 0

#Transform 75
Transform: AffineTransform_float_3_3
Parameters: 0.999994 -0.000326824 0.00343863 0.000277171 0.999895 0.01448 -0.00344338 -0.014479 0.999889 0.01769 0.290501 -0.33055
FixedParameters: 0 0 0

#Transform 76
Transform: AffineTransform_float_3_3
Parameters: 0.999995 -0.000410951 0.0033094 0.000363054 0.999895 0.0144773 -0.0033146 -0.0144757 0.999889 0.0141172 0.313623 -0.298647
FixedParameters: 0 0 0

#Transform 77
Transform: AffineTransform_float_3_3
Parameters: 0.999996 -0.00045366 0.00298998 0.000411339 0.999903 0.0139193 -0.00299602 -0.0139177 0.999898 0.0227389 0.32793 -0.315908
FixedParameters: 0 0 0

#Transform 78
Transform: AffineTransform_float_3_3
Parameters: 0.999994 -0.00038194 0.00343801 0.000334062 0.999903 0.0139332 -0.00344299 -0.0139328 0.999897 0.019435 0.29798 -0.339471
FixedParameters: 0 0 0

#Transform 79
Transform: AffineTransform_float_3_3
Parameters: 0.999994 -0.000355892 0.00343829 0.000307111 0.999899 0.0142101 -0.00344271 -0.0142089 0.999893 0.0221038 0.292991 -0.326652
FixedParameters: 0 0 0

#Transform 80
Transform: AffineTransform_float_3_3
Parameters: 0.999994 -0.000290648 0.00343924 0.000242356 0.9999 0.0141369 -0.00344277 -0.0141361 0.999894 0.0181539 0.316009 -0.311732
FixedParameters: 0 0 0

#Transform 81
Transform: AffineTransform_float_3_3
Parameters: 0.999994 -0.000330107 0.00343872 0.000281889 0.999902 0.0139811 -0.00344328 -0.01398 0.999897 0.0196227 0.338484 -0.339409
FixedParameters: 0 0 0

#Transform 82
Transform: AffineTransform_float_3_3
Parameters: 0.999994 -0.000292454 0.00348707 0.000240532 0.999891 0.0147469 -0.00349193 -0.0147461 0.999885 0.0223377 0.30207 -0.323656
FixedParameters: 0 0 0

#Transform 83
Transform: AffineTransform_float_3_3
Parameters: 0.999994 -0.000176495 0.00346279 0.000125504 0.999893 0.0145765 -0.0034652 -0.0145765 0.999888 0.0132632 0.308702 -0.301039
FixedParameters: 0 0 0

#Transform 84
Transform: AffineTransform_float_3_3
Parameters: 0.999993 -0.000292031 0.0037443 0.000239959 0.999903 0.013889 -0.00374869 -0.013888 0.999896 0.0141843 0.338606 -0.322513
FixedParameters: 0 0 0

#Transform 85
Transform: AffineTransform_float_3_3
Parameters: 0.999994 -0.000337712 0.00326951 0.000290296 0.999898 0.014277 -0.00327348 -0.014276 0.999892 0.0152531 0.30882 -0.337076
FixedParameters: 0 0 0

#Transform 86
Transform: AffineTransform_float_3_3
Parameters: 0.999995 -0.000330677 0.00316556 0.000285317 0.999896 0.014419 -0.00317044 -0.014418 0.999891 0.0176674 0.301632 -0.319472
FixedParameters: 0 0 0

#Transform 87
Transform: AffineTransform_float_3_3
Parameters: 0.999994 -0.000368139 0.00328616 0.000321863 0.999902 0.0140301 -0.00329084 -0.0140289 0.999896 0.0188457 0.329795 -0.31424
FixedParameters: 0 0 0

#Transform 88
Transform: AffineTransform_float_3_3
Parameters: 0.999995 -0.000364556 0.00331311 0.000317446 0.999897 0.0143431 -0.00331789 -0.0143419 0.999891 0.0204455 0.31116 -0.339917
FixedParameters: 0 0 0

#Transform 89
Transform: AffineTransform_float_3_3
Parameters: 0.999994 -0.000395618 0.00337055 0.000346374 0.999892 0.0147093 -0.00337646 -0.0147077 0.999886 0.0186808 0.302509 -0.330109
FixedParameters: 0 0 0

#Transform 90
Transform: AffineTransform_float_3_3
Parameters: 0.999995 -0.000423856 0.00316808 0.000376144 0.999891 0.0147763 -0.0031739 -0.0147747 0.999886 0.0270227 0.333975 -0.322986
FixedParameters: 0 0 0

#Transform 91
Transform: AffineTransform_float_3_3
Parameters: 0.999995 -0.00041671 0.00316544 0.000372298 0.999901 0.0141113 -0.00317057 -0.0141108 0.999896 0.0233274 0.353206 -0.329886
FixedParameters: 0 0 0

#Transform 92
Transform: AffineTransform_float_3_3
Parameters: 0.999995 -0.000417995 0.00334335 0.00037001 0.999897 0.0143433 -0.00334865 -0.0143417 0.999891 0.0250586 0.295703 -0.341448
FixedParameters: 0 0 0

#Transform 93
Transform: AffineTransform_float_3_3
Parameters: 0.999995 -0.000330929 0.00337256 0.000281065 0.999895 0.014498 -0.00337743 -0.014497 0.999889 0.0215634 0.317872 -0.333125
FixedParameters: 0 0 0

#Transform 94
Transform: AffineTransform_float_3_3
Parameters: 0.999995 -0.000492999 0.00328629 0.000445992 0.999898 0.0142865 -0.00329371 -0.0142854 0.999892 0.0271781 0.333349 -0.31617
FixedParameters: 0 0 0

#Transform 95
Transform: AffineTransform_float_3_3
Parameters: 0.999992 -0.000481634 0.00394211 0.000411369 0.999844 0.0176458 -0.00394987 -0.0176442 0.999836 0.0185178 0.373375 -0.312433
FixedParameters: 0 0 0

#Transform 96
Transform: AffineTransform_float_3_3
Parameters: 0.999998 -0.00038561 0.00208046 0.000366394 0.999955 0.00941778 -0.00208354 -0.00941722 0.999954 0.0304359 0.223488 -0.352485
FixedParameters: 0 0 0

#Transform 97
Transform: AffineTransform_float_3_3
Parameters: 0.999997 -0.000282699 0.00235105 0.0002563 0.999941 0.0109246 -0.00235394 -0.0109234 0.999937 0.0263406 0.301558 -0.296758
FixedParameters: 0 0 0

#Transform 98
Transform: AffineTransform_float_3_3
Parameters: 0.999998 -0.000391545 0.00227191 0.000367454 0.999941 0.0107939 -0.0022761 -0.0107931 0.999939 0.0289305 0.240033 -0.317014
FixedParameters: 0 0 0

#Transform 99
Transform: AffineTransform_float_3_3
Parameters: 0.999997 -0.000304382 0.00235074 0.000278616 0.999937 0.0112147 -0.00235427 -0.0112143 0.999935 0.0212359 0.266368 -0.316839
FixedParameters: 0 0 0

#Transform 100
Transform: AffineTransform_float_3_3
Parameters: 0.999998 -0.000289428 0.00227691 0.000264572 0.999937 0.0111596 -0.0022801 -0.0111594 0.999935 0.02042 0.308435 -0.313604
FixedParameters: 0 0 0

#Transform 101
Transform: AffineTransform_float_3_3
Parameters: 0.999998 -0.00046484 0.00227869 0.000438156 0.99993 0.011765 -0.00228431 -0.011764 0.999928 0.0243551 0.333066 -0.320249
FixedParameters: 0 0 0

#Transform 102
Transform: AffineTransform_float_3_3
Parameters: 0.999997 -0.000575308 0.00234701 0.000546691 0.999922 0.0124693 -0.002354 -0.0124677 0.99992 0.0322802 0.301397 -0.323253
FixedParameters: 0 0 0

#Transform 103
Transform: AffineTransform_float_3_3
Parameters: 0.999996 -0.000472748 0.00251424 0.000441254 0.999921 0.0126132 -0.00251977 -0.0126119 0.999918 0.0282709 0.29894 -0.309377
FixedParameters: 0 0 0

#Transform 104
Transform: AffineTransform_float_3_3
Parameters: 0.999997 -0.000487969 0.00242754 0.000460025 0.999933 0.0115091 -0.00243345 -0.0115078 0.999931 0.0351473 0.335516 -0.31523
FixedParameters: 0 0 0

#Transform 105
Transform: AffineTransform_float_3_3
Parameters: 0.999997 -0.000486744 0.00229629 0.00045926 0.999927 0.0120671 -0.00230171 -0.0120659 0.999924 0.0290192 0.304278 -0.335369
FixedParameters: 0 0 0

#Transform 106
Transform: AffineTransform_float_3_3
Parameters: 0.999997 -0.000524951 0.00260496 0.000494051 0.99993 0.0118673 -0.00261105 -0.0118667 0.999926 0.0278432 0.260332 -0.337427
FixedParameters: 0 0 0

#Transform 107
Transform: AffineTransform_float_3_3
Parameters: 0.999997 -0.000206118 0.00267205 0.000178881 0.999948 0.0101455 -0.00267395 -0.0101445 0.999945 0.0174114 0.265232 -0.304607
FixedParameters: 0 0 0

#Transform 108
Transform: AffineTransform_float_3_3
Parameters: 0.999997 -0.000456516 0.0021313 0.000433487 0.999944 0.010553 -0.00213569 -0.0105521 0.999942 0.0301563 0.309981 -0.318027
FixedParameters: 0 0 0

#Transform 109
Transform: AffineTransform_float_3_3
Parameters: 0.999997 -0.000556399 0.0023958 0.000528597 0.999934 0.0114223 -0.00240219 -0.0114207 0.999932 0.0299857 0.273576 -0.314344
FixedParameters: 0 0 0

#Transform 110
Transform: AffineTransform_float_3_3
Parameters: 0.999997 -0.000627562 0.00261709 0.000597439 0.999936 0.0112816 -0.00262391 -0.0112794 0.999933 0.0355722 0.266324 -0.301667
FixedParameters: 0 0 0

#Transform 111
Transform: AffineTransform_float_3_3
Parameters: 0.999998 -2.92644e-05 0.00169584 1.77345e-05 0.999978 0.00664204 -0.00169615 -0.00664196 0.999976 0.00904708 0.201477 -0.361877
FixedParameters: 0 0 0

#Transform 112
Transform: AffineTransform_float_3_3
Parameters: 0.999994 0.00217151 -0.00292905 -0.00218949 0.999979 -0.00598162 0.00291595 0.00598837 0.999978 -0.117383 -0.0310469 -0.413019
FixedParameters: 0 0 0

#Transform 113
Transform: AffineTransform_float_3_3
Parameters: 0.999991 0.00317555 -0.00273852 -0.00316245 0.999984 0.0045747 0.00275248 -0.0045663 0.999986 -0.124118 0.257669 -0.200809
FixedParameters: 0 0 0

#Transform 114
Transform: AffineTransform_float_3_3
Parameters: 0.999995 0.00246185 -0.0020633 -0.00245215 0.999985 0.00476408 0.0020747 -0.00475891 0.999986 -0.0914883 0.258275 -0.23252
FixedParameters: 0 0 0

#Transform 115
Transform: AffineTransform_float_3_3
Parameters: 0.999996 0.00205348 -0.00183142 -0.00204352 0.999984 0.00516376 0.00184257 -0.00515923 0.999985 -0.0778835 0.207923 -0.269874
FixedParameters: 0 0 0

#Transform 116
Transform: AffineTransform_float_3_3
Parameters: 0.999997 0.00194534 -0.00158662 -0.00193566 0.999981 0.00586809 0.00159839 -0.00586591 0.999982 -0.0691062 0.169212 -0.288303
FixedParameters: 0 0 0

#Transform 117
Transform: AffineTransform_float_3_3
Parameters: 0.999997 0.00163023 -0.00137833 -0.00162177 0.999981 0.00594925 0.00138867 -0.00594775 0.999982 -0.0603807 0.187089 -0.286998
FixedParameters: 0 0 0

#Transform 118
Transform: AffineTransform_float_3_3
Parameters: 0.999998 0.00163073 -0.00129609 -0.00162127 0.999976 0.00671111 0.00130691 -0.00670888 0.999976 -0.0564664 0.203344 -0.297656
FixedParameters: 0 0 0

#Transform 119
Transform: AffineTransform_float_3_3
Parameters: 0.999998 0.0014824 -0.00131851 -0.0014726 0.999973 0.00709995 0.00132949 -0.00709804 0.999974 -0.0543741 0.18516 -0.308697
FixedParameters: 0 0 0

#Transform 120
Transform: AffineTransform_float_3_3
Parameters: 0.999998 0.00126963 -0.00118684 -0.00126137 0.999973 0.00724151 0.00119616 -0.00724049 0.999973 -0.0502064 0.194269 -0.324406
FixedParameters: 0 0 0

#Transform 121
Transform: AffineTransform_float_3_3
Parameters: 0.999999 0.00133423 -0.00118682 -0.00132577 0.999976 0.00690659 0.00119619 -0.00690542 0.999976 -0.047281 0.19643 -0.320212
FixedParameters: 0 0 0

#Transform 122
Transform: AffineTransform_float_3_3
Parameters: 0.999998 0.00121581 -0.00118704 -0.00120719 0.999972 0.00739744 0.00119596 -0.00739556 0.999972 -0.0427277 0.257125 -0.342316
FixedParameters: 0 0 0

#Transform 123
Transform: AffineTransform_float_3_3
Parameters: 0.999999 0.00121781 -0.00134932 -0.00120719 0.999967 0.00798264 0.00135868 -0.00798136 0.999967 -0.0334007 0.251659 -0.373143
FixedParameters: 0 0 0

#Transform 124
Transform: AffineTransform_float_3_3
Parameters: 0.999998 0.00115386 -0.00128836 -0.00114315 0.999964 0.00839549 0.00129764 -0.00839452 0.999964 -0.0403393 0.234526 -0.368428
FixedParameters: 0 0 0

#Transform 125
Transform: AffineTransform_float_3_3
Parameters: 0.999998 0.000978004 -0.00128973 -0.000967004 0.999964 0.00850426 0.00129727 -0.00850375 0.999963 -0.0332542 0.267006 -0.362071
FixedParameters: 0 0 0

#Transform 126
Transform: AffineTransform_float_3_3
Parameters: 0.999998 0.000954721 -0.00129013 -0.00094328 0.999965 0.00828523 0.00129786 -0.00828377 0.999965 -0.0310561 0.259871 -0.406382
FixedParameters: 0 0 0

#Transform 127
Transform: AffineTransform_float_3_3
Parameters: 0.999999 0.000778671 -0.00129103 -0.000766329 0.999959 0.009016 0.00129796 -0.009015 0.999958 -0.0309554 0.225473 -0.390349
FixedParameters: 0 0 0

#Transform 128
Transform: AffineTransform_float_3_3
Parameters: 0.999999 0.000847295 -0.00119778 -0.000836702 0.999963 0.00857002 0.00120521 -0.00856899 0.999963 -0.0280718 0.247437 -0.388257
FixedParameters: 0 0 0

#Transform 129
Transform: AffineTransform_float_3_3
Parameters: 0.999999 0.000820344 -0.00114365 -0.000809653 0.999959 0.00901593 0.00115135 -0.00901506 0.999958 -0.0305104 0.261675 -0.388963
FixedParameters: 0 0 0

#Transform 130
Transform: AffineTransform_float_3_3
Parameters: 0.999994 0.00183892 0.00275459 -0.00186508 0.999953 0.00949392 -0.00273741 -0.00949909 0.999951 -0.05442 0.263172 -0.38359
FixedParameters: 0 0 0

#Transform 131
Transform: AffineTransform_float_3_3
Parameters: 0.999999 0.00139491 0.000119445 -0.00139509 0.999952 0.00963483 -0.000106563 -0.00963515 0.999953 -0.0572081 0.232335 -0.391726
FixedParameters: 0 0 0

#Transform 132
Transform: AffineTransform_float_3_3
Parameters: 0.999999 0.00126773 0.000546404 -0.00127327 0.999952 0.00976332 -0.000533594 -0.00976369 0.999952 -0.047495 0.248002 -0.380991
FixedParameters: 0 0 0

#Transform 133
Transform: AffineTransform_float_3_3
Parameters: 0.999999 0.00123123 0.000308288 -0.00123377 0.999958 0.00915763 -0.000296715 -0.00915738 0.999958 -0.0429928 0.293 -0.405055
FixedParameters: 0 0 0

#Transform 134
Transform: AffineTransform_float_3_3
Parameters: 0.999999 0.0011992 0.000306193 -0.00120181 0.999956 0.00932264 -0.00029581 -0.00932236 0.999957 -0.0397038 0.28788 -0.40138
FixedParameters: 0 0 0

#Transform 135
Transform: AffineTransform_float_3_3
Parameters: 0.999999 0.00116991 0.000545061 -0.00117409 0.999955 0.00943337 -0.000533948 -0.00943363 0.999956 -0.0387527 0.246439 -0.399719
FixedParameters: 0 0 0

#Transform 136
Transform: AffineTransform_float_3_3
Parameters: 1 0.00115122 0.000191979 -0.00115278 0.999954 0.00952878 -0.000181024 -0.00952821 0.999954 -0.0359038 0.309536 -0.36978
FixedParameters: 0 0 0

#Transform 137
Transform: AffineTransform_float_3_3
Parameters: 0.999999 0.00130216 -0.00012872 -0.00130084 0.999961 0.00866618 0.000139278 -0.00866583 0.999963 -0.0363196 0.278748 -0.374879
FixedParameters: 0 0 0

#Transform 138
Transform: AffineTransform_float_3_3
Parameters: 0.999999 0.00130119 0.000545614 -0.0013058 0.99996 0.0089083 -0.000533389 -0.00890871 0.99996 -0.0442215 0.228776 -0.334091
FixedParameters: 0 0 0

#Transform 139
Transform: AffineTransform_float_3_3
Parameters: 0.999999 0.0013895 5.99861e-05 -0.0013895 0.999956 0.00934393 -4.70185e-05 -0.00934408 0.999957 -0.0427372 0.288231 -0.33487
FixedParameters: 0 0 0

#Transform 140
Transform: AffineTransform_float_3_3
Parameters: 1 0.000998406 -0.00035147 -0.000994589 0.999954 0.00956136 0.000361526 -0.00956064 0.999954 -0.0236871 0.287124 -0.36479
FixedParameters: 0 0 0

#Transform 141
Transform: AffineTransform_float_3_3
Parameters: 1 0.00112837 -0.000241173 -0.00112663 0.999953 0.00960528 0.000251833 -0.00960472 0.999954 -0.0298931 0.241599 -0.355091
FixedParameters: 0 0 0

#Transform 142
Transform: AffineTransform_float_3_3
Parameters: 0.999999 0.00118722 -0.000350271 -0.00118378 0.999959 0.00904942 0.000361727 -0.00904858 0.999959 -0.0310173 0.289268 -0.34654
FixedParameters: 0 0 0

#Transform 143
Transform: AffineTransform_float_3_3
Parameters: 0.999999 0.000976395 -0.000351713 -0.000972601 0.999954 0.00952835 0.000361284 -0.00952866 0.999955 -0.0273432 0.286716 -0.390833
FixedParameters: 0 0 0

#Transform 144
Transform: AffineTransform_float_3_3
Parameters: 1 0.00102418 0.000190107 -0.00102582 0.999951 0.00985881 -0.000179895 -0.00985919 0.999952 -0.0310988 0.266697 -0.405479
FixedParameters: 0 0 0

#Transform 145
Transform: AffineTransform_float_3_3
Parameters: 1 0.00103164 -6.10609e-05 -0.00103136 0.999953 0.00963706 7.09425e-05 -0.00963693 0.999953 -0.0335011 0.27896 -0.401407
FixedParameters: 0 0 0

#Transform 146
Transform: AffineTransform_float_3_3
Parameters: 0.999999 0.000926138 0.000189344 -0.000927867 0.999949 0.0100788 -0.000180658 -0.0100782 0.999949 -0.0293701 0.292995 -0.40166
FixedParameters: 0 0 0

#Transform 147
Transform: AffineTransform_float_3_3
Parameters: 1 0.000971308 -2.64125e-05 -0.000970696 0.999951 0.00987203 3.55845e-05 -0.00987197 0.999952 -0.0330958 0.294766 -0.396334
FixedParameters: 0 0 0

#Transform 148
Transform: AffineTransform_float_3_3
Parameters: 0.999999 0.000769039 9.97115e-05 -0.000769963 0.999949 0.0100209 -9.22888e-05 -0.0100211 0.99995 -0.0253112 0.280838 -0.400925
FixedParameters: 0 0 0

#Transform 149
Transform: AffineTransform_float_3_3
Parameters: 0.999999 0.000898084 0.000189324 -0.000899922 0.999946 0.0103708 -0.000180677 -0.0103712 0.999946 -0.0313727 0.264175 -0.390655
FixedParameters: 0 0 0

#Transform 150
Transform: AffineTransform_float_3_3
Parameters: 1 0.000574233 0.000185559 -0.000576771 0.999953 0.0096659 -0.000180433 -0.00966611 0.999954 -0.0200091 0.297791 -0.402502
FixedParameters: 0 0 0

#Transform 151
Transform: AffineTransform_float_3_3
Parameters: 0.999999 0.00068217 0.000186816 -0.000684832 0.99995 0.00997788 -0.000180176 -0.00997813 0.99995 -0.0229227 0.291979 -0.42569
FixedParameters: 0 0 0

#Transform 152
Transform: AffineTransform_float_3_3
Parameters: 0.999999 0.000733691 -0.000152057 -0.000732309 0.999941 0.0108381 0.000159946 -0.0108379 0.999942 -0.023265 0.275164 -0.394941
FixedParameters: 0 0 0

#Transform 153
Transform: AffineTransform_float_3_3
Parameters: 1 0.000635634 3.8586e-05 -0.00063536 0.999946 0.010358 -3.14206e-05 -0.010358 0.999947 -0.0227327 0.29158 -0.384272
FixedParameters: 0 0 0

#Transform 154
Transform: AffineTransform_float_3_3
Parameters: 1 0.000692112 -0.000102772 -0.000690886 0.999945 0.0104511 0.000110226 -0.0104509 0.999946 -0.0217285 0.325911 -0.42068
FixedParameters: 0 0 0

#Transform 155
Transform: AffineTransform_float_3_3
Parameters: 0.999999 0.000736666 0.000135466 -0.000738339 0.999949 0.0101259 -0.00012853 -0.0101261 0.999948 -0.0243708 0.277064 -0.439921
FixedParameters: 0 0 0

#Transform 156
Transform: AffineTransform_float_3_3
Parameters: 1 0.000667068 -3.0293e-06 -0.000666932 0.999945 0.01045 9.96999e-06 -0.01045 0.999946 -0.0219059 0.274654 -0.414282
FixedParameters: 0 0 0

#Transform 157
Transform: AffineTransform_float_3_3
Parameters: 0.999999 0.000704426 5.92679e-05 -0.00070557 0.999946 0.010313 -5.17262e-05 -0.010313 0.999947 -0.0222062 0.315667 -0.411654
FixedParameters: 0 0 0

#Transform 158
Transform: AffineTransform_float_3_3
Parameters: 0.999999 0.000730032 9.3862e-05 -0.000730969 0.999942 0.0107619 -8.61383e-05 -0.0107621 0.999942 -0.022721 0.298191 -0.423436
FixedParameters: 0 0 0

#Transform 159
Transform: AffineTransform_float_3_3
Parameters: 1 0.000666723 2.92197e-05 -0.000667275 0.999941 0.010826 -2.17774e-05 -0.010826 0.999942 -0.0216464 0.285619 -0.418583
FixedParameters: 0 0 0

#Transform 160
Transform: AffineTransform_float_3_3
Parameters: 1 0.000691638 0.000126677 -0.000693366 0.999939 0.0110889 -0.000119318 -0.0110891 0.999938 -0.0280376 0.301426 -0.416558
FixedParameters: 0 0 0

#Transform 161
Transform: AffineTransform_float_3_3
Parameters: 1 0.000662465 5.31497e-05 -0.000663533 0.999941 0.010788 -4.58444e-05 -0.010788 0.999942 -0.0226552 0.31147 -0.419317
FixedParameters: 0 0 0

#Transform 162
Transform: AffineTransform_float_3_3
Parameters: 1 0.000622367 -3.02018e-05 -0.000621635 0.99994 0.010926 3.67942e-05 -0.010926 0.999941 -0.023441 0.309994 -0.450612
FixedParameters: 0 0 0

#Transform 163
Transform: AffineTransform_float_3_3
Parameters: 1 0.000550301 6.51988e-05 -0.000550697 0.999937 0.011257 -5.88045e-05 -0.011257 0.999936 -0.0196982 0.304239 -0.4517
FixedParameters: 0 0 0

#Transform 164
Transform: AffineTransform_float_3_3
Parameters: 1 0.000548879 0.000101273 -0.000550117 0.999934 0.0114169 -9.47254e-05 -0.011417 0.999935 -0.0172406 0.289422 -0.428923
FixedParameters: 0 0 0

#Transform 165
Transform: AffineTransform_float_3_3
Parameters: 1 0.000434686 0.000114128 -0.000436312 0.99993 0.0117789 -0.000108868 -0.011779 0.99993 -0.0121169 0.332673 -0.41927
FixedParameters: 0 0 0

#Transform 166
Transform: AffineTransform_float_3_3
Parameters: 1 0.000525734 2.76448e-05 -0.00052627 0.999943 0.010734 -2.23523e-05 -0.010734 0.999943 -0.0159477 0.334061 -0.459063
FixedParameters: 0 0 0

#Transform 167
Transform: AffineTransform_float_3_3
Parameters: 1 0.000377421 0.000142263 -0.000378577 0.999937 0.011272 -0.000137741 -0.0112721 0.999937 -0.0161925 0.28923 -0.459538
FixedParameters: 0 0 0

#Transform 168
Transform: AffineTransform_float_3_3
Parameters: 1 0.000434108 -7.07767e-06 -0.000433893 0.999935 0.01134 1.19211e-05 -0.01134 0.999935 -0.0146732 0.288615 -0.444881
FixedParameters: 0 0 0

#Transform 169
Transform: AffineTransform_float_3_3
Parameters: 1 0.000378112 -7.71044e-06 -0.000377885 0.999935 0.011346 1.22883e-05 -0.011346 0.999935 -0.0134521 0.305167 -0.432861
FixedParameters: 0 0 0

#Transform 170
Transform: AffineTransform_float_3_3
Parameters: 1 0.000433109 -7.05912e-06 -0.000432892 0.999935 0.011409 1.19396e-05 -0.011409 0.999935 -0.0134644 0.326571 -0.441185
FixedParameters: 0 0 0

#Transform 171
Transform: AffineTransform_float_3_3
Parameters: 1 0.000357227 6.9123e-05 -0.000358772 0.999934 0.011529 -6.4868e-05 -0.011529 0.999933 -0.0154586 0.325511 -0.465396
FixedParameters: 0 0 0

#Transform 172
Transform: AffineTransform_float_3_3
Parameters: 1 0.000383263 0.00047172 -0.000389741 0.999925 0.0122228 -0.000467271 -0.0122232 0.999925 -0.0165539 0.313279 -0.44519
FixedParameters: 0 0 0

#Transform 173
Transform: AffineTransform_float_3_3
Parameters: 1 0.000252605 3.40727e-05 -0.000253395 0.999926 0.012154 -3.09225e-05 -0.012154 0.999926 -0.0100303 0.342142 -0.443703
FixedParameters: 0 0 0

#Transform 174
Transform: AffineTransform_float_3_3
Parameters: 1 0.000308911 9.3669e-05 -0.000310093 0.999929 0.011856 -9.03299e-05 -0.011856 0.999929 -0.00889433 0.342122 -0.461481
FixedParameters: 0 0 0

#Transform 175
Transform: AffineTransform_float_3_3
Parameters: 1 0.00032822 0.000151907 -0.000329781 0.99993 0.011871 -0.000148096 -0.011871 0.999929 -0.0102896 0.322484 -0.46891
FixedParameters: 0 0 0

#Transform 176
Transform: AffineTransform_float_3_3
Parameters: 1 0.000296902 0.000427585 -0.000302103 0.999929 0.0119729 -0.000424413 -0.0119731 0.999928 -0.00623569 0.296135 -0.470651
FixedParameters: 0 0 0

#Transform 177
Transform: AffineTransform_float_3_3
Parameters: 1 0.000293727 0.00026961 -0.000297278 0.999926 0.0122229 -0.000266386 -0.0122231 0.999926 -0.00618181 0.319589 -0.454098
FixedParameters: 0 0 0

#Transform 178
Transform: AffineTransform_float_3_3
Parameters: 1 0.000291922 0.000176484 -0.000293072 0.99993 0.011891 -0.000172527 -0.0118911 0.99993 -0.00630315 0.335169 -0.477252
FixedParameters: 0 0 0

#Transform 179
Transform: AffineTransform_float_3_3
Parameters: 1 0.000268071 0.000246227 -0.000270926 0.999929 0.0119729 -0.000242774 -0.0119731 0.999929 -0.00766658 0.321491 -0.492183
FixedParameters: 0 0 0

#Transform 180
Transform: AffineTransform_float_3_3
Parameters: 1 0.000286813 0.000427525 -0.000292192 0.999926 0.0121809 -0.000424472 -0.0121811 0.999925 -0.00176538 0.304526 -0.47405
FixedParameters: 0 0 0

#Transform 181
Transform: AffineTransform_float_3_3
Parameters: 1 0.00019162 0.000526366 -0.000198375 0.999926 0.0121469 -0.000523629 -0.0121471 0.999926 -0.00605922 0.347548 -0.452981
FixedParameters: 0 0 0

#Transform 182
Transform: AffineTransform_float_3_3
Parameters: 1 0.000229392 0.000298805 -0.00023361 0.999927 0.0121309 -0.000296188 -0.0121311 0.999927 -0.00137094 0.367289 -0.472298
FixedParameters: 0 0 0

#Transform 183
Transform: AffineTransform_float_3_3
Parameters: 1 0.000193042 0.000640453 -0.000200965 0.999922 0.0124489 -0.000638548 -0.0124491 0.999923 0.00200496 0.34203 -0.472248
FixedParameters: 0 0 0

#Transform 184
Transform: AffineTransform_float_3_3
Parameters: 1 0.000255485 0.000605227 -0.000263512 0.999922 0.0124488 -0.000601766 -0.0124492 0.999923 -7.98939e-05 0.324746 -0.439231
FixedParameters: 0 0 0

#Transform 185
Transform: AffineTransform_float_3_3
Parameters: 1 0.000196748 0.000671473 -0.000205246 0.999924 0.0123109 -0.000668524 -0.0123111 0.999924 -0.0051388 0.35685 -0.459359
FixedParameters: 0 0 0

#Transform 186
Transform: AffineTransform_float_3_3
Parameters: 0.999999 0.000943872 -9.13956e-05 -0.00094313 0.999958 0.00912009 9.96055e-05 -0.00911991 0.999959 -0.0257858 0.244484 -0.431961
FixedParameters: 0 0 0

#Transform 187
Transform: AffineTransform_float_3_3
Parameters: 0.999999 0.000639244 0.000626923 -0.000645757 0.999957 0.0092246 -0.000621069 -0.00922541 0.999958 -0.0104291 0.275856 -0.399887
FixedParameters: 0 0 0

#Transform 188
Transform: AffineTransform_float_3_3
Parameters: 1 0.000722705 0.000854944 -0.000732295 0.99994 0.0109214 -0.000847052 -0.0109226 0.99994 -0.0140627 0.333663 -0.429751
FixedParameters: 0 0 0

#Transform 189
Transform: AffineTransform_float_3_3
Parameters: 1 0.000358757 -6.28186e-05 -0.000357252 0.999932 0.011667 6.61726e-05 -0.011667 0.999932 -0.0188284 0.307834 -0.412024
FixedParameters: 0 0 0

#Transform 190
Transform: AffineTransform_float_3_3
Parameters: 1 3.39229e-05 -0.000164615 -3.20726e-05 0.999932 0.011667 0.000165385 -0.011667 0.999932 0.00382662 0.330803 -0.413635
FixedParameters: 0 0 0

#Transform 191
Transform: AffineTransform_float_3_3
Parameters: 1 0.000271627 -0.000292675 -0.000268369 0.999924 0.0123211 0.000296329 -0.0123209 0.999924 9.44408e-05 0.349199 -0.439236
FixedParameters: 0 0 0

#Transform 192
Transform: AffineTransform_float_3_3
Parameters: 1 0.000288253 -0.00017943 -0.000286739 0.999922 0.012434 0.000183579 -0.0124339 0.999922 -0.00547423 0.343263 -0.454683
FixedParameters: 0 0 0

#Transform 193
Transform: AffineTransform_float_3_3
Parameters: 1 0.000129861 8.67295e-05 -0.000131129 0.999912 0.013259 -8.42688e-05 -0.013259 0.999912 0.00362658 0.30477 -0.452357
FixedParameters: 0 0 0

#Transform 194
Transform: AffineTransform_float_3_3
Parameters: 1 0.000158076 -7.8879e-05 -0.000156936 0.99991 0.013463 8.01201e-05 -0.013463 0.99991 0.000606011 0.367579 -0.455407
FixedParameters: 0 0 0

#Transform 195
Transform: AffineTransform_float_3_3
Parameters: 1 -2.67181e-05 -9.43724e-05 2.82769e-05 0.999908 0.01361 9.36239e-05 -0.01361 0.999908 0.00276246 0.392536 -0.459836
FixedParameters: 0 0 0

#Transform 196
Transform: AffineTransform_float_3_3
Parameters: 1 -0.000282014 -9.47448e-07 0.000281972 0.999902 0.013997 -3.94715e-06 -0.013997 0.999902 0.0143586 0.35608 -0.446707
FixedParameters: 0 0 0

#Transform 197
Transform: AffineTransform_float_3_3
Parameters: 1 -0.000282014 -1.11385e-06 0.000281984 0.999893 0.014587 -3.11364e-06 -0.014587 0.999893 0.0112776 0.377675 -0.415764
FixedParameters: 0 0 0

#Transform 198
Transform: AffineTransform_float_3_3
Parameters: 1 -0.000282014 -9.24885e-07 0.000281973 0.999903 0.013917 -3.92459e-06 -0.013917 0.999903 0.0173043 0.406691 -0.457122
FixedParameters: 0 0 0

#Transform 199
Transform: AffineTransform_float_3_3
Parameters: 1 -0.000233685 -8.85521e-05 0.000235307 0.999885 0.015157 8.44432e-05 -0.015157 0.999885 0.0136525 0.376035 -0.409605
FixedParameters: 0 0 0

#Transform 200
Transform: AffineTransform_float_3_3
Parameters: 1 -4.98608e-05 -0.000157692 5.21434e-05 0.999907 0.013595 0.000157306 -0.013595 0.999907 0.00809376 0.406704 -0.462354
FixedParameters: 0 0 0

#Transform 201
Transform: AffineTransform_float_3_3
Parameters: 1 -2.10381e-05 2.71991e-06 2.09582e-05 0.999911 0.013325 -3.27956e-06 -0.013325 0.999911 0.00736017 0.344839 -0.487188
FixedParameters: 0 0 0

#Transform 202
Transform: AffineTransform_float_3_3
Parameters: 1 -1.40395e-05 2.80915e-06 1.39579e-05 0.999908 0.013612 -3.19029e-06 -0.013612 0.999908 0.0117163 0.339994 -0.476821
FixedParameters: 0 0 0

#Transform 203
Transform: AffineTransform_float_3_3
Parameters: 1 -0.000155347 -0.000203058 0.000157653 0.999913 0.013133 0.000200947 -0.013133 0.999913 0.00721613 0.370725 -0.474758
FixedParameters: 0 0 0

#Transform 204
Transform: AffineTransform_float_3_3
Parameters: 1 -0.000145237 -5.79504e-05 0.000145764 0.999911 0.013393 5.60528e-05 -0.013393 0.999911 0.0122339 0.373284 -0.486707
FixedParameters: 0 0 0

#Transform 205
Transform: AffineTransform_float_3_3
Parameters: 1 -0.000196324 -5.16413e-05 0.000196681 0.99991 0.01343 4.9363e-05 -0.01343 0.99991 0.0120018 0.348373 -0.482026
FixedParameters: 0 0 0

#Transform 206
Transform: AffineTransform_float_3_3
Parameters: 1 -0.000140799 -8.9909e-05 0.000142202 0.999909 0.0135 8.80883e-05 -0.0135 0.999909 0.0112739 0.343403 -0.472027
FixedParameters: 0 0 0

#Transform 207
Transform: AffineTransform_float_3_3
Parameters: 1 -3.56768e-05 0.000123528 3.33304e-05 0.999908 0.013548 -0.000123463 -0.013548 0.999908 0.0078689 0.373238 -0.468876
FixedParameters: 0 0 0

#Transform 208
Transform: AffineTransform_float_3_3
Parameters: 1 -0.000117795 0.000131413 0.00011621 0.999908 0.013578 -0.00013259 -0.013578 0.999908 0.0121872 0.374097 -0.493308
FixedParameters: 0 0 0

#Transform 209
Transform: AffineTransform_float_3_3
Parameters: 1 -0.000222456 -4.10629e-05 0.000222543 0.999906 0.013751 3.79434e-05 -0.013751 0.999906 0.0144302 0.353232 -0.481123
FixedParameters: 0 0 0

#Transform 210
Transform: AffineTransform_float_3_3
Parameters: 1 -0.000142216 0.000298024 0.000137784 0.999901 0.014099 -0.000299972 -0.014099 0.9999 0.0110762 0.362362 -0.464738
FixedParameters: 0 0 0

#Transform 211
Transform: AffineTransform_float_3_3
Parameters: 1 -4.66171e-05 4.53745e-05 4.63744e-05 0.999909 0.013506 -4.66306e-05 -0.013506 0.999909 0.00905938 0.391131 -0.486141
FixedParameters: 0 0 0

#Transform 212
Transform: AffineTransform_float_3_3
Parameters: 1 -0.000191015 7.13389e-05 0.00018999 0.999903 0.013968 -7.3661e-05 -0.013968 0.999903 0.0152803 0.374978 -0.500161
FixedParameters: 0 0 0

#Transform 213
Transform: AffineTransform_float_3_3
Parameters: 1 -0.000130384 0.0003112 0.00012562 0.999902 0.014044 -0.000312795 -0.014045 0.999902 0.00990856 0.361857 -0.505021
FixedParameters: 0 0 0

#Transform 214
Transform: AffineTransform_float_3_3
Parameters: 1 -0.00010882 5.7473e-05 0.000108186 0.999901 0.014085 -5.85296e-05 -0.014085 0.999901 0.0136577 0.36275 -0.487613
FixedParameters: 0 0 0

#Transform 215
Transform: AffineTransform_float_3_3
Parameters: 1 -3.4438e-05 3.15281e-05 3.35555e-05 0.999905 0.01379 -3.24658e-05 -0.01379 0.999905 0.00890525 0.385293 -0.485768
FixedParameters: 0 0 0

#Transform 216
Transform: AffineTransform_float_3_3
Parameters: 0.999998 0.000259666 0.00206989 -0.000289334 0.9999 0.0141834 -0.0020661 -0.0141846 0.999898 -0.000200688 0.358466 -0.502822
FixedParameters: 0 0 0

#Transform 217
Transform: AffineTransform_float_3_3
Parameters: 0.999999 9.83013e-05 0.00147453 -0.000119705 0.999902 0.0140438 -0.00147346 -0.0140442 0.999901 0.00834565 0.345832 -0.502511
FixedParameters: 0 0 0

#Transform 218
Transform: AffineTransform_float_3_3
Parameters: 0.999999 6.81471e-05 0.0014141 -8.88514e-05 0.999902 0.0140439 -0.00141289 -0.0140441 0.999901 0.00786889 0.371814 -0.490942
FixedParameters: 0 0 0

#Transform 219
Transform: AffineTransform_float_3_3
Parameters: 0.999999 9.90039e-05 0.00141454 -0.000119002 0.9999 0.0141428 -0.00141346 -0.0141432 0.999899 0.00728864 0.378405 -0.512274
FixedParameters: 0 0 0

#Transform 220
Transform: AffineTransform_float_3_3
Parameters: 1 -5.02941e-06 0.00121505 -1.20287e-05 0.999902 0.014015 -0.00121495 -0.014015 0.999901 0.013194 0.3902 -0.517882
FixedParameters: 0 0 0

#Transform 221
Transform: AffineTransform_float_3_3
Parameters: 1 -6.79012e-05 0.00114612 5.01007e-05 0.999892 0.0147401 -0.00114686 -0.0147399 0.99989 0.0102378 0.351474 -0.477874
FixedParameters: 0 0 0

#Transform 222
Transform: AffineTransform_float_3_3
Parameters: 1 8.82644e-06 0.00107323 -2.41844e-05 0.9999 0.014139 -0.00107377 -0.014139 0.9999 0.00475444 0.412192 -0.48343
FixedParameters: 0 0 0

#Transform 223
Transform: AffineTransform_float_3_3
Parameters: 0.999999 -3.87208e-05 0.00125058 2.12731e-05 0.999899 0.014167 -0.00125143 -0.014167 0.999899 0.0123211 0.386883 -0.515992
FixedParameters: 0 0 0

#Transform 224
Transform: AffineTransform_float_3_3
Parameters: 0.999999 -1.75485e-05 0.0015039 -5.54988e-06 0.999887 0.014992 -0.00150408 -0.014992 0.999886 0.0135845 0.363026 -0.483237
FixedParameters: 0 0 0

#Transform 225
Transform: AffineTransform_float_3_3
Parameters: 1 -3.8786e-05 0.00112955 2.22084e-05 0.999889 0.014856 -0.00113046 -0.014857 0.999889 0.00649699 0.366596 -0.470404
FixedParameters: 0 0 0

#Transform 226
Transform: AffineTransform_float_3_3
Parameters: 1 -5.05926e-05 0.00109439 3.53987e-05 0.999899 0.0142431 -0.00109562 -0.014243 0.999898 0.0165706 0.410757 -0.494475
FixedParameters: 0 0 0

#Transform 227
Transform: AffineTransform_float_3_3
Parameters: 0.999999 -6.22645e-05 0.00129025 4.47389e-05 0.9999 0.0141511 -0.00129076 -0.0141509 0.999899 0.00496249 0.352659 -0.514025
FixedParameters: 0 0 0

#Transform 228
Transform: AffineTransform_float_3_3
Parameters: 0.999999 -0.000177659 0.0013066 0.000158349 0.999898 0.0142672 -0.00130839 -0.0142668 0.999898 0.0152609 0.355356 -0.488597
FixedParameters: 0 0 0

#Transform 229
Transform: AffineTransform_float_3_3
Parameters: 1 -2.94652e-05 0.00101368 1.45446e-05 0.999898 0.014267 -0.00101331 -0.014267 0.999897 0.00726944 0.39119 -0.473753
FixedParameters: 0 0 0

#Transform 230
Transform: AffineTransform_float_3_3
Parameters: 0.999999 -0.000230473 0.000806811 0.000218525 0.9999 0.0141902 -0.000810182 -0.0141908 0.999899 0.0104637 0.399362 -0.511466
FixedParameters: 0 0 0

#Transform 231
Transform: AffineTransform_float_3_3
Parameters: 0.999999 -2.1486e-06 0.00150413 -2.01613e-05 0.999891 0.014725 -0.00150487 -0.014725 0.999891 0.00741337 0.346209 -0.505068
FixedParameters: 0 0 0

#Transform 232
Transform: AffineTransform_float_3_3
Parameters: 1 -0.000137848 0.0012111 0.000119153 0.999891 0.0147251 -0.00121289 -0.0147248 0.999891 0.0116023 0.377996 -0.501277
FixedParameters: 0 0 0

#Transform 233
Transform: AffineTransform_float_3_3
Parameters: 1 -0.000164978 0.00104475 0.000150019 0.999898 0.0143202 -0.00104726 -0.0143198 0.999897 0.0204345 0.404166 -0.507194
FixedParameters: 0 0 0

#Transform 234
Transform: AffineTransform_float_3_3
Parameters: 1 -0.000116295 0.00114838 9.87105e-05 0.999887 0.0150491 -0.00114962 -0.0150489 0.999886 0.0112588 0.397223 -0.517796
FixedParameters: 0 0 0

#Transform 235
Transform: AffineTransform_float_3_3
Parameters: 0.999999 -7.14467e-05 0.00124908 5.35544e-05 0.999891 0.0147621 -0.00124993 -0.0147619 0.999891 0.00912948 0.383715 -0.506962
FixedParameters: 0 0 0

#Transform 236
Transform: AffineTransform_float_3_3
Parameters: 1 -8.83556e-05 0.00112283 7.26419e-05 0.999894 0.0145581 -0.00112418 -0.0145579 0.999894 0.0149126 0.395903 -0.50397
FixedParameters: 0 0 0

#Transform 237
Transform: AffineTransform_float_3_3
Parameters: 1 -8.89653e-05 0.00109482 7.30476e-05 0.999894 0.0145731 -0.00109518 -0.0145739 0.999893 0.00718576 0.39251 -0.536575
FixedParameters: 0 0 0

#Transform 238
Transform: AffineTransform_float_3_3
Parameters: 0.999999 1.49675e-05 0.00135137 -3.50269e-05 0.99989 0.014825 -0.00135063 -0.014825 0.999889 0.00959878 0.35822 -0.501938
FixedParameters: 0 0 0

#Transform 239
Transform: AffineTransform_float_3_3
Parameters: 1 -9.80682e-06 0.00112098 -6.80716e-06 0.999887 0.014992 -0.00112102 -0.014992 0.999887 0.00864294 0.364816 -0.484323
FixedParameters: 0 0 0

#Transform 240
Transform: AffineTransform_float_3_3
Parameters: 1 -1.75016e-05 0.00102085 1.49619e-06 0.999884 0.015183 -0.00102114 -0.015183 0.999884 0.0100395 0.387609 -0.484744
FixedParameters: 0 0 0

#Transform 241
Transform: AffineTransform_float_3_3
Parameters: 0.999999 -0.000168114 0.00121563 0.00014988 0.999889 0.0148862 -0.00121837 -0.0148858 0.999889 0.0142018 0.402879 -0.517664
FixedParameters: 0 0 0

#Transform 242
Transform: AffineTransform_float_3_3
Parameters: 1 -0.000115519 0.00112926 9.64847e-05 0.999865 0.0163861 -0.00113073 -0.0163859 0.999865 0.00709575 0.36595 -0.470023
FixedParameters: 0 0 0

#Transform 243
Transform: AffineTransform_float_3_3
Parameters: 0.999999 -0.000167347 0.00129153 0.000147661 0.999876 0.0157382 -0.00129348 -0.0157378 0.999876 0.0167242 0.396456 -0.507249
FixedParameters: 0 0 0

#Transform 244
Transform: AffineTransform_float_3_3
Parameters: 0.999999 -0.000269303 0.0015 0.000245696 0.999879 0.0155144 -0.00150399 -0.0155136 0.999878 0.0187026 0.424318 -0.545073
FixedParameters: 0 0 0

#Transform 245
Transform: AffineTransform_float_3_3
Parameters: 0.999999 -0.000178325 0.00134434 0.000156681 0.999875 0.0158462 -0.00134665 -0.0158458 0.999873 0.015412 0.378458 -0.539927
FixedParameters: 0 0 0

#Transform 246
Transform: AffineTransform_float_3_3
Parameters: 0.999999 -0.000149701 0.00150183 0.000125296 0.999875 0.0157692 -0.00150416 -0.0157688 0.999874 0.0141885 0.37734 -0.50962
FixedParameters: 0 0 0

#Transform 247
Transform: AffineTransform_float_3_3
Parameters: 0.999999 -0.000205038 0.00122111 0.000186964 0.999891 0.0147532 -0.00122389 -0.0147538 0.999891 0.0165447 0.424313 -0.52393
FixedParameters: 0 0 0

#Transform 248
Transform: AffineTransform_float_3_3
Parameters: 0.999999 -8.98815e-05 0.00150281 6.71168e-05 0.999884 0.0152181 -0.0015042 -0.0152189 0.999883 0.00785707 0.344006 -0.521582
FixedParameters: 0 0 0

#Transform 249
Transform: AffineTransform_float_3_3
Parameters: 0.999999 -0.000285507 0.00149972 0.000262488 0.999878 0.0156514 -0.00150429 -0.0156506 0.999877 0.0181877 0.373074 -0.476914
FixedParameters: 0 0 0

#Transform 250
Transform: AffineTransform_float_3_3
Parameters: 1 -0.000335298 0.00115585 0.000316699 0.999875 0.0157954 -0.00116115 -0.0157946 0.999874 0.0177473 0.408799 -0.50981
FixedParameters: 0 0 0

#Transform 251
Transform: AffineTransform_float_3_3
Parameters: 1 -0.00032136 0.00115378 0.000301652 0.99986 0.0167414 -0.00115821 -0.0167406 0.999859 0.0197928 0.375602 -0.504513
FixedParameters: 0 0 0

#Transform 252
Transform: AffineTransform_float_3_3
Parameters: 1 -0.000259161 0.00101702 0.00024284 0.999874 0.0158583 -0.00102098 -0.0158577 0.999873 0.0147194 0.383166 -0.515915
FixedParameters: 0 0 0

#Transform 253
Transform: AffineTransform_float_3_3
Parameters: 0.999999 -0.000251424 0.00125809 0.000231577 0.999868 0.0162083 -0.00126192 -0.0162077 0.999868 0.0130274 0.412727 -0.49537
FixedParameters: 0 0 0

#Transform 254
Transform: AffineTransform_float_3_3
Parameters: 0.999999 -0.000170477 0.00129848 0.000150515 0.999876 0.0157532 -0.00130153 -0.0157538 0.999875 0.0190056 0.417046 -0.535174
FixedParameters: 0 0 0

#Transform 255
Transform: AffineTransform_float_3_3
Parameters: 0.999999 -0.000250067 0.00143818 0.000226937 0.999871 0.0160163 -0.00144182 -0.0160166 0.99987 0.00955753 0.381329 -0.536762
FixedParameters: 0 0 0

#Transform 256
Transform: AffineTransform_float_3_3
Parameters: 1 -0.000263919 0.00107978 0.000245078 0.999863 0.0165613 -0.00108421 -0.0165617 0.999863 0.0154417 0.383887 -0.497165
FixedParameters: 0 0 0

#Transform 257
Transform: AffineTransform_float_3_3
Parameters: 0.999999 -0.000331898 0.00123055 0.000311094 0.999857 0.0169444 -0.00123645 -0.0169436 0.999855 0.0216954 0.415823 -0.500068
FixedParameters: 0 0 0

#Transform 258
Transform: AffineTransform_float_3_3
Parameters: 0.999999 -0.000305532 0.00140709 0.000281469 0.99986 0.0166944 -0.00141189 -0.0166936 0.999859 0.0191537 0.403038 -0.516338
FixedParameters: 0 0 0

#Transform 259
Transform: AffineTransform_float_3_3
Parameters: 0.999999 -0.000381848 0.00149788 0.000357151 0.999863 0.0165536 -0.00150412 -0.0165534 0.999862 0.0217615 0.377567 -0.494671
FixedParameters: 0 0 0

#Transform 260
Transform: AffineTransform_float_3_3
Parameters: 0.999999 -0.00036677 0.00149792 0.000341229 0.999852 0.0171675 -0.00150408 -0.0171675 0.999851 0.0198137 0.391242 -0.457536
FixedParameters: 0 0 0

#Transform 261
Transform: AffineTransform_float_3_3
Parameters: 0.999998 -0.000532572 0.00149514 0.000506414 0.999855 0.0170518 -0.00150485 -0.0170512 0.999853 0.023942 0.418764 -0.490016
FixedParameters: 0 0 0

#Transform 262
Transform: AffineTransform_float_3_3
Parameters: 0.999999 -0.0003771 0.0014979 0.000351897 0.99986 0.0167225 -0.00150409 -0.0167215 0.999859 0.022872 0.38706 -0.510585
FixedParameters: 0 0 0

#Transform 263
Transform: AffineTransform_float_3_3
Parameters: 0.999999 -0.000377689 0.00149776 0.000352306 0.999854 0.0171156 -0.00150425 -0.0171145 0.999853 0.0211651 0.401867 -0.489098
FixedParameters: 0 0 0

#Transform 264
Transform: AffineTransform_float_3_3
Parameters: 0.999999 -0.000268927 0.00149974 0.00024407 0.999863 0.0165954 -0.00150426 -0.0165956 0.999861 0.0213376 0.428288 -0.524216
FixedParameters: 0 0 0

#Transform 265
Transform: AffineTransform_float_3_3
Parameters: 0.999999 -0.000447384 0.00149664 0.000421611 0.999857 0.0169176 -0.00150435 -0.0169173 0.999856 0.0210168 0.409545 -0.520185
FixedParameters: 0 0 0

#Transform 266
Transform: AffineTransform_float_3_3
Parameters: 0.999999 -0.000310446 0.00149895 0.000284555 0.999857 0.0169455 -0.00150404 -0.0169456 0.999856 0.0207405 0.401396 -0.522795
FixedParameters: 0 0 0

#Transform 267
Transform: AffineTransform_float_3_3
Parameters: 0.999999 -0.00042784 0.00149685 0.000402156 0.999851 0.0172216 -0.00150415 -0.0172204 0.99985 0.0236281 0.418224 -0.496152
FixedParameters: 0 0 0

#Transform 268
Transform: AffineTransform_float_3_3
Parameters: 0.999999 -0.000347112 0.0014984 0.000321879 0.99986 0.0167265 -0.00150459 -0.0167265 0.999859 0.0182741 0.407271 -0.525989
FixedParameters: 0 0 0

#Transform 269
Transform: AffineTransform_float_3_3
Parameters: 0.999999 -0.000437363 0.00146768 0.000411649 0.999852 0.0172366 -0.00147431 -0.0172364 0.999851 0.0191225 0.373609 -0.484353
FixedParameters: 0 0 0

#Transform 270
Transform: AffineTransform_float_3_3
Parameters: 0.999998 -0.000459531 0.00160263 0.000432463 0.999864 0.0165157 -0.00161036 -0.0165153 0.999863 0.0233056 0.394266 -0.493001
FixedParameters: 0 0 0

#Transform 271
Transform: AffineTransform_float_3_3
Parameters: 0.999999 -0.000321876 0.00148683 0.00029712 0.999861 0.0167015 -0.00149217 -0.0167006 0.99986 0.0213758 0.430936 -0.495357
FixedParameters: 0 0 0

#Transform 272
Transform: AffineTransform_float_3_3
Parameters: 0.999999 -0.000455017 0.00162341 0.000426989 0.999851 0.0172177 -0.00163059 -0.0172163 0.999851 0.0196152 0.39218 -0.512694
FixedParameters: 0 0 0

#Transform 273
Transform: AffineTransform_float_3_3
Parameters: 0.999999 -0.000510882 0.00138543 0.000487124 0.999852 0.0171847 -0.00139358 -0.0171833 0.999852 0.0229673 0.406736 -0.514544
FixedParameters: 0 0 0

#Transform 274
Transform: AffineTransform_float_3_3
Parameters: 0.999999 -0.000428896 0.00133586 0.000406101 0.999854 0.0170936 -0.00134314 -0.0170924 0.999853 0.0247796 0.429851 -0.514275
FixedParameters: 0 0 0

#Transform 275
Transform: AffineTransform_float_3_3
Parameters: 0.999999 -0.000476277 0.00129603 0.000454724 0.999853 0.0171346 -0.00130398 -0.0171344 0.999853 0.0245616 0.4339 -0.529911
FixedParameters: 0 0 0

#Transform 276
Transform: AffineTransform_float_3_3
Parameters: 0.999999 -0.000502382 0.00132372 0.000480629 0.999858 0.0168557 -0.00133129 -0.0168543 0.999857 0.0275515 0.412153 -0.50692
FixedParameters: 0 0 0

#Transform 277
Transform: AffineTransform_float_3_3
Parameters: 0.999999 -0.000593382 0.00168461 0.000566613 0.999869 0.016208 -0.00169441 -0.016207 0.999867 0.0355076 0.450007 -0.530523
FixedParameters: 0 0 0

#Transform 278
Transform: AffineTransform_float_3_3
Parameters: 0.999998 -0.000472038 0.00195956 0.000439971 0.999867 0.0163179 -0.00196644 -0.0163171 0.999865 0.0234862 0.387469 -0.538962
FixedParameters: 0 0 0

#Transform 279
Transform: AffineTransform_float_3_3
Parameters: 0.999999 -0.000453569 0.00175061 0.00042444 0.999858 0.0168548 -0.0017574 -0.0168532 0.999857 0.0234283 0.36773 -0.492611
FixedParameters: 0 0 0

#Transform 280
Transform: AffineTransform_float_3_3
Parameters: 0.999999 -0.000438514 0.00127782 0.000416484 0.999859 0.0167876 -0.00128517 -0.0167875 0.999859 0.02633 0.415869 -0.482883
FixedParameters: 0 0 0

#Transform 281
Transform: AffineTransform_float_3_3
Parameters: 0.999998 -0.000381194 0.00196084 0.000347804 0.999857 0.0169007 -0.00196716 -0.0169003 0.999855 0.0199521 0.403313 -0.513836
FixedParameters: 0 0 0

#Transform 282
Transform: AffineTransform_float_3_3
Parameters: 0.999999 -0.000380975 0.0017947 0.000350021 0.999852 0.0172277 -0.0018013 -0.0172274 0.99985 0.023311 0.396411 -0.524305
FixedParameters: 0 0 0

#Transform 283
Transform: AffineTransform_float_3_3
Parameters: 0.999999 -0.000427523 0.00181687 0.000395476 0.99985 0.0173148 -0.00182412 -0.0173143 0.999849 0.027196 0.404535 -0.502281
FixedParameters: 0 0 0

#Transform 284
Transform: AffineTransform_float_3_3
Parameters: 0.999999 -0.00055589 0.00160964 0.000528104 0.99985 0.0172759 -0.00161937 -0.0172751 0.99985 0.0351638 0.451129 -0.518478
FixedParameters: 0 0 0

#Transform 285
Transform: AffineTransform_float_3_3
Parameters: 0.999998 -0.000414065 0.00201329 0.000379941 0.999858 0.0168908 -0.00201971 -0.0168902 0.999856 0.0243126 0.427486 -0.544911
FixedParameters: 0 0 0

#Transform 286
Transform: AffineTransform_float_3_3
Parameters: 0.999998 -0.000523284 0.00190141 0.000490706 0.999857 0.01694 -0.00191059 -0.016939 0.999854 0.0289322 0.421251 -0.524219
FixedParameters: 0 0 0

#Transform 287
Transform: AffineTransform_float_3_3
Parameters: 0.999998 -0.000484586 0.001959 0.000451413 0.999853 0.0171089 -0.00196701 -0.0171081 0.999851 0.0262624 0.42426 -0.515497
FixedParameters: 0 0 0

#Transform 288
Transform: AffineTransform_float_3_3
Parameters: 0.999997 -0.000463405 0.00212459 0.000428604 0.999861 0.0166349 -0.00213142 -0.0166341 0.99986 0.0248344 0.427321 -0.517414
FixedParameters: 0 0 0

#Transform 289
Transform: AffineTransform_float_3_3
Parameters: 0.999997 -0.000535587 0.00236337 0.000496402 0.99986 0.0167192 -0.00237263 -0.0167178 0.999857 0.0353056 0.401703 -0.515964
FixedParameters: 0 0 0

#Transform 290
Transform: AffineTransform_float_3_3
Parameters: 0.999997 -0.00059308 0.0023623 0.000552908 0.999857 0.0169314 -0.0023727 -0.0169296 0.999854 0.029341 0.381043 -0.508284
FixedParameters: 0 0 0

#Transform 291
Transform: AffineTransform_float_3_3
Parameters: 0.999997 -0.000464408 0.0023646 0.000424586 0.999862 0.0166391 -0.00237239 -0.016638 0.999859 0.0270232 0.397968 -0.493635
FixedParameters: 0 0 0

#Transform 292
Transform: AffineTransform_float_3_3
Parameters: 0.999998 -0.000499135 0.00197415 0.000466867 0.999868 0.016245 -0.00198185 -0.016244 0.999866 0.027993 0.429526 -0.529641
FixedParameters: 0 0 0

#Transform 293
Transform: AffineTransform_float_3_3
Parameters: 0.999998 -0.000547789 0.00226442 0.000510219 0.999869 0.0162152 -0.00227257 -0.0162138 0.999866 0.0266659 0.398154 -0.522745
FixedParameters: 0 0 0

#Transform 294
Transform: AffineTransform_float_3_3
Parameters: 0.999998 -0.00052567 0.00186737 0.000494319 0.999856 0.01692 -0.00187663 -0.016919 0.999855 0.0339474 0.392155 -0.489863
FixedParameters: 0 0 0

#Transform 295
Transform: AffineTransform_float_3_3
Parameters: 0.999997 -0.000399899 0.00261366 0.000356112 0.999859 0.016775 -0.00261934 -0.016774 0.999856 0.0269819 0.414792 -0.488902
FixedParameters: 0 0 0

#Transform 296
Transform: AffineTransform_float_3_3
Parameters: 0.999997 -0.000512995 0.00236668 0.000471999 0.999857 0.0168692 -0.0023753 -0.0168678 0.999855 0.0253758 0.439271 -0.486921
FixedParameters: 0 0 0

#Transform 297
Transform: AffineTransform_float_3_3
Parameters: 0.999996 -0.000454259 0.00278084 0.000408737 0.999862 0.0166132 -0.00278818 -0.0166118 0.999858 0.0239539 0.422099 -0.515702
FixedParameters: 0 0 0

#Transform 298
Transform: AffineTransform_float_3_3
Parameters: 0.999996 -0.000569877 0.0027788 0.000523119 0.999858 0.0168415 -0.00278821 -0.0168395 0.999855 0.0322126 0.407315 -0.492607
FixedParameters: 0 0 0

#Transform 299
Transform: AffineTransform_float_3_3
Parameters: 0.999997 -0.000594562 0.00265541 0.000550443 0.999859 0.0167515 -0.0026646 -0.0167495 0.999856 0.0261898 0.413996 -0.467607
FixedParameters: 0 0 0

#Transform 300
Transform: AffineTransform_float_3_3
Parameters: 0.999997 -0.000471547 0.00241744 0.000431445 0.999859 0.0167451 -0.00242556 -0.0167449 0.999857 0.0242844 0.410569 -0.464384
FixedParameters: 0 0 0

#Transform 301
Transform: AffineTransform_float_3_3
Parameters: 0.999998 -0.000575319 0.00224778 0.000538677 0.999862 0.0165683 -0.00225724 -0.0165667 0.99986 0.0303418 0.416272 -0.518384
FixedParameters: 0 0 0

#Transform 302
Transform: AffineTransform_float_3_3
Parameters: 0.999996 -0.000560375 0.00270982 0.000513621 0.999854 0.0170845 -0.00271917 -0.0170825 0.999851 0.0247039 0.373593 -0.491751
FixedParameters: 0 0 0

#Transform 303
Transform: AffineTransform_float_3_3
Parameters: 0.999996 -0.000569833 0.00256084 0.000527165 0.99986 0.0166954 -0.00257016 -0.0166946 0.999858 0.0253085 0.42227 -0.488337
FixedParameters: 0 0 0

#Transform 304
Transform: AffineTransform_float_3_3
Parameters: 0.999997 -0.000649237 0.00261866 0.000605757 0.999864 0.0164786 -0.00262934 -0.0164764 0.999861 0.0315581 0.41658 -0.529002
FixedParameters: 0 0 0

#Transform 305
Transform: AffineTransform_float_3_3
Parameters: 0.999997 -0.000578075 0.00267064 0.000532918 0.999858 0.0168485 -0.00268036 -0.0168465 0.999854 0.0342002 0.389893 -0.511061
FixedParameters: 0 0 0

#Transform 306
Transform: AffineTransform_float_3_3
Parameters: 0.999997 -0.000579762 0.00267068 0.000535234 0.99986 0.0167305 -0.00268033 -0.0167295 0.999857 0.0325062 0.394928 -0.487847
FixedParameters: 0 0 0

#Transform 307
Transform: AffineTransform_float_3_3
Parameters: 0.999997 -0.00060507 0.00243439 0.000564936 0.999865 0.0164274 -0.00244361 -0.0164256 0.999862 0.0293645 0.429244 -0.499999
FixedParameters: 0 0 0

#Transform 308
Transform: AffineTransform_float_3_3
Parameters: 0.999997 -0.000529102 0.00246754 0.000487906 0.999861 0.0166282 -0.00247545 -0.0166267 0.999858 0.029976 0.398928 -0.516411
FixedParameters: 0 0 0

#Transform 309
Transform: AffineTransform_float_3_3
Parameters: 0.999997 -0.000617945 0.00246687 0.000576051 0.999856 0.0169685 -0.00247713 -0.0169665 0.999853 0.0281655 0.38821 -0.491175
FixedParameters: 0 0 0

#Transform 310
Transform: AffineTransform_float_3_3
Parameters: 0.999997 -0.000599591 0.00244417 0.00055841 0.999855 0.0169824 -0.00245384 -0.0169806 0.999853 0.0303153 0.413682 -0.468555
FixedParameters: 0 0 0

#Transform 311
Transform: AffineTransform_float_3_3
Parameters: 0.999997 -0.000586276 0.00229633 0.00054673 0.999854 0.0170673 -0.00230567 -0.0170657 0.999851 0.0331314 0.431408 -0.499842
FixedParameters: 0 0 0

#Transform 312
Transform: AffineTransform_float_3_3
Parameters: 0.999997 -0.00052289 0.00267143 0.000477116 0.999853 0.0171503 -0.00267958 -0.0171487 0.99985 0.0281854 0.390945 -0.491273
FixedParameters: 0 0 0

#Transform 313
Transform: AffineTransform_float_3_3
Parameters: 0.999998 -0.000410202 0.00220139 0.000372805 0.999857 0.0168729 -0.00220761 -0.0168721 0.999855 0.0224472 0.42679 -0.48653
FixedParameters: 0 0 0

#Transform 314
Transform: AffineTransform_float_3_3
Parameters: 0.999997 -0.00056939 0.00230262 0.000529604 0.999854 0.0170713 -0.00231238 -0.0170697 0.999851 0.0323254 0.437125 -0.505033
FixedParameters: 0 0 0

#Transform 315
Transform: AffineTransform_float_3_3
Parameters: 0.999997 -0.000498156 0.00247169 0.000454838 0.999848 0.0174302 -0.0024803 -0.0174288 0.999845 0.0267967 0.404811 -0.482542
FixedParameters: 0 0 0

#Transform 316
Transform: AffineTransform_float_3_3
Parameters: 0.999997 -0.000563054 0.00267051 0.000515954 0.999845 0.0175884 -0.00267949 -0.0175866 0.999841 0.0231908 0.425324 -0.469654
FixedParameters: 0 0 0

#Transform 317
Transform: AffineTransform_float_3_3
Parameters: 0.999997 -0.000558158 0.00233275 0.000518838 0.999853 0.0171803 -0.00234226 -0.0171787 0.999849 0.0327034 0.429309 -0.503663
FixedParameters: 0 0 0

#Transform 318
Transform: AffineTransform_float_3_3
Parameters: 0.999997 -0.000531539 0.00243912 0.000488462 0.999849 0.0174082 -0.00244787 -0.0174068 0.999845 0.0266665 0.410605 -0.50329
FixedParameters: 0 0 0

#Transform 319
Transform: AffineTransform_float_3_3
Parameters: 0.999996 -0.000700744 0.00266743 0.000650265 0.999826 0.0186038 -0.00267956 -0.0186022 0.999824 0.0311086 0.390102 -0.44143
FixedParameters: 0 0 0

#Transform 320
Transform: AffineTransform_float_3_3
Parameters: 0.999996 -0.000637946 0.00274028 0.000590057 0.999848 0.0174627 -0.00275072 -0.0174603 0.999844 0.0319928 0.449545 -0.421358
FixedParameters: 0 0 0

#Transform 321
Transform: AffineTransform_float_3_3
Parameters: 0.999997 -0.00062113 0.00208586 0.000585866 0.999858 0.0168013 -0.00209614 -0.0167997 0.999856 0.0287145 0.387311 -0.47446
FixedParameters: 0 0 0

#Transform 322
Transform: AffineTransform_float_3_3
Parameters: 0.999998 -0.000776997 0.00212584 0.000740002 0.999849 0.0173486 -0.00213916 -0.0173474 0.999847 0.0343499 0.360779 -0.465351
FixedParameters: 0 0 0

#Transform 323
Transform: AffineTransform_float_3_3
Parameters: 0.999998 -0.000597635 0.00212906 0.000560367 0.999853 0.0171663 -0.00213894 -0.0171648 0.999851 0.0330663 0.412278 -0.465404
FixedParameters: 0 0 0

#Transform 324
Transform: AffineTransform_float_3_3
Parameters: 0.999997 -0.000690001 0.00212766 0.000653994 0.999858 0.0168744 -0.00213934 -0.0168736 0.999856 0.0344604 0.438428 -0.496781
FixedParameters: 0 0 0

#Transform 325
Transform: AffineTransform_float_3_3
Parameters: 0.999997 -0.000603557 0.00237607 0.000563445 0.999855 0.0170324 -0.00238594 -0.0170316 0.999852 0.0335423 0.415719 -0.524577
FixedParameters: 0 0 0

#Transform 326
Transform: AffineTransform_float_3_3
Parameters: 0.999996 -0.000533095 0.00272421 0.000485908 0.999851 0.0172594 -0.00273279 -0.0172576 0.999848 0.0263671 0.409292 -0.498993
FixedParameters: 0 0 0

#Transform 327
Transform: AffineTransform_float_3_3
Parameters: 0.999997 -0.000717651 0.00225074 0.000678347 0.999846 0.0175676 -0.00226327 -0.0175664 0.999843 0.0318488 0.42581 -0.48404
FixedParameters: 0 0 0

#Transform 328
Transform: AffineTransform_float_3_3
Parameters: 0.999997 -0.000691087 0.00259039 0.000645904 0.999849 0.0173657 -0.00260261 -0.0173643 0.999846 0.0295024 0.441016 -0.511751
FixedParameters: 0 0 0

#Transform 329
Transform: AffineTransform_float_3_3
Parameters: 0.999997 -0.0007386 0.00234229 0.000696405 0.999843 0.0177117 -0.0023547 -0.0177103 0.999841 0.0368785 0.415426 -0.526757
FixedParameters: 0 0 0

#Transform 330
Transform: AffineTransform_float_3_3
Parameters: 0.999996 -0.000953473 0.00247294 0.000907524 0.999831 0.0183253 -0.00249005 -0.0183227 0.999829 0.0336626 0.395494 -0.509672
FixedParameters: 0 0 0

#Transform 331
Transform: AffineTransform_float_3_3
Parameters: 0.999997 -0.000764377 0.00224465 0.000723618 0.999839 0.0179337 -0.00225834 -0.0179323 0.999836 0.0397817 0.406195 -0.498989
FixedParameters: 0 0 0

#Transform 332
Transform: AffineTransform_float_3_3
Parameters: 0.999998 -0.00079018 0.0021973 0.000750824 0.999841 0.0177757 -0.00221069 -0.0177733 0.999839 0.0376708 0.42998 -0.501371
FixedParameters: 0 0 0

#Transform 333
Transform: AffineTransform_float_3_3
Parameters: 0.999996 -0.000844343 0.00265068 0.000798651 0.999847 0.0174362 -0.00266533 -0.0174338 0.999845 0.0374786 0.418666 -0.531479
FixedParameters: 0 0 0

#Transform 334
Transform: AffineTransform_float_3_3
Parameters: 0.999996 -0.000830371 0.00251749 0.000785637 0.999838 0.0179701 -0.00253153 -0.017968 0.999836 0.0380962 0.400559 -0.51148
FixedParameters: 0 0 0

#Transform 335
Transform: AffineTransform_float_3_3
Parameters: 0.999997 -0.000589959 0.00266483 0.000542057 0.999838 0.0179615 -0.00267417 -0.0179605 0.999835 0.0309475 0.395623 -0.511455
FixedParameters: 0 0 0

#Transform 336
Transform: AffineTransform_float_3_3
Parameters: 0.999997 -0.000874639 0.00258734 0.000830366 0.999851 0.0172042 -0.00260167 -0.0172018 0.999848 0.0428384 0.457547 -0.527698
FixedParameters: 0 0 0

#Transform 337
Transform: AffineTransform_float_3_3
Parameters: 0.999996 -0.00104083 0.00258765 0.000993186 0.999837 0.0180316 -0.00260533 -0.0180294 0.999834 0.0452211 0.414695 -0.515213
FixedParameters: 0 0 0

#Transform 338
Transform: AffineTransform_float_3_3
Parameters: 0.999996 -0.000905618 0.00259017 0.000858387 0.999838 0.0179423 -0.00260582 -0.0179407 0.999835 0.0411283 0.428646 -0.492264
FixedParameters: 0 0 0

#Transform 339
Transform: AffineTransform_float_3_3
Parameters: 0.999997 -0.00076433 0.00259279 0.000718666 0.999841 0.0178229 -0.00260622 -0.0178211 0.999838 0.0401838 0.436631 -0.504886
FixedParameters: 0 0 0

#Transform 340
Transform: AffineTransform_float_3_3
Parameters: 0.999996 -0.00089088 0.00259067 0.000845132 0.999843 0.0176572 -0.00260533 -0.0176547 0.99984 0.0463433 0.413724 -0.540564
FixedParameters: 0 0 0

#Transform 341
Transform: AffineTransform_float_3_3
Parameters: 0.999997 -0.000873127 0.00248896 0.000829873 0.999844 0.0176751 -0.00250406 -0.0176729 0.99984 0.044332 0.393987 -0.521864
FixedParameters: 0 0 0

#Transform 342
Transform: AffineTransform_float_3_3
Parameters: 0.999997 -0.000764158 0.00228999 0.00072384 0.999847 0.0174867 -0.00230301 -0.0174843 0.999845 0.0428648 0.406458 -0.516331
FixedParameters: 0 0 0

#Transform 343
Transform: AffineTransform_float_3_3
Parameters: 0.999996 -0.000887946 0.0024009 0.000846051 0.999848 0.0174161 -0.0024161 -0.0174139 0.999846 0.0544041 0.436644 -0.531853
FixedParameters: 0 0 0

#Transform 344
Transform: AffineTransform_float_3_3
Parameters: 0.999996 -0.000686664 0.0026943 0.000638342 0.999844 0.0176518 -0.00270569 -0.0176502 0.99984 0.0385496 0.394459 -0.523142
FixedParameters: 0 0 0

#Transform 345
Transform: AffineTransform_float_3_3
Parameters: 0.999996 -0.000831973 0.00286971 0.000781039 0.999842 0.0177183 -0.00288329 -0.0177157 0.999839 0.0410616 0.39774 -0.508635
FixedParameters: 0 0 0

#Transform 346
Transform: AffineTransform_float_3_3
Parameters: 0.999996 -0.000801255 0.00270718 0.000752748 0.999841 0.0177791 -0.00272081 -0.0177769 0.999839 0.0450224 0.439961 -0.512885
FixedParameters: 0 0 0

#Transform 347
Transform: AffineTransform_float_3_3
Parameters: 0.999996 -0.000763181 0.00292388 0.000711835 0.999841 0.0178062 -0.00293614 -0.0178038 0.999837 0.0389696 0.415551 -0.534819
FixedParameters: 0 0 0

#Transform 348
Transform: AffineTransform_float_3_3
Parameters: 0.999995 -0.000621463 0.00287355 0.000570547 0.999846 0.0175287 -0.00288344 -0.0175273 0.999842 0.0440043 0.41315 -0.514128
FixedParameters: 0 0 0

#Transform 349
Transform: AffineTransform_float_3_3
Parameters: 0.999996 -0.00085589 0.00267243 0.000809116 0.999846 0.0174982 -0.00268657 -0.0174958 0.999844 0.0437355 0.45756 -0.52087
FixedParameters: 0 0 0

#Transform 350
Transform: AffineTransform_float_3_3
Parameters: 0.999996 -0.000893652 0.00265745 0.000845355 0.99984 0.0178793 -0.00267254 -0.0178767 0.999836 0.0464892 0.436476 -0.536739
FixedParameters: 0 0 0

#Transform 351
Transform: AffineTransform_float_3_3
Parameters: 0.999995 -0.00080643 0.00287004 0.000754569 0.99984 0.0178762 -0.00288395 -0.0178738 0.999836 0.0485428 0.393855 -0.522215
FixedParameters: 0 0 0

#Transform 352
Transform: AffineTransform_float_3_3
Parameters: 0.999996 -0.000603696 0.00269175 0.000556298 0.999844 0.0176856 -0.00270226 -0.0176834 0.99984 0.0370284 0.434098 -0.509075
FixedParameters: 0 0 0

#Transform 353
Transform: AffineTransform_float_3_3
Parameters: 0.999996 -0.000886431 0.0028689 0.000835567 0.999846 0.0175325 -0.00288409 -0.0175295 0.999842 0.0537581 0.440172 -0.534865
FixedParameters: 0 0 0

#Transform 354
Transform: AffineTransform_float_3_3
Parameters: 0.999996 -0.000936212 0.00269976 0.000887786 0.999841 0.0178035 -0.00271623 -0.0178015 0.999838 0.0429654 0.394109 -0.509676
FixedParameters: 0 0 0

#Transform 355
Transform: AffineTransform_float_3_3
Parameters: 0.999996 -0.000888662 0.00266055 0.000841348 0.99984 0.0178623 -0.00267545 -0.0178597 0.999837 0.0420423 0.401333 -0.486872
FixedParameters: 0 0 0

#Transform 356
Transform: AffineTransform_float_3_3
Parameters: 0.999997 -0.000940153 0.00236165 0.000897841 0.999842 0.0177872 -0.00237834 -0.0177848 0.999839 0.0445874 0.44047 -0.496255
FixedParameters: 0 0 0

#Transform 357
Transform: AffineTransform_float_3_3
Parameters: 0.999995 -0.000938003 0.00280577 0.000887991 0.999841 0.0177706 -0.00282222 -0.0177674 0.999838 0.0475904 0.412561 -0.52942
FixedParameters: 0 0 0

#Transform 358
Transform: AffineTransform_float_3_3
Parameters: 0.999996 -0.000824651 0.00266945 0.000776339 0.999835 0.0181752 -0.00268455 -0.0181729 0.999832 0.0474091 0.416842 -0.488932
FixedParameters: 0 0 0

#Transform 359
Transform: AffineTransform_float_3_3
Parameters: 0.999996 -0.000788085 0.00265922 0.000739919 0.999837 0.018035 -0.00267278 -0.018033 0.999834 0.0443587 0.432413 -0.483736
FixedParameters: 0 0 0

#Transform 360
Transform: AffineTransform_float_3_3
Parameters: 0.999996 -0.000842528 0.00267822 0.000793479 0.999837 0.0180682 -0.00269278 -0.0180668 0.999833 0.042724 0.443442 -0.496901
FixedParameters: 0 0 0

#Transform 361
Transform: AffineTransform_float_3_3
Parameters: 0.999996 -0.000836939 0.00267015 0.000787063 0.999832 0.0182772 -0.00268483 -0.0182748 0.99983 0.0452708 0.444615 -0.514506
FixedParameters: 0 0 0

#Transform 362
Transform: AffineTransform_float_3_3
Parameters: 0.999996 -0.000806365 0.00273694 0.000756633 0.999838 0.0179901 -0.00275106 -0.0179879 0.999835 0.0419356 0.408821 -0.507731
FixedParameters: 0 0 0

#Transform 363
Transform: AffineTransform_float_3_3
Parameters: 0.999995 -0.000862535 0.00284991 0.000810465 0.999837 0.0180344 -0.00286508 -0.0180326 0.999834 0.0458189 0.430646 -0.497251
FixedParameters: 0 0 0

#Transform 364
Transform: AffineTransform_float_3_3
Parameters: 0.999995 -0.000862024 0.0028614 0.000811966 0.999847 0.0174374 -0.00287659 -0.0174356 0.999844 0.0455968 0.441822 -0.517886
FixedParameters: 0 0 0

#Transform 365
Transform: AffineTransform_float_3_3
Parameters: 0.999996 -0.000758308 0.00295306 0.000706693 0.999843 0.0176742 -0.00296595 -0.0176718 0.99984 0.0383941 0.404266 -0.510798
FixedParameters: 0 0 0

#Transform 366
Transform: AffineTransform_float_3_3
Parameters: 0.999995 -0.000809842 0.00288093 0.000758154 0.999838 0.0179513 -0.00289507 -0.0179487 0.999834 0.04447 0.402759 -0.464742
FixedParameters: 0 0 0

#Transform 367
Transform: AffineTransform_float_3_3
Parameters: 0.999996 -0.000882964 0.00293989 0.000831036 0.999844 0.0176295 -0.00295511 -0.0176275 0.999841 0.0451747 0.439729 -0.480933
FixedParameters: 0 0 0

#Transform 368
Transform: AffineTransform_float_3_3
Parameters: 0.999996 -0.000866685 0.00292518 0.000815318 0.999845 0.0176245 -0.00293983 -0.0176215 0.999841 0.0435982 0.42682 -0.50022
FixedParameters: 0 0 0

#Transform 369
Transform: AffineTransform_float_3_3
Parameters: 0.999995 -0.000817023 0.00297569 0.000762988 0.999835 0.0181113 -0.00298931 -0.0181086 0.999831 0.0442273 0.400854 -0.491598
FixedParameters: 0 0 0

#Transform 370
Transform: AffineTransform_float_3_3
Parameters: 0.999995 -0.000717345 0.00301659 0.000663665 0.999838 0.0179781 -0.00302842 -0.0179759 0.999834 0.0405711 0.435719 -0.486821
FixedParameters: 0 0 0

#Transform 371
Transform: AffineTransform_float_3_3
Parameters: 0.999995 -0.000986911 0.00303801 0.000933086 0.999843 0.0176969 -0.00305499 -0.0176931 0.999839 0.0474513 0.449909 -0.495221
FixedParameters: 0 0 0

#Transform 372
Transform: AffineTransform_float_3_3
Parameters: 0.999996 -0.00101024 0.00267729 0.000961765 0.999839 0.0179587 -0.0026947 -0.0179554 0.999835 0.0503234 0.442411 -0.499816
FixedParameters: 0 0 0

#Transform 373
Transform: AffineTransform_float_3_3
Parameters: 0.999996 -0.00073867 0.00293849 0.000686322 0.999846 0.0175461 -0.0029515 -0.0175439 0.999841 0.041071 0.402093 -0.511993
FixedParameters: 0 0 0

#Transform 374
Transform: AffineTransform_float_3_3
Parameters: 0.999996 -0.000870265 0.00248662 0.000824727 0.999835 0.0181471 -0.00250238 -0.0181449 0.999832 0.0471337 0.416992 -0.483595
FixedParameters: 0 0 0

#Transform 375
Transform: AffineTransform_float_3_3
Parameters: 0.999997 -0.000880499 0.00257891 0.000835501 0.999845 0.0175902 -0.0025941 -0.0175888 0.999842 0.0431978 0.450364 -0.503698
FixedParameters: 0 0 0

#Transform 376
Transform: AffineTransform_float_3_3
Parameters: 0.999997 -0.000922749 0.00253984 0.000876248 0.999839 0.0179553 -0.00255614 -0.0179527 0.999835 0.0472937 0.442122 -0.511462
FixedParameters: 0 0 0

#Transform 377
Transform: AffineTransform_float_3_3
Parameters: 0.999995 -0.000879592 0.00301287 0.000825407 0.999842 0.0177426 -0.00302812 -0.0177404 0.999838 0.0380347 0.399092 -0.526476
FixedParameters: 0 0 0

#Transform 378
Transform: AffineTransform_float_3_3
Parameters: 0.999996 -0.000777386 0.00247579 0.000734628 0.999847 0.0174769 -0.00248822 -0.0174751 0.999844 0.0404099 0.403375 -0.512087
FixedParameters: 0 0 0

#Transform 379
Transform: AffineTransform_float_3_3
Parameters: 0.999997 -0.000753796 0.00232818 0.000713208 0.999847 0.0174737 -0.00234082 -0.0174723 0.999844 0.0470616 0.419511 -0.496226
FixedParameters: 0 0 0

#Transform 380
Transform: AffineTransform_float_3_3
Parameters: 0.999996 -0.000839969 0.0024735 0.000796021 0.999842 0.017724 -0.0024885 -0.017722 0.99984 0.0408633 0.42698 -0.518089
FixedParameters: 0 0 0

#Transform 381
Transform: AffineTransform_float_3_3
Parameters: 0.999997 -0.000867246 0.00239478 0.000823749 0.999837 0.018001 -0.00241022 -0.017999 0.999835 0.0463571 0.39086 -0.500025
FixedParameters: 0 0 0

#Transform 382
Transform: AffineTransform_float_3_3
Parameters: 0.999997 -0.000922157 0.00252698 0.000876843 0.999841 0.0178133 -0.00254302 -0.0178107 0.999838 0.0420897 0.439896 -0.498708
FixedParameters: 0 0 0

#Transform 383
Transform: AffineTransform_float_3_3
Parameters: 0.999997 -0.000800203 0.00223233 0.000760805 0.999847 0.0175068 -0.00224566 -0.0175053 0.999845 0.0436523 0.453695 -0.530829
FixedParameters: 0 0 0

#Transform 384
Transform: AffineTransform_float_3_3
Parameters: 0.999996 -0.000903237 0.00286736 0.000851769 0.999841 0.0178205 -0.00288264 -0.0178175 0.999837 0.0462758 0.399199 -0.506568
FixedParameters: 0 0 0

#Transform 385
Transform: AffineTransform_float_3_3
Parameters: 0.999996 -0.000896884 0.00242859 0.000854107 0.999844 0.0176021 -0.00244441 -0.0175999 0.999842 0.0450887 0.460473 -0.502921
FixedParameters: 0 0 0

#Transform 386
Transform: AffineTransform_float_3_3
Parameters: 0.999996 -0.000914457 0.00240126 0.000872547 0.999845 0.0176232 -0.00241675 -0.0176209 0.999842 0.0451898 0.410925 -0.506762
FixedParameters: 0 0 0
