#Insight Transform File V1.0
#Transform 0
Transform: AffineTransform_float_3_3
Parameters: 1 0.000192 -6.0864e-08 -0.000192 1 -0.000317 -6.0864e-08 0.000317 1 -0.021827 -0.017714 0.0219336
FixedParameters: 0 0 0

#Transform 1
Transform: AffineTransform_float_3_3
Parameters: 1 0 0 0 1 -8.6e-05 0 8.6e-05 1 -0.008519 0.00117661 0.0140145
FixedParameters: 0 0 0

#Transform 2
Transform: AffineTransform_float_3_3
Parameters: 1 0 0 0 1 -0.000107 0 0.000107 1 0 0.00145898 0.013586
FixedParameters: 0 0 0

#Transform 3
Transform: AffineTransform_float_3_3
Parameters: 1 0 0 0 1 0.00019 0 -0.00019 1 0 -0.002556 0.0196337
FixedParameters: 0 0 0

#Transform 4
Transform: AffineTransform_float_3_3
Parameters: 1 0 0 0 1 0 0 0 1 -0.009815 -1.42109e-14 0.015785
FixedParameters: 0 0 0

#Transform 5
Transform: AffineTransform_float_3_3
Parameters: 1 0 0 0 1 -0.000194 0 0.000194 1 -0.008347 -0.00670802 0.00227863
FixedParameters: 0 0 0

#Transform 6
Transform: AffineTransform_float_3_3
Parameters: 1 5.4e-05 -8.64e-09 -5.4e-05 1 -0.00016 -8.64e-09 0.00016 1 -0.00848827 -0.0103914 0.0125826
FixedParameters: 0 0 0

#Transform 7
Transform: AffineTransform_float_3_3
Parameters: 1 5.5e-05 0 -5.5e-05 1 0 0 0 1 -0.00815899 -0.0193756 0.015785
FixedParameters: 0 0 0

#Transform 8
Transform: AffineTransform_float_3_3
Parameters: 1 0 0 0 1 -0.000168 0 0.000168 1 -0.005641 -0.0117788 0.0102626
FixedParameters: 0 0 0

#Transform 9
Transform: AffineTransform_float_3_3
Parameters: 1 0 0 0 1 -0.000175 0 0.000175 1 -0.004685 -0.0171144 -0.00801095
FixedParameters: 0 0 0

#Transform 10
Transform: AffineTransform_float_3_3
Parameters: 1 0 0 0 1 -0.000366 0 0.000366 1 0 -0.00194374 -0.00876108
FixedParameters: 0 0 0

#Transform 11
Transform: AffineTransform_float_3_3
Parameters: 1 0 0 0 1 -9.9e-05 0 9.9e-05 1 0 -0.00349389 0.00952918
FixedParameters: 0 0 0

#Transform 12
Transform: AffineTransform_float_3_3
Parameters: 1 0 0 0 1 0 0 0 1 0 0.015759 0.011485
FixedParameters: 0 0 0

#Transform 13
Transform: AffineTransform_float_3_3
Parameters: 1 0 0 0 1 0 0 0 1 -0.008345 -0.002944 0.018151
FixedParameters: 0 0 0

#Transform 14
Transform: AffineTransform_float_3_3
Parameters: 1 5.8e-05 -1.7516e-08 -5.8e-05 1 -0.000302 -1.7516e-08 0.000302 1 -0.00601551 0.00115073 -0.00744715
FixedParameters: 0 0 0

#Transform 15
Transform: AffineTransform_float_3_3
Parameters: 1 0 0 0 1 -0.000228 0 0.000228 1 0 -0.0196264 -0.00591392
FixedParameters: 0 0 0

#Transform 16
Transform: AffineTransform_float_3_3
Parameters: 1 -3.432e-09 -6.6e-05 -3.432e-09 1 -5.2e-05 6.6e-05 5.2e-05 1 0.000867534 -0.00226991 -0.00247148
FixedParameters: 0 0 0

#Transform 17
Transform: AffineTransform_float_3_3
Parameters: 1 -1.7901e-08 -8.1e-05 -1.7901e-08 1 -0.000221 8.1e-05 0.000221 1 0.00110444 -0.00484162 -0.00591977
FixedParameters: 0 0 0

#Transform 18
Transform: AffineTransform_float_3_3
Parameters: 1 0 0 0 1 -0.00025 0 0.00025 1 0 0.000392676 -0.00641412
FixedParameters: 0 0 0

#Transform 19
Transform: AffineTransform_float_3_3
Parameters: 1 0 0 0 1 -0.000118 0 0.000118 1 0 -0.00135923 -0.00376075
FixedParameters: 0 0 0

#Transform 20
Transform: AffineTransform_float_3_3
Parameters: 1 0 0 0 1 -5.7e-05 0 5.7e-05 1 0 -0.00220527 0.00162051
FixedParameters: 0 0 0

#Transform 21
Transform: AffineTransform_float_3_3
Parameters: 1 -1.2773e-08 -5.3e-05 -1.2773e-08 1 -0.000241 5.3e-05 0.000241 1 0.000725463 0.00028603 -0.00625535
FixedParameters: 0 0 0

#Transform 22
Transform: AffineTransform_float_3_3
Parameters: 1 0 0 0 1 0 0 0 1 0 -0.013312 0.015628
FixedParameters: 0 0 0

#Transform 23
Transform: AffineTransform_float_3_3
Parameters: 1 0.000105 -1.4805e-08 -0.000105 1 -0.000141 -1.4805e-08 0.000141 1 -0.00216611 0.0158107 0.0128227
FixedParameters: 0 0 0

#Transform 24
Transform: AffineTransform_float_3_3
Parameters: 1 0 0 0 1 -0.000126 0 0.000126 1 0 -0.0143589 0.00488087
FixedParameters: 0 0 0

#Transform 25
Transform: AffineTransform_float_3_3
Parameters: 1 0.000163981 -0.000108028 -0.000164019 1 -0.000171982 0.000107972 0.000172018 1 -0.00188884 -0.00174475 -0.0222459
FixedParameters: 0 0 0

#Transform 26
Transform: AffineTransform_float_3_3
Parameters: 1 0 -7.9e-05 0 1 0 7.9e-05 0 1 0.00108308 -0.016051 -0.00590901
FixedParameters: 0 0 0

#Transform 27
Transform: AffineTransform_float_3_3
Parameters: 1 0 0 0 1 6.4e-05 0 -6.4e-05 1 0 0.0121495 -0.0066629
FixedParameters: 0 0 0

#Transform 28
Transform: AffineTransform_float_3_3
Parameters: 1 0 0 0 1 0.000185 0 -0.000185 1 0 -0.0155676 -0.014995
FixedParameters: 0 0 0

#Transform 29
Transform: AffineTransform_float_3_3
Parameters: 1 1.989e-08 -0.000195 1.989e-08 1 0.000102 0.000195 -0.000102 1 -0.00979771 0.0035914 -0.0394554
FixedParameters: 0 0 0

#Transform 30
Transform: AffineTransform_float_3_3
Parameters: 1 0.00020598 -0.000371011 -0.00020602 1 -5.29236e-05 0.000370989 5.30764e-05 1 -0.0087193 -0.0149834 -0.00416086
FixedParameters: 0 0 0

#Transform 31
Transform: AffineTransform_float_3_3
Parameters: 1 0.000274 -0.000305 -0.000274 1 8.357e-08 0.000305 8.357e-08 1 -0.00152906 -0.0092122 -0.00109266
FixedParameters: 0 0 0

#Transform 32
Transform: AffineTransform_float_3_3
Parameters: 1 0.000114025 -0.000174983 -0.000113975 1 0.00014502 0.000175017 -0.00014498 1 -0.00329589 0.000345117 0.00203415
FixedParameters: 0 0 0

#Transform 33
Transform: AffineTransform_float_3_3
Parameters: 1 0.000248963 -0.000297031 -0.000249037 1 -0.000125926 0.000296969 0.000126074 1 -0.00854275 0.00900444 -0.0297559
FixedParameters: 0 0 0

#Transform 34
Transform: AffineTransform_float_3_3
Parameters: 1 0.000333898 -0.000316108 -0.000334102 1 -0.000322894 0.000315892 0.000323105 1 -0.00951844 -0.00931504 -0.0337224
FixedParameters: 0 0 0

#Transform 35
Transform: AffineTransform_float_3_3
Parameters: 1 0.000422 -0.000271 -0.000422 1 1.14362e-07 0.000271 1.14362e-07 1 -0.00489172 -0.0135232 -0.0140826
FixedParameters: 0 0 0

#Transform 36
Transform: AffineTransform_float_3_3
Parameters: 1 0.000314984 -0.000203025 -0.000315016 1 -7.8936e-05 0.000202975 7.80639e-05 1 -0.00968315 -0.0125617 -0.0203982
FixedParameters: 0 0 0

#Transform 37
Transform: AffineTransform_float_3_3
Parameters: 1 0.00038 -0.00015 -0.00038 1 5.7e-08 0.00015 5.7e-08 1 -0.00560264 -0.0135221 -0.027069
FixedParameters: 0 0 0

#Transform 38
Transform: AffineTransform_float_3_3
Parameters: 1 0.000339985 -7.60649e-05 -0.000340014 1 -0.000190974 7.5935e-05 0.000191026 1 -0.0131269 -0.0109858 -0.0332255
FixedParameters: 0 0 0

#Transform 39
Transform: AffineTransform_float_3_3
Parameters: 1 0.000217 -5.5118e-08 -0.000217 1 -0.000254 -5.5118e-08 0.000254 1 -0.0118198 -0.00797286 -0.0320631
FixedParameters: 0 0 0

#Transform 40
Transform: AffineTransform_float_3_3
Parameters: 1 0 0 0 1 -0.000295 0 0.000295 1 0 -0.0100048 -0.0453489
FixedParameters: 0 0 0

#Transform 41
Transform: AffineTransform_float_3_3
Parameters: 1 0.000178 0 -0.000178 1 0 0 0 1 -0.0164623 -0.0209923 -0.026971
FixedParameters: 0 0 0

#Transform 42
Transform: AffineTransform_float_3_3
Parameters: 1 -3.6714e-08 -0.000422 -3.6714e-08 1 -8.7e-05 0.000422 8.7e-05 1 -0.00026968 -0.00177627 -0.0085629
FixedParameters: 0 0 0

#Transform 43
Transform: AffineTransform_float_3_3
Parameters: 1 -1.3365e-08 -0.000243 -1.3365e-08 1 -5.5e-05 0.000243 5.5e-05 1 -0.00588225 -0.00601397 -0.0283383
FixedParameters: 0 0 0

#Transform 44
Transform: AffineTransform_float_3_3
Parameters: 1 7.9e-05 -6.715e-09 -7.9e-05 1 -8.5e-05 -6.715e-09 8.5e-05 1 -0.00860013 -0.0126914 -0.0261755
FixedParameters: 0 0 0

#Transform 45
Transform: AffineTransform_float_3_3
Parameters: 1 6.6e-05 0 -6.6e-05 1 0 0 0 1 -0.00137223 -0.0138948 -0.026971
FixedParameters: 0 0 0

#Transform 46
Transform: AffineTransform_float_3_3
Parameters: 1 0 -0.000113 0 1 0 0.000113 0 1 -0.00684514 -0.01393 -0.0299938
FixedParameters: 0 0 0

#Transform 47
Transform: AffineTransform_float_3_3
Parameters: 1 0.000148 4.3512e-08 -0.000148 1 0.000294 4.3512e-08 -0.000294 1 -0.00820472 -0.0177371 -0.030628
FixedParameters: 0 0 0

#Transform 48
Transform: AffineTransform_float_3_3
Parameters: 1 0.000104 0 -0.000104 1 0 0 0 1 -0.00991499 -0.0138273 -0.026971
FixedParameters: 0 0 0

#Transform 49
Transform: AffineTransform_float_3_3
Parameters: 1 7.8e-05 2.5116e-08 -7.8e-05 1 0.000322 2.5116e-08 -0.000322 1 -0.0112828 0.0014005 -0.0205476
FixedParameters: 0 0 0

#Transform 50
Transform: AffineTransform_float_3_3
Parameters: 1 1.914e-08 -8.7e-05 1.914e-08 1 0.00022 8.7e-05 -0.00022 1 -0.00596603 0.0170601 -0.0227217
FixedParameters: 0 0 0

#Transform 51
Transform: AffineTransform_float_3_3
Parameters: 1 4.536e-09 -7.2e-05 4.536e-09 1 6.3e-05 7.2e-05 -6.3e-05 1 -0.00608274 0.0178635 -0.0257833
FixedParameters: 0 0 0

#Transform 52
Transform: AffineTransform_float_3_3
Parameters: 1 0 0 0 1 0 0 0 1 0 0.003979 -0.014265
FixedParameters: 0 0 0

#Transform 53
Transform: AffineTransform_float_3_3
Parameters: 1 0 0 0 1 0.000425 0 -0.000425 1 -0.008172 0.00636638 -0.0268195
FixedParameters: 0 0 0

#Transform 54
Transform: AffineTransform_float_3_3
Parameters: 1 0 0 0 1 0.000436 0 -0.000436 1 0 -0.00438903 -0.0181495
FixedParameters: 0 0 0

#Transform 55
Transform: AffineTransform_float_3_3
Parameters: 1 0 0 0 1 0.000306 0 -0.000306 1 -0.007833 0.0236789 -0.0208479
FixedParameters: 0 0 0

#Transform 56
Transform: AffineTransform_float_3_3
Parameters: 1 3.9776e-08 -0.000113 3.9776e-08 1 0.000352 0.000113 -0.000352 1 -0.00503913 0.0048621 -0.00357099
FixedParameters: 0 0 0

#Transform 57
Transform: AffineTransform_float_3_3
Parameters: 1 3.39e-08 -0.00015 3.39e-08 1 0.000226 0.00015 -0.000226 1 -0.00694378 0.01086 -0.0224996
FixedParameters: 0 0 0

#Transform 58
Transform: AffineTransform_float_3_3
Parameters: 1 2.4386e-08 -8.9e-05 2.4386e-08 1 0.000274 8.9e-05 -0.000274 1 0.00118525 -0.0114411 -0.0215552
FixedParameters: 0 0 0

#Transform 59
Transform: AffineTransform_float_3_3
Parameters: 1 3.267e-08 -9.9e-05 3.267e-08 1 0.00033 9.9e-05 -0.00033 1 0.00132009 0.0128384 -0.0205033
FixedParameters: 0 0 0

#Transform 60
Transform: AffineTransform_float_3_3
Parameters: 1 0.000115061 -0.00013995 -0.000114939 1 0.000436016 0.00014005 -0.000435984 1 -0.00046107 -0.00155815 -0.00663017
FixedParameters: 0 0 0

#Transform 61
Transform: AffineTransform_float_3_3
Parameters: 1 0.000113 3.6725e-08 -0.000113 1 0.000325 3.6725e-08 -0.000325 1 -0.00221805 0.00403766 -0.0204358
FixedParameters: 0 0 0

#Transform 62
Transform: AffineTransform_float_3_3
Parameters: 1 0.00032 -7.36e-09 -0.00032 1 -2.3e-05 -7.36e-09 2.3e-05 1 -0.0111432 0.000657065 -0.027449
FixedParameters: 0 0 0

#Transform 63
Transform: AffineTransform_float_3_3
Parameters: 1 0.000272995 -0.000213006 -0.000273005 1 -2.19418e-05 0.000212994 2.20581e-05 1 -0.00925771 0.0106399 -0.0276647
FixedParameters: 0 0 0

#Transform 64
Transform: AffineTransform_float_3_3
Parameters: 1 0.000154093 -0.000281949 -0.000153907 1 0.000329043 0.000282051 -0.000329957 1 -0.00969455 0.00273666 -0.0207155
FixedParameters: 0 0 0

#Transform 65
Transform: AffineTransform_float_3_3
Parameters: 1 0.00030601 -0.000407993 -0.00030599 1 2.41248e-05 0.000408008 -2.48751e-05 1 -0.014524 -0.000165832 0.0119371
FixedParameters: 0 0 0

#Transform 66
Transform: AffineTransform_float_3_3
Parameters: 0.999999 0.000613822 -0.000438248 -0.000614177 0.999999 -0.000404731 0.000437751 0.000405269 1 -0.00654426 0.00592643 -0.00180115
FixedParameters: 0 0 0

#Transform 67
Transform: AffineTransform_float_3_3
Parameters: 1 0.000467884 -0.000501109 -0.000467116 1 -0.000232766 0.000500891 0.000232234 1 -0.0154403 0.00344302 -0.0204331
FixedParameters: 0 0 0

#Transform 68
Transform: AffineTransform_float_3_3
Parameters: 1 0.000384964 -0.000444031 -0.000385035 1 -7.9829e-05 0.000443969 8.01709e-05 1 -0.0118161 0.0300819 -0.0367573
FixedParameters: 0 0 0

#Transform 69
Transform: AffineTransform_float_3_3
Parameters: 1 0.000329958 -0.000525026 -0.000330042 1 -7.98267e-05 0.000524973 8.01732e-05 1 -0.00844502 0.00226323 -0.0368566
FixedParameters: 0 0 0

#Transform 70
Transform: AffineTransform_float_3_3
Parameters: 1 0.000501033 -0.000479965 -0.000500967 1 6.92404e-05 0.000480035 -6.97595e-05 1 -0.0160381 0.0171757 -0.0339446
FixedParameters: 0 0 0

#Transform 71
Transform: AffineTransform_float_3_3
Parameters: 1 0.000392133 -0.000497895 -0.000391867 1 0.000267195 0.000498104 -0.000266805 1 -0.0122631 -0.00257621 -0.0162822
FixedParameters: 0 0 0

#Transform 72
Transform: AffineTransform_float_3_3
Parameters: 1 0.000479152 -0.00045784 -0.000478847 1 0.000333219 0.000458159 -0.00033278 1 -0.0183629 0.0136164 -0.0164522
FixedParameters: 0 0 0

#Transform 73
Transform: AffineTransform_float_3_3
Parameters: 1 0.000392154 -0.000461869 -0.000391846 1 0.000333181 0.00046213 -0.000332819 1 -0.0141543 0.00546724 -0.0128251
FixedParameters: 0 0 0

#Transform 74
Transform: AffineTransform_float_3_3
Parameters: 0.999999 0.000564168 -0.000506812 -0.000563831 1 0.000333286 0.000507187 -0.000332714 1 -0.0154477 0.0136997 -0.0285693
FixedParameters: 0 0 0

#Transform 75
Transform: AffineTransform_float_3_3
Parameters: 0.999999 0.000532134 -0.00059588 -0.000531866 1 0.000225317 0.00059612 -0.000225683 1 -0.0223283 0.0150638 -0.0308707
FixedParameters: 0 0 0

#Transform 76
Transform: AffineTransform_float_3_3
Parameters: 1 0.000380192 -0.000575873 -0.000380808 1 0.000333219 0.000576127 -0.000332781 1 -0.0119989 0.00843577 -0.0227379
FixedParameters: 0 0 0

#Transform 77
Transform: AffineTransform_float_3_3
Parameters: 1 0.000318118 -0.000475921 -0.000317881 1 0.000249151 0.000476079 -0.000248849 1 -0.00943151 0.0105974 -0.0232635
FixedParameters: 0 0 0

#Transform 78
Transform: AffineTransform_float_3_3
Parameters: 1 0.000495138 -0.000415835 -0.000494861 1 0.000333206 0.000416165 -0.000332794 1 -0.0143558 -0.00938535 -0.0109631
FixedParameters: 0 0 0

#Transform 79
Transform: AffineTransform_float_3_3
Parameters: 1 0.000404093 -0.000279865 -0.000403907 1 0.000333113 0.000280134 -0.000332887 1 -0.0172815 0.00237108 -0.0283421
FixedParameters: 0 0 0

#Transform 80
Transform: AffineTransform_float_3_3
Parameters: 1 0.000419002 -0.000464998 -0.000418998 1 5.19483e-06 0.000465002 -4.80516e-06 1 -0.0141991 -0.0145754 -0.0253406
FixedParameters: 0 0 0

#Transform 81
Transform: AffineTransform_float_3_3
Parameters: 1 0.000460968 -0.000500029 -0.000461032 1 -6.37695e-05 0.000499971 6.32305e-05 1 -0.00722225 0.0182733 -0.0203056
FixedParameters: 0 0 0

#Transform 82
Transform: AffineTransform_float_3_3
Parameters: 1 0.000383079 -0.000398924 -0.000382921 1 0.000198153 0.000398076 -0.000197847 1 -0.0102382 0.00319377 -0.0148414
FixedParameters: 0 0 0

#Transform 83
Transform: AffineTransform_float_3_3
Parameters: 1 0.000348104 -0.000487926 -0.000347896 1 0.00021217 0.000488074 -0.00021283 1 -0.00849669 0.0193017 -0.020464
FixedParameters: 0 0 0

#Transform 84
Transform: AffineTransform_float_3_3
Parameters: 1 0.00019511 -0.000329935 -0.00019489 1 0.000333064 0.000330065 -0.000332936 1 0.000405904 0.0194352 -0.0198378
FixedParameters: 0 0 0

#Transform 85
Transform: AffineTransform_float_3_3
Parameters: 0.999999 0.000498187 -0.000563834 -0.000497812 1 0.000333281 0.000564165 -0.000332719 1 -0.0173543 -0.00284829 -0.0158525
FixedParameters: 0 0 0

#Transform 86
Transform: AffineTransform_float_3_3
Parameters: 0.999999 0.000474206 -0.000619842 -0.000473793 1 0.000333294 0.000620157 -0.000332706 1 -0.0153993 0.00749654 -0.0179
FixedParameters: 0 0 0

#Transform 87
Transform: AffineTransform_float_3_3
Parameters: 1 0.000338163 -0.000488887 -0.000338837 1 0.000333166 0.000489113 -0.000332835 1 -0.0161501 -0.00306483 -0.0122449
FixedParameters: 0 0 0

#Transform 88
Transform: AffineTransform_float_3_3
Parameters: 1 0.000481025 -0.000392969 -0.000480974 1 6.5189e-05 0.000393031 -6.48109e-05 1 -0.0163141 0.0151289 -0.031177
FixedParameters: 0 0 0

#Transform 89
Transform: AffineTransform_float_3_3
Parameters: 1 0.000428101 -0.000419896 -0.000427898 1 0.00024218 0.000420103 -0.00024182 1 -0.0172509 0.00863336 -0.0139609
FixedParameters: 0 0 0

#Transform 90
Transform: AffineTransform_float_3_3
Parameters: 0.999999 0.000511052 -0.000560952 -0.000510948 1 9.32866e-05 0.000560047 -9.27138e-05 1 -0.0103182 0.0240422 -0.0404692
FixedParameters: 0 0 0

#Transform 91
Transform: AffineTransform_float_3_3
Parameters: 1 0.00040517 -0.000510865 -0.00040483 1 0.000333207 0.000510135 -0.000332793 1 -0.0167131 0.00746436 -0.0189751
FixedParameters: 0 0 0

#Transform 92
Transform: AffineTransform_float_3_3
Parameters: 1 0.000418077 -0.000552941 -0.000417922 1 0.000140231 0.000553058 -0.000139769 1 -0.0164885 0.0260627 -0.0235351
FixedParameters: 0 0 0

#Transform 93
Transform: AffineTransform_float_3_3
Parameters: 1 0.000400037 -0.000581974 -0.000399963 1 6.42328e-05 0.000582025 -6.37672e-05 1 -0.0169062 0.0110318 -0.0202974
FixedParameters: 0 0 0

#Transform 94
Transform: AffineTransform_float_3_3
Parameters: 0.999999 0.000424958 -0.000617028 -0.000425041 1 -6.67377e-05 0.000616971 6.72622e-05 1 -0.0173933 0.0197194 -0.022932
FixedParameters: 0 0 0

#Transform 95
Transform: AffineTransform_float_3_3
Parameters: 0.999999 0.000637113 -0.00051686 -0.000637886 1 0.00021933 0.000517139 -0.000218671 1 -0.0216435 0.00925358 -0.00707168
FixedParameters: 0 0 0

#Transform 96
Transform: AffineTransform_float_3_3
Parameters: 1 0.000397171 -0.000512868 -0.000396829 1 0.000333203 0.000513132 -0.000332796 1 -0.0164384 0.00537533 -0.00620644
FixedParameters: 0 0 0

#Transform 97
Transform: AffineTransform_float_3_3
Parameters: 1 0.000387996 -0.000525002 -0.000388004 1 -6.7963e-06 0.000524997 7.2037e-06 1 -0.0168525 0.0119437 -0.0163073
FixedParameters: 0 0 0

#Transform 98
Transform: AffineTransform_float_3_3
Parameters: 1 0.000362154 -0.000461879 -0.000361846 1 0.000333167 0.00046212 -0.000332833 1 -0.0123266 0.0234701 -0.0147303
FixedParameters: 0 0 0

#Transform 99
Transform: AffineTransform_float_3_3
Parameters: 1 0.000413976 -0.00048202 -0.000414023 1 -4.88004e-05 0.00048198 4.91995e-05 1 -0.0207857 0.0125319 -0.0224067
FixedParameters: 0 0 0

#Transform 100
Transform: AffineTransform_float_3_3
Parameters: 0.999999 0.000498137 -0.000542874 -0.000497862 1 0.00025327 0.000543126 -0.000252729 1 -0.0144608 0.0136142 -0.0163963
FixedParameters: 0 0 0

#Transform 101
Transform: AffineTransform_float_3_3
Parameters: 0.999999 0.000529951 -0.000802031 -0.000530048 1 -5.95749e-05 0.000801967 6.0425e-05 0.999999 -0.00499978 0.0292983 -0.0230118
FixedParameters: 0 0 0

#Transform 102
Transform: AffineTransform_float_3_3
Parameters: 0.999999 0.000474183 -0.000548842 -0.000474817 1 0.000333261 0.000549158 -0.00033274 1 -0.0103535 0.00756656 -0.0148321
FixedParameters: 0 0 0

#Transform 103
Transform: AffineTransform_float_3_3
Parameters: 0.999999 0.000473132 -0.000593894 -0.000472867 1 0.000223281 0.000594105 -0.000222719 1 -0.00155184 0.0089857 -0.0170739
FixedParameters: 0 0 0

#Transform 104
Transform: AffineTransform_float_3_3
Parameters: 0.999999 0.000552155 -0.000467816 -0.000551844 1 0.000333258 0.000468184 -0.000332741 1 -0.0143923 0.00171696 -0.0147004
FixedParameters: 0 0 0

#Transform 105
Transform: AffineTransform_float_3_3
Parameters: 0.999999 0.000517181 -0.000544827 -0.000516818 1 0.000333282 0.000545172 -0.000332718 1 -0.00802039 0.0245829 -0.029576
FixedParameters: 0 0 0

#Transform 106
Transform: AffineTransform_float_3_3
Parameters: 0.999999 0.000514199 -0.000597828 -0.0005138 1 0.000333307 0.000598171 -0.000332692 1 -0.0125003 0.00753322 -0.0289516
FixedParameters: 0 0 0

#Transform 107
Transform: AffineTransform_float_3_3
Parameters: 0.999999 0.000419224 -0.00067386 -0.000418775 1 0.000333282 0.000674139 -0.000332717 0.999999 -0.00829661 0.0266029 -0.032614
FixedParameters: 0 0 0

#Transform 108
Transform: AffineTransform_float_3_3
Parameters: 0.999999 0.000681154 -0.000462773 -0.000680845 0.999999 0.000333315 0.000463226 -0.000332684 1 -0.0175498 0.0249764 -0.0197136
FixedParameters: 0 0 0

#Transform 109
Transform: AffineTransform_float_3_3
Parameters: 0.999999 0.00067721 -0.000633774 -0.000676788 0.999999 0.000333429 0.000634225 -0.00033257 0.999999 -0.0152325 0.0403736 -0.0247914
FixedParameters: 0 0 0

#Transform 110
Transform: AffineTransform_float_3_3
Parameters: 0.999999 0.000498279 -0.000532738 -0.00049872 0.999999 0.000525266 0.000533262 -0.000524734 0.999999 -0.0102446 0.000464555 -0.0137159
FixedParameters: 0 0 0

#Transform 111
Transform: AffineTransform_float_3_3
Parameters: 0.999999 0.000396279 -0.000837867 -0.000395721 1 0.000333332 0.000838131 -0.000332668 0.999999 -0.00217171 0.021787 -0.0371811
FixedParameters: 0 0 0

#Transform 112
Transform: AffineTransform_float_3_3
Parameters: 0.999999 0.0006772 -0.000601774 -0.000676799 0.999999 0.000333407 0.000602225 -0.000332592 1 -0.0055809 0.017142 -0.0308902
FixedParameters: 0 0 0

#Transform 113
Transform: AffineTransform_float_3_3
Parameters: 0.999999 0.000511151 -0.000650881 -0.000510849 1 0.000231332 0.000651118 -0.000231667 1 -0.00810528 0.0248516 -0.0363667
FixedParameters: 0 0 0

#Transform 114
Transform: AffineTransform_float_3_3
Parameters: 0.999999 0.000474268 -0.000545766 -0.000473731 1 0.000492258 0.000545233 -0.000491741 0.999999 -0.00222939 0.0104983 -0.0336183
FixedParameters: 0 0 0

#Transform 115
Transform: AffineTransform_float_3_3
Parameters: 1 0.000677275 -0.000824774 -0.000676725 0.999999 0.000333558 0.000824225 -0.000332442 0.999999 -0.0165801 0.0262474 -0.0220741
FixedParameters: 0 0 0

#Transform 116
Transform: AffineTransform_float_3_3
Parameters: 0.999999 0.000531342 -0.000672729 -0.000531657 0.999999 0.000509358 0.00067327 -0.000508642 0.999999 -0.0151659 0.00443174 -0.0163115
FixedParameters: 0 0 0

#Transform 117
Transform: AffineTransform_float_3_3
Parameters: 0.999999 0.000564468 -0.000791665 -0.00056353 0.999999 0.000592446 0.000792333 -0.000591553 0.999999 -0.010737 0.034562 -0.0320063
FixedParameters: 0 0 0

#Transform 118
Transform: AffineTransform_float_3_3
Parameters: 0.999999 0.000405605 -0.000796692 -0.000405394 0.999999 0.000760323 0.000796308 -0.000759677 1 0.00238411 0.00598608 -0.0140493
FixedParameters: 0 0 0

#Transform 119
Transform: AffineTransform_float_3_3
Parameters: 1 0.00046351 -0.000916744 -0.000462491 0.999999 0.000555424 0.000917258 -0.000555575 1 0.00291562 0.0417912 -0.0327885
FixedParameters: 0 0 0

#Transform 120
Transform: AffineTransform_float_3_3
Parameters: 0.999999 0.000643292 -0.000714737 -0.000642708 0.999999 0.000408459 0.000715262 -0.00040854 0.999999 -0.00328628 0.0149519 -0.0242831
FixedParameters: 0 0 0

#Transform 121
Transform: AffineTransform_float_3_3
Parameters: 1 0.000654294 -0.00083377 -0.000653706 0.999999 0.000352545 0.000834231 -0.000352454 0.999999 -0.00208329 0.0213197 -0.0231334
FixedParameters: 0 0 0

#Transform 122
Transform: AffineTransform_float_3_3
Parameters: 0.999999 0.000551527 -0.000769623 -0.000550473 0.999999 0.000684424 0.000769377 -0.000684576 1 -0.000775951 0.0167878 0.000483331
FixedParameters: 0 0 0

#Transform 123
Transform: AffineTransform_float_3_3
Parameters: 0.999999 0.000538407 -0.00068568 -0.000538593 0.999999 0.000594369 0.000685319 -0.000593631 0.999999 -0.0082647 0.032175 -0.0108979
FixedParameters: 0 0 0

#Transform 124
Transform: AffineTransform_float_3_3
Parameters: 0.999999 0.000566316 -0.000805777 -0.000565683 1 0.000392456 0.000806222 -0.000392543 0.999999 -0.000631478 0.0191337 -0.00194985
FixedParameters: 0 0 0

#Transform 125
Transform: AffineTransform_float_3_3
Parameters: 1 0.000549532 -0.000885671 -0.000549468 0.999999 0.000600487 0.000886331 -0.000600513 1 -0.0102048 0.0455612 -0.0192068
FixedParameters: 0 0 0

#Transform 126
Transform: AffineTransform_float_3_3
Parameters: 0.999999 0.000241612 -0.000836823 -0.000241387 0.999999 0.000732202 0.000837177 -0.000731798 1 0.00628904 0.0250591 -0.0155954
FixedParameters: 0 0 0

#Transform 127
Transform: AffineTransform_float_3_3
Parameters: 0.999999 0.000529231 -0.000712827 -0.000529768 1 0.000325378 0.000713172 -0.000324623 0.999999 -0.00116021 0.0335878 -0.0237099
FixedParameters: 0 0 0

#Transform 128
Transform: AffineTransform_float_3_3
Parameters: 1 0.000572284 -0.000824804 -0.000571717 1 0.000343472 0.000825197 -0.000343528 0.999999 -0.00527212 0.0166372 -0.0104918
FixedParameters: 0 0 0

#Transform 129
Transform: AffineTransform_float_3_3
Parameters: 0.999999 0.000532475 -0.000847701 -0.000532524 0.999999 0.000561452 0.000847299 -0.000560549 1 -0.00618655 0.0396433 -0.00781967
FixedParameters: 0 0 0

#Transform 130
Transform: AffineTransform_float_3_3
Parameters: 1 0.000553378 -0.000919772 -0.000552622 1 0.000411508 0.000920227 -0.000410491 0.999999 -0.00640956 0.0157319 -0.00603171
FixedParameters: 0 0 0

#Transform 131
Transform: AffineTransform_float_3_3
Parameters: 1 0.00059638 -0.000917754 -0.000595621 0.999999 0.000413547 0.000917246 -0.000413453 0.999999 -0.0081047 0.0156998 -0.0167975
FixedParameters: 0 0 0

#Transform 132
Transform: AffineTransform_float_3_3
Parameters: 0.999999 0.000462551 -0.000828692 -0.000461447 0.999999 0.000666383 0.000829307 -0.000665617 1 -0.00530668 0.0121778 -0.00730307
FixedParameters: 0 0 0

#Transform 133
Transform: AffineTransform_float_3_3
Parameters: 1 0.000657664 -0.000859493 -0.000656336 1 0.000772565 0.000860507 -0.000771435 1 -0.0064618 0.0405494 -0.0154192
FixedParameters: 0 0 0

#Transform 134
Transform: AffineTransform_float_3_3
Parameters: 1 0.000554461 -0.000762665 -0.000554539 0.999999 0.000604423 0.000763335 -0.000603577 0.999999 -0.00619369 0.0112748 -0.0132822
FixedParameters: 0 0 0

#Transform 135
Transform: AffineTransform_float_3_3
Parameters: 1 0.000504385 -0.000951797 -0.000503614 1 0.00040548 0.000952205 -0.00040452 1 -0.00691242 0.0458266 -0.0201162
FixedParameters: 0 0 0

#Transform 136
Transform: AffineTransform_float_3_3
Parameters: 1 0.000613511 -0.00094767 -0.000613489 0.999999 0.000539582 0.000947331 -0.000538419 1 -0.0115217 0.0291552 -0.0109527
FixedParameters: 0 0 0

#Transform 137
Transform: AffineTransform_float_3_3
Parameters: 0.999999 0.000577606 -0.00120171 -0.000577394 0.999999 0.000504694 0.00120129 -0.000504307 0.999999 -0.0084585 0.0520872 -0.0198637
FixedParameters: 0 0 0

#Transform 138
Transform: AffineTransform_float_3_3
Parameters: 0.999999 0.000708569 -0.00112564 -0.00070843 0.999999 0.000506798 0.00112636 -0.000505202 0.999999 -0.0133313 0.022986 -0.0225001
FixedParameters: 0 0 0

#Transform 139
Transform: AffineTransform_float_3_3
Parameters: 0.999999 0.000646785 -0.0012576 -0.000645215 0.999999 0.000624812 0.0012574 -0.000624187 0.999999 -0.0108926 0.0313362 -0.0182358
FixedParameters: 0 0 0

#Transform 140
Transform: AffineTransform_float_3_3
Parameters: 0.999999 0.000714 -0.00120141 -0.000713002 1 0.000831858 0.00120159 -0.000831143 0.999999 -0.0159565 0.000240129 -0.00105263
FixedParameters: 0 0 0

#Transform 141
Transform: AffineTransform_float_3_3
Parameters: 0.999999 0.000781628 -0.00120159 -0.000781372 0.999999 0.000522939 0.00120141 -0.000522061 0.999999 -0.0171783 0.0301129 -0.0181577
FixedParameters: 0 0 0

#Transform 142
Transform: AffineTransform_float_3_3
Parameters: 0.999999 0.000944999 -0.00120121 -0.000944001 0.999999 0.000832135 0.00120179 -0.000830865 0.999999 -0.0271861 0.0164525 -0.00945061
FixedParameters: 0 0 0

#Transform 143
Transform: AffineTransform_float_3_3
Parameters: 0.999999 0.000732855 -0.00120148 -0.000732145 0.999999 0.00071188 0.00120152 -0.00071112 0.999999 -0.0164449 0.0463874 -0.0117801
FixedParameters: 0 0 0

#Transform 144
Transform: AffineTransform_float_3_3
Parameters: 0.999999 0.000610073 -0.00120146 -0.000608928 1 0.000892733 0.00120154 -0.000892268 0.999999 -0.017575 0.0188339 -0.00822797
FixedParameters: 0 0 0

#Transform 145
Transform: AffineTransform_float_3_3
Parameters: 0.999999 0.000602157 -0.00120142 -0.000600844 1 0.000962723 0.00120158 -0.000962277 0.999999 -0.0137517 0.0178957 -0.0134596
FixedParameters: 0 0 0

#Transform 146
Transform: AffineTransform_float_3_3
Parameters: 0.999998 0.000710203 -0.00144641 -0.000708797 1 0.000832026 0.00144659 -0.000830974 0.999998 -0.0126028 0.01981 -0.00968632
FixedParameters: 0 0 0

#Transform 147
Transform: AffineTransform_float_3_3
Parameters: 0.999999 0.000692176 -0.00120132 -0.000690825 1 0.000978831 0.00120168 -0.000978169 0.999999 -0.0193394 0.0305844 -0.0162916
FixedParameters: 0 0 0

#Transform 148
Transform: AffineTransform_float_3_3
Parameters: 0.999999 0.000709192 -0.0012013 -0.000707809 1 0.000991851 0.0012017 -0.000991149 0.999999 -0.0159399 0.0204083 -0.00624496
FixedParameters: 0 0 0

#Transform 149
Transform: AffineTransform_float_3_3
Parameters: 0.999999 0.000559595 -0.00135734 -0.000558406 0.999999 0.00117476 0.00135766 -0.00117424 0.999999 -0.0108448 0.0518398 -0.00271212
FixedParameters: 0 0 0

#Transform 150
Transform: AffineTransform_float_3_3
Parameters: 0.999999 0.000571639 -0.00141034 -0.000570359 0.999999 0.00116281 0.00141166 -0.00116119 0.999999 -0.0103589 0.0255283 0.00673586
FixedParameters: 0 0 0

#Transform 151
Transform: AffineTransform_float_3_3
Parameters: 0.999999 0.000743967 -0.0012014 -0.000743034 1 0.000804894 0.0012016 -0.000804107 0.999999 -0.0166743 0.0303837 -0.0154226
FixedParameters: 0 0 0

#Transform 152
Transform: AffineTransform_float_3_3
Parameters: 0.999999 0.000627119 -0.00120142 -0.000625883 1 0.000930753 0.00120158 -0.000930248 0.999999 -0.01431 0.0127558 -0.00176086
FixedParameters: 0 0 0

#Transform 153
Transform: AffineTransform_float_3_3
Parameters: 0.999999 0.000381044 -0.00144272 -0.000379955 0.999999 0.000724549 0.00144327 -0.00072345 0.999998 -0.00231723 0.0311227 -0.0118628
FixedParameters: 0 0 0

#Transform 154
Transform: AffineTransform_float_3_3
Parameters: 0.999999 0.000526384 -0.00120139 -0.000525617 0.999999 0.00115163 0.00120161 -0.00115137 0.999998 -0.0123411 0.0179063 -0.00301732
FixedParameters: 0 0 0

#Transform 155
Transform: AffineTransform_float_3_3
Parameters: 0.999998 0.000527229 -0.00149657 -0.000525768 0.999999 0.000822787 0.00149743 -0.000821211 0.999998 -0.00832393 0.0298763 -0.00994823
FixedParameters: 0 0 0

#Transform 156
Transform: AffineTransform_float_3_3
Parameters: 0.999998 0.000574047 -0.00147859 -0.000572952 0.999999 0.000708848 0.00147841 -0.000708152 0.999998 -0.00950855 0.0178285 -0.0122212
FixedParameters: 0 0 0

#Transform 157
Transform: AffineTransform_float_3_3
Parameters: 0.999999 0.000621824 -0.00144464 -0.000621176 0.999999 0.000570898 0.00144435 -0.000570102 0.999999 -0.0109568 0.033356 -0.0149593
FixedParameters: 0 0 0

#Transform 158
Transform: AffineTransform_float_3_3
Parameters: 0.999999 0.000920014 -0.00120122 -0.000918987 0.999999 0.000844105 0.00120178 -0.000842895 0.999999 -0.0201357 0.0216699 -0.00913415
FixedParameters: 0 0 0

#Transform 159
Transform: AffineTransform_float_3_3
Parameters: 0.999999 0.000582026 -0.00144759 -0.000580974 0.999999 0.000708841 0.00144841 -0.000708157 0.999998 -0.00999685 0.0315209 -0.0122599
FixedParameters: 0 0 0

#Transform 160
Transform: AffineTransform_float_3_3
Parameters: 0.999999 0.000595976 -0.00137758 -0.000595023 0.999999 0.00070882 0.00137842 -0.000708179 0.999999 -0.00916426 0.0285899 -0.0121433
FixedParameters: 0 0 0

#Transform 161
Transform: AffineTransform_float_3_3
Parameters: 0.999999 0.000604958 -0.00135157 -0.000604042 0.999999 0.000708817 0.00135243 -0.000708182 0.999999 -0.0187956 0.0570793 -0.0121394
FixedParameters: 0 0 0

#Transform 162
Transform: AffineTransform_float_3_3
Parameters: 0.999999 0.000706851 -0.0012015 -0.000706149 0.999999 0.000708849 0.0012015 -0.000708151 0.999999 -0.0267085 0.0395479 0.00662795
FixedParameters: 0 0 0

#Transform 163
Transform: AffineTransform_float_3_3
Parameters: 0.999999 0.000595277 -0.00120137 -0.000593723 1 0.00106371 0.00120163 -0.00106229 0.999998 -0.0236145 0.0306911 0.0138179
FixedParameters: 0 0 0

#Transform 164
Transform: AffineTransform_float_3_3
Parameters: 0.999999 0.000806414 -0.00125109 -0.000804586 0.999999 0.00113001 0.00125191 -0.00112899 0.999998 -0.0260328 0.0299934 0.0213169
FixedParameters: 0 0 0

#Transform 165
Transform: AffineTransform_float_3_3
Parameters: 0.999998 0.000589431 -0.00150044 -0.00058757 1 0.000953884 0.00150056 -0.000953118 0.999999 -0.0162498 0.0824334 -0.03064
FixedParameters: 0 0 0

#Transform 166
Transform: AffineTransform_float_3_3
Parameters: 0.999998 0.000764834 -0.00177578 -0.000762167 0.999999 0.00159636 0.00177622 -0.00159465 0.999997 -0.0270137 -0.0224098 -0.0310979
FixedParameters: 0 0 0

#Transform 167
Transform: AffineTransform_float_3_3
Parameters: 0.999999 0.00057421 -0.00165423 -0.000571789 0.999999 0.00133695 0.00165477 -0.00133505 0.999997 -0.0202255 0.0321 -0.0156191
FixedParameters: 0 0 0

#Transform 168
Transform: AffineTransform_float_3_3
Parameters: 0.999999 0.000680172 -0.00164911 -0.000677829 0.999999 0.00131712 0.00164989 -0.00131588 0.999998 -0.0209247 0.0325238 -0.0217123
FixedParameters: 0 0 0

#Transform 169
Transform: AffineTransform_float_3_3
Parameters: 0.999998 0.000906639 -0.00136992 -0.00090536 0.999999 0.00119724 0.00137108 -0.00119576 0.999999 -0.0296161 0.046658 -0.0168831
FixedParameters: 0 0 0

#Transform 170
Transform: AffineTransform_float_3_3
Parameters: 0.999999 0.000586957 -0.00142219 -0.000585043 0.999999 0.00137583 0.00142281 -0.00137517 0.999998 -0.0196967 0.0567451 -0.0247548
FixedParameters: 0 0 0

#Transform 171
Transform: AffineTransform_float_3_3
Parameters: 0.999999 0.000745554 -0.00135414 -0.000743446 0.999999 0.00114801 0.00135485 -0.00114699 0.999998 -0.0247117 0.058208 -0.0378373
FixedParameters: 0 0 0

#Transform 172
Transform: AffineTransform_float_3_3
Parameters: 0.999999 0.000660307 -0.00120128 -0.000659693 0.999999 0.00108879 0.00120172 -0.00108721 0.999998 -0.0244379 0.0733498 -0.047442
FixedParameters: 0 0 0

#Transform 173
Transform: AffineTransform_float_3_3
Parameters: 0.999999 0.000744607 -0.001201 -0.000742392 0.999999 0.00133889 0.00120199 -0.00133711 0.999999 -0.0222913 0.0292164 -0.0477827
FixedParameters: 0 0 0

#Transform 174
Transform: AffineTransform_float_3_3
Parameters: 0.999999 0.000628395 -0.00120127 -0.000626605 0.999999 0.00116175 0.00120173 -0.00116025 0.999998 -0.0229981 0.0494311 -0.044254
FixedParameters: 0 0 0

#Transform 175
Transform: AffineTransform_float_3_3
Parameters: 0.999999 0.000381437 -0.00120154 -0.000379563 0.999999 0.00119646 0.00120145 -0.00119554 0.999998 -0.00929184 0.0194961 -0.0245098
FixedParameters: 0 0 0

#Transform 176
Transform: AffineTransform_float_3_3
Parameters: 0.999999 0.000542607 -0.00120128 -0.000540392 0.999999 0.00133865 0.00120172 -0.00133735 0.999999 -0.0163304 0.0360308 -0.0372156
FixedParameters: 0 0 0

#Transform 177
Transform: AffineTransform_float_3_3
Parameters: 0.999999 0.000775607 -0.00120096 -0.000773392 0.999999 0.00133893 0.00120204 -0.00133707 0.999999 -0.0242398 0.0176779 -0.0271795
FixedParameters: 0 0 0

#Transform 178
Transform: AffineTransform_float_3_3
Parameters: 0.999999 0.000860445 -0.00120097 -0.000858555 0.999999 0.00120303 0.00120203 -0.00120197 0.999998 -0.0188857 0.0442937 -0.0323438
FixedParameters: 0 0 0

#Transform 179
Transform: AffineTransform_float_3_3
Parameters: 0.999999 0.00068374 -0.00120101 -0.000682258 0.999998 0.00144982 0.00120199 -0.00144818 0.999998 -0.0228463 0.00953466 -0.0211719
FixedParameters: 0 0 0

#Transform 180
Transform: AffineTransform_float_3_3
Parameters: 0.999999 0.000620607 -0.00120117 -0.000619392 0.999999 0.00133875 0.00120183 -0.00133726 0.999999 -0.0141575 0.0297343 -0.0271565
FixedParameters: 0 0 0

#Transform 181
Transform: AffineTransform_float_3_3
Parameters: 0.999999 0.000654607 -0.00120113 -0.000653392 0.999999 0.00133879 0.00120188 -0.00133721 0.999999 -0.0245791 0.0297766 -0.0368891
FixedParameters: 0 0 0

#Transform 182
Transform: AffineTransform_float_3_3
Parameters: 0.999999 0.000675159 -0.00120135 -0.000673842 1 0.000964811 0.00120165 -0.00096419 0.999999 -0.0227954 0.0728272 -0.0374151
FixedParameters: 0 0 0

#Transform 183
Transform: AffineTransform_float_3_3
Parameters: 0.999999 0.000704853 -0.00138406 -0.000703147 0.999999 0.00133897 0.00138494 -0.00133803 0.999998 -0.0217999 0.0214831 -0.0225172
FixedParameters: 0 0 0

#Transform 184
Transform: AffineTransform_float_3_3
Parameters: 0.999999 0.000569288 -0.00120139 -0.000567712 1 0.00107268 0.00120161 -0.00107132 0.999998 -0.0130634 0.0546866 -0.0333146
FixedParameters: 0 0 0

#Transform 185
Transform: AffineTransform_float_3_3
Parameters: 0.999999 0.000767607 -0.00120097 -0.000766392 0.999999 0.00133892 0.00120203 -0.00133708 0.999999 -0.0171105 0.033778 -0.0142105
FixedParameters: 0 0 0

#Transform 186
Transform: AffineTransform_float_3_3
Parameters: 0.999999 0.000614809 -0.00135218 -0.00061319 0.999999 0.00133883 0.00135282 -0.00133717 0.999998 -0.0201736 0.0335683 -0.0266375
FixedParameters: 0 0 0

#Transform 187
Transform: AffineTransform_float_3_3
Parameters: 0.999999 0.00059778 -0.0013302 -0.000596219 0.999999 0.00133879 0.0013308 -0.00133721 0.999998 -0.0220842 0.0237623 -0.00972803
FixedParameters: 0 0 0

#Transform 188
Transform: AffineTransform_float_3_3
Parameters: 1 0.000600121 -0.00103035 -0.000598878 0.999999 0.00108862 0.00103165 -0.00108738 0.999999 -0.022473 0.0475033 -0.0148009
FixedParameters: 0 0 0

#Transform 189
Transform: AffineTransform_float_3_3
Parameters: 0.999999 0.000541004 -0.00130217 -0.000538996 0.999998 0.0015387 0.00130283 -0.0015383 0.999998 -0.0111976 0.0328842 -0.0225878
FixedParameters: 0 0 0

#Transform 190
Transform: AffineTransform_float_3_3
Parameters: 0.999999 0.000495967 -0.00147034 -0.000494032 0.999999 0.00133873 0.00147066 -0.00133727 0.999998 -0.00800722 0.0355545 -0.0341936
FixedParameters: 0 0 0

#Transform 191
Transform: AffineTransform_float_3_3
Parameters: 0.999999 0.000829779 -0.00120077 -0.000828221 0.999998 0.001482 0.00120123 -0.001481 0.999998 -0.0282726 0.00608343 -0.0235361
FixedParameters: 0 0 0

#Transform 192
Transform: AffineTransform_float_3_3
Parameters: 0.999998 0.000783142 -0.00146686 -0.000780856 0.999998 0.00146115 0.00146814 -0.00145985 0.999998 -0.025221 0.0424228 -0.0243534
FixedParameters: 0 0 0

#Transform 193
Transform: AffineTransform_float_3_3
Parameters: 0.999998 0.000761073 -0.00149294 -0.000758926 0.999998 0.00138913 0.00149405 -0.00138786 0.999998 -0.0183751 0.0341617 0.00227024
FixedParameters: 0 0 0

#Transform 194
Transform: AffineTransform_float_3_3
Parameters: 0.999999 0.000853504 -0.00156964 -0.000850498 0.999999 0.00159534 0.00157036 -0.00159366 0.999997 -0.0167902 0.0609605 -0.0124658
FixedParameters: 0 0 0

#Transform 195
Transform: AffineTransform_float_3_3
Parameters: 0.999999 0.000798221 -0.00165893 -0.00079578 0.999999 0.00133932 0.00165907 -0.00133768 0.999997 -0.0116406 0.0477545 -0.0269769
FixedParameters: 0 0 0

#Transform 196
Transform: AffineTransform_float_3_3
Parameters: 0.999998 0.00106212 -0.00158558 -0.00105988 0.999998 0.00133968 0.00158742 -0.00133732 0.999998 -0.0178506 0.0480388 -0.0269258
FixedParameters: 0 0 0

#Transform 197
Transform: AffineTransform_float_3_3
Parameters: 0.999999 0.000778216 -0.00165496 -0.000775784 0.999999 0.00133929 0.00165604 -0.00133771 0.999997 -0.00762996 0.0477685 -0.0270051
FixedParameters: 0 0 0

#Transform 198
Transform: AffineTransform_float_3_3
Parameters: 0.999998 0.000812909 -0.00142591 -0.00081109 0.999999 0.00133916 0.00142709 -0.00133784 0.999998 -0.015011 0.0477837 -0.0123686
FixedParameters: 0 0 0

#Transform 199
Transform: AffineTransform_float_3_3
Parameters: 0.999998 0.000793914 -0.00142994 -0.000792085 0.999999 0.00133913 0.00143106 -0.00133787 0.999998 -0.0145046 0.0361664 -0.0268329
FixedParameters: 0 0 0

#Transform 200
Transform: AffineTransform_float_3_3
Parameters: 0.999999 0.000843097 -0.00156587 -0.000840903 0.999998 0.00133932 0.00156713 -0.00133768 0.999998 -0.0137186 0.025593 -0.0268773
FixedParameters: 0 0 0

#Transform 201
Transform: AffineTransform_float_3_3
Parameters: 0.999998 0.000718853 -0.0014761 -0.000717146 0.999999 0.00125606 0.0014769 -0.00125494 0.999998 -0.0123344 0.0265907 -0.0283759
FixedParameters: 0 0 0

#Transform 202
Transform: AffineTransform_float_3_3
Parameters: 0.999998 0.000801744 -0.00145904 -0.000800255 0.999999 0.00119617 0.00145996 -0.00119483 0.999998 -0.0143149 0.0274762 -0.0215616
FixedParameters: 0 0 0

#Transform 203
Transform: AffineTransform_float_3_3
Parameters: 0.999998 0.000530158 -0.00161329 -0.00052784 0.999999 0.00133885 0.00161371 -0.00133715 0.999998 -0.00671643 0.0528507 -0.0269393
FixedParameters: 0 0 0

#Transform 204
Transform: AffineTransform_float_3_3
Parameters: 0.999998 0.000615027 -0.00151518 -0.000612971 0.999999 0.00133893 0.00151582 -0.00133707 0.999998 -0.00978129 0.0150837 -0.0267784
FixedParameters: 0 0 0

#Transform 205
Transform: AffineTransform_float_3_3
Parameters: 0.999998 0.000695795 -0.00160622 -0.000694204 0.999999 0.00111812 0.00160678 -0.00111688 0.999998 -0.0161308 0.0400747 -0.0313495
FixedParameters: 0 0 0

#Transform 206
Transform: AffineTransform_float_3_3
Parameters: 0.999998 0.000656724 -0.00163391 -0.000654276 0.999999 0.00166707 0.00163509 -0.00166593 0.999998 -0.00901762 0.0306527 -0.00725234
FixedParameters: 0 0 0

#Transform 207
Transform: AffineTransform_float_3_3
Parameters: 0.999998 0.000802161 -0.00140477 -0.000799839 0.999999 0.00153813 0.00140623 -0.00153687 0.999998 -0.0220172 0.0459689 -0.0261117
FixedParameters: 0 0 0

#Transform 208
Transform: AffineTransform_float_3_3
Parameters: 0.999998 0.000811256 -0.00151479 -0.000808744 0.999999 0.00148923 0.0015162 -0.00148777 0.999997 -0.0194541 0.0293909 -0.0269159
FixedParameters: 0 0 0

#Transform 209
Transform: AffineTransform_float_3_3
Parameters: 0.999999 0.000718495 -0.00167593 -0.000716504 0.999998 0.0014892 0.00167707 -0.0014878 0.999998 -0.00982861 0.0465027 -0.0239829
FixedParameters: 0 0 0

#Transform 210
Transform: AffineTransform_float_3_3
Parameters: 0.999999 0.000382585 -0.00173743 -0.000379413 0.999999 0.00148866 0.00173857 -0.00148734 0.999998 -0.00217814 0.0461425 -0.0149914
FixedParameters: 0 0 0

#Transform 211
Transform: AffineTransform_float_3_3
Parameters: 0.999998 0.000607577 -0.00161403 -0.000605422 0.999998 0.00159698 0.00161497 -0.00159602 0.999998 -0.00831811 0.0449249 -0.0217023
FixedParameters: 0 0 0

#Transform 212
Transform: AffineTransform_float_3_3
Parameters: 0.999999 0.000639613 -0.00141027 -0.000638387 0.999999 0.0011439 0.00141073 -0.0011431 0.999999 -0.0117185 0.0296652 -0.0306489
FixedParameters: 0 0 0

#Transform 213
Transform: AffineTransform_float_3_3
Parameters: 0.999999 0.000629123 -0.00142606 -0.000626876 0.999998 0.0014889 0.00142693 -0.0014881 0.999998 -0.0138409 0.0249884 -0.0237747
FixedParameters: 0 0 0

#Transform 214
Transform: AffineTransform_float_3_3
Parameters: 0.999998 0.000633964 -0.00147115 -0.000632036 0.999999 0.00133493 0.00147184 -0.00133407 0.999998 -0.0108214 0.0393095 -0.0269227
FixedParameters: 0 0 0

#Transform 215
Transform: AffineTransform_float_3_3
Parameters: 0.999998 0.000543846 -0.00165039 -0.000542154 0.999999 0.0011189 0.00165061 -0.0011181 0.999998 -0.0065538 0.042326 -0.0313335
FixedParameters: 0 0 0

#Transform 216
Transform: AffineTransform_float_3_3
Parameters: 0.999998 0.000621126 -0.00160218 -0.000618874 0.999999 0.00132699 0.00160282 -0.00132601 0.999998 -0.00863688 0.0550273 -0.0271418
FixedParameters: 0 0 0

#Transform 217
Transform: AffineTransform_float_3_3
Parameters: 0.999998 0.000641434 -0.00163505 -0.000638565 0.999998 0.00148905 0.00163595 -0.00148795 0.999997 -0.00866149 0.0504844 -0.0240547
FixedParameters: 0 0 0

#Transform 218
Transform: AffineTransform_float_3_3
Parameters: 0.999998 0.000768242 -0.00150586 -0.000766757 0.999998 0.00148916 0.00150714 -0.00148784 0.999998 -0.0101004 0.0437597 -0.0238326
FixedParameters: 0 0 0

#Transform 219
Transform: AffineTransform_float_3_3
Parameters: 0.999998 0.000580245 -0.00150814 -0.000577753 0.999998 0.00148887 0.00150986 -0.00148813 0.999998 -0.00909724 0.0428503 -0.0157329
FixedParameters: 0 0 0

#Transform 220
Transform: AffineTransform_float_3_3
Parameters: 0.999999 0.000659714 -0.00162431 -0.000657288 0.999999 0.00105507 0.00162469 -0.00105393 0.999998 -0.00926629 0.058642 -0.0354612
FixedParameters: 0 0 0

#Transform 221
Transform: AffineTransform_float_3_3
Parameters: 0.999998 0.000780252 -0.00151284 -0.000777746 0.999998 0.00148918 0.00151416 -0.00148782 0.999997 -0.0104093 0.0204022 -0.023857
FixedParameters: 0 0 0

#Transform 222
Transform: AffineTransform_float_3_3
Parameters: 0.999998 0.000611198 -0.00147609 -0.000608802 0.999998 0.0014889 0.00147691 -0.0014881 0.999998 -0.00580401 0.0505043 -0.0238455
FixedParameters: 0 0 0

#Transform 223
Transform: AffineTransform_float_3_3
Parameters: 0.999998 0.000719032 -0.00152805 -0.000717969 0.999999 0.0013291 0.00152896 -0.0013289 0.999998 -0.0117789 0.0304846 -0.0226986
FixedParameters: 0 0 0

#Transform 224
Transform: AffineTransform_float_3_3
Parameters: 0.999999 0.000588168 -0.00164523 -0.000585832 0.999999 0.00131797 0.00164577 -0.00131703 0.999998 -0.0051237 0.0587819 -0.0274091
FixedParameters: 0 0 0

#Transform 225
Transform: AffineTransform_float_3_3
Parameters: 0.999998 0.000723356 -0.00158292 -0.000720642 0.999998 0.00148914 0.00158407 -0.00148786 0.999997 -0.0110408 0.0335052 -0.0239459
FixedParameters: 0 0 0

#Transform 226
Transform: AffineTransform_float_3_3
Parameters: 0.999999 0.000809468 -0.0016578 -0.000806532 0.999998 0.00148934 0.0016582 -0.00148766 0.999998 -0.0118548 0.0637755 -0.0172995
FixedParameters: 0 0 0

#Transform 227
Transform: AffineTransform_float_3_3
Parameters: 0.999998 0.000791277 -0.00141573 -0.000788724 0.999999 0.00160812 0.00141627 -0.00160688 0.999997 -0.0179808 0.0305285 0.0032128
FixedParameters: 0 0 0

#Transform 228
Transform: AffineTransform_float_3_3
Parameters: 0.999998 0.000649513 -0.00158497 -0.000647486 0.999998 0.00158603 0.00158603 -0.00158497 0.999998 -0.00955264 0.05748 -0.0117417
FixedParameters: 0 0 0

#Transform 229
Transform: AffineTransform_float_3_3
Parameters: 0.999999 0.000739529 -0.00163486 -0.00073647 0.999998 0.0015472 0.00163614 -0.00154579 0.999997 -0.0107481 0.0443956 -0.00666998
FixedParameters: 0 0 0

#Transform 230
Transform: AffineTransform_float_3_3
Parameters: 0.999998 0.000624331 -0.00152605 -0.000622668 0.999998 0.00152795 0.00152695 -0.00152705 0.999997 -0.0182632 0.0431041 -0.0230201
FixedParameters: 0 0 0

#Transform 231
Transform: AffineTransform_float_3_3
Parameters: 0.999999 0.000783192 -0.0016615 -0.000779808 0.999998 0.0019213 0.0016625 -0.0019197 0.999997 -0.0239531 0.0154726 -0.0152192
FixedParameters: 0 0 0

#Transform 232
Transform: AffineTransform_float_3_3
Parameters: 0.999998 0.000806045 -0.00138481 -0.000803954 0.999998 0.00147711 0.00138619 -0.00147588 0.999998 -0.0257116 0.0548829 -0.0239774
FixedParameters: 0 0 0

#Transform 233
Transform: AffineTransform_float_3_3
Parameters: 0.999999 0.000788882 -0.00164262 -0.000786118 0.999998 0.00175429 0.00164438 -0.00175271 0.999997 -0.0146613 0.0303072 -0.0151303
FixedParameters: 0 0 0

#Transform 234
Transform: AffineTransform_float_3_3
Parameters: 0.999999 0.00088275 -0.00164453 -0.000880253 0.999998 0.00167145 0.00164547 -0.00167055 0.999998 -0.0135333 0.0525213 -0.0203673
FixedParameters: 0 0 0

#Transform 235
Transform: AffineTransform_float_3_3
Parameters: 0.999999 0.000736278 -0.00134976 -0.000733722 0.999999 0.00168699 0.00135124 -0.00168601 0.999997 -0.0144173 0.0388345 -0.0140498
FixedParameters: 0 0 0

#Transform 236
Transform: AffineTransform_float_3_3
Parameters: 0.999999 0.000658904 -0.00164824 -0.000657096 0.999999 0.00115508 0.00164976 -0.00115391 0.999998 -0.00886461 0.0743074 -0.0307616
FixedParameters: 0 0 0

#Transform 237
Transform: AffineTransform_float_3_3
Parameters: 0.999999 0.000743656 -0.00166982 -0.000741347 0.999999 0.00158924 0.00167118 -0.00158876 0.999998 -0.0104052 0.0345482 -0.0220343
FixedParameters: 0 0 0

#Transform 238
Transform: AffineTransform_float_3_3
Parameters: 0.999999 0.000748686 -0.00168981 -0.000746316 0.999998 0.00158926 0.00169019 -0.00158874 0.999998 -0.0102268 0.0550625 -0.015587
FixedParameters: 0 0 0

#Transform 239
Transform: AffineTransform_float_3_3
Parameters: 0.999998 0.000692111 -0.00157707 -0.000689888 0.999999 0.00133909 0.00157792 -0.00133791 0.999998 -0.0105531 0.0446781 0.00367481
FixedParameters: 0 0 0

#Transform 240
Transform: AffineTransform_float_3_3
Parameters: 0.999998 0.000665439 -0.00153494 -0.000663561 0.999999 0.00158902 0.00153605 -0.00158798 0.999997 -0.0159761 0.0500069 -0.0040865
FixedParameters: 0 0 0

#Transform 241
Transform: AffineTransform_float_3_3
Parameters: 0.999999 0.000586182 -0.00137307 -0.000583818 0.999998 0.0015888 0.00137393 -0.0015882 0.999998 -0.0152052 0.0392045 0.00637404
FixedParameters: 0 0 0

#Transform 242
Transform: AffineTransform_float_3_3
Parameters: 0.999998 0.000659332 -0.00161105 -0.000656667 0.999998 0.00144806 0.00161195 -0.00144694 0.999997 -0.0125957 0.0411656 -0.00707495
FixedParameters: 0 0 0

#Transform 243
Transform: AffineTransform_float_3_3
Parameters: 0.999998 0.000909884 -0.00146483 -0.000908114 0.999999 0.00128733 0.00146617 -0.00128567 0.999998 -0.0192852 0.0436124 -0.0102007
FixedParameters: 0 0 0

#Transform 244
Transform: AffineTransform_float_3_3
Parameters: 0.999999 0.000718026 -0.00134692 -0.000715974 0.999998 0.00150397 0.00134808 -0.00150303 0.999998 -0.0208269 0.040373 -0.0175361
FixedParameters: 0 0 0

#Transform 245
Transform: AffineTransform_float_3_3
Parameters: 0.999999 0.000737986 -0.00163611 -0.000736016 0.999999 0.00121321 0.00163689 -0.00121279 0.999998 -0.0106968 0.0525012 -0.0188826
FixedParameters: 0 0 0

#Transform 246
Transform: AffineTransform_float_3_3
Parameters: 0.999998 0.000685371 -0.00148591 -0.000682628 0.999998 0.00159602 0.00148709 -0.00159498 0.999997 -0.0143531 0.0484763 -0.00408503
FixedParameters: 0 0 0

#Transform 247
Transform: AffineTransform_float_3_3
Parameters: 0.999999 0.000632241 -0.00140499 -0.000630757 0.999998 0.00159589 0.00140601 -0.00159411 0.999997 -0.0116729 0.0387424 -0.00386989
FixedParameters: 0 0 0

#Transform 248
Transform: AffineTransform_float_3_3
Parameters: 0.999998 0.000750142 -0.00144989 -0.000747856 0.999998 0.00147809 0.00145111 -0.00147691 0.999998 -0.0133408 0.0374674 0.00634009
FixedParameters: 0 0 0

#Transform 249
Transform: AffineTransform_float_3_3
Parameters: 0.999999 0.000562826 -0.00144629 -0.000560173 0.999999 0.00126381 0.00144671 -0.00126219 0.999998 -0.00962738 0.0430374 -0.0105186
FixedParameters: 0 0 0

#Transform 250
Transform: AffineTransform_float_3_3
Parameters: 0.999999 0.000645742 -0.00120107 -0.000643258 0.999998 0.00144977 0.00120193 -0.00144923 0.999998 -0.0123328 0.0330113 -0.00657111
FixedParameters: 0 0 0

#Transform 251
Transform: AffineTransform_float_3_3
Parameters: 0.999999 0.000382243 -0.00150543 -0.000379757 0.999999 0.00148957 0.00150657 -0.00148943 0.999998 -0.00517636 0.0523349 -0.0106757
FixedParameters: 0 0 0

#Transform 252
Transform: AffineTransform_float_3_3
Parameters: 0.999999 0.000381948 -0.00150651 -0.000380052 0.999999 0.00129357 0.00150649 -0.00129243 0.999998 -0.00519948 0.0359167 -0.00996695
FixedParameters: 0 0 0

#Transform 253
Transform: AffineTransform_float_3_3
Parameters: 0.999998 0.000381909 -0.00156454 -0.000380091 0.999999 0.0012196 0.00156546 -0.0012194 0.999998 -0.0103335 0.0538641 -0.0116359
FixedParameters: 0 0 0

#Transform 254
Transform: AffineTransform_float_3_3
Parameters: 0.999998 0.000562866 -0.0014963 -0.000560134 0.999999 0.00124684 0.0014977 -0.00124616 0.999998 -0.00891794 0.0403625 -0.0110529
FixedParameters: 0 0 0

#Transform 255
Transform: AffineTransform_float_3_3
Parameters: 0.999999 0.000937039 -0.00151474 -0.00093496 0.999998 0.00134642 0.00151626 -0.00134458 0.999998 -0.0163593 0.0677443 -0.0156626
FixedParameters: 0 0 0

#Transform 256
Transform: AffineTransform_float_3_3
Parameters: 0.999998 0.000382466 -0.00154639 -0.000379531 0.999998 0.00159559 0.00154761 -0.00159441 0.999997 -0.00462987 0.0398159 -0.00404746
FixedParameters: 0 0 0

#Transform 257
Transform: AffineTransform_float_3_3
Parameters: 0.999999 0.000600083 -0.00157321 -0.000597918 0.999999 0.00132394 0.00157379 -0.00132306 0.999998 -0.00885694 0.0607932 -0.0095179
FixedParameters: 0 0 0

#Transform 258
Transform: AffineTransform_float_3_3
Parameters: 0.999999 0.000623581 -0.00120118 -0.00062242 0.999999 0.00131575 0.00120182 -0.00131525 0.999999 -0.0142252 0.0362377 -0.00619726
FixedParameters: 0 0 0

#Transform 259
Transform: AffineTransform_float_3_3
Parameters: 0.999998 0.000799099 -0.00147987 -0.000797899 0.999998 0.00141918 0.00148113 -0.00141782 0.999998 -0.0240169 0.0614858 -0.00757123
FixedParameters: 0 0 0

#Transform 260
Transform: AffineTransform_float_3_3
Parameters: 0.999998 0.000565533 -0.0015881 -0.000562465 0.999998 0.00159589 0.0015889 -0.0015941 0.999997 -0.0176841 0.0269207 -0.0103484
FixedParameters: 0 0 0

#Transform 261
Transform: AffineTransform_float_3_3
Parameters: 0.999999 0.000529208 -0.00138416 -0.000527791 0.999998 0.00159573 0.00138484 -0.00159427 0.999998 -0.0236128 0.0480791 0.00292395
FixedParameters: 0 0 0

#Transform 262
Transform: AffineTransform_float_3_3
Parameters: 0.999999 0.000382403 -0.00131931 -0.000379599 0.999999 0.0018205 0.00131969 -0.0018205 0.999998 -0.00770361 0.041696 0.00081783
FixedParameters: 0 0 0

#Transform 263
Transform: AffineTransform_float_3_3
Parameters: 0.999999 0.000573979 -0.00120106 -0.000572022 0.999999 0.00164669 0.00120194 -0.00164631 0.999998 -0.026019 0.0377962 -0.0264292
FixedParameters: 0 0 0

#Transform 264
Transform: AffineTransform_float_3_3
Parameters: 0.999999 0.000549106 -0.00120104 -0.000546895 0.999999 0.00175266 0.00120196 -0.00175234 0.999997 -0.0210497 0.0347269 -0.0242899
FixedParameters: 0 0 0

#Transform 265
Transform: AffineTransform_float_3_3
Parameters: 0.999999 0.00074008 -0.00120072 -0.000737921 0.999998 0.00173189 0.00120128 -0.00173111 0.999998 -0.0280928 0.0539623 -0.0247201
FixedParameters: 0 0 0

#Transform 266
Transform: AffineTransform_float_3_3
Parameters: 1 0.000381676 -0.00103038 -0.000379323 0.999998 0.00162639 0.00103162 -0.00162561 0.999998 -0.0115428 0.0502382 -0.0196701
FixedParameters: 0 0 0

#Transform 267
Transform: AffineTransform_float_3_3
Parameters: 1 0.000295857 -0.00102347 -0.000294142 0.999999 0.0018143 0.00102454 -0.0018137 0.999998 -0.00998518 0.0523718 -0.0265123
FixedParameters: 0 0 0

#Transform 268
Transform: AffineTransform_float_3_3
Parameters: 0.999999 0.000470273 -0.00120111 -0.000467727 0.999998 0.00189256 0.00120189 -0.00189144 0.999997 -0.0111088 0.060033 -0.0115985
FixedParameters: 0 0 0

#Transform 269
Transform: AffineTransform_float_3_3
Parameters: 0.999999 0.000382273 -0.00120128 -0.000379727 0.999998 0.00189246 0.00120172 -0.00189154 0.999998 -0.00929271 0.0509308 -0.0221663
FixedParameters: 0 0 0

#Transform 270
Transform: AffineTransform_float_3_3
Parameters: 0.999999 0.000382273 -0.00120128 -0.000379727 0.999998 0.00189246 0.00120172 -0.00189154 0.999998 -0.00929527 0.0642699 -0.0158205
FixedParameters: 0 0 0

#Transform 271
Transform: AffineTransform_float_3_3
Parameters: 0.999999 0.000348458 -0.00120129 -0.000345542 0.999998 0.00204642 0.00120171 -0.00204558 0.999997 -0.00863547 0.0517433 -0.0124406
FixedParameters: 0 0 0

#Transform 272
Transform: AffineTransform_float_3_3
Parameters: 1 0.000144973 -0.00120176 -0.000143028 0.999998 0.00164217 0.00120124 -0.00164183 0.999998 -0.00459349 0.0676587 -0.0250774
FixedParameters: 0 0 0

#Transform 273
Transform: AffineTransform_float_3_3
Parameters: 1 -2.95274e-05 -0.00120206 3.24724e-05 0.999998 0.00205696 0.00120194 -0.00205704 0.999997 -0.00101817 0.0530554 -0.0123767
FixedParameters: 0 0 0

#Transform 274
Transform: AffineTransform_float_3_3
Parameters: 0.999999 0.000239374 -0.00128356 -0.000236627 0.999999 0.00184831 0.00128444 -0.0018487 0.999998 -0.00259326 0.0581052 -0.0198805
FixedParameters: 0 0 0

#Transform 275
Transform: AffineTransform_float_3_3
Parameters: 0.999999 0.000244265 -0.00120154 -0.000241736 0.999998 0.00188529 0.00120146 -0.00188471 0.999998 -0.00654995 0.040798 -0.0182631
FixedParameters: 0 0 0

#Transform 276
Transform: AffineTransform_float_3_3
Parameters: 1 0.000232884 -0.00120164 -0.000231116 0.999998 0.00156828 0.00120136 -0.00156772 0.999998 -0.00387959 0.0622843 -0.0344482
FixedParameters: 0 0 0

#Transform 277
Transform: AffineTransform_float_3_3
Parameters: 1 -2.93062e-05 -0.00120207 3.26936e-05 0.999998 0.00224096 0.00120193 -0.00224104 0.999997 -0.00100684 0.0368299 -0.0147172
FixedParameters: 0 0 0

#Transform 278
Transform: AffineTransform_float_3_3
Parameters: 1 -2.96873e-05 -0.00120206 3.23126e-05 0.999998 0.00192396 0.00120194 -0.00192404 0.999998 -0.00100085 0.077494 -0.0274326
FixedParameters: 0 0 0

#Transform 279
Transform: AffineTransform_float_3_3
Parameters: 0.999999 0.000155064 -0.000999682 -0.000152934 0.999998 0.00206515 0.00100032 -0.00206485 0.999998 -0.00739346 0.0512027 -0.00259878
FixedParameters: 0 0 0

#Transform 280
Transform: AffineTransform_float_3_3
Parameters: 1 0.000154046 -0.00102569 -0.000152955 0.999998 0.00199316 0.00102631 -0.00199384 0.999997 -0.00712152 0.071038 -0.0178008
FixedParameters: 0 0 0

#Transform 281
Transform: AffineTransform_float_3_3
Parameters: 1 6.75577e-05 -0.00120186 -6.54419e-05 0.999997 0.00212808 0.00120214 -0.00212792 0.999997 -0.00301034 0.0413989 -0.00196366
FixedParameters: 0 0 0

#Transform 282
Transform: AffineTransform_float_3_3
Parameters: 1 -3.00936e-05 -0.00120205 3.19063e-05 0.999998 0.00158596 0.00120195 -0.00158604 0.999998 -0.00101804 0.0725055 -0.0130005
FixedParameters: 0 0 0

#Transform 283
Transform: AffineTransform_float_3_3
Parameters: 1 -3.00506e-05 -0.00114405 3.19493e-05 0.999998 0.00170396 0.00114395 -0.00170403 0.999998 -0.00177154 0.057767 -0.0180531
FixedParameters: 0 0 0

#Transform 284
Transform: AffineTransform_float_3_3
Parameters: 1 0.000175966 -0.00120171 -0.000174035 0.999998 0.00163621 0.00120129 -0.00163579 0.999998 -0.00523066 0.0683611 -0.0261863
FixedParameters: 0 0 0

#Transform 285
Transform: AffineTransform_float_3_3
Parameters: 1 -2.96861e-05 -0.00120206 3.2315e-05 0.999998 0.00192596 0.00120194 -0.00192504 0.999998 -0.00100742 0.0356186 -0.0216878
FixedParameters: 0 0 0

#Transform 286
Transform: AffineTransform_float_3_3
Parameters: 1 0.000257149 -0.00114952 -0.000255853 0.999998 0.0018683 0.00114948 -0.00186871 0.999997 -0.00755877 0.0751802 -0.010102
FixedParameters: 0 0 0

#Transform 287
Transform: AffineTransform_float_3_3
Parameters: 1 0.000179185 -0.00107664 -0.000176816 0.999998 0.00202919 0.00107636 -0.00202881 0.999998 -0.0069304 0.0490293 -0.00848337
FixedParameters: 0 0 0

#Transform 288
Transform: AffineTransform_float_3_3
Parameters: 1 0.000148583 -0.00120168 -0.000146419 0.999997 0.00214918 0.00120132 -0.00214882 0.999997 -0.00775509 0.0584809 -0.00859401
FixedParameters: 0 0 0

#Transform 289
Transform: AffineTransform_float_3_3
Parameters: 0.999999 0.000325204 -0.00120141 -0.000323797 0.999999 0.00183439 0.0012016 -0.00183361 0.999997 -0.00822669 0.0730541 -0.0291651
FixedParameters: 0 0 0

#Transform 290
Transform: AffineTransform_float_3_3
Parameters: 0.999999 0.0003347 -0.00120125 -0.0003323 0.999998 0.0022474 0.00120175 -0.0022466 0.999997 -0.00841526 0.0630749 -0.0208746
FixedParameters: 0 0 0

#Transform 291
Transform: AffineTransform_float_3_3
Parameters: 0.999999 0.000302618 -0.00120134 -0.000300382 0.999997 0.00217936 0.00120166 -0.00217864 0.999997 -0.00773239 0.0577117 -0.0221686
FixedParameters: 0 0 0

#Transform 292
Transform: AffineTransform_float_3_3
Parameters: 1 0.000292445 -0.00112036 -0.000290555 0.999997 0.00218233 0.00112064 -0.00218167 0.999997 -0.00864132 0.0451988 -0.0220454
FixedParameters: 0 0 0

#Transform 293
Transform: AffineTransform_float_3_3
Parameters: 1 -2.96957e-05 -0.00120206 3.23042e-05 0.999998 0.00191696 0.00120194 -0.00191704 0.999998 -0.00101805 0.0548779 -0.0125262
FixedParameters: 0 0 0

#Transform 294
Transform: AffineTransform_float_3_3
Parameters: 0.999999 0.000208898 -0.00126853 -0.000206101 0.999998 0.00228427 0.00126947 -0.00228374 0.999997 -0.00494528 0.0502436 -0.0179589
FixedParameters: 0 0 0

#Transform 295
Transform: AffineTransform_float_3_3
Parameters: 0.999999 0.000309305 -0.00120141 -0.000306697 0.999998 0.00191737 0.00120159 -0.00191763 0.999998 -0.00786234 0.0483129 -0.0180533
FixedParameters: 0 0 0

#Transform 296
Transform: AffineTransform_float_3_3
Parameters: 1 0.000159681 -0.00120165 -0.00015632 0.999998 0.00223119 0.00120135 -0.00223081 0.999997 -0.00481981 0.0602478 -0.0142025
FixedParameters: 0 0 0

#Transform 297
Transform: AffineTransform_float_3_3
Parameters: 1 0.000155729 -0.00113563 -0.00015227 0.999997 0.00240318 0.00113637 -0.00240283 0.999997 -0.00558613 0.0506312 -0.0175754
FixedParameters: 0 0 0

#Transform 298
Transform: AffineTransform_float_3_3
Parameters: 0.999999 -2.90215e-05 -0.00125307 3.19783e-05 0.999997 0.00237696 0.00125293 -0.00237704 0.999997 -0.000305621 0.0582067 -0.0181983
FixedParameters: 0 0 0

#Transform 299
Transform: AffineTransform_float_3_3
Parameters: 0.999999 0.000282199 -0.000972364 -0.000279799 0.999998 0.00226127 0.000973635 -0.00226073 0.999997 -0.0102401 0.0439144 -0.0202662
FixedParameters: 0 0 0

#Transform 300
Transform: AffineTransform_float_3_3
Parameters: 1 0.000174486 -0.00120164 -0.000171515 0.999998 0.00206921 0.00120136 -0.00206879 0.999997 -0.0102351 0.0650208 -0.0243992
FixedParameters: 0 0 0

#Transform 301
Transform: AffineTransform_float_3_3
Parameters: 0.999999 0.000328874 -0.00120122 -0.000326127 0.999997 0.00239139 0.00120178 -0.00239161 0.999997 -0.00828435 0.0493347 -0.0179405
FixedParameters: 0 0 0

#Transform 302
Transform: AffineTransform_float_3_3
Parameters: 1 0.000202449 -0.00110255 -0.000200553 0.999997 0.00222022 0.00110245 -0.00222078 0.999997 -0.0135391 0.065884 -0.021286
FixedParameters: 0 0 0

#Transform 303
Transform: AffineTransform_float_3_3
Parameters: 1 0.000170486 -0.00120165 -0.000167515 0.999998 0.0020692 0.00120135 -0.0020688 0.999997 -0.00502472 0.0635414 -0.0243999
FixedParameters: 0 0 0

#Transform 304
Transform: AffineTransform_float_3_3
Parameters: 0.999999 0.000267042 -0.00120133 -0.000263958 0.999997 0.00253232 0.00120167 -0.00253168 0.999996 -0.0112118 0.0440428 -0.0150822
FixedParameters: 0 0 0

#Transform 305
Transform: AffineTransform_float_3_3
Parameters: 1 0.000193112 -0.00120166 -0.000191891 0.999999 0.00175623 0.00120134 -0.00175677 0.999997 -0.00557484 0.0678142 -0.0307167
FixedParameters: 0 0 0

#Transform 306
Transform: AffineTransform_float_3_3
Parameters: 0.999999 0.000445687 -0.00120101 -0.000443313 0.999998 0.00223653 0.00120199 -0.00223547 0.999997 -0.0106453 0.0447429 -0.021014
FixedParameters: 0 0 0

#Transform 307
Transform: AffineTransform_float_3_3
Parameters: 1 -2.93843e-05 -0.00120207 3.26155e-05 0.999997 0.00217596 0.00120193 -0.00217604 0.999997 -0.0010002 0.0522258 -0.0223104
FixedParameters: 0 0 0

#Transform 308
Transform: AffineTransform_float_3_3
Parameters: 1 0.000214918 -0.00120148 -0.000212083 0.999997 0.00242826 0.00120152 -0.00242774 0.999997 -0.00595015 0.0588827 -0.0171638
FixedParameters: 0 0 0

#Transform 309
Transform: AffineTransform_float_3_3
Parameters: 1 0.000208617 -0.00120155 -0.000206384 0.999997 0.00217825 0.00120145 -0.00217775 0.999997 -0.0166504 0.0671791 -0.0222371
FixedParameters: 0 0 0

#Transform 310
Transform: AffineTransform_float_3_3
Parameters: 0.999999 0.0005172 -0.00133276 -0.0005138 0.999997 0.00239969 0.00133424 -0.00239931 0.999996 -0.01629 0.0713226 -0.010015
FixedParameters: 0 0 0
