#Insight Transform File V1.0
#Transform 0
Transform: AffineTransform_float_3_3
Parameters: 1 0 0 0 1 -0.000587 0 0.000587 1 1.42109e-14 -0.00276363 -0.0123279
FixedParameters: 0 0 0

#Transform 1
Transform: AffineTransform_float_3_3
Parameters: 1 0 0 0 1 -0.000134 0 0.000134 1 1.42109e-14 -0.00885853 -0.00284425
FixedParameters: 0 0 0

#Transform 2
Transform: AffineTransform_float_3_3
Parameters: 1 6.7e-05 -2.7872e-08 -6.7e-05 1 -0.000416 -2.7872e-08 0.000416 1 -0.00136273 -0.00295042 -0.0415774
FixedParameters: 0 0 0

#Transform 3
Transform: AffineTransform_float_3_3
Parameters: 1 0 0 0 1 -0.000404 0 0.000404 1 -0.008033 -0.00190417 -0.0178804
FixedParameters: 0 0 0

#Transform 4
Transform: AffineTransform_float_3_3
Parameters: 1 0 0 0 1 -0.000412 0 0.000412 1 -0.005187 -0.0137201 -0.026456
FixedParameters: 0 0 0

#Transform 5
Transform: AffineTransform_float_3_3
Parameters: 1 0 0 0 1 -0.000224 0 0.000224 1 -0.006277 -0.0196404 -0.00887998
FixedParameters: 0 0 0

#Transform 6
Transform: AffineTransform_float_3_3
Parameters: 1 9.30395e-05 0.000103965 -9.29605e-05 1 -0.00038001 -0.000104035 0.00037999 1 -0.00332135 -0.014064 -0.0284218
FixedParameters: 0 0 0

#Transform 7
Transform: AffineTransform_float_3_3
Parameters: 1 6.8e-05 1.904e-08 -6.8e-05 1 0.00028 1.904e-08 -0.00028 1 -0.0084543 -0.0228258 0.0106461
FixedParameters: 0 0 0

#Transform 8
Transform: AffineTransform_float_3_3
Parameters: 1 0.000258 5.7792e-08 -0.000258 1 0.000224 5.7792e-08 -0.000224 1 -0.00542334 -0.024751 -0.00491188
FixedParameters: 0 0 0

#Transform 9
Transform: AffineTransform_float_3_3
Parameters: 1 0.000385926 0.000152188 -0.000386074 1 0.000485941 -0.000151812 -0.000486058 1 -0.0180447 -0.0250247 0.0185472
FixedParameters: 0 0 0

#Transform 10
Transform: AffineTransform_float_3_3
Parameters: 1 9.69131e-05 0.000181047 -9.70869e-05 1 0.000479982 -0.000180953 -0.000480017 1 -0.00445157 -0.0149541 0.000533033
FixedParameters: 0 0 0

#Transform 11
Transform: AffineTransform_float_3_3
Parameters: 1 0.000147005 -1.29397e-05 -0.000146995 1 0.000410002 1.30603e-05 -0.000409998 1 -0.00624624 -0.0169261 0.00890782
FixedParameters: 0 0 0

#Transform 12
Transform: AffineTransform_float_3_3
Parameters: 1 0.000128973 6.70525e-05 -0.000129027 1 0.000406991 -6.69475e-05 -0.000407009 1 -0.0080806 -5.83822e-05 -0.00109665
FixedParameters: 0 0 0

#Transform 13
Transform: AffineTransform_float_3_3
Parameters: 1 5.49761e-05 5.00262e-05 -5.50238e-05 1 0.000476997 -4.99738e-05 -0.000477003 1 -0.00574129 -0.0250399 0.0125937
FixedParameters: 0 0 0

#Transform 14
Transform: AffineTransform_float_3_3
Parameters: 1 0.000148924 0.000178063 -0.000149076 1 0.000424973 -0.000177937 -0.000425026 1 -0.0116617 -0.0108618 0.0163847
FixedParameters: 0 0 0

#Transform 15
Transform: AffineTransform_float_3_3
Parameters: 1 -0.00012301 2.19419e-05 0.00012299 1 0.000472003 -2.20581e-05 -0.000471997 1 -0.00267617 -0.00198247 0.0318597
FixedParameters: 0 0 0

#Transform 16
Transform: AffineTransform_float_3_3
Parameters: 1 1.00954e-05 0.000336997 -9.90463e-06 1 -0.000283003 -0.000337003 0.000282997 1 -0.00470324 0.0280281 -0.0156945
FixedParameters: 0 0 0

#Transform 17
Transform: AffineTransform_float_3_3
Parameters: 1 -0.000127991 3.80315e-05 0.00012701 1 -0.000245995 -3.89688e-05 0.000246005 1 0.00207481 0.00484382 0.00586462
FixedParameters: 0 0 0

#Transform 18
Transform: AffineTransform_float_3_3
Parameters: 1 1.70109e-05 0.000140999 -1.69891e-05 1 -7.70024e-05 -0.000141001 7.69976e-05 1 -0.00231304 0.0119748 0.0123453
FixedParameters: 0 0 0

#Transform 19
Transform: AffineTransform_float_3_3
Parameters: 1 5.50214e-05 0.000220995 -5.49786e-05 1 -9.70121e-05 -0.000221005 9.69878e-05 1 -0.00409698 0.00298695 -0.000620648
FixedParameters: 0 0 0

#Transform 20
Transform: AffineTransform_float_3_3
Parameters: 1 1.1981e-05 0.000110002 -1.2019e-05 1 0.000172999 -0.000109998 -0.000173001 1 -0.00721828 -0.0111215 0.00373414
FixedParameters: 0 0 0

#Transform 21
Transform: AffineTransform_float_3_3
Parameters: 1 8.09982e-05 -4.40033e-05 -8.10018e-05 1 -4.09964e-05 4.39967e-05 4.10036e-05 1 -0.00111782 0.00229992 -0.0222566
FixedParameters: 0 0 0

#Transform 22
Transform: AffineTransform_float_3_3
Parameters: 1 7.80588e-05 -7.69404e-05 -7.79411e-05 0.999999 0.000764006 7.70595e-05 -0.000763994 0.999999 -0.00382641 -0.0286435 0.0197669
FixedParameters: 0 0 0

#Transform 23
Transform: AffineTransform_float_3_3
Parameters: 1 8.80094e-05 7.79894e-05 -8.79906e-05 1 -0.000120007 -7.80106e-05 0.000119993 1 -0.00278024 0.0161587 -0.0274452
FixedParameters: 0 0 0

#Transform 24
Transform: AffineTransform_float_3_3
Parameters: 1 -7.0995e-05 0.000193002 7.1005e-05 1 -2.59863e-05 -0.000192998 2.60137e-05 1 -0.00310641 -0.00789991 0.00456728
FixedParameters: 0 0 0

#Transform 25
Transform: AffineTransform_float_3_3
Parameters: 1 3.40112e-05 9.29959e-05 -3.39888e-05 1 -0.000120003 -9.30041e-05 0.000119997 1 -0.0018878 0.0229105 -0.0234427
FixedParameters: 0 0 0

#Transform 26
Transform: AffineTransform_float_3_3
Parameters: 1 -7.90001e-05 -4.59998e-05 7.89999e-05 1 -3.00363e-06 4.60002e-05 2.99637e-06 1 0.00236062 -0.0105333 -0.0158771
FixedParameters: 0 0 0

#Transform 27
Transform: AffineTransform_float_3_3
Parameters: 1 -3.30631e-05 0.000119983 3.29369e-05 1 0.000526004 -0.000120017 -0.000525996 1 -0.000751379 -0.000773104 -0.00738172
FixedParameters: 0 0 0

#Transform 28
Transform: AffineTransform_float_3_3
Parameters: 1 0.000166999 2.3004e-05 -0.000167001 1 2.39962e-05 -2.2996e-05 -2.40038e-05 1 -0.003729 -0.0140344 -0.0208136
FixedParameters: 0 0 0

#Transform 29
Transform: AffineTransform_float_3_3
Parameters: 1 0.000167001 3.19973e-05 -0.000166999 1 -1.60053e-05 -3.20027e-05 1.59947e-05 1 -0.0038308 -0.0134826 -0.0254344
FixedParameters: 0 0 0

#Transform 30
Transform: AffineTransform_float_3_3
Parameters: 1 -8.30015e-05 6.59982e-05 8.29985e-05 1 2.20055e-05 -6.60018e-05 -2.19945e-05 1 0.000952742 -0.0213619 -0.0251537
FixedParameters: 0 0 0

#Transform 31
Transform: AffineTransform_float_3_3
Parameters: 1 -7.20193e-05 9.2985e-05 7.19807e-05 1 0.000208007 -9.3015e-05 -0.000207993 1 0.000368359 -0.00212034 -0.0148961
FixedParameters: 0 0 0

#Transform 32
Transform: AffineTransform_float_3_3
Parameters: 1 -4.49555e-05 -0.000156013 4.50445e-05 1 0.000284993 0.000155987 -0.000285007 1 0.00308716 -0.00315162 -0.00883224
FixedParameters: 0 0 0

#Transform 33
Transform: AffineTransform_float_3_3
Parameters: 1 -0.000194014 9.89728e-05 0.000193986 1 0.000140019 -9.90272e-05 -0.000139981 1 0.00291801 -0.01074 -0.0110437
FixedParameters: 0 0 0

#Transform 34
Transform: AffineTransform_float_3_3
Parameters: 1 -0.000141 4.29987e-05 0.000141 1 9.00606e-06 -4.30013e-05 -8.99394e-06 1 0.00774685 -0.00140728 -0.012145
FixedParameters: 0 0 0

#Transform 35
Transform: AffineTransform_float_3_3
Parameters: 1 -0.000243011 5.89546e-05 0.000242989 1 0.000187014 -5.90454e-05 -0.000186986 1 0.00447838 -0.00148617 0.00822704
FixedParameters: 0 0 0

#Transform 36
Transform: AffineTransform_float_3_3
Parameters: 1 -0.000213001 1.99859e-05 0.000212999 1 6.60043e-05 -2.00141e-05 -6.59957e-05 1 0.00996954 0.00894561 -0.0150429
FixedParameters: 0 0 0

#Transform 37
Transform: AffineTransform_float_3_3
Parameters: 1 -0.000168032 8.29353e-05 0.000167968 1 0.000385014 -8.30647e-05 -0.000384986 1 0.00262732 -0.0139192 -0.0139017
FixedParameters: 0 0 0

#Transform 38
Transform: AffineTransform_float_3_3
Parameters: 1 -6.80394e-05 7.49642e-05 6.79605e-05 1 0.000526005 -7.50357e-05 -0.000525995 1 0.00740168 -0.00514455 -0.0199962
FixedParameters: 0 0 0

#Transform 39
Transform: AffineTransform_float_3_3
Parameters: 1 -0.000263126 0.000202837 0.000262874 1 0.000620053 -0.000203163 -0.000619946 1 0.0178384 -0.0386883 -0.0289468
FixedParameters: 0 0 0

#Transform 40
Transform: AffineTransform_float_3_3
Parameters: 1 -0.000204975 0.000430012 0.000205025 1 -5.89118e-05 -0.000429988 5.90881e-05 1 0.0166353 0.0147519 -0.0582773
FixedParameters: 0 0 0

#Transform 41
Transform: AffineTransform_float_3_3
Parameters: 1 -8.08643e-05 0.00036003 8.11357e-05 1 -0.000376971 -0.000359969 0.000377029 1 0.0101044 0.000781575 -0.033582
FixedParameters: 0 0 0

#Transform 42
Transform: AffineTransform_float_3_3
Parameters: 1 -0.000136947 0.000176041 0.000137053 1 -0.000298976 -0.000175959 0.000299024 1 0.0214605 0.0319755 -0.014163
FixedParameters: 0 0 0

#Transform 43
Transform: AffineTransform_float_3_3
Parameters: 1 -0.000262969 0.000211039 0.000263031 1 -0.000148944 -0.000210961 0.000148055 1 0.0182035 0.0100002 -0.0262711
FixedParameters: 0 0 0

#Transform 44
Transform: AffineTransform_float_3_3
Parameters: 1 -0.000485896 0.000190265 0.000486103 0.999999 -0.000544907 -0.000189735 0.000545092 1 0.0311014 0.0330192 -0.0538717
FixedParameters: 0 0 0

#Transform 45
Transform: AffineTransform_float_3_3
Parameters: 0.999999 -0.0006167 0.00043043 0.000616299 0.999999 -0.000697734 -0.00042957 0.000697265 0.999999 0.0308837 -0.00567251 -0.0571336
FixedParameters: 0 0 0

#Transform 46
Transform: AffineTransform_float_3_3
Parameters: 1 -0.000920903 8.70361e-05 0.000921098 0.999999 -0.00112492 -8.59648e-05 0.00112408 1 0.0480738 0.0212275 -0.0839432
FixedParameters: 0 0 0

#Transform 47
Transform: AffineTransform_float_3_3
Parameters: 0.999999 -0.000850904 0.000227357 0.000851095 0.999999 -0.000419806 -0.000227642 0.000420194 1 0.0389514 -0.0191493 -0.0413301
FixedParameters: 0 0 0

#Transform 48
Transform: AffineTransform_float_3_3
Parameters: 0.999999 -0.000847856 0.000168726 0.000848144 1 -0.000856857 -0.000168273 0.000857143 0.999999 0.0378368 0.00954467 -0.0655727
FixedParameters: 0 0 0

#Transform 49
Transform: AffineTransform_float_3_3
Parameters: 1 -0.000662992 8.9057e-05 0.000663007 1 -8.5941e-05 -8.89429e-05 8.6059e-05 1 0.03239 -0.00983634 -0.0225965
FixedParameters: 0 0 0

#Transform 50
Transform: AffineTransform_float_3_3
Parameters: 1 -0.000624026 0.000150893 0.000623974 1 0.000171094 -0.000151107 -0.000171906 1 0.0330678 -0.00377524 -0.0391295
FixedParameters: 0 0 0

#Transform 51
Transform: AffineTransform_float_3_3
Parameters: 0.999999 -0.000921029 0.000245889 0.00092097 0.999999 0.000120226 -0.00024611 -0.000119773 1 0.0364042 0.00276228 -0.0308945
FixedParameters: 0 0 0

#Transform 52
Transform: AffineTransform_float_3_3
Parameters: 1 -0.000630973 9.31811e-05 0.000631027 1 -0.000286941 -9.38189e-05 0.000287059 1 0.0345558 0.031279 -0.0457757
FixedParameters: 0 0 0

#Transform 53
Transform: AffineTransform_float_3_3
Parameters: 0.999999 -0.000863966 0.000158183 0.000864033 0.999999 -0.000211863 -0.000157817 0.000212136 1 0.0328411 -0.00120308 -0.0385272
FixedParameters: 0 0 0

#Transform 54
Transform: AffineTransform_float_3_3
Parameters: 0.999999 -0.000817987 0.000132078 0.000818012 0.999999 -9.4892e-05 -0.000131922 9.51079e-05 1 0.0374883 0.0143789 -0.0577689
FixedParameters: 0 0 0

#Transform 55
Transform: AffineTransform_float_3_3
Parameters: 0.999999 -0.000921084 0.00017155 0.000920916 1 0.000488158 -0.000171449 -0.000487842 1 0.0390091 -0.0175534 -0.0126281
FixedParameters: 0 0 0

#Transform 56
Transform: AffineTransform_float_3_3
Parameters: 1 -0.00065507 0.000112591 0.000654929 0.999999 0.000624073 -0.000113409 -0.000623925 1 0.0359193 -0.00961802 -0.0312637
FixedParameters: 0 0 0

#Transform 57
Transform: AffineTransform_float_3_3
Parameters: 1 -0.000611016 0.000156936 0.000610983 1 0.000105096 -0.000157065 -0.000105904 1 0.0363784 -0.00794426 -0.0440571
FixedParameters: 0 0 0

#Transform 58
Transform: AffineTransform_float_3_3
Parameters: 0.999999 -0.000743007 0.000118953 0.000742992 0.999999 6.30884e-05 -0.000119047 -6.29115e-05 1 0.0387957 -0.00234813 -0.0641935
FixedParameters: 0 0 0

#Transform 59
Transform: AffineTransform_float_3_3
Parameters: 1 -0.000617028 5.97118e-05 0.000616972 0.999999 0.000467037 -6.02881e-05 -0.000466963 1 0.0330335 -0.0271225 -0.0286232
FixedParameters: 0 0 0

#Transform 60
Transform: AffineTransform_float_3_3
Parameters: 1 -0.000269218 0.000191695 0.000268782 1 0.00113405 -0.000192305 -0.00113395 1 0.0225906 -0.02086 -0.0167778
FixedParameters: 0 0 0

#Transform 61
Transform: AffineTransform_float_3_3
Parameters: 1 -0.000584107 0.000173639 0.000584892 0.999999 0.000618101 -0.000174362 -0.000618898 1 0.02902 -0.0166571 -0.0254132
FixedParameters: 0 0 0

#Transform 62
Transform: AffineTransform_float_3_3
Parameters: 1 -0.000295132 0.000226828 0.000294868 1 0.000582067 -0.000227172 -0.000581933 1 0.0184186 0.000864554 -0.039901
FixedParameters: 0 0 0

#Transform 63
Transform: AffineTransform_float_3_3
Parameters: 1 -0.000590091 0.000137608 0.000589909 0.999999 0.000664081 -0.000137392 -0.000663919 1 0.0276705 -0.0271581 -0.0409756
FixedParameters: 0 0 0

#Transform 64
Transform: AffineTransform_float_3_3
Parameters: 1 -0.000515168 0.000212593 0.000514831 0.999999 0.000789109 -0.000213407 -0.00078989 0.999999 0.0250075 -0.0115534 -0.0585457
FixedParameters: 0 0 0

#Transform 65
Transform: AffineTransform_float_3_3
Parameters: 0.999999 -0.000686094 0.000180641 0.000685905 0.999999 0.000523124 -0.000180359 -0.000522876 1 0.0351723 -0.0254354 -0.109179
FixedParameters: 0 0 0

#Transform 66
Transform: AffineTransform_float_3_3
Parameters: 0.999999 -0.000740074 0.000104479 0.000739927 1 0.000704078 -0.000104521 -0.000703923 0.999999 0.0361519 -0.0229839 -0.0812073
FixedParameters: 0 0 0

#Transform 67
Transform: AffineTransform_float_3_3
Parameters: 1 -0.000604156 0.000169447 0.000603845 1 0.000916102 -0.000169553 -0.000915898 0.999999 0.0348382 -0.00528496 -0.157055
FixedParameters: 0 0 0

#Transform 68
Transform: AffineTransform_float_3_3
Parameters: 0.999999 -0.000781048 6.03822e-05 0.000780952 1 0.000791047 -6.06177e-05 -0.000790953 0.999999 0.0328305 -0.0345264 -0.0542993
FixedParameters: 0 0 0

#Transform 69
Transform: AffineTransform_float_3_3
Parameters: 0.999999 -0.000856004 1.47167e-05 0.000855994 0.999999 0.000331013 -1.52833e-05 -0.000330987 1 0.0419198 -0.00227289 -0.0774824
FixedParameters: 0 0 0

#Transform 70
Transform: AffineTransform_float_3_3
Parameters: 0.999999 -0.00080794 -9.84879e-05 0.000808058 0.999999 0.00060392 9.75119e-05 -0.000604079 1 0.0395032 -0.0126682 -0.0699708
FixedParameters: 0 0 0

#Transform 71
Transform: AffineTransform_float_3_3
Parameters: 0.999999 -0.000782984 -2.35316e-05 0.000783016 1 0.000678982 2.24683e-05 -0.000679018 1 0.0419923 -0.0109708 -0.0856071
FixedParameters: 0 0 0

#Transform 72
Transform: AffineTransform_float_3_3
Parameters: 0.999999 -0.000858179 0.000205252 0.000858821 1 0.000871176 -0.000205748 -0.000870824 0.999999 0.0402715 -0.0300227 -0.0525271
FixedParameters: 0 0 0

#Transform 73
Transform: AffineTransform_float_3_3
Parameters: 0.999999 -0.000815014 4.17221e-05 0.000814985 0.999999 0.000341034 -4.12779e-05 -0.000340966 1 0.0432122 0.00384257 -0.0745355
FixedParameters: 0 0 0

#Transform 74
Transform: AffineTransform_float_3_3
Parameters: 0.999999 -0.000829083 7.00159e-05 0.000828916 0.999999 0.00118706 -7.09839e-05 -0.00118694 1 0.0356172 -0.0228659 -0.0318835
FixedParameters: 0 0 0

#Transform 75
Transform: AffineTransform_float_3_3
Parameters: 0.999999 -0.000761231 0.000194096 0.000760769 0.999999 0.00118715 -0.000194903 -0.00118685 1 0.0364016 -0.0180646 -0.0493885
FixedParameters: 0 0 0

#Transform 76
Transform: AffineTransform_float_3_3
Parameters: 0.999999 -0.000746127 0.000107114 0.000745872 0.999999 0.00118708 -0.000107885 -0.00118692 1 0.0358773 -0.0121618 -0.0367284
FixedParameters: 0 0 0

#Transform 77
Transform: AffineTransform_float_3_3
Parameters: 1 -0.000570213 0.000183339 0.000570787 0.999999 0.00116011 -0.000183662 -0.0011599 1 0.0272114 -0.0117045 -0.0391953
FixedParameters: 0 0 0

#Transform 78
Transform: AffineTransform_float_3_3
Parameters: 1 -0.00059741 0.000251026 0.00059659 0.999998 0.00163015 -0.000251973 -0.00162985 0.999998 0.0228594 -0.0242824 -0.00465122
FixedParameters: 0 0 0

#Transform 79
Transform: AffineTransform_float_3_3
Parameters: 0.999999 -0.00079623 0.000272328 0.00079577 1 0.000844217 -0.000272671 -0.000843783 0.999999 0.0312866 0.000598346 -0.0493874
FixedParameters: 0 0 0

#Transform 80
Transform: AffineTransform_float_3_3
Parameters: 1 -0.00047643 0.000279267 0.00047657 0.999998 0.00153913 -0.000279734 -0.00153887 0.999999 0.0200625 -0.0329063 -0.00765009
FixedParameters: 0 0 0

#Transform 81
Transform: AffineTransform_float_3_3
Parameters: 1 -0.000634433 0.000284033 0.000634566 0.999998 0.00152418 -0.000284968 -0.00152482 0.999999 0.0232758 -0.0152127 -0.0254137
FixedParameters: 0 0 0

#Transform 82
Transform: AffineTransform_float_3_3
Parameters: 1 -0.000516542 0.000277996 0.000516458 0.999998 0.00194514 -0.000279005 -0.00194486 0.999998 0.0178983 -0.0528539 0.0043372
FixedParameters: 0 0 0

#Transform 83
Transform: AffineTransform_float_3_3
Parameters: 0.999999 -0.000650382 0.000429422 0.000649618 1 0.00088928 -0.000429578 -0.000888722 1 0.0257895 0.00188329 -0.0421397
FixedParameters: 0 0 0

#Transform 84
Transform: AffineTransform_float_3_3
Parameters: 0.999999 -0.000921175 0.000151938 0.000920824 0.999999 0.00115314 -0.000153062 -0.00115286 1 0.0385852 -0.0208601 -0.0285061
FixedParameters: 0 0 0

#Transform 85
Transform: AffineTransform_float_3_3
Parameters: 1 -0.000651201 0.000223416 0.0006508 1 0.000896146 -0.000223583 -0.000895855 0.999999 0.0337904 0.00622673 -0.0498688
FixedParameters: 0 0 0

#Transform 86
Transform: AffineTransform_float_3_3
Parameters: 0.999999 -0.000792167 0.000185289 0.000791833 1 0.000898147 -0.000185711 -0.000897853 0.999999 0.0373993 -0.0147001 -0.0435245
FixedParameters: 0 0 0

#Transform 87
Transform: AffineTransform_float_3_3
Parameters: 0.999999 -0.000739089 9.02713e-05 0.000738911 0.999999 0.000986068 -9.07286e-05 -0.000985934 1 0.0374943 -0.00195195 -0.0405995
FixedParameters: 0 0 0

#Transform 88
Transform: AffineTransform_float_3_3
Parameters: 0.999999 -0.000785469 0.000429142 0.000784531 0.999999 0.00109234 -0.000429858 -0.00109266 1 0.0350821 -0.0199693 -0.02969
FixedParameters: 0 0 0

#Transform 89
Transform: AffineTransform_float_3_3
Parameters: 0.999999 -0.000723218 0.000189166 0.00072278 0.999999 0.00115314 -0.000190833 -0.00115286 1 0.0307203 -0.00639094 -0.0284832
FixedParameters: 0 0 0

#Transform 90
Transform: AffineTransform_float_3_3
Parameters: 0.999999 -0.000756114 0.000109214 0.000755885 0.999999 0.00103908 -0.000110785 -0.00103892 0.999999 0.0345007 -0.0192427 -0.0351656
FixedParameters: 0 0 0

#Transform 91
Transform: AffineTransform_float_3_3
Parameters: 1 -0.000589182 0.000157321 0.000588819 0.999999 0.00115309 -0.000157679 -0.00115291 1 0.0270056 -0.00434934 -0.0286136
FixedParameters: 0 0 0

#Transform 92
Transform: AffineTransform_float_3_3
Parameters: 0.999999 -0.000749095 9.02156e-05 0.000749905 0.999999 0.00104707 -9.07858e-05 -0.00104793 0.999999 0.036842 -0.0118198 -0.0392784
FixedParameters: 0 0 0

#Transform 93
Transform: AffineTransform_float_3_3
Parameters: 1 -0.000637077 6.01916e-05 0.000636923 0.999999 0.00126904 -6.08083e-05 -0.00126896 0.999999 0.0343968 -0.00688242 -0.0203315
FixedParameters: 0 0 0

#Transform 94
Transform: AffineTransform_float_3_3
Parameters: 0.999999 -0.000733027 2.82985e-05 0.000732973 1 0.000957021 -2.87014e-05 -0.000956979 0.999999 0.0381856 -0.00495684 -0.0328971
FixedParameters: 0 0 0

#Transform 95
Transform: AffineTransform_float_3_3
Parameters: 1 -0.000590167 0.00014432 0.000589834 0.999999 0.00115309 -0.00014468 -0.00115292 1 0.028161 -0.020576 -0.0285476
FixedParameters: 0 0 0

#Transform 96
Transform: AffineTransform_float_3_3
Parameters: 1 -0.000518128 0.00012949 0.000517873 1 0.000984067 -0.00012951 -0.000984933 0.999999 0.0312016 -0.00436965 -0.043409
FixedParameters: 0 0 0

#Transform 97
Transform: AffineTransform_float_3_3
Parameters: 0.999999 -0.000742052 4.51444e-05 0.000741947 0.999999 0.00115303 -4.58555e-05 -0.00115297 1 0.0349826 -0.0228576 -0.0286352
FixedParameters: 0 0 0

#Transform 98
Transform: AffineTransform_float_3_3
Parameters: 0.999999 -0.000800178 0.000234392 0.000799822 1 0.000760188 -0.000234608 -0.000759813 0.999999 0.0339262 0.000641047 -0.0436405
FixedParameters: 0 0 0

#Transform 99
Transform: AffineTransform_float_3_3
Parameters: 0.999999 -0.000781132 0.000127189 0.000780867 0.999999 0.0010381 -0.000128811 -0.0010379 1 0.0337773 -0.0139843 -0.0309151
FixedParameters: 0 0 0

#Transform 100
Transform: AffineTransform_float_3_3
Parameters: 0.999999 -0.000799162 0.000133028 0.000798837 0.999999 0.00121611 -0.000133971 -0.00121589 1 0.0334102 0.0117104 -0.0272685
FixedParameters: 0 0 0

#Transform 101
Transform: AffineTransform_float_3_3
Parameters: 1 -0.000514196 0.000169407 0.000513805 0.999999 0.00115309 -0.000169593 -0.00115291 1 0.0297647 -0.0205844 -0.0355971
FixedParameters: 0 0 0

#Transform 102
Transform: AffineTransform_float_3_3
Parameters: 0.999999 -0.000705099 9.22477e-05 0.000704901 0.999999 0.00106707 -9.27522e-05 -0.00106694 1 0.038246 -0.00336899 -0.0349737
FixedParameters: 0 0 0

#Transform 103
Transform: AffineTransform_float_3_3
Parameters: 0.999999 -0.000710071 6.62466e-05 0.000709928 0.999999 0.00106105 -6.77533e-05 -0.00106095 1 0.0422823 -0.0195388 -0.0304887
FixedParameters: 0 0 0

#Transform 104
Transform: AffineTransform_float_3_3
Parameters: 1 -0.0006131 7.82159e-05 0.0006139 0.999999 0.00127905 -7.87852e-05 -0.00127895 0.999999 0.0322995 -0.000434946 -0.0260281
FixedParameters: 0 0 0

#Transform 105
Transform: AffineTransform_float_3_3
Parameters: 1 -0.000623379 0.000196803 0.00062262 0.999998 0.00192012 -0.000198196 -0.00191988 0.999998 0.0317004 -0.0295474 -0.00496044
FixedParameters: 0 0 0

#Transform 106
Transform: AffineTransform_float_3_3
Parameters: 1 -0.000449337 0.000175138 0.000449663 0.999998 0.00192008 -0.000175864 -0.00191992 0.999998 0.023951 -0.023019 -0.00786931
FixedParameters: 0 0 0

#Transform 107
Transform: AffineTransform_float_3_3
Parameters: 1 -0.000302349 0.00021952 0.00030165 0.999998 0.00158807 -0.000220479 -0.00158793 0.999998 0.0214414 -0.0360041 -0.00923353
FixedParameters: 0 0 0

#Transform 108
Transform: AffineTransform_float_3_3
Parameters: 0.999999 -0.000703185 0.00016823 0.000702816 0.999999 0.00109512 -0.00016877 -0.00109488 1 0.0319634 0.00114661 -0.0302904
FixedParameters: 0 0 0

#Transform 109
Transform: AffineTransform_float_3_3
Parameters: 0.999999 -0.000753277 0.000257191 0.000752723 0.999999 0.00107419 -0.000257809 -0.00107481 1 0.0368254 -0.00713023 -0.034291
FixedParameters: 0 0 0

#Transform 110
Transform: AffineTransform_float_3_3
Parameters: 0.999999 -0.000734332 0.000282137 0.000733668 0.999999 0.00117621 -0.000282863 -0.00117579 1 0.0311664 0.000816538 -0.0296615
FixedParameters: 0 0 0

#Transform 111
Transform: AffineTransform_float_3_3
Parameters: 1 -0.000442133 0.000101422 0.000441867 0.999999 0.00130805 -0.000101578 -0.00130796 0.999999 0.0309694 -0.00477683 -0.0294729
FixedParameters: 0 0 0

#Transform 112
Transform: AffineTransform_float_3_3
Parameters: 1 -0.000581159 0.000104118 0.000580841 0.999998 0.00151806 -0.000104882 -0.00151894 0.999999 0.0309075 -0.00977497 -0.0203045
FixedParameters: 0 0 0

#Transform 113
Transform: AffineTransform_float_3_3
Parameters: 1 -0.000590294 0.00021921 0.000589706 0.999999 0.00133913 -0.00021979 -0.00133887 0.999999 0.0316902 -0.0118253 -0.0353405
FixedParameters: 0 0 0

#Transform 114
Transform: AffineTransform_float_3_3
Parameters: 1 -0.000582271 0.000193183 0.000581728 0.999999 0.00140311 -0.000193816 -0.00140289 0.999999 0.021734 -0.0136095 -0.0188935
FixedParameters: 0 0 0

#Transform 115
Transform: AffineTransform_float_3_3
Parameters: 1 -0.000661192 0.000157195 0.000660807 0.999999 0.0012181 -0.000158805 -0.0012179 0.999999 0.0341376 -0.00589233 -0.0344861
FixedParameters: 0 0 0

#Transform 116
Transform: AffineTransform_float_3_3
Parameters: 0.999999 -0.000720241 0.000162938 0.000719759 0.999998 0.00147412 -0.000164062 -0.00147488 0.999999 0.0287571 -0.0156001 -0.0124469
FixedParameters: 0 0 0

#Transform 117
Transform: AffineTransform_float_3_3
Parameters: 1 -0.000606081 5.71412e-05 0.000605918 0.999999 0.00141703 -5.78586e-05 -0.00141696 0.999999 0.0338846 0.00288959 -0.0365102
FixedParameters: 0 0 0

#Transform 118
Transform: AffineTransform_float_3_3
Parameters: 1 -0.000559128 8.11233e-05 0.000558872 0.999998 0.00156804 -8.18764e-05 -0.00156795 0.999999 0.0291039 -0.0171106 -0.0220048
FixedParameters: 0 0 0

#Transform 119
Transform: AffineTransform_float_3_3
Parameters: 0.999999 -0.000722266 0.000190995 0.000722733 0.999999 0.00139214 -0.000192007 -0.00139286 0.999999 0.0353342 0.00902987 -0.0403787
FixedParameters: 0 0 0

#Transform 120
Transform: AffineTransform_float_3_3
Parameters: 1 -0.000520913 -5.58121e-05 0.000521086 0.999998 0.00155897 5.51877e-05 -0.00155903 0.999999 0.0350824 -0.0110341 -0.0225053
FixedParameters: 0 0 0

#Transform 121
Transform: AffineTransform_float_3_3
Parameters: 1 -0.000626124 7.69926e-05 0.000625875 0.999998 0.00160905 -7.80071e-05 -0.00160895 0.999998 0.0331562 -0.00817482 -0.0153193
FixedParameters: 0 0 0

#Transform 122
Transform: AffineTransform_float_3_3
Parameters: 1 -0.000464313 0.00016311 0.000463687 0.999998 0.00191708 -0.000163889 -0.00191692 0.999998 0.0302883 -0.0319325 -0.0114933
FixedParameters: 0 0 0

#Transform 123
Transform: AffineTransform_float_3_3
Parameters: 0.999999 -0.000701362 0.000302161 0.000701638 0.999999 0.00119721 -0.000302841 -0.00119779 0.999999 0.0262851 -0.00236958 -0.0343705
FixedParameters: 0 0 0

#Transform 124
Transform: AffineTransform_float_3_3
Parameters: 0.999999 -0.000708013 6.77939e-06 0.000707987 0.999999 0.001724 -8.22128e-06 -0.00172499 0.999998 0.0378061 -0.0114712 -0.0190259
FixedParameters: 0 0 0

#Transform 125
Transform: AffineTransform_float_3_3
Parameters: 1 -0.000449164 8.00838e-05 0.000448836 0.999998 0.00204004 -8.09158e-05 -0.00203996 0.999998 0.0284227 -0.0218302 -0.00686622
FixedParameters: 0 0 0

#Transform 126
Transform: AffineTransform_float_3_3
Parameters: 1 -0.000477514 0.000429429 0.000477486 0.999999 0.00119721 -0.000429572 -0.0011968 0.999999 0.0239869 -0.00514899 -0.0299913
FixedParameters: 0 0 0

#Transform 127
Transform: AffineTransform_float_3_3
Parameters: 0.999999 -0.000844415 0.000287784 0.000843584 0.999998 0.00144024 -0.000289215 -0.00143976 0.999999 0.031203 0.0103041 -0.02596
FixedParameters: 0 0 0

#Transform 128
Transform: AffineTransform_float_3_3
Parameters: 1 -0.000641402 0.00018058 0.000640598 0.999998 0.00221512 -0.000182419 -0.00221489 0.999998 0.0352113 -0.0214361 -0.0167841
FixedParameters: 0 0 0

#Transform 129
Transform: AffineTransform_float_3_3
Parameters: 1 -0.00056051 0.000368224 0.000560488 0.999999 0.00138521 -0.000369776 -0.00138479 0.999999 0.0329004 -0.0095076 -0.0400633
FixedParameters: 0 0 0

#Transform 130
Transform: AffineTransform_float_3_3
Parameters: 0.999999 -0.000764432 0.000307928 0.000764567 0.999998 0.00140224 -0.000309072 -0.00140176 0.999999 0.0403108 -0.00244327 -0.0405848
FixedParameters: 0 0 0

#Transform 131
Transform: AffineTransform_float_3_3
Parameters: 0.999999 -0.00071567 0.000428882 0.000715328 0.999998 0.00156231 -0.000430117 -0.00156169 0.999998 0.0337352 -0.00451944 -0.0233554
FixedParameters: 0 0 0

#Transform 132
Transform: AffineTransform_float_3_3
Parameters: 1 -0.000657293 0.000233175 0.000656707 0.999999 0.00125515 -0.000233824 -0.00125485 0.999999 0.0418225 -0.000377186 -0.0421746
FixedParameters: 0 0 0

#Transform 133
Transform: AffineTransform_float_3_3
Parameters: 1 -0.000653167 8.57356e-05 0.000652832 0.999998 0.00193606 -8.7264e-05 -0.00193594 0.999998 0.0381817 -0.0297103 -0.0157005
FixedParameters: 0 0 0

#Transform 134
Transform: AffineTransform_float_3_3
Parameters: 1 -0.000338384 0.000203363 0.000338615 0.999998 0.00188507 -0.000204639 -0.00188493 0.999998 0.0313506 -0.0114843 -0.0167426
FixedParameters: 0 0 0

#Transform 135
Transform: AffineTransform_float_3_3
Parameters: 1 -0.000539962 0.000428791 0.000539037 0.999998 0.00224123 -0.000430209 -0.00224077 0.999998 0.0330516 -0.0335914 -0.000744992
FixedParameters: 0 0 0

#Transform 136
Transform: AffineTransform_float_3_3
Parameters: 1 -0.000502822 0.000429038 0.000501177 0.999998 0.00191522 -0.00042996 -0.00191478 0.999998 0.0262546 -0.0103279 -0.0101511
FixedParameters: 0 0 0

#Transform 137
Transform: AffineTransform_float_3_3
Parameters: 1 -0.000394892 0.00042918 0.000394107 0.999998 0.00207817 -0.00042982 -0.00207783 0.999997 0.0243195 -0.0285629 -0.0166264
FixedParameters: 0 0 0

#Transform 138
Transform: AffineTransform_float_3_3
Parameters: 1 -0.000424597 0.000306173 0.000423403 0.999998 0.00194813 -0.000306825 -0.00194787 0.999998 0.0290346 -0.0171464 -0.0185208
FixedParameters: 0 0 0

#Transform 139
Transform: AffineTransform_float_3_3
Parameters: 0.999999 -0.000921502 0.000317545 0.000920498 0.999999 0.00157929 -0.000318453 -0.00157871 0.999998 0.0389935 0.0112186 -0.0373301
FixedParameters: 0 0 0

#Transform 140
Transform: AffineTransform_float_3_3
Parameters: 1 -0.000921751 0.00042839 0.000921251 0.999998 0.0017484 -0.000429612 -0.00174861 0.999999 0.0367 0.00110909 -0.0285497
FixedParameters: 0 0 0

#Transform 141
Transform: AffineTransform_float_3_3
Parameters: 1 -0.0009219 0.000428068 0.000921101 0.999998 0.0020974 -0.000429932 -0.0020966 0.999997 0.0400683 -0.0348556 -0.0096576
FixedParameters: 0 0 0

#Transform 142
Transform: AffineTransform_float_3_3
Parameters: 0.999999 -0.000799798 0.000428513 0.000799202 0.999998 0.00186034 -0.000429488 -0.00186066 0.999998 0.0319759 -0.00993158 -0.00993293
FixedParameters: 0 0 0

#Transform 143
Transform: AffineTransform_float_3_3
Parameters: 0.999999 -0.000618885 0.000428724 0.000618113 0.999997 0.00206326 -0.000430276 -0.00206273 0.999998 0.0312276 -0.0153217 -0.00886032
FixedParameters: 0 0 0

#Transform 144
Transform: AffineTransform_float_3_3
Parameters: 0.999999 -0.000854349 0.000144957 0.00085365 0.999997 0.00239212 -0.000147042 -0.00239188 0.999997 0.0401126 0.00165961 0.00102668
FixedParameters: 0 0 0

#Transform 145
Transform: AffineTransform_float_3_3
Parameters: 1 -0.000964326 0.000165105 0.000963674 0.999997 0.00196516 -0.000166894 -0.00196484 0.999998 0.052107 -0.00813211 -0.01684
FixedParameters: 0 0 0

#Transform 146
Transform: AffineTransform_float_3_3
Parameters: 1 -0.000938469 0.000222032 0.000938533 0.999998 0.00209821 -0.00022397 -0.00209879 0.999998 0.0390463 0.00221422 -0.0050599
FixedParameters: 0 0 0

#Transform 147
Transform: AffineTransform_float_3_3
Parameters: 0.999999 -0.000779498 0.000250453 0.0007785 0.999997 0.0019852 -0.000252546 -0.0019848 0.999998 0.0384757 -0.00302493 -0.0245319
FixedParameters: 0 0 0

#Transform 148
Transform: AffineTransform_float_3_3
Parameters: 0.999999 -0.000872669 0.000365406 0.000871331 0.999998 0.00182732 -0.000366592 -0.00182668 0.999999 0.0379202 0.010852 -0.0249998
FixedParameters: 0 0 0

#Transform 149
Transform: AffineTransform_float_3_3
Parameters: 0.999999 -0.000834566 0.000317517 0.000833435 0.999998 0.00177827 -0.000318482 -0.00177774 0.999999 0.0454559 0.014607 -0.0401765
FixedParameters: 0 0 0

#Transform 150
Transform: AffineTransform_float_3_3
Parameters: 0.999999 -0.000733743 0.00042873 0.000733256 0.999998 0.00173232 -0.000430271 -0.00173169 0.999999 0.040789 0.00920772 -0.0189178
FixedParameters: 0 0 0

#Transform 151
Transform: AffineTransform_float_3_3
Parameters: 0.999999 -0.000614875 0.000428748 0.000614124 0.999997 0.00203826 -0.000430252 -0.00203774 0.999998 0.0400357 0.00530649 -0.018789
FixedParameters: 0 0 0

#Transform 152
Transform: AffineTransform_float_3_3
Parameters: 0.999999 -0.000705753 0.000428763 0.000705246 0.999998 0.0017543 -0.000430238 -0.0017547 0.999999 0.0419306 -0.000628196 -0.0155112
FixedParameters: 0 0 0

#Transform 153
Transform: AffineTransform_float_3_3
Parameters: 0.999999 -0.000705723 0.000428811 0.000705276 0.999999 0.0016853 -0.000430189 -0.0016847 0.999999 0.0419192 0.00983103 -0.0248571
FixedParameters: 0 0 0

#Transform 154
Transform: AffineTransform_float_3_3
Parameters: 0.999999 -0.000705857 0.000428591 0.000705143 0.999998 0.0019973 -0.000429409 -0.0019977 0.999998 0.0419288 -0.00908702 -0.00107279
FixedParameters: 0 0 0

#Transform 155
Transform: AffineTransform_float_3_3
Parameters: 0.999999 -0.000705472 0.000320962 0.000704527 0.999998 0.00147123 -0.000322036 -0.00147077 0.999999 0.0477938 0.0297234 -0.029951
FixedParameters: 0 0 0

#Transform 156
Transform: AffineTransform_float_3_3
Parameters: 0.999999 -0.000626722 0.000428948 0.000626278 0.999999 0.00168027 -0.000430053 -0.00167973 0.999999 0.0402775 -0.0135716 -0.0131431
FixedParameters: 0 0 0

#Transform 157
Transform: AffineTransform_float_3_3
Parameters: 0.999999 -0.000705758 0.000428754 0.000705241 0.999998 0.0017663 -0.000430246 -0.0017657 0.999999 0.0419062 0.0133683 -0.0235716
FixedParameters: 0 0 0

#Transform 158
Transform: AffineTransform_float_3_3
Parameters: 0.999999 -0.000705776 0.000428724 0.000705223 0.999998 0.0018093 -0.000430276 -0.0018087 0.999999 0.0419314 -0.0153323 -0.0120409
FixedParameters: 0 0 0

#Transform 159
Transform: AffineTransform_float_3_3
Parameters: 0.999999 -0.000705736 0.000428791 0.000705264 0.999999 0.0017143 -0.000430209 -0.0017137 0.999999 0.0418892 0.0311657 -0.0246416
FixedParameters: 0 0 0

#Transform 160
Transform: AffineTransform_float_3_3
Parameters: 0.999999 -0.000705813 0.000428664 0.000705186 0.999998 0.0018943 -0.000430336 -0.0018937 0.999998 0.0398026 0.0115246 -0.00939009
FixedParameters: 0 0 0

#Transform 161
Transform: AffineTransform_float_3_3
Parameters: 0.999999 -0.000705637 0.000310556 0.000704363 0.999997 0.00204722 -0.000311442 -0.00204678 0.999998 0.0434395 0.0230656 -0.00749902
FixedParameters: 0 0 0

#Transform 162
Transform: AffineTransform_float_3_3
Parameters: 0.999999 -0.000705859 0.000428588 0.000705142 0.999997 0.0020013 -0.000429412 -0.0020007 0.999998 0.041921 -0.00940073 -0.0125735
FixedParameters: 0 0 0

#Transform 163
Transform: AffineTransform_float_3_3
Parameters: 0.999999 -0.000705944 0.000657988 0.000705055 0.999998 0.00143446 -0.000659012 -0.00143453 0.999999 0.0389224 0.00696756 -0.0304629
FixedParameters: 0 0 0

#Transform 164
Transform: AffineTransform_float_3_3
Parameters: 0.999999 -0.000705824 0.000428645 0.000705174 0.999998 0.0019213 -0.000430355 -0.0019207 0.999998 0.0419273 0.000704464 -0.00456766
FixedParameters: 0 0 0

#Transform 165
Transform: AffineTransform_float_3_3
Parameters: 0.999999 -0.000609038 0.000428528 0.000607963 0.999997 0.00241926 -0.000429472 -0.00241874 0.999997 0.036889 -0.0112008 0.00794346
FixedParameters: 0 0 0

#Transform 166
Transform: AffineTransform_float_3_3
Parameters: 0.999999 -0.000706016 0.000428328 0.000704984 0.999997 0.0023693 -0.000429671 -0.0023687 0.999997 0.0419432 -0.0180979 0.00138922
FixedParameters: 0 0 0

#Transform 167
Transform: AffineTransform_float_3_3
Parameters: 0.999999 -0.000706038 0.000428293 0.000704962 0.999997 0.0024193 -0.000429706 -0.0024187 0.999997 0.0419314 0.000243116 0.00408961
FixedParameters: 0 0 0

#Transform 168
Transform: AffineTransform_float_3_3
Parameters: 0.999999 -0.000764972 0.000428268 0.000764028 0.999997 0.00226633 -0.000429732 -0.00226567 0.999998 0.0432417 -0.00500032 -0.00392124
FixedParameters: 0 0 0

#Transform 169
Transform: AffineTransform_float_3_3
Parameters: 0.999999 -0.000706107 0.000428179 0.000704893 0.999997 0.0025813 -0.00042982 -0.0025807 0.999996 0.0419333 -0.00590309 0.0100116
FixedParameters: 0 0 0

#Transform 170
Transform: AffineTransform_float_3_3
Parameters: 0.999999 -0.000705967 0.000428411 0.000705034 0.999997 0.0022523 -0.000429589 -0.0022527 0.999998 0.0419225 0.00253048 -0.00822154
FixedParameters: 0 0 0

#Transform 171
Transform: AffineTransform_float_3_3
Parameters: 0.999999 -0.000706214 0.000428002 0.000704785 0.999995 0.0028313 -0.000429997 -0.0028317 0.999996 0.0419372 -0.00450902 0.00987939
FixedParameters: 0 0 0

#Transform 172
Transform: AffineTransform_float_3_3
Parameters: 0.999999 -0.000578038 0.000428603 0.000576963 0.999997 0.00241925 -0.000429397 -0.00241875 0.999997 0.0392334 0.000799558 -0.0167436
FixedParameters: 0 0 0

#Transform 173
Transform: AffineTransform_float_3_3
Parameters: 0.999999 -0.000742876 0.000428484 0.000742124 0.999997 0.00204132 -0.000429516 -0.00204168 0.999998 0.0427154 -0.0077151 -0.00278499
FixedParameters: 0 0 0

#Transform 174
Transform: AffineTransform_float_3_3
Parameters: 0.999999 -0.000691826 0.00042867 0.000690173 0.999998 0.0019243 -0.000430328 -0.0019237 0.999998 0.0443497 0.0275488 -0.0024577
FixedParameters: 0 0 0

#Transform 175
Transform: AffineTransform_float_3_3
Parameters: 0.999999 -0.000644483 0.000570329 0.000643518 0.999997 0.00259637 -0.000571673 -0.00259663 0.999997 0.0388993 -0.0188133 0.0267995
FixedParameters: 0 0 0

#Transform 176
Transform: AffineTransform_float_3_3
Parameters: 0.999999 -0.000623013 0.000428531 0.000621988 0.999997 0.00235927 -0.000429469 -0.00235973 0.999997 0.0402243 0.00664526 0.0108525
FixedParameters: 0 0 0

#Transform 177
Transform: AffineTransform_float_3_3
Parameters: 0.999999 -0.000830836 0.000428381 0.000830164 0.999998 0.00194936 -0.000429618 -0.00194864 0.999998 0.04462 -0.00492126 0.00229988
FixedParameters: 0 0 0

#Transform 178
Transform: AffineTransform_float_3_3
Parameters: 1 -0.000653249 0.000124701 0.00065275 0.999998 0.00198908 -0.000126299 -0.00198892 0.999998 0.0447103 0.0252634 -0.00851723
FixedParameters: 0 0 0

#Transform 179
Transform: AffineTransform_float_3_3
Parameters: 1 -0.000547457 0.000428143 0.000545543 0.999994 0.00339624 -0.000429855 -0.00339577 0.999994 0.0386327 -0.0177123 0.0504844
FixedParameters: 0 0 0

#Transform 180
Transform: AffineTransform_float_3_3
Parameters: 1 -0.000519433 0.000428267 0.000517568 0.999995 0.00334022 -0.000429731 -0.00333978 0.999995 0.0316468 -0.00214849 0.0405902
FixedParameters: 0 0 0

#Transform 181
Transform: AffineTransform_float_3_3
Parameters: 1 -0.000409204 0.000428854 0.000408795 0.999996 0.00280418 -0.000430148 -0.00280382 0.999996 0.0305909 -0.0128077 0.0285157
FixedParameters: 0 0 0

#Transform 182
Transform: AffineTransform_float_3_3
Parameters: 1 -0.000445093 0.000428868 0.000443906 0.999996 0.00254619 -0.000430132 -0.00254681 0.999996 0.029805 0.0147511 0.014791
FixedParameters: 0 0 0

#Transform 183
Transform: AffineTransform_float_3_3
Parameters: 0.999999 -0.000725264 0.000427863 0.000724735 0.999996 0.00294831 -0.000430138 -0.00294769 0.999995 0.0423747 0.00980091 0.0253308
FixedParameters: 0 0 0

#Transform 184
Transform: AffineTransform_float_3_3
Parameters: 0.999999 -0.000722106 0.00042814 0.000720895 0.999997 0.00257731 -0.000429859 -0.00257769 0.999996 0.0422097 0.00582428 0.0154026
FixedParameters: 0 0 0

#Transform 185
Transform: AffineTransform_float_3_3
Parameters: 0.999999 -0.000688196 0.000373806 0.000686803 0.999994 0.00319126 -0.000376193 -0.00319074 0.999995 0.0422678 -0.00424049 0.0283345
FixedParameters: 0 0 0

#Transform 186
Transform: AffineTransform_float_3_3
Parameters: 1 -0.000442502 0.000428454 0.0004405 0.999994 0.00349919 -0.000429544 -0.00349881 0.999994 0.0309101 -0.00807592 0.0348661
FixedParameters: 0 0 0

#Transform 187
Transform: AffineTransform_float_3_3
Parameters: 0.999999 -0.000550899 0.00067345 0.000549099 0.999996 0.00281737 -0.000675549 -0.00281663 0.999996 0.0354711 -0.016955 0.0208049
FixedParameters: 0 0 0

#Transform 188
Transform: AffineTransform_float_3_3
Parameters: 0.999999 -0.000661273 0.000428039 0.000660727 0.999996 0.00296828 -0.000429962 -0.00296772 0.999995 0.0411325 0.0126736 0.048509
FixedParameters: 0 0 0

#Transform 189
Transform: AffineTransform_float_3_3
Parameters: 0.999999 -0.000617152 0.000478517 0.000615846 0.999997 0.0024053 -0.000480482 -0.0024047 0.999997 0.0394628 0.0199944 0.0191436
FixedParameters: 0 0 0

#Transform 190
Transform: AffineTransform_float_3_3
Parameters: 0.999999 -0.000623085 0.000428426 0.000621916 0.999996 0.00252827 -0.000429574 -0.00252873 0.999996 0.0350322 0.0220564 0.0142543
FixedParameters: 0 0 0

#Transform 191
Transform: AffineTransform_float_3_3
Parameters: 1 -0.00048343 0.000428392 0.000481571 0.999995 0.00333221 -0.000429607 -0.0033318 0.999995 0.0303508 0.0080495 0.0144559
FixedParameters: 0 0 0

#Transform 192
Transform: AffineTransform_float_3_3
Parameters: 0.999999 -0.000635427 0.000427888 0.000634572 0.999995 0.00332827 -0.000430114 -0.00332773 0.999995 0.0351998 -0.0101782 0.0416158
FixedParameters: 0 0 0

#Transform 193
Transform: AffineTransform_float_3_3
Parameters: 0.999999 -0.000541553 0.000492297 0.000539448 0.999995 0.00314927 -0.000493701 -0.00314973 0.999995 0.0355411 -0.0039931 0.0261729
FixedParameters: 0 0 0

#Transform 194
Transform: AffineTransform_float_3_3
Parameters: 0.999999 -0.000457762 0.000546528 0.000456236 0.999994 0.00322025 -0.000548472 -0.00321975 0.999994 0.0274226 -0.00628282 0.0406823
FixedParameters: 0 0 0

#Transform 195
Transform: AffineTransform_float_3_3
Parameters: 1 -0.000454984 0.000428958 0.000454016 0.999998 0.0022922 -0.000430042 -0.00229181 0.999998 0.0304605 0.0215781 0.00220645
FixedParameters: 0 0 0

#Transform 196
Transform: AffineTransform_float_3_3
Parameters: 1 -0.000492242 0.000351266 0.000490759 0.999993 0.00352717 -0.000352733 -0.00352682 0.999993 0.0228543 0.00557266 0.0549432
FixedParameters: 0 0 0

#Transform 197
Transform: AffineTransform_float_3_3
Parameters: 1 -0.000437345 0.000428632 0.000436654 0.999995 0.00313319 -0.00043037 -0.00313281 0.999995 0.0307992 -0.00130764 0.028283
FixedParameters: 0 0 0

#Transform 198
Transform: AffineTransform_float_3_3
Parameters: 1 -0.000376318 0.000428847 0.000375682 0.999995 0.00306916 -0.000430155 -0.00306884 0.999995 0.0350659 -0.000413887 0.0336795
FixedParameters: 0 0 0

#Transform 199
Transform: AffineTransform_float_3_3
Parameters: 1 -0.000175628 0.000429338 0.000174374 0.999993 0.00378807 -0.000429663 -0.00378792 0.999992 0.0308871 -0.00079778 0.0541169
FixedParameters: 0 0 0

#Transform 200
Transform: AffineTransform_float_3_3
Parameters: 1 -0.000503186 0.000328189 0.000501811 0.999994 0.00360317 -0.00033081 -0.00360284 0.999994 0.0390079 -0.0175876 0.0576884
FixedParameters: 0 0 0

#Transform 201
Transform: AffineTransform_float_3_3
Parameters: 1 -7.44942e-05 0.000429744 7.25049e-05 0.999994 0.00347603 -0.000430255 -0.00347597 0.999994 0.0231209 0.00403464 0.0429459
FixedParameters: 0 0 0

#Transform 202
Transform: AffineTransform_float_3_3
Parameters: 1 -0.000303585 0.000428882 0.000301414 0.999993 0.00369213 -0.000430116 -0.00369187 0.999993 0.0255903 -0.0255812 0.0631808
FixedParameters: 0 0 0

#Transform 203
Transform: AffineTransform_float_3_3
Parameters: 1 -0.00015127 0.000357465 0.000149732 0.999993 0.00355005 -0.000357534 -0.00354994 0.999993 0.0219814 -0.00597966 0.0547926
FixedParameters: 0 0 0

#Transform 204
Transform: AffineTransform_float_3_3
Parameters: 1 -0.000451406 0.000428523 0.000450595 0.999994 0.00327719 -0.000429479 -0.0032768 0.999994 0.0292779 -0.00943883 0.0490885
FixedParameters: 0 0 0

#Transform 205
Transform: AffineTransform_float_3_3
Parameters: 1 -0.00038707 0.000429037 0.00038693 0.999997 0.00249117 -0.000429965 -0.00249083 0.999997 0.035316 0.0291951 0.0200473
FixedParameters: 0 0 0

#Transform 206
Transform: AffineTransform_float_3_3
Parameters: 0.999999 -0.000801191 0.000427775 0.000799807 0.999996 0.00277934 -0.000430224 -0.00277866 0.999996 0.0439546 0.00631462 0.0353378
FixedParameters: 0 0 0

#Transform 207
Transform: AffineTransform_float_3_3
Parameters: 0.999999 -0.000597647 0.000427708 0.000596352 0.999993 0.00384026 -0.000430293 -0.00383975 0.999993 0.0397217 0.00438298 0.0701402
FixedParameters: 0 0 0

#Transform 208
Transform: AffineTransform_float_3_3
Parameters: 0.999999 -0.000629413 0.00042793 0.000628588 0.999995 0.00329227 -0.000430072 -0.00329273 0.999994 0.035652 -0.0152662 0.0494826
FixedParameters: 0 0 0

#Transform 209
Transform: AffineTransform_float_3_3
Parameters: 1 -0.000410598 0.000428474 0.000409403 0.999993 0.00372418 -0.000429527 -0.00372382 0.999993 0.0229662 -0.00844447 0.0584995
FixedParameters: 0 0 0

#Transform 210
Transform: AffineTransform_float_3_3
Parameters: 1 -0.000466311 0.000374372 0.00046469 0.999994 0.00349517 -0.000375626 -0.00349482 0.999994 0.0298713 -0.00878647 0.0508302
FixedParameters: 0 0 0

#Transform 211
Transform: AffineTransform_float_3_3
Parameters: 1 -0.000357397 0.000359618 0.000355606 0.999993 0.00387613 -0.000360381 -0.00387587 0.999993 0.0211761 -0.00871847 0.0718727
FixedParameters: 0 0 0

#Transform 212
Transform: AffineTransform_float_3_3
Parameters: 0.999999 -0.000801066 0.000363661 0.000799933 0.999996 0.00292129 -0.000366338 -0.00292071 0.999995 0.0394302 0.00814335 0.0418425
FixedParameters: 0 0 0

#Transform 213
Transform: AffineTransform_float_3_3
Parameters: 1 -0.000411666 0.000428406 0.000409336 0.999993 0.00388118 -0.000429592 -0.00388083 0.999993 0.0233427 0.0061297 0.0775642
FixedParameters: 0 0 0

#Transform 214
Transform: AffineTransform_float_3_3
Parameters: 1 -0.000534507 0.000428124 0.000533492 0.999993 0.00351423 -0.000429877 -0.00351377 0.999993 0.0251505 -0.000740473 0.0502622
FixedParameters: 0 0 0

#Transform 215
Transform: AffineTransform_float_3_3
Parameters: 1 -0.00017802 0.000243257 0.000176981 0.999991 0.00418705 -0.000243743 -0.00418696 0.999991 0.0151942 0.00274938 0.0422242
FixedParameters: 0 0 0

#Transform 216
Transform: AffineTransform_float_3_3
Parameters: 1 -0.000412673 0.000483577 0.000411329 0.999994 0.0034542 -0.000484423 -0.0034538 0.999994 0.0199246 -0.00341984 0.0279924
FixedParameters: 0 0 0

#Transform 217
Transform: AffineTransform_float_3_3
Parameters: 1 -0.000435508 0.000428472 0.000433494 0.999993 0.00351318 -0.000429525 -0.00351281 0.999993 0.0244581 0.0158383 0.0207379
FixedParameters: 0 0 0

#Transform 218
Transform: AffineTransform_float_3_3
Parameters: 0.999999 -0.000619428 0.000427941 0.000618572 0.999995 0.00332827 -0.000430062 -0.00332874 0.999995 0.0322094 0.00187429 0.00847199
FixedParameters: 0 0 0

#Transform 219
Transform: AffineTransform_float_3_3
Parameters: 1 -0.000466528 0.000428341 0.000465472 0.999993 0.0035622 -0.00042966 -0.0035618 0.999993 0.0232624 0.0153593 0.02729
FixedParameters: 0 0 0

#Transform 220
Transform: AffineTransform_float_3_3
Parameters: 1 -0.000399004 0.000251413 0.000397997 0.999992 0.0039821 -0.000252587 -0.0039819 0.999992 0.0275026 -0.0117138 0.0402029
FixedParameters: 0 0 0

#Transform 221
Transform: AffineTransform_float_3_3
Parameters: 1 -0.000158897 0.000429303 0.000157104 0.99999 0.00441507 -0.000429698 -0.00441493 0.99999 0.0115751 -0.0096628 0.0618035
FixedParameters: 0 0 0

#Transform 222
Transform: AffineTransform_float_3_3
Parameters: 1 -0.000234876 0.000428978 0.000233124 0.999991 0.0043681 -0.000430022 -0.0043679 0.999991 0.0133686 -0.00852551 0.051442
FixedParameters: 0 0 0

#Transform 223
Transform: AffineTransform_float_3_3
Parameters: 1 -0.000252901 0.000428885 0.000251099 0.99999 0.00442611 -0.000430116 -0.00442589 0.99999 0.0118929 -0.012901 0.0705473
FixedParameters: 0 0 0

#Transform 224
Transform: AffineTransform_float_3_3
Parameters: 1 -0.000395436 0.000333303 0.000393561 0.99999 0.00429813 -0.000335694 -0.00429787 0.99999 0.0206265 -0.0197232 0.0627712
FixedParameters: 0 0 0

#Transform 225
Transform: AffineTransform_float_3_3
Parameters: 1 -0.000294131 0.000235595 0.000292873 0.999989 0.00478407 -0.000236404 -0.00478393 0.999988 0.0195381 -0.00550445 0.0580515
FixedParameters: 0 0 0

#Transform 226
Transform: AffineTransform_float_3_3
Parameters: 1 -0.000298305 0.000315773 0.000296695 0.999992 0.0041231 -0.000317226 -0.00412291 0.999992 0.0215103 -0.00972177 0.0399576
FixedParameters: 0 0 0

#Transform 227
Transform: AffineTransform_float_3_3
Parameters: 1 -0.000270879 0.000428819 0.00026812 0.999991 0.00437612 -0.000430177 -0.00437589 0.999991 0.0162158 -0.0155247 0.0498172
FixedParameters: 0 0 0

#Transform 228
Transform: AffineTransform_float_3_3
Parameters: 1 -0.000253353 0.000307892 0.000252647 0.999991 0.00438608 -0.000309111 -0.00438593 0.999991 0.0189191 -0.020708 0.0499233
FixedParameters: 0 0 0

#Transform 229
Transform: AffineTransform_float_3_3
Parameters: 0.999999 -0.000597674 0.00042767 0.000595325 0.999992 0.00390326 -0.000430327 -0.00390275 0.999993 0.0281738 0.000239981 0.0250523
FixedParameters: 0 0 0

#Transform 230
Transform: AffineTransform_float_3_3
Parameters: 1 -0.000412334 0.000319285 0.000411667 0.999991 0.00416613 -0.000320718 -0.00416587 0.999992 0.0268892 0.00588895 0.0398097
FixedParameters: 0 0 0

#Transform 231
Transform: AffineTransform_float_3_3
Parameters: 1 -0.000318421 0.000327624 0.000316577 0.99999 0.0043301 -0.000329374 -0.00432989 0.99999 0.0229253 -0.0133863 0.0486593
FixedParameters: 0 0 0

#Transform 232
Transform: AffineTransform_float_3_3
Parameters: 1 -0.000320164 0.000278668 0.000318835 0.999992 0.00416709 -0.000280331 -0.00416691 0.999992 0.0269945 -0.0217116 0.0414687
FixedParameters: 0 0 0

#Transform 233
Transform: AffineTransform_float_3_3
Parameters: 1 -0.000384897 0.000428303 0.000383104 0.99999 0.00442117 -0.000429698 -0.00442084 0.99999 0.0209946 -0.0203874 0.0670079
FixedParameters: 0 0 0

#Transform 234
Transform: AffineTransform_float_3_3
Parameters: 1 -0.000352798 0.000428526 0.000351204 0.999991 0.00418815 -0.000429475 -0.00418885 0.999991 0.0242821 -0.00688696 0.0457288
FixedParameters: 0 0 0

#Transform 235
Transform: AffineTransform_float_3_3
Parameters: 1 -0.000389836 0.000428336 0.000388165 0.999991 0.00427816 -0.000429664 -0.00427783 0.999991 0.0174072 -0.0120201 0.0476357
FixedParameters: 0 0 0

#Transform 236
Transform: AffineTransform_float_3_3
Parameters: 1 -0.000460738 0.000428137 0.000459263 0.999991 0.00405019 -0.000429864 -0.0040508 0.999991 0.0289454 0.00195888 0.0297921
FixedParameters: 0 0 0

#Transform 237
Transform: AffineTransform_float_3_3
Parameters: 1 -0.000516866 0.000427756 0.000515133 0.999991 0.00435023 -0.000430245 -0.00434978 0.999991 0.0279913 -0.0106849 0.0587028
FixedParameters: 0 0 0

#Transform 238
Transform: AffineTransform_float_3_3
Parameters: 1 -0.000419506 0.000359249 0.000417491 0.999991 0.00418215 -0.000361749 -0.00418185 0.999991 0.0245833 -0.00572582 0.045677
FixedParameters: 0 0 0

#Transform 239
Transform: AffineTransform_float_3_3
Parameters: 1 -0.000365795 0.000428474 0.000364207 0.999991 0.00418216 -0.000429527 -0.00418185 0.999991 0.0212307 -0.0147887 0.0498786
FixedParameters: 0 0 0

#Transform 240
Transform: AffineTransform_float_3_3
Parameters: 0.999999 -0.000624498 0.000505153 0.000622501 0.999995 0.00296132 -0.000506845 -0.00296068 0.999996 0.0253285 0.0139347 0.000854616
FixedParameters: 0 0 0

#Transform 241
Transform: AffineTransform_float_3_3
Parameters: 0.999999 -0.000674718 0.000427298 0.000673282 0.999991 0.00400929 -0.000429702 -0.00400871 0.999992 0.0272171 -0.00235019 0.0316928
FixedParameters: 0 0 0

#Transform 242
Transform: AffineTransform_float_3_3
Parameters: 0.999999 -0.000658687 0.000427411 0.000657314 0.999992 0.00393628 -0.00042959 -0.00393572 0.999992 0.0269435 0.0122675 0.0212453
FixedParameters: 0 0 0

#Transform 243
Transform: AffineTransform_float_3_3
Parameters: 0.999999 -0.000801536 0.00042713 0.000799464 0.999994 0.00358435 -0.000429868 -0.00358366 0.999994 0.0328906 0.00352607 0.0139101
FixedParameters: 0 0 0

#Transform 244
Transform: AffineTransform_float_3_3
Parameters: 0.999999 -0.000696593 0.000427414 0.000695408 0.999993 0.0037163 -0.000429588 -0.0037167 0.999993 0.0271231 0.00959814 0.0165374
FixedParameters: 0 0 0

#Transform 245
Transform: AffineTransform_float_3_3
Parameters: 0.999999 -0.000584975 0.000427309 0.000583026 0.999989 0.00460825 -0.000429691 -0.00460775 0.99999 0.0260705 -0.0172067 0.0560799
FixedParameters: 0 0 0

#Transform 246
Transform: AffineTransform_float_3_3
Parameters: 1 -0.00040659 0.000428496 0.000404411 0.999993 0.00370517 -0.000429501 -0.00370483 0.999993 0.0195687 -0.00218077 0.0164172
FixedParameters: 0 0 0

#Transform 247
Transform: AffineTransform_float_3_3
Parameters: 0.999999 -0.000622602 0.000427677 0.000621397 0.999993 0.00373527 -0.000430324 -0.00373573 0.999993 0.0287956 -0.0155767 0.017099
FixedParameters: 0 0 0

#Transform 248
Transform: AffineTransform_float_3_3
Parameters: 1 -0.000497638 0.000428102 0.000496361 0.999992 0.00381921 -0.000429898 -0.00381878 0.999992 0.0233084 0.00838808 0.0187572
FixedParameters: 0 0 0

#Transform 249
Transform: AffineTransform_float_3_3
Parameters: 0.999999 -0.000801574 0.000427058 0.000799425 0.999993 0.00367434 -0.00042994 -0.00367366 0.999993 0.0321032 0.00244707 0.0157866
FixedParameters: 0 0 0

#Transform 250
Transform: AffineTransform_float_3_3
Parameters: 0.999999 -0.000586602 0.000427812 0.000585397 0.999993 0.00373425 -0.000430189 -0.00373475 0.999993 0.027186 0.00362668 0.0193298
FixedParameters: 0 0 0

#Transform 251
Transform: AffineTransform_float_3_3
Parameters: 0.999999 -0.000635992 0.000427047 0.000634007 0.999989 0.00465027 -0.000429953 -0.00464973 0.999989 0.0295178 -0.0272555 0.0513769
FixedParameters: 0 0 0

#Transform 252
Transform: AffineTransform_float_3_3
Parameters: 1 -0.000448995 0.000427917 0.000447005 0.999989 0.00465019 -0.000430083 -0.00464981 0.999989 0.0182608 -0.00972561 0.0363204
FixedParameters: 0 0 0

#Transform 253
Transform: AffineTransform_float_3_3
Parameters: 1 -0.000328921 0.000428532 0.000327081 0.99999 0.00447614 -0.000429468 -0.00447586 0.99999 0.0200148 -0.0311347 0.0412762
FixedParameters: 0 0 0

#Transform 254
Transform: AffineTransform_float_3_3
Parameters: 1 -0.000436184 0.0004991 0.000433817 0.999991 0.00436722 -0.000500899 -0.00436679 0.999991 0.0139908 -0.00806249 0.03301
FixedParameters: 0 0 0

#Transform 255
Transform: AffineTransform_float_3_3
Parameters: 1 -0.000385629 0.000368302 0.000383368 0.99999 0.00441314 -0.000370695 -0.00441286 0.99999 0.018257 -0.0384598 0.0479673
FixedParameters: 0 0 0

#Transform 256
Transform: AffineTransform_float_3_3
Parameters: 1 -0.000364875 0.00042841 0.000363127 0.999991 0.00436916 -0.000429591 -0.00436885 0.999991 0.0167939 -0.0195299 0.0375653
FixedParameters: 0 0 0

#Transform 257
Transform: AffineTransform_float_3_3
Parameters: 1 -0.0005307 0.0004279 0.000528299 0.999992 0.00396423 -0.000430097 -0.00396377 0.999992 0.0240324 -0.0303882 0.0294917
FixedParameters: 0 0 0

#Transform 258
Transform: AffineTransform_float_3_3
Parameters: 1 -0.00045436 0.000355267 0.000452641 0.999992 0.00381916 -0.000356731 -0.00381884 0.999992 0.0264591 0.00278997 0.0186943
FixedParameters: 0 0 0

#Transform 259
Transform: AffineTransform_float_3_3
Parameters: 1 -0.000467808 0.000428032 0.000465192 0.999991 0.0042142 -0.000429964 -0.0042138 0.999991 0.0244887 -0.0205286 0.0398858
FixedParameters: 0 0 0

#Transform 260
Transform: AffineTransform_float_3_3
Parameters: 1 -0.000487641 0.000428137 0.000486359 0.999992 0.00382621 -0.000429864 -0.00382579 0.999992 0.0279821 -0.00325825 0.0190102
FixedParameters: 0 0 0

#Transform 261
Transform: AffineTransform_float_3_3
Parameters: 1 -0.000438558 0.000358101 0.000436443 0.999991 0.00433716 -0.000359896 -0.00433784 0.99999 0.0282946 -0.00530742 0.0374668
FixedParameters: 0 0 0

#Transform 262
Transform: AffineTransform_float_3_3
Parameters: 1 -0.000336863 0.000428542 0.000335139 0.99999 0.00434114 -0.000429459 -0.00434086 0.999991 0.0285477 -0.0200317 0.0359628
FixedParameters: 0 0 0

#Transform 263
Transform: AffineTransform_float_3_3
Parameters: 1 -0.000177851 0.000429237 0.00017615 0.99999 0.00430907 -0.000429763 -0.00430892 0.99999 0.0183833 -0.00962528 0.0291702
FixedParameters: 0 0 0

#Transform 264
Transform: AffineTransform_float_3_3
Parameters: 1 -0.000295747 0.0004288 0.000293252 0.999991 0.00406812 -0.000430197 -0.00406887 0.999991 0.024015 -0.0226849 0.0410948
FixedParameters: 0 0 0

#Transform 265
Transform: AffineTransform_float_3_3
Parameters: 1 -0.000243396 0.000504852 0.000241608 0.999988 0.00474012 -0.000505151 -0.00473987 0.999988 0.0191339 -0.0032408 0.0672085
FixedParameters: 0 0 0

#Transform 266
Transform: AffineTransform_float_3_3
Parameters: 1 -0.000350812 0.000428523 0.00034919 0.999991 0.00422115 -0.000429478 -0.00422085 0.999991 0.0170357 -0.0210615 0.050606
FixedParameters: 0 0 0

#Transform 267
Transform: AffineTransform_float_3_3
Parameters: 1 -0.000350921 0.000428433 0.000349081 0.99999 0.00447615 -0.000429567 -0.00447585 0.99999 0.0210177 -0.00403577 0.0620977
FixedParameters: 0 0 0

#Transform 268
Transform: AffineTransform_float_3_3
Parameters: 1 -0.000351022 0.000428351 0.00034898 0.999989 0.00471115 -0.000429649 -0.00471085 0.999989 0.0171325 -0.0337987 0.0769245
FixedParameters: 0 0 0

#Transform 269
Transform: AffineTransform_float_3_3
Parameters: 1 -0.000350616 0.000428683 0.000348382 0.999993 0.00376515 -0.000430315 -0.00376485 0.999993 0.0280337 0.00407207 0.0408397
FixedParameters: 0 0 0

#Transform 270
Transform: AffineTransform_float_3_3
Parameters: 0.999999 -0.000352157 0.000658321 0.000348845 0.999989 0.00478923 -0.000659678 -0.00478877 0.999989 0.0214753 -0.0224229 0.0855365
FixedParameters: 0 0 0

#Transform 271
Transform: AffineTransform_float_3_3
Parameters: 1 -0.000197825 0.000561012 0.000195175 0.999988 0.00503111 -0.000561989 -0.00503089 0.999987 0.0223401 -0.0237635 0.0676714
FixedParameters: 0 0 0

#Transform 272
Transform: AffineTransform_float_3_3
Parameters: 0.999999 -0.000218381 0.000733001 0.000215619 0.99999 0.00460916 -0.000734001 -0.00460884 0.999989 0.0130089 -0.0163737 0.0589035
FixedParameters: 0 0 0

#Transform 273
Transform: AffineTransform_float_3_3
Parameters: 0.999999 -0.000352437 0.000660706 0.000349562 0.999993 0.00368523 -0.000662292 -0.00368477 0.999993 0.0206038 0.0162837 0.0311634
FixedParameters: 0 0 0

#Transform 274
Transform: AffineTransform_float_3_3
Parameters: 1 -0.000356117 0.000428248 0.000354884 0.999988 0.00493415 -0.000429756 -0.00493385 0.999987 0.0252371 -0.0147803 0.0842331
FixedParameters: 0 0 0

#Transform 275
Transform: AffineTransform_float_3_3
Parameters: 0.999999 -0.000518414 0.000825867 0.000515586 0.999992 0.00412843 -0.000828136 -0.00412857 0.999991 0.0253526 -0.00365447 0.0165449
FixedParameters: 0 0 0

#Transform 276
Transform: AffineTransform_float_3_3
Parameters: 0.999999 -0.000501408 0.000672472 0.000497594 0.999987 0.00505934 -0.000674526 -0.00505866 0.999987 0.0184099 -0.0238598 0.0360927
FixedParameters: 0 0 0

#Transform 277
Transform: AffineTransform_float_3_3
Parameters: 1 -0.000581035 0.000960572 0.000576964 0.999991 0.00419456 -0.000963429 -0.00419444 0.99999 0.0274289 0.0133177 0.0132502
FixedParameters: 0 0 0

#Transform 278
Transform: AffineTransform_float_3_3
Parameters: 0.999999 -0.000725637 0.000767578 0.000722365 0.999988 0.00472856 -0.000770424 -0.00472844 0.999989 0.0318656 -0.0171649 0.0291278
FixedParameters: 0 0 0

#Transform 279
Transform: AffineTransform_float_3_3
Parameters: 0.999999 -0.000658699 0.000644251 0.000656301 0.999991 0.00418142 -0.000646749 -0.00418058 0.999991 0.0354991 0.00385043 0.00128056
FixedParameters: 0 0 0

#Transform 280
Transform: AffineTransform_float_3_3
Parameters: 1 -0.000671261 0.000721983 0.00066774 0.999989 0.00450648 -0.000725017 -0.00450651 0.999989 0.0307315 -0.0226737 0.024423
FixedParameters: 0 0 0

#Transform 281
Transform: AffineTransform_float_3_3
Parameters: 0.999999 -0.000541039 0.00063944 0.000537957 0.999988 0.00474434 -0.000642559 -0.00474365 0.999988 0.028437 -0.00948768 0.0168367
FixedParameters: 0 0 0

#Transform 282
Transform: AffineTransform_float_3_3
Parameters: 1 -0.000322445 0.000594143 0.000319556 0.999983 0.00578919 -0.00059586 -0.00578881 0.999983 0.0151378 -0.0338097 0.0780959
FixedParameters: 0 0 0

#Transform 283
Transform: AffineTransform_float_3_3
Parameters: 0.999999 -0.000227859 0.000814931 0.000224141 0.999989 0.00473219 -0.00081607 -0.00473182 0.999989 0.0226294 -0.00145412 0.0503517
FixedParameters: 0 0 0

#Transform 284
Transform: AffineTransform_float_3_3
Parameters: 0.999999 -0.000276414 0.00077043 0.000271588 0.999983 0.00572421 -0.000771567 -0.00572379 0.999984 0.0192959 -0.0206374 0.0690712
FixedParameters: 0 0 0

#Transform 285
Transform: AffineTransform_float_3_3
Parameters: 1 -0.000272442 0.000262511 0.000271561 0.999985 0.00547807 -0.000263492 -0.00547793 0.999985 0.01724 -0.0153944 0.0285125
FixedParameters: 0 0 0

#Transform 286
Transform: AffineTransform_float_3_3
Parameters: 1 -0.000275532 0.00026743 0.000273471 0.999984 0.00571208 -0.000268566 -0.00571193 0.999983 0.0224247 -0.0130909 0.0223558
FixedParameters: 0 0 0

#Transform 287
Transform: AffineTransform_float_3_3
Parameters: 1 -0.000390139 2.38254e-05 0.00038986 0.999985 0.00557501 -2.61739e-05 -0.00557499 0.999985 0.0303038 -0.0036192 0.011229
FixedParameters: 0 0 0

#Transform 288
Transform: AffineTransform_float_3_3
Parameters: 1 -0.000300325 5.21603e-05 0.000300676 0.999981 0.00612902 -5.38439e-05 -0.00612899 0.999981 0.0218302 -0.0281052 0.0379355
FixedParameters: 0 0 0

#Transform 289
Transform: AffineTransform_float_3_3
Parameters: 1 -0.000272496 8.44139e-05 0.000272506 0.999983 0.00582602 -8.55891e-05 -0.00582598 0.999983 0.0245047 -0.0188181 0.0276336
FixedParameters: 0 0 0

#Transform 290
Transform: AffineTransform_float_3_3
Parameters: 1 -0.000315947 -0.000159107 0.000317052 0.999978 0.00665895 0.000156892 -0.00665905 0.999978 0.0143444 -0.0256906 0.0608034
FixedParameters: 0 0 0

#Transform 291
Transform: AffineTransform_float_3_3
Parameters: 1 -0.000318663 -5.78882e-05 0.000319332 0.999983 0.00592199 5.51099e-05 -0.00592202 0.999983 0.0131162 -0.00524493 0.041155
FixedParameters: 0 0 0

#Transform 292
Transform: AffineTransform_float_3_3
Parameters: 1 -0.000277744 0.000118269 0.000277258 0.999981 0.00624003 -0.000119732 -0.00623997 0.99998 0.0134591 -0.0419482 0.0586982
FixedParameters: 0 0 0

#Transform 293
Transform: AffineTransform_float_3_3
Parameters: 1 -0.000257214 3.65265e-05 0.000256784 0.999984 0.00573101 -3.84722e-05 -0.00573099 0.999983 0.0105448 -0.0179866 0.0254813
FixedParameters: 0 0 0

#Transform 294
Transform: AffineTransform_float_3_3
Parameters: 1 -0.000267049 7.40131e-06 0.000266953 0.999982 0.005987 -8.5984e-06 -0.005987 0.999982 0.0112047 -0.0257837 0.0529272
FixedParameters: 0 0 0

#Transform 295
Transform: AffineTransform_float_3_3
Parameters: 1 -0.000288937 0.000167393 0.000288065 0.999985 0.00557205 -0.000168608 -0.00557195 0.999984 0.015512 -0.012264 0.0126093
FixedParameters: 0 0 0

#Transform 296
Transform: AffineTransform_float_3_3
Parameters: 1 -0.000522108 0.000427438 0.000519894 0.999988 0.00491722 -0.000429561 -0.00491677 0.999988 0.0197224 -0.00448017 -0.00829656
FixedParameters: 0 0 0

#Transform 297
Transform: AffineTransform_float_3_3
Parameters: 1 -0.000433824 0.00014455 0.000433173 0.999984 0.00565206 -0.000147451 -0.00565194 0.999984 0.0251218 -0.00259207 0.0142724
FixedParameters: 0 0 0

#Transform 298
Transform: AffineTransform_float_3_3
Parameters: 1 -0.000233225 3.55535e-05 0.000232778 0.99998 0.00620501 -3.64451e-05 -0.00620499 0.99998 0.0101072 -0.0327797 0.0392465
FixedParameters: 0 0 0

#Transform 299
Transform: AffineTransform_float_3_3
Parameters: 1 -0.000214014 1.77908e-06 0.000213985 0.999983 0.005705 -3.22084e-06 -0.005705 0.999983 0.0163423 -0.0204545 0.0116191
FixedParameters: 0 0 0

#Transform 300
Transform: AffineTransform_float_3_3
Parameters: 1 -0.000250277 4.8595e-05 0.000249726 0.999984 0.00561701 -4.94035e-05 -0.00561699 0.999984 0.0102825 -0.0242209 0.0169885
FixedParameters: 0 0 0

#Transform 301
Transform: AffineTransform_float_3_3
Parameters: 1 -0.00024728 0.000252754 0.000246719 0.999987 0.00505106 -0.000254249 -0.00505094 0.999987 0.0169372 -0.00357963 0.00668241
FixedParameters: 0 0 0

#Transform 302
Transform: AffineTransform_float_3_3
Parameters: 1 -0.000182469 -8.41604e-05 0.000183536 0.99998 0.00634998 8.38362e-05 -0.00635001 0.99998 0.0161088 -0.0359567 0.0579821
FixedParameters: 0 0 0

#Transform 303
Transform: AffineTransform_float_3_3
Parameters: 1 -0.000157323 5.50864e-05 0.000156678 0.999983 0.00581301 -5.59117e-05 -0.00581299 0.999983 0.0161248 -0.0378462 0.00773591
FixedParameters: 0 0 0

#Transform 304
Transform: AffineTransform_float_3_3
Parameters: 1 -0.000163 -0.000159031 0.000164 0.99998 0.00630798 0.000157969 -0.00630803 0.99998 0.0110981 -0.0334591 0.05834
FixedParameters: 0 0 0

#Transform 305
Transform: AffineTransform_float_3_3
Parameters: 1 -0.000217505 -8.03514e-05 0.000217498 0.99998 0.00620598 7.96517e-05 -0.00620601 0.99998 0.0112498 -0.0256253 0.0336343
FixedParameters: 0 0 0

#Transform 306
Transform: AffineTransform_float_3_3
Parameters: 1 4.58532e-05 0.000430234 -4.71455e-05 0.999987 0.00499098 -0.00042977 -0.00499102 0.999988 -0.000808983 -0.0369899 0.0332253
FixedParameters: 0 0 0

#Transform 307
Transform: AffineTransform_float_3_3
Parameters: 0.999998 3.49911e-05 0.0015942 -4.30078e-05 0.999988 0.00502394 -0.0015938 -0.00502406 0.999986 -0.0321314 -0.010527 0.135164
FixedParameters: 0 0 0

#Transform 308
Transform: AffineTransform_float_3_3
Parameters: 0.999999 -0.000259043 0.000809031 0.000255957 0.999993 0.00375921 -0.000809967 -0.00375879 0.999992 -0.00368504 0.0526009 0.0721769
FixedParameters: 0 0 0

#Transform 309
Transform: AffineTransform_float_3_3
Parameters: 0.999999 -0.000179928 0.000759312 0.000177073 0.999992 0.00385513 -0.000759688 -0.00385486 0.999993 -0.00510839 0.011834 0.0871857
FixedParameters: 0 0 0

#Transform 310
Transform: AffineTransform_float_3_3
Parameters: 0.999999 -0.000172374 0.000717434 0.000169624 0.999994 0.00330812 -0.000718565 -0.00330788 0.999995 -0.000780204 0.0399674 0.0646626
FixedParameters: 0 0 0

#Transform 311
Transform: AffineTransform_float_3_3
Parameters: 1 -9.55575e-05 0.000470687 9.34413e-05 0.999994 0.00330804 -0.000471312 -0.00330796 0.999995 -0.00616541 0.0252202 0.0758407
FixedParameters: 0 0 0

#Transform 312
Transform: AffineTransform_float_3_3
Parameters: 1 0.000109488 0.000471353 -0.00011051 0.999995 0.00320795 -0.000470648 -0.00320805 0.999994 0.00183407 0.0389642 0.0487627
FixedParameters: 0 0 0

#Transform 313
Transform: AffineTransform_float_3_3
Parameters: 1 8.02421e-05 0.000245249 -8.17603e-05 0.999995 0.00309198 -0.000245748 -0.00309202 0.999995 -0.00443964 0.0343572 0.0422535
FixedParameters: 0 0 0

#Transform 314
Transform: AffineTransform_float_3_3
Parameters: 1 -0.000325351 -0.000240879 0.000326647 0.999997 0.00269892 0.000239119 -0.00269908 0.999997 0.00186165 0.0208618 0.0441405
FixedParameters: 0 0 0

#Transform 315
Transform: AffineTransform_float_3_3
Parameters: 1 -0.000315687 -0.00013374 0.000316313 0.999997 0.00234396 0.000133259 -0.00234404 0.999997 -0.00231541 0.0107601 0.0485054
FixedParameters: 0 0 0

#Transform 316
Transform: AffineTransform_float_3_3
Parameters: 1 7.67255e-06 -0.000693976 -5.32734e-06 0.999992 0.003851 0.000694026 -0.003851 0.999993 -0.00958317 -0.00841097 0.120482
FixedParameters: 0 0 0

#Transform 317
Transform: AffineTransform_float_3_3
Parameters: 1 -0.000120533 -0.000206273 0.000120466 0.999998 0.00226398 0.000205728 -0.00226403 0.999998 -0.0055514 0.0496524 0.0394616
FixedParameters: 0 0 0

#Transform 318
Transform: AffineTransform_float_3_3
Parameters: 1 -0.000100839 -6.62464e-05 0.000101161 0.999997 0.00244199 6.57532e-05 -0.00244201 0.999997 -0.00776742 0.0260578 0.061595
FixedParameters: 0 0 0

#Transform 319
Transform: AffineTransform_float_3_3
Parameters: 1 -9.9717e-05 -0.000121233 0.000100283 0.999998 0.00233699 0.000120766 -0.00233701 0.999998 -0.00706942 0.057827 0.0427683
FixedParameters: 0 0 0

#Transform 320
Transform: AffineTransform_float_3_3
Parameters: 1 -9.07915e-05 -8.62201e-05 9.12079e-05 0.999997 0.00242099 8.57794e-05 -0.00242101 0.999997 -0.00764007 0.0253765 0.0617888
FixedParameters: 0 0 0

#Transform 321
Transform: AffineTransform_float_3_3
Parameters: 1 -5.28651e-05 -4.91455e-05 5.31345e-05 0.999996 0.002749 4.88541e-05 -0.002749 0.999996 -0.00897939 0.0471949 0.0781459
FixedParameters: 0 0 0

#Transform 322
Transform: AffineTransform_float_3_3
Parameters: 1 -6.40045e-05 1.85267e-06 6.39952e-05 0.999998 0.002302 -2.14732e-06 -0.002302 0.999998 -0.00936645 0.0329349 0.0638709
FixedParameters: 0 0 0

#Transform 323
Transform: AffineTransform_float_3_3
Parameters: 1 0.000102294 -9.46839e-05 -0.000102706 0.999995 0.00309501 9.53183e-05 -0.00309499 0.999995 -0.0116806 0.0111323 0.0943931
FixedParameters: 0 0 0

#Transform 324
Transform: AffineTransform_float_3_3
Parameters: 1 2.4138e-05 -5.79427e-05 -2.38619e-05 0.999997 0.00238 5.8057e-05 -0.00238 0.999997 -0.0104409 0.0251882 0.0573261
FixedParameters: 0 0 0

#Transform 325
Transform: AffineTransform_float_3_3
Parameters: 1 9.21667e-05 -5.87392e-05 -9.18325e-05 0.999996 0.00283201 5.92603e-05 -0.00283199 0.999996 -0.0199254 0.0194244 0.0749301
FixedParameters: 0 0 0

#Transform 326
Transform: AffineTransform_float_3_3
Parameters: 1 9.24667e-05 -0.000215801 -9.15328e-05 0.999997 0.00216202 0.000216198 -0.00216198 0.999997 -0.00986022 0.0404412 0.0518548
FixedParameters: 0 0 0

#Transform 327
Transform: AffineTransform_float_3_3
Parameters: 1 8.30342e-06 -0.00012298 -8.69653e-06 0.999997 0.002467 0.000123022 -0.002467 0.999997 -0.0183882 0.00669229 0.0791931
FixedParameters: 0 0 0

#Transform 328
Transform: AffineTransform_float_3_3
Parameters: 1 9.22565e-05 -0.000120804 -9.17451e-05 0.999997 0.00212201 0.000120195 -0.00212199 0.999997 -0.0111237 0.0429489 0.0540668
FixedParameters: 0 0 0

#Transform 329
Transform: AffineTransform_float_3_3
Parameters: 1 9.23111e-05 -0.000121765 -9.16882e-05 0.999996 0.00255301 0.000122234 -0.00255299 0.999996 -0.011081 0.00345383 0.0690387
FixedParameters: 0 0 0

#Transform 330
Transform: AffineTransform_float_3_3
Parameters: 1 9.22584e-05 -0.000109783 -9.17412e-05 0.999997 0.00235101 0.000110216 -0.00235099 0.999997 -0.0112028 0.0472199 0.0558673
FixedParameters: 0 0 0

#Transform 331
Transform: AffineTransform_float_3_3
Parameters: 1 9.24007e-05 -0.000152758 -9.16012e-05 0.999996 0.00262101 0.000152241 -0.00262098 0.999996 -0.0162572 0.0231899 0.0703969
FixedParameters: 0 0 0

#Transform 332
Transform: AffineTransform_float_3_3
Parameters: 1 0.000189465 -0.000188534 -0.000189534 0.999997 0.00246404 0.000189468 -0.00246396 0.999997 -0.0123222 0.0472198 0.0621213
FixedParameters: 0 0 0

#Transform 333
Transform: AffineTransform_float_3_3
Parameters: 1 9.26157e-05 -0.000255778 -9.13862e-05 0.999997 0.00240602 0.000255221 -0.00240598 0.999997 -0.0142727 0.0109767 0.0658763
FixedParameters: 0 0 0

#Transform 334
Transform: AffineTransform_float_3_3
Parameters: 1 9.24828e-05 -0.000203782 -9.15167e-05 0.999997 0.00236802 0.000204217 -0.00236798 0.999997 -0.0186246 0.0423091 0.0624205
FixedParameters: 0 0 0

#Transform 335
Transform: AffineTransform_float_3_3
Parameters: 1 9.2773e-05 -0.000278744 -9.22263e-05 0.999996 0.00277203 0.000279257 -0.00277197 0.999996 -0.0155447 0.0100241 0.0886024
FixedParameters: 0 0 0

#Transform 336
Transform: AffineTransform_float_3_3
Parameters: 1 9.24871e-05 -0.000199775 -9.15123e-05 0.999997 0.00243702 0.000200224 -0.00243698 0.999997 -0.0211887 0.0337678 0.0817375
FixedParameters: 0 0 0

#Transform 337
Transform: AffineTransform_float_3_3
Parameters: 1 9.25107e-05 -0.000222789 -9.14889e-05 0.999998 0.00229102 0.00022321 -0.00229098 0.999998 -0.0188744 0.025077 0.0634949
FixedParameters: 0 0 0

#Transform 338
Transform: AffineTransform_float_3_3
Parameters: 1 9.31269e-05 -0.000380726 -9.18722e-05 0.999995 0.00295903 0.000381273 -0.00295896 0.999995 -0.0204114 0.0362587 0.0773531
FixedParameters: 0 0 0

#Transform 339
Transform: AffineTransform_float_3_3
Parameters: 1 9.28243e-05 -0.000295743 -9.21753e-05 0.999996 0.00278503 0.000296258 -0.00278597 0.999996 -0.025674 0.0203346 0.0435807
FixedParameters: 0 0 0

#Transform 340
Transform: AffineTransform_float_3_3
Parameters: 1 9.23931e-05 -0.000138739 -9.1609e-05 0.999996 0.00283101 0.00013826 -0.00283099 0.999996 -0.0174176 0.033052 -0.00995633
FixedParameters: 0 0 0

#Transform 341
Transform: AffineTransform_float_3_3
Parameters: 1 9.71319e-06 -0.000315979 -9.28677e-06 0.999998 0.002257 0.000316022 -0.002257 0.999998 -0.00863667 0.00122991 0.0511852
FixedParameters: 0 0 0

#Transform 342
Transform: AffineTransform_float_3_3
Parameters: 1 9.33482e-05 -0.0006238 -9.16513e-05 0.999997 0.00216106 0.0006242 -0.00216094 0.999998 -0.0213697 0.0366476 0.0651871
FixedParameters: 0 0 0

#Transform 343
Transform: AffineTransform_float_3_3
Parameters: 1 9.29407e-05 -0.000473816 -9.20589e-05 0.999998 0.00198504 0.000474184 -0.00198496 0.999998 -0.0102776 0.044723 0.036748
FixedParameters: 0 0 0

#Transform 344
Transform: AffineTransform_float_3_3
Parameters: 1 -8.96386e-05 -0.000182178 8.93611e-05 0.999998 0.00198498 0.000181823 -0.00198502 0.999998 -0.00845005 0.0218819 0.0327009
FixedParameters: 0 0 0

#Transform 345
Transform: AffineTransform_float_3_3
Parameters: 1 -0.000104889 -5.62083e-05 0.000104113 0.999998 0.00198499 5.67934e-05 -0.00198501 0.999998 -0.00478995 0.035388 0.02947
FixedParameters: 0 0 0

#Transform 346
Transform: AffineTransform_float_3_3
Parameters: 1 -0.000114244 -0.00030928 0.000114755 0.999997 0.00244496 0.00030872 -0.00244504 0.999997 -0.00378044 0.0230584 0.0581336
FixedParameters: 0 0 0

#Transform 347
Transform: AffineTransform_float_3_3
Parameters: 1 -0.00015441 -0.000309295 0.000155589 0.999998 0.00190695 0.000308704 -0.00190705 0.999998 0.000899705 0.0490379 0.0276583
FixedParameters: 0 0 0

#Transform 348
Transform: AffineTransform_float_3_3
Parameters: 1 9.25114e-05 -0.000240804 -9.14881e-05 0.999997 0.00212302 0.000241195 -0.00212298 0.999997 -0.0135889 0.0241955 0.0486857
FixedParameters: 0 0 0

#Transform 349
Transform: AffineTransform_float_3_3
Parameters: 1 -0.000140273 -0.000309331 0.000140726 0.999997 0.00234996 0.00030867 -0.00235004 0.999997 -0.00631732 0.0332694 0.0370544
FixedParameters: 0 0 0

#Transform 350
Transform: AffineTransform_float_3_3
Parameters: 1 9.27278e-05 -0.000308782 -9.22741e-05 0.999997 0.00235603 0.000308218 -0.00235597 0.999997 -0.017928 0.00879421 0.055457
FixedParameters: 0 0 0

#Transform 351
Transform: AffineTransform_float_3_3
Parameters: 1 9.26656e-05 -0.000308801 -9.1336e-05 0.999997 0.00215503 0.000308197 -0.00215497 0.999997 -0.00949978 0.0266646 0.0372834
FixedParameters: 0 0 0

#Transform 352
Transform: AffineTransform_float_3_3
Parameters: 1 9.31132e-05 -0.000387734 -9.18889e-05 0.999996 0.00287003 0.000387265 -0.00286996 0.999996 -0.0116765 0.00215352 0.0788619
FixedParameters: 0 0 0

#Transform 353
Transform: AffineTransform_float_3_3
Parameters: 1 9.26492e-05 -0.000211717 -9.13531e-05 0.999996 0.00306402 0.000211281 -0.00306398 0.999996 -0.0168765 0.0155941 0.0686682
FixedParameters: 0 0 0

#Transform 354
Transform: AffineTransform_float_3_3
Parameters: 1 0.000145985 -0.000308536 -0.000145016 0.999995 0.00319104 0.000308464 -0.00319095 0.999995 -0.0265937 0.00571791 0.0884508
FixedParameters: 0 0 0

#Transform 355
Transform: AffineTransform_float_3_3
Parameters: 1 -3.66129e-05 -0.000127112 3.73868e-05 0.999996 0.003047 0.000126887 -0.00304701 0.999996 -0.0206631 0.0186743 0.0735584
FixedParameters: 0 0 0

#Transform 356
Transform: AffineTransform_float_3_3
Parameters: 1 5.3658e-07 -0.000219999 -4.63417e-07 0.999997 0.002439 0.000220002 -0.002439 0.999997 -0.0200778 0.0192957 0.0438953
FixedParameters: 0 0 0
