#Insight Transform File V1.0
#Transform 0
Transform: AffineTransform_float_3_3
Parameters: 0.999999 0.000561021 0.000509879 -0.000559979 0.999998 -0.00200029 -0.000511121 0.00199971 0.999998 -0.0146646 -0.0362591 -0.154806
FixedParameters: 0 0 0

#Transform 1
Transform: AffineTransform_float_3_3
Parameters: 1 0.000523183 0.000470687 -0.000522815 0.999996 -0.00251125 -0.000472314 0.00251075 0.999996 -0.0107198 -0.0415233 -0.141171
FixedParameters: 0 0 0

#Transform 2
Transform: AffineTransform_float_3_3
Parameters: 0.999999 0.000531244 0.000523741 -0.000529755 0.999997 -0.00237228 -0.000525258 0.00237272 0.999997 -0.0110765 -0.00444741 -0.124155
FixedParameters: 0 0 0

#Transform 3
Transform: AffineTransform_float_3_3
Parameters: 0.999999 0.000532877 0.000851829 -0.000530123 0.999998 -0.00220145 -0.000853169 0.00220155 0.999997 -0.0178201 -0.0162354 -0.127131
FixedParameters: 0 0 0

#Transform 4
Transform: AffineTransform_float_3_3
Parameters: 0.999999 0.000639203 0.000594709 -0.000637796 0.999998 -0.00202138 -0.00059629 0.00202162 0.999998 -0.0131832 0.020764 -0.144236
FixedParameters: 0 0 0

#Transform 5
Transform: AffineTransform_float_3_3
Parameters: 0.999999 0.00041836 0.000725217 -0.00041764 0.999998 -0.0018753 -0.000725784 0.0018747 0.999998 -0.0103938 -0.0225062 -0.173411
FixedParameters: 0 0 0

#Transform 6
Transform: AffineTransform_float_3_3
Parameters: 0.999999 0.000444832 0.000852046 -0.000443168 0.999997 -0.00214838 -0.000852954 0.00214862 0.999998 -0.00917345 -0.0404297 -0.183573
FixedParameters: 0 0 0

#Transform 7
Transform: AffineTransform_float_3_3
Parameters: 1 0.00044508 0.00109015 -0.00044392 0.999998 -0.00190748 -0.00109085 0.00190652 0.999997 -0.0128001 -0.0369464 -0.161651
FixedParameters: 0 0 0

#Transform 8
Transform: AffineTransform_float_3_3
Parameters: 0.999999 0.0004448 0.00114931 -0.000443201 0.999998 -0.00156551 -0.0011497 0.00156549 0.999998 -0.0130226 -0.0141526 -0.13341
FixedParameters: 0 0 0

#Transform 9
Transform: AffineTransform_float_3_3
Parameters: 0.999999 0.000443771 0.00065748 -0.00044323 0.999999 -0.00117229 -0.00065752 0.00117171 0.999999 -0.0104528 -0.0102758 -0.131343
FixedParameters: 0 0 0

#Transform 10
Transform: AffineTransform_float_3_3
Parameters: 1 3.52021e-05 0.000649989 -3.47978e-05 1 -0.000311023 -0.000650011 0.000310977 0.999999 -0.00380181 -0.0192323 -0.100562
FixedParameters: 0 0 0

#Transform 11
Transform: AffineTransform_float_3_3
Parameters: 0.999999 0.000336619 0.000626668 -0.000335381 1 -0.000987211 -0.000627331 0.00098679 1 -0.00853982 0.00464852 -0.0951096
FixedParameters: 0 0 0

#Transform 12
Transform: AffineTransform_float_3_3
Parameters: 1 0.000281266 0.000548864 -0.000280734 1 -0.000484154 -0.000549136 0.000483845 0.999999 -0.00724643 0.00952236 -0.0825419
FixedParameters: 0 0 0

#Transform 13
Transform: AffineTransform_float_3_3
Parameters: 0.999999 0.000173164 0.00071896 -0.000172836 1 -0.000228124 -0.000719039 0.000227875 0.999999 -0.00636379 -0.0451963 -0.0612633
FixedParameters: 0 0 0

#Transform 14
Transform: AffineTransform_float_3_3
Parameters: 1 6.79763e-05 0.000640002 -6.80237e-05 1 3.69565e-05 -0.000639997 -3.70435e-05 1 -0.00376558 0.0385389 -0.0952643
FixedParameters: 0 0 0

#Transform 15
Transform: AffineTransform_float_3_3
Parameters: 1 2.00188e-05 0.000568999 -1.99812e-05 1 -3.30114e-05 -0.000569 3.29886e-05 1 -0.00728407 -0.0138524 -0.0661163
FixedParameters: 0 0 0

#Transform 16
Transform: AffineTransform_float_3_3
Parameters: 0.999999 0.000344028 0.000829988 -0.000343972 1 -3.32855e-05 -0.000830011 3.37145e-05 0.999999 -0.010275 0.00899337 -0.0660018
FixedParameters: 0 0 0

#Transform 17
Transform: AffineTransform_float_3_3
Parameters: 0.999999 0.000131238 0.000883113 -0.000131762 0.999999 0.000862884 -0.000882886 -0.000863116 0.999999 -0.00724127 -0.00730856 -0.0519107
FixedParameters: 0 0 0

#Transform 18
Transform: AffineTransform_float_3_3
Parameters: 1 0.000116062 0.00035298 -0.000115938 1 -0.000176041 -0.00035302 0.000175959 1 -0.0042382 -0.00236805 -0.0473597
FixedParameters: 0 0 0

#Transform 19
Transform: AffineTransform_float_3_3
Parameters: 1 0.000148892 0.000178091 -0.000148108 1 0.000608973 -0.00017791 -0.000609026 1 -0.00384665 -0.00961732 -0.031575
FixedParameters: 0 0 0

#Transform 20
Transform: AffineTransform_float_3_3
Parameters: 1 0.000122965 7.00606e-05 -0.000123034 1 0.000492991 -6.99393e-05 -0.000493008 1 -0.00282294 0.00626838 0.00872965
FixedParameters: 0 0 0

#Transform 21
Transform: AffineTransform_float_3_3
Parameters: 0.999999 0.000445433 0.000689434 -0.000443565 0.999993 -0.0035253 -0.000691568 0.00352569 0.999993 -0.0112922 0.0269006 -0.125443
FixedParameters: 0 0 0

#Transform 22
Transform: AffineTransform_float_3_3
Parameters: 0.999999 0.000363253 0.000622691 -0.00036075 0.999994 -0.00361423 -0.000623308 0.00361378 0.999994 -0.00959571 -0.00521158 -0.134738
FixedParameters: 0 0 0

#Transform 23
Transform: AffineTransform_float_3_3
Parameters: 0.999999 0.000445549 0.000743478 -0.000443449 0.999994 -0.00342533 -0.000745523 0.00342467 0.999994 -0.0115626 -0.0111641 -0.11593
FixedParameters: 0 0 0

#Transform 24
Transform: AffineTransform_float_3_3
Parameters: 0.999999 0.000235371 0.000896381 -0.000233631 0.999996 -0.00264321 -0.000896621 0.00264379 0.999996 -0.00898983 0.00652009 -0.113682
FixedParameters: 0 0 0

#Transform 25
Transform: AffineTransform_float_3_3
Parameters: 0.999999 2.16481e-05 0.000891919 -1.83515e-05 0.999991 -0.00409002 -0.000892082 0.00408998 0.999991 -0.00277059 0.0128811 -0.137106
FixedParameters: 0 0 0

#Transform 26
Transform: AffineTransform_float_3_3
Parameters: 0.999999 0.00017004 0.00087022 -0.000165961 0.999989 -0.00464015 -0.000870779 0.00463985 0.999989 -0.00113232 -0.0102201 -0.161589
FixedParameters: 0 0 0

#Transform 27
Transform: AffineTransform_float_3_3
Parameters: 0.999999 0.000127392 0.00103035 -0.000121609 0.999987 -0.00523213 -0.00103065 0.00523187 0.999986 -0.00334951 0.0062866 -0.159127
FixedParameters: 0 0 0

#Transform 28
Transform: AffineTransform_float_3_3
Parameters: 1 2.34703e-05 0.0011239 -1.85292e-05 0.999988 -0.00486703 -0.0011241 0.00486698 0.999988 -0.00691472 0.0105402 -0.177197
FixedParameters: 0 0 0

#Transform 29
Transform: AffineTransform_float_3_3
Parameters: 0.999999 0.000185142 0.000920176 -0.000180859 0.99999 -0.00449917 -0.000920823 0.00449883 0.99999 -0.00629207 0.00875734 -0.198397
FixedParameters: 0 0 0

#Transform 30
Transform: AffineTransform_float_3_3
Parameters: 0.999999 0.000163016 0.000870257 -0.000158985 0.99999 -0.00461314 -0.000870742 0.00461286 0.999989 -0.00392723 -0.0167525 -0.189265
FixedParameters: 0 0 0

#Transform 31
Transform: AffineTransform_float_3_3
Parameters: 0.999999 0.000530599 0.000704303 -0.000527397 0.999987 -0.00510037 -0.000707699 0.00510062 0.999986 -0.00911204 0.000589754 -0.177234
FixedParameters: 0 0 0

#Transform 32
Transform: AffineTransform_float_3_3
Parameters: 0.999999 0.000334466 0.000958109 -0.000328534 0.999983 -0.00570032 -0.000959888 0.00569968 0.999984 -0.0108679 -0.00750279 -0.172029
FixedParameters: 0 0 0

#Transform 33
Transform: AffineTransform_float_3_3
Parameters: 0.999999 0.000295014 0.000990228 -0.000288987 0.999981 -0.00606829 -0.000991771 0.00606771 0.999981 -0.0103997 -0.00558204 -0.186115
FixedParameters: 0 0 0

#Transform 34
Transform: AffineTransform_float_3_3
Parameters: 0.999999 0.000293459 0.00070516 -0.000288536 0.99998 -0.0063152 -0.000707836 0.00631579 0.99998 -0.00900455 -0.0110222 -0.202331
FixedParameters: 0 0 0

#Transform 35
Transform: AffineTransform_float_3_3
Parameters: 1 0.000294843 0.000947201 -0.000289159 0.999981 -0.00616227 -0.0009488 0.00616272 0.99998 -0.00736005 -0.00492297 -0.199962
FixedParameters: 0 0 0

#Transform 36
Transform: AffineTransform_float_3_3
Parameters: 0.999999 0.000295073 0.00091807 -0.000288927 0.999978 -0.00660827 -0.000919929 0.00660773 0.999977 -0.0100694 0.000209713 -0.207018
FixedParameters: 0 0 0

#Transform 37
Transform: AffineTransform_float_3_3
Parameters: 0.999999 0.000293866 0.000704991 -0.000289134 0.999976 -0.00689221 -0.000707009 0.0068918 0.999976 -0.00565119 -0.00447439 -0.21157
FixedParameters: 0 0 0

#Transform 38
Transform: AffineTransform_float_3_3
Parameters: 0.999999 0.000294544 0.000838071 -0.000289456 0.999978 -0.00660824 -0.000839931 0.00660775 0.999978 -0.00963496 0.0118947 -0.196547
FixedParameters: 0 0 0

#Transform 39
Transform: AffineTransform_float_3_3
Parameters: 0.999999 0.000293996 0.000810204 -0.000289005 0.999981 -0.00616023 -0.000811795 0.00615976 0.99998 -0.00948733 0.00938546 -0.200349
FixedParameters: 0 0 0

#Transform 40
Transform: AffineTransform_float_3_3
Parameters: 0.999999 0.000293665 0.000705075 -0.000289335 0.999978 -0.00660821 -0.000706927 0.00660779 0.999978 -0.00899928 0.0127901 -0.207446
FixedParameters: 0 0 0

#Transform 41
Transform: AffineTransform_float_3_3
Parameters: 0.999999 0.000294815 0.00087907 -0.000289185 0.999978 -0.00660826 -0.00088093 0.00660774 0.999978 -0.00985375 -0.00262725 -0.207497
FixedParameters: 0 0 0

#Transform 42
Transform: AffineTransform_float_3_3
Parameters: 0.999999 0.000124326 0.000941311 -0.000118676 0.999984 -0.00565611 -0.000941685 0.00565588 0.999983 -0.00743389 -0.0075847 -0.192512
FixedParameters: 0 0 0

#Transform 43
Transform: AffineTransform_float_3_3
Parameters: 0.999999 0.000294285 0.000861211 -0.000288709 0.999981 -0.00613125 -0.000863786 0.00613075 0.999981 -0.00978837 0.0126681 -0.199831
FixedParameters: 0 0 0

#Transform 44
Transform: AffineTransform_float_3_3
Parameters: 0.999999 0.00029527 0.000912996 -0.00028873 0.999977 -0.00686027 -0.000915002 0.00685974 0.999976 -0.0100241 0.0717825 -0.233317
FixedParameters: 0 0 0

#Transform 45
Transform: AffineTransform_float_3_3
Parameters: 1 0.000124111 0.00100915 -0.000116891 0.999975 -0.00704312 -0.00100985 0.00704288 0.999974 -0.000864468 0.0590813 -0.287237
FixedParameters: 0 0 0

#Transform 46
Transform: AffineTransform_float_3_3
Parameters: 0.999999 0.000244238 0.000809437 -0.000239758 0.999979 -0.0064652 -0.000811566 0.0064648 0.999979 -0.00359536 -0.149641 -0.146708
FixedParameters: 0 0 0

#Transform 47
Transform: AffineTransform_float_3_3
Parameters: 1 0.000247394 0.00111138 -0.00023961 0.999978 -0.00664727 -0.00111262 0.00664773 0.999978 -0.0104039 -0.0446437 -0.172471
FixedParameters: 0 0 0

#Transform 48
Transform: AffineTransform_float_3_3
Parameters: 1 0.000242477 0.00110839 -0.000234519 0.999978 -0.00674126 -0.00111061 0.00674073 0.999976 -0.0103089 0.0127849 -0.199459
FixedParameters: 0 0 0

#Transform 49
Transform: AffineTransform_float_3_3
Parameters: 1 0.00036897 0.000988426 -0.000362026 0.999975 -0.00704236 -0.000991574 0.00704164 0.999974 -0.0117104 0.0355105 -0.222201
FixedParameters: 0 0 0

#Transform 50
Transform: AffineTransform_float_3_3
Parameters: 1 0.000227804 0.000986454 -0.000221192 0.999976 -0.00689222 -0.000988548 0.00689178 0.999976 -0.0095152 0.0241498 -0.218115
FixedParameters: 0 0 0

#Transform 51
Transform: AffineTransform_float_3_3
Parameters: 1 0.000225222 0.00113139 -0.000217781 0.999973 -0.00726225 -0.00113261 0.00726175 0.999973 -0.00773624 0.0408498 -0.208976
FixedParameters: 0 0 0

#Transform 52
Transform: AffineTransform_float_3_3
Parameters: 1 0.000239835 0.000945293 -0.00023316 0.999974 -0.00722423 -0.00094771 0.00722378 0.999974 -0.004291 0.0372783 -0.164981
FixedParameters: 0 0 0

#Transform 53
Transform: AffineTransform_float_3_3
Parameters: 1 0.000242495 0.00113121 -0.000233507 0.999972 -0.00750327 -0.00113278 0.00750373 0.999971 -0.0103607 0.0220055 -0.14304
FixedParameters: 0 0 0

#Transform 54
Transform: AffineTransform_float_3_3
Parameters: 1 0.000254972 0.00113123 -0.000247029 0.999975 -0.00704228 -0.00113277 0.00704171 0.999974 -0.0106045 0.039273 -0.14843
FixedParameters: 0 0 0

#Transform 55
Transform: AffineTransform_float_3_3
Parameters: 1 0.000229973 0.00113141 -0.00022203 0.999975 -0.00704225 -0.00113259 0.00704174 0.999974 -0.0102313 -0.00102824 -0.189416
FixedParameters: 0 0 0

#Transform 56
Transform: AffineTransform_float_3_3
Parameters: 1 0.000225371 0.00113136 -0.000217631 0.999972 -0.00739425 -0.00113264 0.00739375 0.999972 -0.0101522 -0.00760581 -0.177608
FixedParameters: 0 0 0

#Transform 57
Transform: AffineTransform_float_3_3
Parameters: 1 0.00046746 0.00112954 -0.000458544 0.999972 -0.00747853 -0.00113246 0.00747748 0.999972 -0.0138851 -0.00943564 -0.176204
FixedParameters: 0 0 0

#Transform 58
Transform: AffineTransform_float_3_3
Parameters: 1 0.000225667 0.00113131 -0.000217335 0.99997 -0.00765525 -0.0011327 0.00765475 0.99997 -0.0101444 -0.00781371 -0.178588
FixedParameters: 0 0 0

#Transform 59
Transform: AffineTransform_float_3_3
Parameters: 1 0.000258128 0.00113096 -0.000248871 0.999968 -0.00806429 -0.00113304 0.00806372 0.999967 -0.0106023 -0.00706902 -0.194563
FixedParameters: 0 0 0

#Transform 60
Transform: AffineTransform_float_3_3
Parameters: 0.999999 0.000113044 0.00099712 -0.000104956 0.999967 -0.0080641 -0.000997878 0.00806389 0.999967 -0.00750362 -0.006326 -0.187135
FixedParameters: 0 0 0

#Transform 61
Transform: AffineTransform_float_3_3
Parameters: 1 0.000226605 0.00109706 -0.000216397 0.999961 -0.00874624 -0.00109894 0.00874676 0.999961 -0.00995581 0.0577644 -0.204869
FixedParameters: 0 0 0

#Transform 62
Transform: AffineTransform_float_3_3
Parameters: 1 0.000478532 0.00109775 -0.000470474 0.999977 -0.00685052 -0.00110025 0.00685048 0.999976 -0.0138795 -0.0114783 -0.133246
FixedParameters: 0 0 0

#Transform 63
Transform: AffineTransform_float_3_3
Parameters: 1 0.00017623 0.00109756 -0.000166776 0.999964 -0.00840319 -0.00109844 0.00840381 0.999964 -0.00487525 0.0690608 -0.167247
FixedParameters: 0 0 0

#Transform 64
Transform: AffineTransform_float_3_3
Parameters: 1 0.000495819 0.000910787 -0.00048718 0.999963 -0.00856445 -0.000915206 0.00856455 0.999963 -0.0132278 0.0321648 -0.156291
FixedParameters: 0 0 0

#Transform 65
Transform: AffineTransform_float_3_3
Parameters: 0.999999 0.000247175 0.000830899 -0.000240824 0.999963 -0.00862421 -0.000833108 0.0086248 0.999963 -0.00887045 0.032648 -0.170353
FixedParameters: 0 0 0

#Transform 66
Transform: AffineTransform_float_3_3
Parameters: 0.999999 0.000449564 0.000759151 -0.000442429 0.999962 -0.00862434 -0.000763844 0.00862466 0.999963 -0.0116752 0.0238686 -0.170152
FixedParameters: 0 0 0

#Transform 67
Transform: AffineTransform_float_3_3
Parameters: 1 0.000156842 0.000544629 -0.000151163 0.99996 -0.00888008 -0.000545364 0.00887992 0.999961 -0.00591662 0.0208019 -0.16612
FixedParameters: 0 0 0

#Transform 68
Transform: AffineTransform_float_3_3
Parameters: 1 0.000344982 0.000542866 -0.000340016 0.999958 -0.00915119 -0.000546134 0.00915081 0.999958 -0.00888025 -0.00175959 -0.152094
FixedParameters: 0 0 0

#Transform 69
Transform: AffineTransform_float_3_3
Parameters: 0.999999 0.000508206 0.000638106 -0.000501795 0.999953 -0.00968832 -0.000642891 0.00968767 0.999953 -0.0119968 0.00268662 -0.138232
FixedParameters: 0 0 0

#Transform 70
Transform: AffineTransform_float_3_3
Parameters: 1 0.000404031 0.000542287 -0.000398971 0.999957 -0.00924622 -0.000545712 0.00924578 0.999957 -0.00988258 0.0277944 -0.149514
FixedParameters: 0 0 0

#Transform 71
Transform: AffineTransform_float_3_3
Parameters: 0.999999 0.000497914 0.000876551 -0.00049009 0.99996 -0.00900644 -0.000880449 0.00900557 0.999959 -0.0130471 -0.0209823 -0.123536
FixedParameters: 0 0 0

#Transform 72
Transform: AffineTransform_float_3_3
Parameters: 0.999999 0.000405352 0.000705388 -0.000399651 0.999959 -0.00898228 -0.000708619 0.00898272 0.99996 -0.0107028 0.0647867 -0.126371
FixedParameters: 0 0 0

#Transform 73
Transform: AffineTransform_float_3_3
Parameters: 0.999999 0.000407577 0.000955386 -0.000399417 0.99996 -0.00896039 -0.000959617 0.00896062 0.99996 -0.0120295 0.064674 -0.125984
FixedParameters: 0 0 0

#Transform 74
Transform: AffineTransform_float_3_3
Parameters: 1 0.000404034 0.000542285 -0.000398969 0.999957 -0.00925122 -0.000545714 0.00925178 0.999957 -0.00986044 0.0392024 -0.117315
FixedParameters: 0 0 0

#Transform 75
Transform: AffineTransform_float_3_3
Parameters: 1 0.000404032 0.000542287 -0.000398971 0.999957 -0.00924722 -0.000545713 0.00924778 0.999957 -0.00988033 0.0385373 -0.120288
FixedParameters: 0 0 0

#Transform 76
Transform: AffineTransform_float_3_3
Parameters: 0.999999 0.000404861 0.00064536 -0.000399142 0.999959 -0.00905626 -0.000648641 0.00905574 0.999959 -0.0104054 0.0377112 -0.137881
FixedParameters: 0 0 0

#Transform 77
Transform: AffineTransform_float_3_3
Parameters: 1 0.000404046 0.000542276 -0.000398956 0.999957 -0.00927322 -0.000545723 0.00927378 0.999957 -0.00988657 0.017977 -0.122184
FixedParameters: 0 0 0

#Transform 78
Transform: AffineTransform_float_3_3
Parameters: 1 0.000404037 0.000542283 -0.000398965 0.999957 -0.00925722 -0.000545716 0.00925678 0.999957 -0.00987547 0.0445604 -0.113957
FixedParameters: 0 0 0

#Transform 79
Transform: AffineTransform_float_3_3
Parameters: 0.999999 0.000405354 0.000677237 -0.000399648 0.999956 -0.00935627 -0.000680769 0.00935573 0.999956 -0.0105833 0.0345977 -0.107169
FixedParameters: 0 0 0

#Transform 80
Transform: AffineTransform_float_3_3
Parameters: 1 0.000404154 0.000542196 -0.000398848 0.999955 -0.00947122 -0.000545802 0.00947178 0.999955 -0.00987061 0.0328752 -0.111171
FixedParameters: 0 0 0

#Transform 81
Transform: AffineTransform_float_3_3
Parameters: 0.999999 0.00040577 0.000698108 -0.00039923 0.999953 -0.00967128 -0.000701893 0.00967072 0.999953 -0.0107176 0.0589271 -0.142147
FixedParameters: 0 0 0

#Transform 82
Transform: AffineTransform_float_3_3
Parameters: 0.999999 0.000409037 0.000896375 -0.000400966 0.99996 -0.00894836 -0.000899623 0.00894763 0.999959 -0.00718244 -0.0426696 -0.127004
FixedParameters: 0 0 0

#Transform 83
Transform: AffineTransform_float_3_3
Parameters: 1 0.000489503 0.000945647 -0.000480494 0.999959 -0.00897146 -0.000950349 0.00897054 0.99996 -0.0133545 0.0724159 -0.130872
FixedParameters: 0 0 0

#Transform 84
Transform: AffineTransform_float_3_3
Parameters: 0.999999 0.000314295 0.000936256 -0.000306707 0.999961 -0.00884729 -0.00093875 0.00884671 0.999961 -0.0104973 0.0172255 -0.11716
FixedParameters: 0 0 0

#Transform 85
Transform: AffineTransform_float_3_3
Parameters: 1 0.000393258 0.000896423 -0.000384736 0.999957 -0.00919435 -0.000900576 0.00919365 0.999958 -0.0116879 0.0473742 -0.155733
FixedParameters: 0 0 0

#Transform 86
Transform: AffineTransform_float_3_3
Parameters: 1 0.000310866 0.000543244 -0.000306136 0.99996 -0.00893517 -0.000545757 0.00893483 0.99996 -0.00847289 0.0323046 -0.133665
FixedParameters: 0 0 0

#Transform 87
Transform: AffineTransform_float_3_3
Parameters: 1 0.000310987 0.000543175 -0.000306014 0.999958 -0.00915817 -0.000545825 0.00915783 0.999958 -0.00846397 0.0492667 -0.134158
FixedParameters: 0 0 0

#Transform 88
Transform: AffineTransform_float_3_3
Parameters: 1 0.000404884 0.000542388 -0.000400119 0.999959 -0.00897521 -0.000545613 0.00897477 0.999959 -0.00769936 0.0361195 -0.131408
FixedParameters: 0 0 0

#Transform 89
Transform: AffineTransform_float_3_3
Parameters: 0.999999 0.000416652 0.000740295 -0.00040935 0.999959 -0.00896331 -0.000743699 0.0089627 0.99996 -0.011091 0.0354181 -0.131172
FixedParameters: 0 0 0

#Transform 90
Transform: AffineTransform_float_3_3
Parameters: 1 0.000310496 0.000543456 -0.000306508 0.999966 -0.00825317 -0.000545548 0.00825283 0.999966 -0.00845266 0.0340006 -0.0664352
FixedParameters: 0 0 0

#Transform 91
Transform: AffineTransform_float_3_3
Parameters: 1 0.000310474 0.000543468 -0.000306529 0.999966 -0.00821417 -0.000545536 0.00821383 0.999966 -0.00844612 0.0515046 -0.0899076
FixedParameters: 0 0 0

#Transform 92
Transform: AffineTransform_float_3_3
Parameters: 1 0.000310547 0.000543426 -0.000306456 0.999965 -0.00834817 -0.000545577 0.00834783 0.999965 -0.00843912 0.0520258 -0.0718836
FixedParameters: 0 0 0

#Transform 93
Transform: AffineTransform_float_3_3
Parameters: 0.999999 0.000425464 0.000644425 -0.000419531 0.999964 -0.00845627 -0.000648571 0.00845573 0.999964 -0.0107128 0.0401292 -0.0766248
FixedParameters: 0 0 0

#Transform 94
Transform: AffineTransform_float_3_3
Parameters: 0.999999 0.000457318 0.000542389 -0.000453686 0.999969 -0.00793325 -0.000545617 0.00793376 0.999969 -0.0107387 0.0446511 -0.0432271
FixedParameters: 0 0 0

#Transform 95
Transform: AffineTransform_float_3_3
Parameters: 1 0.000310396 0.000543513 -0.000306608 0.999968 -0.00807017 -0.000545492 0.00806984 0.999968 -0.0084375 0.0375605 -0.044326
FixedParameters: 0 0 0

#Transform 96
Transform: AffineTransform_float_3_3
Parameters: 1 0.000310103 0.000628993 -0.000305897 0.999978 -0.00651319 -0.000631005 0.0065128 0.999978 -0.0108604 0.0951947 -0.0656411
FixedParameters: 0 0 0

#Transform 97
Transform: AffineTransform_float_3_3
Parameters: 1 8.82998e-05 0.000545791 -8.76997e-05 0.999997 -0.00238105 -0.00054621 0.00238095 0.999997 -0.00496639 0.18254 -0.0654948
FixedParameters: 0 0 0

#Transform 98
Transform: AffineTransform_float_3_3
Parameters: 1 0.000356578 0.000544319 -0.000353423 0.999989 -0.00472919 -0.000545677 0.0047288 0.999988 -0.0091481 -0.147174 -0.0129117
FixedParameters: 0 0 0

#Transform 99
Transform: AffineTransform_float_3_3
Parameters: 1 0.000262499 0.000545281 -0.000260501 0.999996 -0.00274814 -0.000545718 0.00274786 0.999996 -0.00774842 -0.0265941 0.0150705
FixedParameters: 0 0 0

#Transform 100
Transform: AffineTransform_float_3_3
Parameters: 0.999999 0.000367893 0.000891403 -0.000364108 0.999991 -0.00436433 -0.000892597 0.00436368 0.99999 -0.018952 0.0509814 0.00761239
FixedParameters: 0 0 0

#Transform 101
Transform: AffineTransform_float_3_3
Parameters: 1 0.000705949 0.000961939 -0.000699051 0.999974 -0.00720467 -0.000967061 0.00720432 0.999973 -0.0169744 0.0782514 -0.0111172
FixedParameters: 0 0 0

#Transform 102
Transform: AffineTransform_float_3_3
Parameters: 1 0.000372145 0.000986967 -0.000363854 0.999966 -0.00824036 -0.000990032 0.00823963 0.999965 -0.0118234 0.0600206 -0.0340176
FixedParameters: 0 0 0

#Transform 103
Transform: AffineTransform_float_3_3
Parameters: 0.999999 0.00054919 0.000649818 -0.000542808 0.999955 -0.00948835 -0.000655179 0.00948764 0.999955 -0.0127567 0.124268 -0.0373333
FixedParameters: 0 0 0

#Transform 104
Transform: AffineTransform_float_3_3
Parameters: 0.999999 0.00073356 0.00070221 -0.000727441 0.999956 -0.00929752 -0.000708794 0.00929749 0.999957 -0.0159872 0.0954595 -0.0531276
FixedParameters: 0 0 0

#Transform 105
Transform: AffineTransform_float_3_3
Parameters: 0.999999 0.000592343 0.000666415 -0.00058665 0.999955 -0.00947939 -0.000672591 0.0094786 0.999955 -0.011174 0.0849241 -0.0505971
FixedParameters: 0 0 0

#Transform 106
Transform: AffineTransform_float_3_3
Parameters: 0.999999 0.000582656 0.000678339 -0.000576348 0.999952 -0.0097704 -0.000683664 0.00977061 0.999952 -0.0133974 0.0615519 -0.0554389
FixedParameters: 0 0 0

#Transform 107
Transform: AffineTransform_float_3_3
Parameters: 0.999999 0.000656886 0.000701615 -0.000650119 0.999952 -0.00977046 -0.000707386 0.00977054 0.999952 -0.0147297 0.0138928 -0.0369217
FixedParameters: 0 0 0

#Transform 108
Transform: AffineTransform_float_3_3
Parameters: 0.999999 0.000670042 0.000693262 -0.00066295 0.999948 -0.0101085 -0.000700737 0.0101085 0.999948 -0.0148965 0.0181316 -0.0255941
FixedParameters: 0 0 0

#Transform 109
Transform: AffineTransform_float_3_3
Parameters: 0.999999 0.000592323 0.000615981 -0.000585676 0.999947 -0.0102154 -0.000622015 0.0102146 0.999947 -0.0132294 0.0322555 -0.0534163
FixedParameters: 0 0 0

#Transform 110
Transform: AffineTransform_float_3_3
Parameters: 0.999999 0.000564272 0.000610259 -0.00055873 0.999948 -0.0102304 -0.000615748 0.0102297 0.999948 -0.0128275 0.0252253 -0.065557
FixedParameters: 0 0 0

#Transform 111
Transform: AffineTransform_float_3_3
Parameters: 1 0.000792992 0.000838513 -0.000785012 0.999954 -0.00948966 -0.000845487 0.00948833 0.999954 -0.0200963 0.0424263 -0.0340235
FixedParameters: 0 0 0

#Transform 112
Transform: AffineTransform_float_3_3
Parameters: 0.999999 0.000720513 0.000536676 -0.000715483 0.999947 -0.0102034 -0.000544329 0.0102036 0.999948 -0.014897 0.0440212 -0.0365687
FixedParameters: 0 0 0

#Transform 113
Transform: AffineTransform_float_3_3
Parameters: 0.999999 0.000618765 0.000537434 -0.00061224 0.999943 -0.0106613 -0.000543558 0.0106617 0.999943 -0.0132244 0.0999215 -0.0322131
FixedParameters: 0 0 0

#Transform 114
Transform: AffineTransform_float_3_3
Parameters: 0.999999 0.000724647 0.00132114 -0.000711355 0.999954 -0.00954795 -0.00132785 0.00954705 0.999953 -0.0189488 0.0211945 -0.0470871
FixedParameters: 0 0 0

#Transform 115
Transform: AffineTransform_float_3_3
Parameters: 0.999999 0.000746936 0.00119965 -0.000735062 0.999951 -0.0099189 -0.00120735 0.00991811 0.99995 -0.018693 0.125039 -0.0692743
FixedParameters: 0 0 0

#Transform 116
Transform: AffineTransform_float_3_3
Parameters: 1 0.000587933 0.000949528 -0.000579063 0.999956 -0.00938056 -0.000955475 0.00938045 0.999956 -0.0118032 0.0663586 -0.0717916
FixedParameters: 0 0 0

#Transform 117
Transform: AffineTransform_float_3_3
Parameters: 1 0.000678752 0.000948801 -0.000670247 0.999958 -0.00919365 -0.000955203 0.00919337 0.999958 -0.0165188 0.0608522 -0.0820293
FixedParameters: 0 0 0

#Transform 118
Transform: AffineTransform_float_3_3
Parameters: 1 0.000586563 0.00100548 -0.000577441 0.999955 -0.00948558 -0.00101052 0.00948441 0.999954 -0.015294 0.0331445 -0.0803456
FixedParameters: 0 0 0

#Transform 119
Transform: AffineTransform_float_3_3
Parameters: 1 0.000564056 0.000889321 -0.000554938 0.999949 -0.0101505 -0.000895679 0.0101495 0.999948 -0.0143784 0.0303167 -0.0757697
FixedParameters: 0 0 0

#Transform 120
Transform: AffineTransform_float_3_3
Parameters: 1 0.000722686 0.000947692 -0.000713312 0.999948 -0.0101807 -0.000955312 0.0101803 0.999947 -0.0171828 0.0284945 -0.066802
FixedParameters: 0 0 0

#Transform 121
Transform: AffineTransform_float_3_3
Parameters: 1 0.00070877 0.000947772 -0.000698229 0.999947 -0.0102687 -0.00095522 0.0102683 0.999947 -0.0169164 0.0579581 -0.0827097
FixedParameters: 0 0 0

#Transform 122
Transform: AffineTransform_float_3_3
Parameters: 1 0.000681 0.00100429 -0.000671004 0.999951 -0.00992369 -0.00101071 0.00992333 0.999951 -0.0117052 0.0408476 -0.096354
FixedParameters: 0 0 0

#Transform 123
Transform: AffineTransform_float_3_3
Parameters: 1 0.000681636 0.000856196 -0.000672366 0.99995 -0.0100466 -0.000862798 0.0100454 0.999949 -0.0160242 0.0626434 -0.0836324
FixedParameters: 0 0 0

#Transform 124
Transform: AffineTransform_float_3_3
Parameters: 1 0.000758203 0.000947709 -0.000748793 0.999953 -0.00967471 -0.000955288 0.00967328 0.999953 -0.0176932 0.0604955 -0.0579187
FixedParameters: 0 0 0

#Transform 125
Transform: AffineTransform_float_3_3
Parameters: 0.999999 0.000553035 0.000836092 -0.000543954 0.999942 -0.0107695 -0.000842906 0.0107685 0.999941 -0.0138586 0.0711516 -0.0650765
FixedParameters: 0 0 0

#Transform 126
Transform: AffineTransform_float_3_3
Parameters: 1 0.000697705 0.000837828 -0.000689295 0.999947 -0.0103446 -0.000845176 0.0103444 0.999946 -0.0162081 0.0258935 -0.0626668
FixedParameters: 0 0 0

#Transform 127
Transform: AffineTransform_float_3_3
Parameters: 1 0.000712419 0.000947253 -0.000701574 0.99994 -0.0109537 -0.000955742 0.0109533 0.999939 -0.0169259 0.0968478 -0.0700451
FixedParameters: 0 0 0

#Transform 128
Transform: AffineTransform_float_3_3
Parameters: 1 0.000699209 0.000947551 -0.000688787 0.999942 -0.0107317 -0.000955447 0.0107313 0.999942 -0.0167894 0.0654095 -0.0845754
FixedParameters: 0 0 0

#Transform 129
Transform: AffineTransform_float_3_3
Parameters: 1 0.000702976 0.000650542 -0.00069603 0.999943 -0.0106625 -0.000657459 0.0106615 0.999943 -0.0100119 0.0405225 -0.0877941
FixedParameters: 0 0 0

#Transform 130
Transform: AffineTransform_float_3_3
Parameters: 0.999999 0.000688325 0.000645319 -0.000681668 0.999952 -0.00975045 -0.000652678 0.00975056 0.999953 -0.0105777 0.0666097 -0.0700865
FixedParameters: 0 0 0

#Transform 131
Transform: AffineTransform_float_3_3
Parameters: 0.999999 0.000726947 0.000412852 -0.000724051 0.999974 -0.0070953 -0.000418148 0.00709569 0.999974 -0.0144535 0.0503411 -0.00819499
FixedParameters: 0 0 0

#Transform 132
Transform: AffineTransform_float_3_3
Parameters: 1 0.000363933 -1.5647e-05 -0.000364069 0.999989 -0.00452499 1.43527e-05 0.004525 0.99999 -0.00656698 0.00526938 0.0427927
FixedParameters: 0 0 0

#Transform 133
Transform: AffineTransform_float_3_3
Parameters: 1 0.000441031 0.000428921 -0.000438968 0.999988 -0.00472519 -0.000431079 0.00472481 0.999988 -0.00999193 0.0876774 0.0399087
FixedParameters: 0 0 0

#Transform 134
Transform: AffineTransform_float_3_3
Parameters: 1 0.00036571 0.000398437 -0.000364291 0.999991 -0.00428414 -0.000399564 0.00428385 0.99999 -0.0140099 0.050769 0.0196818
FixedParameters: 0 0 0

#Transform 135
Transform: AffineTransform_float_3_3
Parameters: 1 0.00036508 0.000245402 -0.000363918 0.999991 -0.00438509 -0.000247598 0.00438491 0.999991 -0.00793415 0.05238 -0.0105667
FixedParameters: 0 0 0

#Transform 136
Transform: AffineTransform_float_3_3
Parameters: 1 0.000366461 0.000510241 -0.00036454 0.999989 -0.00481519 -0.000511761 0.00481482 0.999989 -0.00928852 0.0485282 -0.00223376
FixedParameters: 0 0 0

#Transform 137
Transform: AffineTransform_float_3_3
Parameters: 1 0.000191088 2.32914e-05 -0.00019091 0.999993 -0.00370901 -2.47083e-05 0.003709 0.999993 -0.00393222 0.0435565 0.119643
FixedParameters: 0 0 0

#Transform 138
Transform: AffineTransform_float_3_3
Parameters: 0.999999 0.000604606 0.000599383 -0.000601389 0.999982 -0.00599936 -0.000603618 0.00599864 0.999982 -0.0134796 0.0642553 0.0631621
FixedParameters: 0 0 0

#Transform 139
Transform: AffineTransform_float_3_3
Parameters: 1 0.000365948 0.000415291 -0.000364048 0.999989 -0.00468215 -0.000417709 0.00468185 0.999989 -0.00877084 0.111466 0.0381838
FixedParameters: 0 0 0

#Transform 140
Transform: AffineTransform_float_3_3
Parameters: 1 0.000652514 0.000910367 -0.000645483 0.999975 -0.0071366 -0.00091563 0.00713641 0.999974 -0.0158057 0.0768557 0.0196356
FixedParameters: 0 0 0

#Transform 141
Transform: AffineTransform_float_3_3
Parameters: 1 0.000624705 0.00088701 -0.000619295 0.999979 -0.00641755 -0.000890993 0.00641645 0.999979 -0.0153243 0.0825716 0.0072097
FixedParameters: 0 0 0

#Transform 142
Transform: AffineTransform_float_3_3
Parameters: 0.999999 0.000370385 0.000840214 -0.000364616 0.999971 -0.00758731 -0.00084279 0.00758669 0.999971 -0.0109682 0.037258 -0.0273822
FixedParameters: 0 0 0

#Transform 143
Transform: AffineTransform_float_3_3
Parameters: 0.999999 0.000551197 0.000761844 -0.0005438 0.999955 -0.00941642 -0.000767154 0.00941558 0.999956 -0.0134567 -0.0192926 0.00431319
FixedParameters: 0 0 0

#Transform 144
Transform: AffineTransform_float_3_3
Parameters: 1 0.000555923 0.000774374 -0.000547082 0.999948 -0.0101934 -0.000779618 0.0101936 0.999947 -0.0115271 0.0952389 -0.0235479
FixedParameters: 0 0 0

#Transform 145
Transform: AffineTransform_float_3_3
Parameters: 1 0.000543534 0.000829471 -0.000534461 0.999948 -0.0102545 -0.000835525 0.0102536 0.999947 -0.0136783 0.0544711 -0.0473268
FixedParameters: 0 0 0

#Transform 146
Transform: AffineTransform_float_3_3
Parameters: 1 0.000731221 0.000896559 -0.000721776 0.999948 -0.0102417 -0.00090444 0.0102414 0.999947 -0.0170043 0.0820508 -0.0555507
FixedParameters: 0 0 0

#Transform 147
Transform: AffineTransform_float_3_3
Parameters: 1 0.000635403 0.000978322 -0.000625589 0.999943 -0.0105976 -0.000985685 0.0105964 0.999944 -0.0159718 0.0602535 -0.0480374
FixedParameters: 0 0 0

#Transform 148
Transform: AffineTransform_float_3_3
Parameters: 0.999999 0.0005624 0.000795125 -0.000554601 0.999945 -0.0105255 -0.000800881 0.0105246 0.999945 -0.0137642 0.09359 -0.0388938
FixedParameters: 0 0 0

#Transform 149
Transform: AffineTransform_float_3_3
Parameters: 0.999999 0.000583042 0.000745782 -0.000574956 0.999942 -0.0107384 -0.000752217 0.0107386 0.999942 -0.00839209 0.092453 -0.0399377
FixedParameters: 0 0 0

#Transform 150
Transform: AffineTransform_float_3_3
Parameters: 0.999999 0.000540186 0.000841171 -0.000530805 0.99994 -0.0108825 -0.000847827 0.0108825 0.999941 -0.0135745 0.0860916 -0.031133
FixedParameters: 0 0 0

#Transform 151
Transform: AffineTransform_float_3_3
Parameters: 1 0.000369768 0.00051793 -0.000364231 0.999938 -0.0110922 -0.000522073 0.0110928 0.999939 -0.00718877 0.0831739 -0.0261883
FixedParameters: 0 0 0

#Transform 152
Transform: AffineTransform_float_3_3
Parameters: 1 0.000584247 0.0009212 -0.000574756 0.99995 -0.0100055 -0.000926797 0.0100055 0.999949 -0.00848207 0.017181 -0.00208829
FixedParameters: 0 0 0

#Transform 153
Transform: AffineTransform_float_3_3
Parameters: 1 0.00058844 0.000989869 -0.000578559 0.999944 -0.0105136 -0.000996138 0.0105134 0.999944 -0.0152299 0.0922741 -0.0143476
FixedParameters: 0 0 0

#Transform 154
Transform: AffineTransform_float_3_3
Parameters: 1 0.00059536 0.000917998 -0.000585641 0.999948 -0.0101625 -0.000923999 0.0101615 0.999948 -0.0126797 0.0644333 -0.028947
FixedParameters: 0 0 0

#Transform 155
Transform: AffineTransform_float_3_3
Parameters: 1 0.000675982 0.00101175 -0.000665017 0.999942 -0.0108147 -0.00101925 0.0108143 0.999941 -0.0166836 0.0680181 -0.0407704
FixedParameters: 0 0 0

#Transform 156
Transform: AffineTransform_float_3_3
Parameters: 0.999999 0.000652774 0.000500558 -0.000646221 0.999934 -0.0114503 -0.000508432 0.0114497 0.999935 -0.0136461 0.0517569 -0.0450288
FixedParameters: 0 0 0

#Transform 157
Transform: AffineTransform_float_3_3
Parameters: 1 0.000552964 0.000410394 -0.000548028 0.999928 -0.0120002 -0.000417606 0.0119998 0.999928 -0.0116651 0.0588579 -0.0277069
FixedParameters: 0 0 0

#Transform 158
Transform: AffineTransform_float_3_3
Parameters: 1 0.000927804 0.000611319 -0.000919188 0.999919 -0.0126436 -0.000623672 0.0126434 0.99992 -0.018643 0.0795246 -0.0354931
FixedParameters: 0 0 0

#Transform 159
Transform: AffineTransform_float_3_3
Parameters: 1 0.000548242 0.000410083 -0.000542758 0.999919 -0.0126762 -0.000416913 0.0126758 0.999919 -0.0115575 0.0901936 -0.0474577
FixedParameters: 0 0 0

#Transform 160
Transform: AffineTransform_float_3_3
Parameters: 0.999999 0.000682373 0.000408147 -0.000676628 0.999915 -0.0130243 -0.000416848 0.0130237 0.999915 -0.0115124 0.0646094 -0.0750079
FixedParameters: 0 0 0

#Transform 161
Transform: AffineTransform_float_3_3
Parameters: 0.999999 0.000749611 0.000256684 -0.000746397 0.999904 -0.0137942 -0.000266321 0.0137938 0.999905 -0.0118644 0.0680739 -0.0439157
FixedParameters: 0 0 0

#Transform 162
Transform: AffineTransform_float_3_3
Parameters: 0.999999 0.00075373 0.000406552 -0.000748264 0.999903 -0.0139143 -0.000417452 0.0139147 0.999903 -0.0127357 0.0688592 -0.0469812
FixedParameters: 0 0 0

#Transform 163
Transform: AffineTransform_float_3_3
Parameters: 0.999999 0.000770261 0.000151957 -0.000768738 0.999896 -0.0143571 -0.000163053 0.0143569 0.999897 -0.0138001 0.0708953 -0.0372189
FixedParameters: 0 0 0

#Transform 164
Transform: AffineTransform_float_3_3
Parameters: 0.999999 0.000710805 0.000187678 -0.000708204 0.999894 -0.0145491 -0.000197324 0.0145489 0.999894 -0.00781132 0.0722884 -0.0644455
FixedParameters: 0 0 0

#Transform 165
Transform: AffineTransform_float_3_3
Parameters: 0.999999 0.000892536 0.000168049 -0.000889464 0.999894 -0.0145302 -0.000180943 0.0145299 0.999895 -0.0115064 0.0721357 -0.0640314
FixedParameters: 0 0 0

#Transform 166
Transform: AffineTransform_float_3_3
Parameters: 0.999999 0.000846429 0.000158537 -0.000843563 0.999891 -0.0147451 -0.000171457 0.0147449 0.999892 -0.0120063 0.0731285 -0.0551907
FixedParameters: 0 0 0

#Transform 167
Transform: AffineTransform_float_3_3
Parameters: 0.999999 0.000840764 4.43179e-05 -0.00084024 0.999886 -0.01509 -5.66856e-05 0.01509 0.999886 -0.0103237 0.0710676 -0.0654833
FixedParameters: 0 0 0

#Transform 168
Transform: AffineTransform_float_3_3
Parameters: 0.999999 0.0008445 -3.89972e-05 -0.0008455 0.999882 -0.015385 2.5995e-05 0.015385 0.999881 -0.00696137 0.0454451 -0.0657294
FixedParameters: 0 0 0

#Transform 169
Transform: AffineTransform_float_3_3
Parameters: 0.999999 0.000852404 -4.44658e-05 -0.000853604 0.999875 -0.015791 3.15246e-05 0.015791 0.999876 -0.00933189 0.0584871 -0.0719812
FixedParameters: 0 0 0

#Transform 170
Transform: AffineTransform_float_3_3
Parameters: 0.999999 0.000857199 6.95222e-05 -0.000855792 0.999876 -0.0157331 -8.34745e-05 0.0157329 0.999876 -0.0162937 0.0481706 -0.0603791
FixedParameters: 0 0 0

#Transform 171
Transform: AffineTransform_float_3_3
Parameters: 0.999999 0.000853551 -3.47364e-05 -0.000854436 0.99987 -0.016088 2.02564e-05 0.016088 0.99987 -0.0102102 0.0652963 -0.067575
FixedParameters: 0 0 0

#Transform 172
Transform: AffineTransform_float_3_3
Parameters: 0.999999 0.000796926 4.99291e-05 -0.000795072 0.999865 -0.0164101 -6.30556e-05 0.01641 0.999866 -0.0136534 0.0857219 -0.0762873
FixedParameters: 0 0 0

#Transform 173
Transform: AffineTransform_float_3_3
Parameters: 0.999999 0.000884361 0.000134274 -0.000881642 0.99986 -0.0166721 -0.000148719 0.0166719 0.999861 -0.0125755 0.0684691 -0.0878528
FixedParameters: 0 0 0

#Transform 174
Transform: AffineTransform_float_3_3
Parameters: 0.999999 0.000896355 -4.60159e-05 -0.000896645 0.99986 -0.016745 3.099e-05 0.016745 0.99986 -0.0115251 0.0687376 -0.0757978
FixedParameters: 0 0 0

#Transform 175
Transform: AffineTransform_float_3_3
Parameters: 0.999999 0.00097728 8.793e-06 -0.000976732 0.999862 -0.016585 -2.42024e-05 0.016585 0.999863 -0.00514844 0.0562821 -0.0617132
FixedParameters: 0 0 0

#Transform 176
Transform: AffineTransform_float_3_3
Parameters: 0.999999 0.000943306 -4.89771e-05 -0.000943694 0.999856 -0.01693 3.30279e-05 0.01693 0.999856 -0.0073449 0.0696572 -0.0749167
FixedParameters: 0 0 0

#Transform 177
Transform: AffineTransform_float_3_3
Parameters: 0.999999 0.000878127 -5.81563e-05 -0.000878869 0.999851 -0.01725 4.28458e-05 0.01725 0.999851 -0.0108 0.0841149 -0.0755971
FixedParameters: 0 0 0

#Transform 178
Transform: AffineTransform_float_3_3
Parameters: 1 0.00106721 0.000117411 -0.00106478 0.999848 -0.0174351 -0.000136585 0.0174349 0.999848 -0.0119986 0.0683329 -0.0788214
FixedParameters: 0 0 0

#Transform 179
Transform: AffineTransform_float_3_3
Parameters: 0.999999 0.000948999 -6.48368e-05 -0.000950003 0.999843 -0.0177309 4.8163e-05 0.0177311 0.999843 -0.00919182 0.0646741 -0.0836258
FixedParameters: 0 0 0

#Transform 180
Transform: AffineTransform_float_3_3
Parameters: 0.999999 0.00100218 -5.49587e-05 -0.00100282 0.999839 -0.0179109 3.70443e-05 0.017911 0.999839 -0.00661485 0.0661636 -0.086526
FixedParameters: 0 0 0

#Transform 181
Transform: AffineTransform_float_3_3
Parameters: 1 0.00117474 0.00026372 -0.00117028 0.999849 -0.0172973 -0.000283285 0.0172967 0.999851 -0.024081 0.0527079 -0.0791295
FixedParameters: 0 0 0

#Transform 182
Transform: AffineTransform_float_3_3
Parameters: 1 0.000569884 -6.981e-05 -0.000571119 0.999852 -0.017196 6.01879e-05 0.017196 0.999852 -0.00880497 0.0776901 -0.090016
FixedParameters: 0 0 0

#Transform 183
Transform: AffineTransform_float_3_3
Parameters: 0.999999 0.000860573 2.63431e-05 -0.000860431 0.999854 -0.017036 -4.06642e-05 0.017036 0.999855 -0.00892473 0.0623249 -0.0909241
FixedParameters: 0 0 0

#Transform 184
Transform: AffineTransform_float_3_3
Parameters: 0.999999 0.000946201 4.30121e-06 -0.000945803 0.999862 -0.016592 -1.96955e-05 0.016592 0.999863 -0.0112856 0.0725027 -0.0868059
FixedParameters: 0 0 0

#Transform 185
Transform: AffineTransform_float_3_3
Parameters: 0.999999 0.000716231 0.000189162 -0.00071377 0.999862 -0.0165641 -0.000200851 0.0165648 0.999863 -0.0102733 0.0679381 -0.08101
FixedParameters: 0 0 0

#Transform 186
Transform: AffineTransform_float_3_3
Parameters: 1 0.000602864 -7.13538e-05 -0.000604129 0.999852 -0.017157 6.06438e-05 0.017157 0.999853 -0.0098997 0.0707865 -0.074352
FixedParameters: 0 0 0

#Transform 187
Transform: AffineTransform_float_3_3
Parameters: 1 0.000626732 -2.08751e-05 -0.00062727 0.99985 -0.017347 1.01203e-05 0.017347 0.999849 -0.0100851 0.0717107 -0.0701348
FixedParameters: 0 0 0

#Transform 188
Transform: AffineTransform_float_3_3
Parameters: 0.999999 0.000763937 -1.02497e-05 -0.000764059 0.99985 -0.017342 -3.2508e-06 0.017342 0.999849 -0.00691895 0.084116 -0.0692304
FixedParameters: 0 0 0

#Transform 189
Transform: AffineTransform_float_3_3
Parameters: 0.999999 0.000811318 -4.61507e-05 -0.000812678 0.999847 -0.017433 3.18374e-05 0.017433 0.999848 -0.00953688 0.0724201 -0.0874849
FixedParameters: 0 0 0

#Transform 190
Transform: AffineTransform_float_3_3
Parameters: 0.999999 0.000840056 -6.15994e-05 -0.000840932 0.999849 -0.017368 4.64017e-05 0.017368 0.999849 -0.0102939 0.0716433 -0.0643463
FixedParameters: 0 0 0

#Transform 191
Transform: AffineTransform_float_3_3
Parameters: 0.999999 0.000799748 -7.80972e-05 -0.000801249 0.999844 -0.0176119 6.38983e-05 0.017612 0.999845 -0.0125123 0.0729924 -0.0681868
FixedParameters: 0 0 0

#Transform 192
Transform: AffineTransform_float_3_3
Parameters: 0.999999 0.000758446 -3.82908e-05 -0.000758567 0.999847 -0.017516 2.57176e-05 0.017515 0.999846 -0.0118627 0.0722546 -0.0550089
FixedParameters: 0 0 0

#Transform 193
Transform: AffineTransform_float_3_3
Parameters: 0.999999 0.000776346 7.04805e-05 -0.000775662 0.999848 -0.0174281 -8.35309e-05 0.0174279 0.999848 -0.0113488 0.0782829 -0.07063
FixedParameters: 0 0 0

#Transform 194
Transform: AffineTransform_float_3_3
Parameters: 0.999999 0.000762376 -4.23305e-05 -0.000763617 0.999847 -0.017477 2.86586e-05 0.017477 0.999848 -0.0148366 0.086948 -0.066909
FixedParameters: 0 0 0

#Transform 195
Transform: AffineTransform_float_3_3
Parameters: 1 0.000662727 9.34846e-05 -0.000661264 0.999849 -0.0173971 -0.00010552 0.0173969 0.999848 -0.0085035 0.0776786 -0.0750061
FixedParameters: 0 0 0

#Transform 196
Transform: AffineTransform_float_3_3
Parameters: 0.999999 0.000746576 -8.80501e-05 -0.000747423 0.999847 -0.0174619 7.49598e-05 0.0174621 0.999847 -0.0114904 0.0721305 -0.0622093
FixedParameters: 0 0 0

#Transform 197
Transform: AffineTransform_float_3_3
Parameters: 0.999999 0.000795059 -6.01018e-05 -0.000795938 0.999842 -0.0177249 4.58992e-05 0.017725 0.999843 -0.00879047 0.0737041 -0.0758257
FixedParameters: 0 0 0

#Transform 198
Transform: AffineTransform_float_3_3
Parameters: 0.999999 0.00071443 -3.86121e-05 -0.000714559 0.999844 -0.017645 2.53955e-05 0.017645 0.999845 -0.00961608 0.0732339 -0.0735415
FixedParameters: 0 0 0

#Transform 199
Transform: AffineTransform_float_3_3
Parameters: 0.999999 0.000795679 -2.51058e-05 -0.000795318 0.999842 -0.017723 1.09063e-05 0.017723 0.999843 -0.0125192 0.0734182 -0.0639465
FixedParameters: 0 0 0

#Transform 200
Transform: AffineTransform_float_3_3
Parameters: 0.999999 0.000877304 -4.67024e-05 -0.0008777 0.999839 -0.01789 3.13029e-05 0.01789 0.99984 -0.0106419 0.0825155 -0.0742995
FixedParameters: 0 0 0

#Transform 201
Transform: AffineTransform_float_3_3
Parameters: 0.999999 0.000851991 0.00010033 -0.000849996 0.99983 -0.0184121 -0.00011667 0.0184119 0.999831 -0.00944172 0.0650637 -0.0485572
FixedParameters: 0 0 0

#Transform 202
Transform: AffineTransform_float_3_3
Parameters: 1 0.00100114 0.00058396 -0.000990864 0.999853 -0.0171066 -0.000601038 0.0171064 0.999853 -0.0230296 0.100547 -0.0601439
FixedParameters: 0 0 0

#Transform 203
Transform: AffineTransform_float_3_3
Parameters: 1 0.000966999 0.000407786 -0.000960015 0.999858 -0.0168274 -0.000423214 0.0168266 0.999859 -0.0149023 0.0748066 -0.0572565
FixedParameters: 0 0 0

#Transform 204
Transform: AffineTransform_float_3_3
Parameters: 0.999999 0.000748585 -3.13604e-05 -0.00074841 0.999864 -0.016506 1.86493e-05 0.016506 0.999864 -0.0167712 0.057743 -0.077313
FixedParameters: 0 0 0

#Transform 205
Transform: AffineTransform_float_3_3
Parameters: 1 0.000941221 0.000238949 -0.000936778 0.999853 -0.0170902 -0.000255048 0.0170908 0.999854 -0.0120131 0.0775761 -0.0773542
FixedParameters: 0 0 0

#Transform 206
Transform: AffineTransform_float_3_3
Parameters: 0.999999 0.000852408 7.43155e-05 -0.000850597 0.999851 -0.0172401 -8.86775e-05 0.0172399 0.999852 -0.00926347 0.0848113 -0.074549
FixedParameters: 0 0 0

#Transform 207
Transform: AffineTransform_float_3_3
Parameters: 0.999999 0.000678375 0.00037056 -0.000671617 0.999856 -0.0169423 -0.000382433 0.0169418 0.999857 -0.00987008 0.0867412 -0.066209
FixedParameters: 0 0 0

#Transform 208
Transform: AffineTransform_float_3_3
Parameters: 0.999999 0.000893129 0.000118981 -0.00089087 0.999858 -0.0168351 -0.000134017 0.0168349 0.999859 -0.00934786 0.0800579 -0.0462728
FixedParameters: 0 0 0

#Transform 209
Transform: AffineTransform_float_3_3
Parameters: 1 0.00089681 0.000157793 -0.000893205 0.999856 -0.0169822 -0.000172193 0.0169819 0.999856 -0.00979406 0.0818973 -0.0578832
FixedParameters: 0 0 0

#Transform 210
Transform: AffineTransform_float_3_3
Parameters: 1 0.000951689 0.000324789 -0.00094531 0.999854 -0.0170843 -0.0003412 0.0170847 0.999854 -0.0116845 0.0786249 -0.043211
FixedParameters: 0 0 0

#Transform 211
Transform: AffineTransform_float_3_3
Parameters: 0.999999 0.000920639 0.000377184 -0.000914363 0.999851 -0.0172404 -0.000392822 0.0172397 0.999852 -0.0111747 0.0882419 -0.0600157
FixedParameters: 0 0 0

#Transform 212
Transform: AffineTransform_float_3_3
Parameters: 0.999999 0.000843431 -3.92016e-05 -0.000843566 0.999838 -0.018016 2.38061e-05 0.018016 0.999837 -0.00851773 0.0842052 -0.0719553
FixedParameters: 0 0 0

#Transform 213
Transform: AffineTransform_float_3_3
Parameters: 0.999999 0.00100572 9.17804e-05 -0.00100428 0.999852 -0.0171351 -0.000109224 0.0171349 0.999853 -0.0102768 0.0725779 -0.0305042
FixedParameters: 0 0 0

#Transform 214
Transform: AffineTransform_float_3_3
Parameters: 0.999999 0.000862322 1.09972e-05 -0.000861678 0.999848 -0.0174 -2.59971e-05 0.0174 0.999848 -0.0109418 0.11337 -0.033998
FixedParameters: 0 0 0

#Transform 215
Transform: AffineTransform_float_3_3
Parameters: 0.999999 0.00089954 -3.44889e-05 -0.000900469 0.999852 -0.017213 1.95031e-05 0.017213 0.999852 -0.00904695 0.0882235 -0.062556
FixedParameters: 0 0 0

#Transform 216
Transform: AffineTransform_float_3_3
Parameters: 0.999999 0.00096477 0.000206076 -0.00096023 0.999845 -0.0175752 -0.00022291 0.0175748 0.999845 -0.00989061 0.0922627 -0.0632163
FixedParameters: 0 0 0

#Transform 217
Transform: AffineTransform_float_3_3
Parameters: 0.999999 0.000928421 0.000130837 -0.000925575 0.999847 -0.0174301 -0.000147155 0.0174299 0.999848 -0.0113774 0.0826886 -0.0420898
FixedParameters: 0 0 0

#Transform 218
Transform: AffineTransform_float_3_3
Parameters: 1 0.0011379 9.79733e-05 -0.0011361 0.999844 -0.0176131 -0.000118029 0.0176139 0.999845 -0.00800216 0.0836839 -0.0464632
FixedParameters: 0 0 0

#Transform 219
Transform: AffineTransform_float_3_3
Parameters: 0.999999 0.000942466 -3.80215e-05 -0.000942532 0.999836 -0.018054 2.09869e-05 0.018054 0.999837 -0.00987575 0.092509 -0.0725415
FixedParameters: 0 0 0

#Transform 220
Transform: AffineTransform_float_3_3
Parameters: 0.999999 0.00100157 -8.73503e-05 -0.00100242 0.999832 -0.0183069 6.86601e-05 0.0183071 0.999833 -0.0104574 0.0742733 -0.065004
FixedParameters: 0 0 0

#Transform 221
Transform: AffineTransform_float_3_3
Parameters: 0.999999 0.000901583 -8.55412e-05 -0.000902406 0.999831 -0.0183309 6.84694e-05 0.0183311 0.999832 -0.0103509 0.0851454 -0.0749964
FixedParameters: 0 0 0

#Transform 222
Transform: AffineTransform_float_3_3
Parameters: 1 0.00110127 0.000118533 -0.00109872 0.999843 -0.0176941 -0.000138462 0.0176938 0.999843 -0.0144238 0.090596 -0.0639955
FixedParameters: 0 0 0

#Transform 223
Transform: AffineTransform_float_3_3
Parameters: 0.999999 0.000889381 -4.47405e-05 -0.000890607 0.999863 -0.016567 2.92493e-05 0.016567 0.999863 -0.00996625 0.245858 -0.0788692
FixedParameters: 0 0 0

#Transform 224
Transform: AffineTransform_float_3_3
Parameters: 1 0.00110697 -0.000261669 -0.00111102 0.999872 -0.0159317 0.00024333 0.0159323 0.999873 -0.0106826 -0.0996561 -0.0206272
FixedParameters: 0 0 0

#Transform 225
Transform: AffineTransform_float_3_3
Parameters: 0.999999 0.00129677 -8.91937e-05 -0.00129723 0.999878 -0.0155639 6.88182e-05 0.0155641 0.999879 -0.0223981 0.0806559 -0.015111
FixedParameters: 0 0 0

#Transform 226
Transform: AffineTransform_float_3_3
Parameters: 1 0.00111799 5.32385e-05 -0.00111702 0.999873 -0.0158931 -7.07617e-05 0.0158929 0.999873 -0.0203176 -0.00715338 -0.00518124
FixedParameters: 0 0 0

#Transform 227
Transform: AffineTransform_float_3_3
Parameters: 0.999999 0.000883151 -0.000126646 -0.000884855 0.999881 -0.0154339 0.000113357 0.0154341 0.999881 -0.0105045 0.148516 -0.0268561
FixedParameters: 0 0 0

#Transform 228
Transform: AffineTransform_float_3_3
Parameters: 1 0.000656227 7.49403e-05 -0.000654787 0.999882 -0.0153431 -8.40563e-05 0.015343 0.999883 -0.0129732 0.109509 -0.0325571
FixedParameters: 0 0 0

#Transform 229
Transform: AffineTransform_float_3_3
Parameters: 0.999999 0.000886888 5.64464e-05 -0.000886118 0.9999 -0.0141611 -6.85551e-05 0.0141609 0.999899 -0.0164945 0.126095 -0.0154792
FixedParameters: 0 0 0

#Transform 230
Transform: AffineTransform_float_3_3
Parameters: 0.999999 0.000753115 4.71971e-06 -0.000752881 0.999924 -0.012323 -1.42788e-05 0.012323 0.999924 -0.010338 0.116616 -0.0127854
FixedParameters: 0 0 0

#Transform 231
Transform: AffineTransform_float_3_3
Parameters: 0.999999 0.000696851 0.000282687 -0.000693158 0.99991 -0.0134012 -0.000291315 0.0134008 0.99991 -0.0147054 0.0860629 0.0188047
FixedParameters: 0 0 0

#Transform 232
Transform: AffineTransform_float_3_3
Parameters: 0.999999 0.000736729 0.000489009 -0.00073027 0.999907 -0.0136224 -0.000498994 0.0136216 0.999907 -0.0100269 0.0642466 0.04836
FixedParameters: 0 0 0

#Transform 233
Transform: AffineTransform_float_3_3
Parameters: 1 0.000368843 0.000498452 -0.000364152 0.999953 -0.00968118 -0.000502549 0.00968082 0.999953 -0.0106513 0.11323 0.0720446
FixedParameters: 0 0 0

#Transform 234
Transform: AffineTransform_float_3_3
Parameters: 1 0.000439655 0.000279872 -0.000437353 0.999955 -0.00941612 -0.00028313 0.00941587 0.999955 -0.0106012 0.069949 0.0997169
FixedParameters: 0 0 0

#Transform 235
Transform: AffineTransform_float_3_3
Parameters: 1 0.000421044 0.000109044 -0.000419956 0.999955 -0.00940604 -0.000112955 0.00940595 0.999956 -0.00944945 0.0559003 0.0752416
FixedParameters: 0 0 0

#Transform 236
Transform: AffineTransform_float_3_3
Parameters: 1 0.000502985 0.000108534 -0.000502011 0.999961 -0.00888805 -0.000113466 0.00888794 0.99996 -0.0107593 0.0647763 0.0849618
FixedParameters: 0 0 0

#Transform 237
Transform: AffineTransform_float_3_3
Parameters: 1 0.000582007 0.000107693 -0.00058099 0.999958 -0.00912707 -0.000113307 0.00912694 0.999959 -0.0187579 0.0927677 0.0933685
FixedParameters: 0 0 0

#Transform 238
Transform: AffineTransform_float_3_3
Parameters: 0.999999 0.000841816 0.000275541 -0.000839189 0.999949 -0.0100652 -0.000283461 0.0100648 0.99995 -0.016883 0.107863 0.0962662
FixedParameters: 0 0 0

#Transform 239
Transform: AffineTransform_float_3_3
Parameters: 1 0.000541736 0.000109418 -0.00054026 0.999978 -0.00661706 -0.000113577 0.00661694 0.999978 -0.0113454 0.102117 0.112406
FixedParameters: 0 0 0

#Transform 240
Transform: AffineTransform_float_3_3
Parameters: 1 0.000532161 0.000377584 -0.000528835 0.999965 -0.00832321 -0.000382415 0.0083228 0.999966 -0.0125594 0.121464 0.102012
FixedParameters: 0 0 0

#Transform 241
Transform: AffineTransform_float_3_3
Parameters: 0.999999 0.000607888 0.00064248 -0.000602117 0.999958 -0.00912439 -0.000647521 0.00912461 0.999958 -0.0149991 0.12288 0.0853418
FixedParameters: 0 0 0

#Transform 242
Transform: AffineTransform_float_3_3
Parameters: 1 0.000635001 0.00028746 -0.000632003 0.999946 -0.0103232 -0.00029354 0.0103228 0.999946 -0.0136962 0.10926 0.05389
FixedParameters: 0 0 0

#Transform 243
Transform: AffineTransform_float_3_3
Parameters: 1 0.000367581 0.000344215 -0.000364421 0.999947 -0.0103471 -0.000347789 0.0103469 0.999947 -0.00982158 0.0940017 0.0422772
FixedParameters: 0 0 0

#Transform 244
Transform: AffineTransform_float_3_3
Parameters: 1 0.000636747 0.000255253 -0.000634256 0.999944 -0.0106192 -0.00026175 0.0106188 0.999944 -0.0136182 0.0803438 0.0571118
FixedParameters: 0 0 0

#Transform 245
Transform: AffineTransform_float_3_3
Parameters: 1 0.000368654 0.000436108 -0.000364347 0.999944 -0.0106242 -0.000439896 0.0106238 0.999944 -0.0103633 0.0215607 0.0759516
FixedParameters: 0 0 0

#Transform 246
Transform: AffineTransform_float_3_3
Parameters: 1 0.000369933 0.000493609 -0.000364063 0.999929 -0.0119652 -0.000498392 0.0119648 0.999929 -0.0106214 0.141153 0.0277316
FixedParameters: 0 0 0

#Transform 247
Transform: AffineTransform_float_3_3
Parameters: 0.999999 0.000546942 0.000476261 -0.000541049 0.999923 -0.0123883 -0.00048374 0.0123877 0.999923 -0.0111068 0.0869143 0.0455166
FixedParameters: 0 0 0

#Transform 248
Transform: AffineTransform_float_3_3
Parameters: 1 0.000525412 0.000351491 -0.000521593 0.999922 -0.0124392 -0.000357515 0.0124388 0.999922 -0.0123377 0.0876174 0.012019
FixedParameters: 0 0 0

#Transform 249
Transform: AffineTransform_float_3_3
Parameters: 1 0.000562624 0.000279829 -0.000559387 0.999918 -0.0127862 -0.000286176 0.0127858 0.999918 -0.00920732 0.093573 0.0174929
FixedParameters: 0 0 0

#Transform 250
Transform: AffineTransform_float_3_3
Parameters: 1 0.0003685 0.000340189 -0.000364502 0.999913 -0.0131351 -0.000344818 0.0131359 0.999913 -0.00984161 0.135994 0.00519334
FixedParameters: 0 0 0

#Transform 251
Transform: AffineTransform_float_3_3
Parameters: 1 0.00037044 0.000479089 -0.000364561 0.99991 -0.0133722 -0.000483919 0.0133728 0.999911 -0.00665331 0.0996918 0.0010327
FixedParameters: 0 0 0

#Transform 252
Transform: AffineTransform_float_3_3
Parameters: 0.999999 0.000553901 0.000439668 -0.000548095 0.999912 -0.0133083 -0.000447334 0.0133088 0.999912 -0.0110746 0.109092 -0.00350207
FixedParameters: 0 0 0

#Transform 253
Transform: AffineTransform_float_3_3
Parameters: 1 0.000369836 0.000445216 -0.000364167 0.999915 -0.0130372 -0.000449786 0.0130368 0.999915 -0.0103695 0.0817135 -0.00963186
FixedParameters: 0 0 0

#Transform 254
Transform: AffineTransform_float_3_3
Parameters: 1 0.000370072 0.000453108 -0.000363929 0.999911 -0.0133282 -0.000457891 0.0133278 0.999911 -0.0104388 0.0879487 -0.0143004
FixedParameters: 0 0 0

#Transform 255
Transform: AffineTransform_float_3_3
Parameters: 1 0.000526557 0.00040996 -0.000521442 0.999909 -0.0134392 -0.000417045 0.0134388 0.999909 -0.0126947 0.0887091 -0.030656
FixedParameters: 0 0 0

#Transform 256
Transform: AffineTransform_float_3_3
Parameters: 1 0.000370102 0.000471271 -0.000363902 0.999917 -0.0128822 -0.000475727 0.0128818 0.999917 -0.0105442 0.085761 -0.0243345
FixedParameters: 0 0 0

#Transform 257
Transform: AffineTransform_float_3_3
Parameters: 1 0.000369503 0.000433367 -0.000364501 0.99992 -0.0126312 -0.000437639 0.0126308 0.99992 -0.0103429 0.071469 -0.0235818
FixedParameters: 0 0 0

#Transform 258
Transform: AffineTransform_float_3_3
Parameters: 1 0.000491384 0.000106819 -0.000489613 0.99992 -0.012595 -0.000113176 0.0125949 0.99992 -0.0105906 0.0668375 -0.0286232
FixedParameters: 0 0 0

#Transform 259
Transform: AffineTransform_float_3_3
Parameters: 1 0.000551428 0.000105813 -0.00054957 0.999914 -0.0130501 -0.000113181 0.0130499 0.999915 -0.0115368 0.107684 -0.0308255
FixedParameters: 0 0 0

#Transform 260
Transform: AffineTransform_float_3_3
Parameters: 1 0.00054239 0.00010613 -0.000540612 0.99992 -0.0126821 -0.000112865 0.0126819 0.999919 -0.00712024 0.111128 -0.0354876
FixedParameters: 0 0 0

#Transform 261
Transform: AffineTransform_float_3_3
Parameters: 1 0.000368234 0.000353643 -0.000364773 0.999929 -0.0119001 -0.000357366 0.0118999 0.999929 -0.00989911 0.0905706 -0.0174161
FixedParameters: 0 0 0

#Transform 262
Transform: AffineTransform_float_3_3
Parameters: 1 0.000609988 0.000290813 -0.00060702 0.999948 -0.0101682 -0.000296187 0.0101678 0.999949 -0.0133461 0.0848993 0.0657353
FixedParameters: 0 0 0

#Transform 263
Transform: AffineTransform_float_3_3
Parameters: 0.999999 0.000552523 0.000521206 -0.000546479 0.999945 -0.0105383 -0.000526788 0.0105377 0.999945 -0.00716219 0.0837976 0.0729276
FixedParameters: 0 0 0

#Transform 264
Transform: AffineTransform_float_3_3
Parameters: 0.999999 0.000636727 0.000714184 -0.000629274 0.999942 -0.0107684 -0.000720818 0.0107685 0.999942 -0.0128222 0.12628 0.0629563
FixedParameters: 0 0 0

#Transform 265
Transform: AffineTransform_float_3_3
Parameters: 0.999999 0.000618903 0.000702112 -0.000611098 0.999937 -0.0112004 -0.000708889 0.0112006 0.999937 -0.0156233 0.11548 0.0343046
FixedParameters: 0 0 0

#Transform 266
Transform: AffineTransform_float_3_3
Parameters: 0.999999 0.000601003 0.00051913 -0.000594998 0.999934 -0.0114873 -0.000525869 0.0114867 0.999934 -0.00821187 0.0981222 0.0072776
FixedParameters: 0 0 0

#Transform 267
Transform: AffineTransform_float_3_3
Parameters: 0.999999 0.000632454 0.000641738 -0.000625543 0.999933 -0.0115494 -0.000649268 0.0115496 0.999933 -0.00876968 0.105492 0.0120824
FixedParameters: 0 0 0

#Transform 268
Transform: AffineTransform_float_3_3
Parameters: 1 0.000792297 0.000706808 -0.000784701 0.999931 -0.0116626 -0.0007162 0.0116614 0.999931 -0.0116676 0.101983 0.0179219
FixedParameters: 0 0 0

#Transform 269
Transform: AffineTransform_float_3_3
Parameters: 1 0.000567136 0.000893026 -0.000555865 0.999922 -0.0124205 -0.000899974 0.0124205 0.999923 -0.00955486 0.0740285 0.00569378
FixedParameters: 0 0 0

#Transform 270
Transform: AffineTransform_float_3_3
Parameters: 0.999999 0.000592416 0.000652455 -0.000583589 0.999917 -0.0128254 -0.000659538 0.0128246 0.999917 -0.000718226 0.0673115 0.0315139
FixedParameters: 0 0 0

#Transform 271
Transform: AffineTransform_float_3_3
Parameters: 0.999999 0.000673141 0.000369792 -0.000667857 0.999906 -0.0137303 -0.000379205 0.0137298 0.999905 -0.00873336 0.0867152 0.0319118
FixedParameters: 0 0 0

#Transform 272
Transform: AffineTransform_float_3_3
Parameters: 0.999999 0.000767384 0.000652263 -0.000758619 0.999919 -0.0127585 -0.000661733 0.0127585 0.999919 -0.00900235 0.102103 0.0646091
FixedParameters: 0 0 0

#Transform 273
Transform: AffineTransform_float_3_3
Parameters: 1 0.000571361 0.000966801 -0.000558636 0.999918 -0.0127385 -0.000974196 0.0127375 0.999919 -0.00893624 0.102428 0.023838
FixedParameters: 0 0 0

#Transform 274
Transform: AffineTransform_float_3_3
Parameters: 0.999999 0.000623586 0.000795817 -0.000613412 0.999912 -0.0132335 -0.000804188 0.0132335 0.999912 -0.00710371 0.126484 0.0157323
FixedParameters: 0 0 0

#Transform 275
Transform: AffineTransform_float_3_3
Parameters: 1 0.000598505 0.000943181 -0.000586498 0.999912 -0.0132026 -0.000950827 0.0132024 0.999913 -0.00911098 0.121557 -0.00328462
FixedParameters: 0 0 0

#Transform 276
Transform: AffineTransform_float_3_3
Parameters: 1 0.000514795 0.0010584 -0.000501211 0.999916 -0.0129925 -0.0010646 0.0129925 0.999915 -0.00620707 0.142039 -0.0209861
FixedParameters: 0 0 0

#Transform 277
Transform: AffineTransform_float_3_3
Parameters: 0.999999 0.000518503 0.000863193 -0.000506485 0.999912 -0.0132744 -0.0008708 0.0132736 0.999912 -0.00645998 0.106542 -0.0165878
FixedParameters: 0 0 0

#Transform 278
Transform: AffineTransform_float_3_3
Parameters: 1 0.00055649 0.000941731 -0.000543521 0.999912 -0.0132105 -0.000948264 0.0132105 0.999913 -0.00975262 0.0828348 -0.0070279
FixedParameters: 0 0 0

#Transform 279
Transform: AffineTransform_float_3_3
Parameters: 1 0.000496527 0.000996373 -0.000483479 0.999909 -0.0135305 -0.00100263 0.0135305 0.999908 -0.007211 0.0658993 -0.0204117
FixedParameters: 0 0 0

#Transform 280
Transform: AffineTransform_float_3_3
Parameters: 1 0.000599073 0.000821034 -0.000587928 0.99991 -0.0134205 -0.000828965 0.0134205 0.999909 -0.00655731 0.0652974 -0.0189176
FixedParameters: 0 0 0

#Transform 281
Transform: AffineTransform_float_3_3
Parameters: 1 0.000510301 0.000814025 -0.0004987 0.999905 -0.0138224 -0.000820972 0.0138226 0.999904 -0.00449522 0.0956622 -0.0260087
FixedParameters: 0 0 0

#Transform 282
Transform: AffineTransform_float_3_3
Parameters: 1 0.000218418 0.000524975 -0.000211581 0.9999 -0.0140891 -0.000528033 0.0140889 0.9999 0.003531 0.122423 -0.00367569
FixedParameters: 0 0 0

#Transform 283
Transform: AffineTransform_float_3_3
Parameters: 1 0.000392759 0.000522992 -0.000386241 0.999917 -0.0128612 -0.000528011 0.0128618 0.999917 -0.00273182 0.102795 0.00683519
FixedParameters: 0 0 0

#Transform 284
Transform: AffineTransform_float_3_3
Parameters: 0.999999 0.000356709 0.000760521 -0.000347298 0.999919 -0.0127283 -0.000764482 0.0127277 0.999918 -0.00110137 0.111649 -0.00581394
FixedParameters: 0 0 0

#Transform 285
Transform: AffineTransform_float_3_3
Parameters: 0.999999 0.00036223 0.000717413 -0.000352762 0.999917 -0.0128252 -0.000722583 0.0128247 0.999917 -0.000534878 0.123107 -0.0145072
FixedParameters: 0 0 0

#Transform 286
Transform: AffineTransform_float_3_3
Parameters: 1 0.000217769 0.000525244 -0.000211234 0.999918 -0.0128541 -0.000527759 0.0128539 0.999917 0.00188335 0.133256 -0.0414166
FixedParameters: 0 0 0

#Transform 287
Transform: AffineTransform_float_3_3
Parameters: 1 0.000439776 0.000522369 -0.000432215 0.999916 -0.0129022 -0.00052862 0.0129018 0.999916 -0.00520878 0.103624 -0.0272775
FixedParameters: 0 0 0

#Transform 288
Transform: AffineTransform_float_3_3
Parameters: 1 0.000463057 0.000521821 -0.00045594 0.999909 -0.0134442 -0.000528177 0.0134437 0.999909 -0.0122207 0.104425 -0.0236219
FixedParameters: 0 0 0

#Transform 289
Transform: AffineTransform_float_3_3
Parameters: 0.999999 0.000391125 0.000592717 -0.000382871 0.999907 -0.0136472 -0.00059828 0.0136468 0.999906 -0.00221875 0.0890715 -0.0174993
FixedParameters: 0 0 0

#Transform 290
Transform: AffineTransform_float_3_3
Parameters: 1 0.000416161 0.000522375 -0.000408831 0.999907 -0.0136332 -0.000528623 0.0136338 0.999907 -0.0115027 0.096912 -0.00876939
FixedParameters: 0 0 0

#Transform 291
Transform: AffineTransform_float_3_3
Parameters: 1 0.00039534 0.000469736 -0.000388656 0.99991 -0.0134212 -0.000475259 0.0134208 0.99991 -0.0108582 0.0928497 -0.0220161
FixedParameters: 0 0 0

#Transform 292
Transform: AffineTransform_float_3_3
Parameters: 0.999999 0.000517617 0.000753818 -0.000507395 0.999901 -0.0140164 -0.000760186 0.0140166 0.999901 -0.00494288 0.0791077 -0.0152401
FixedParameters: 0 0 0

#Transform 293
Transform: AffineTransform_float_3_3
Parameters: 1 0.000478552 0.000443027 -0.000472449 0.999893 -0.0146712 -0.00044998 0.0146718 0.999893 -0.0121181 0.10468 -0.0398995
FixedParameters: 0 0 0

#Transform 294
Transform: AffineTransform_float_3_3
Parameters: 1 0.000501141 0.000416724 -0.000494855 0.999893 -0.0146072 -0.000424274 0.0146078 0.999893 -0.00385281 0.100774 -0.0435372
FixedParameters: 0 0 0

#Transform 295
Transform: AffineTransform_float_3_3
Parameters: 1 0.000385202 0.000484359 -0.000377803 0.99989 -0.0147822 -0.000489638 0.0147818 0.99989 -0.00276803 0.116314 -0.0272692
FixedParameters: 0 0 0

#Transform 296
Transform: AffineTransform_float_3_3
Parameters: 1 0.000434332 0.000428678 -0.000427663 0.999893 -0.0146632 -0.000435318 0.0146628 0.999893 -0.00483789 0.104559 -0.0417408
FixedParameters: 0 0 0

#Transform 297
Transform: AffineTransform_float_3_3
Parameters: 0.999999 0.000523956 0.000478493 -0.000517052 0.999896 -0.0144222 -0.000485508 0.0144227 0.999896 -0.00387946 0.103206 -0.0307947
FixedParameters: 0 0 0

#Transform 298
Transform: AffineTransform_float_3_3
Parameters: 1 0.00033785 0.000193097 -0.000335151 0.999894 -0.0145731 -0.000197905 0.0145729 0.999894 -0.00220524 0.103808 -0.0215232
FixedParameters: 0 0 0

#Transform 299
Transform: AffineTransform_float_3_3
Parameters: 0.999999 0.000465481 0.000715287 -0.000454522 0.999893 -0.0145843 -0.000721706 0.0145847 0.999894 -0.0058283 0.11559 -0.0451199
FixedParameters: 0 0 0

#Transform 300
Transform: AffineTransform_float_3_3
Parameters: 1 0.000444645 0.000448508 -0.000438347 0.999891 -0.0147092 -0.000455497 0.0147098 0.999891 -0.00406348 0.105012 -0.0551174
FixedParameters: 0 0 0

#Transform 301
Transform: AffineTransform_float_3_3
Parameters: 1 0.00047777 0.000505772 -0.000470226 0.999883 -0.0152532 -0.000513232 0.0152528 0.999884 -0.00198922 0.107965 -0.073748
FixedParameters: 0 0 0

#Transform 302
Transform: AffineTransform_float_3_3
Parameters: 0.999999 0.000506761 0.000507364 -0.000499229 0.999884 -0.0151822 -0.000515638 0.0151817 0.999884 -0.00489699 0.0870158 -0.0320668
FixedParameters: 0 0 0

#Transform 303
Transform: AffineTransform_float_3_3
Parameters: 1 0.000507149 0.000473455 -0.000500842 0.999887 -0.0149812 -0.000481557 0.0149807 0.999887 -0.00491433 0.0805559 -0.0391654
FixedParameters: 0 0 0

#Transform 304
Transform: AffineTransform_float_3_3
Parameters: 1 0.000499553 0.000365528 -0.000493439 0.999887 -0.0150392 -0.000373463 0.0150388 0.999887 -0.00409251 0.0993577 -0.0418392
FixedParameters: 0 0 0

#Transform 305
Transform: AffineTransform_float_3_3
Parameters: 1 0.000443602 0.000293153 -0.0004394 0.999879 -0.0155151 -0.000299854 0.0155159 0.999879 -0.00184847 0.0936404 -0.0395875
FixedParameters: 0 0 0

#Transform 306
Transform: AffineTransform_float_3_3
Parameters: 1 0.000424106 0.000321371 -0.0004199 0.999877 -0.0157251 -0.000327643 0.0157249 0.999877 -0.00393566 0.0953269 -0.0318324
FixedParameters: 0 0 0

#Transform 307
Transform: AffineTransform_float_3_3
Parameters: 1 0.000215761 0.000303673 -0.000211234 0.999879 -0.0155931 -0.000307331 0.0155929 0.999879 0.00187757 0.11627 -0.0228814
FixedParameters: 0 0 0

#Transform 308
Transform: AffineTransform_float_3_3
Parameters: 1 0.000490934 0.000243216 -0.000487069 0.999873 -0.0159191 -0.000250785 0.0159189 0.999874 -0.000580155 0.124324 -0.0278881
FixedParameters: 0 0 0

#Transform 309
Transform: AffineTransform_float_3_3
Parameters: 1 0.000514447 0.000276891 -0.000510551 0.999874 -0.0158291 -0.000285117 0.0158288 0.999874 -0.00279697 0.107759 -0.0158901
FixedParameters: 0 0 0

#Transform 310
Transform: AffineTransform_float_3_3
Parameters: 1 0.000562719 0.000173411 -0.000560272 0.999883 -0.0152991 -0.000182593 0.0152989 0.999883 -0.00607517 0.120278 0.0115828
FixedParameters: 0 0 0

#Transform 311
Transform: AffineTransform_float_3_3
Parameters: 1 0.000213763 0.000191968 -0.000211237 0.999898 -0.014277 -0.000195036 0.014277 0.999898 -0.00667288 0.0945293 0.0170863
FixedParameters: 0 0 0

#Transform 312
Transform: AffineTransform_float_3_3
Parameters: 0.999999 0.000482416 0.000594053 -0.000474584 0.999922 -0.0124213 -0.000599941 0.0124207 0.999922 -0.00296883 0.0918204 0.0537273
FixedParameters: 0 0 0

#Transform 313
Transform: AffineTransform_float_3_3
Parameters: 0.999999 0.000585124 0.000787577 -0.000575882 0.999918 -0.0127955 -0.000794433 0.0127945 0.999918 -0.00350726 0.132698 0.0372414
FixedParameters: 0 0 0

#Transform 314
Transform: AffineTransform_float_3_3
Parameters: 0.999999 0.000560652 0.000513835 -0.000554346 0.999917 -0.0128563 -0.00052117 0.0128557 0.999917 -0.0137838 0.113461 0.0360525
FixedParameters: 0 0 0

#Transform 315
Transform: AffineTransform_float_3_3
Parameters: 1 0.000212551 0.000145764 -0.000211447 0.999945 -0.010556 -0.00014824 0.010556 0.999945 -0.00649438 0.0939483 0.0261665
FixedParameters: 0 0 0

#Transform 316
Transform: AffineTransform_float_3_3
Parameters: 1 0.000443321 0.000259406 -0.000439684 0.999919 -0.0126661 -0.00026459 0.0126659 0.999919 -0.00367433 0.0826383 -0.00244475
FixedParameters: 0 0 0

#Transform 317
Transform: AffineTransform_float_3_3
Parameters: 1 0.000404117 0.00038875 -0.00039988 0.999915 -0.0130732 -0.000394261 0.0130729 0.999915 -0.00524587 0.106957 0.00599311
FixedParameters: 0 0 0

#Transform 318
Transform: AffineTransform_float_3_3
Parameters: 1 0.000427204 0.000259804 -0.000423794 0.999926 -0.0122081 -0.000265194 0.0122089 0.999925 -0.0103768 0.107644 0.0197388
FixedParameters: 0 0 0

#Transform 319
Transform: AffineTransform_float_3_3
Parameters: 1 0.000275658 -9.88262e-05 -0.000277344 0.999904 -0.013846 9.5169e-05 0.013846 0.999904 -0.00035468 0.0588914 0.0528829
FixedParameters: 0 0 0

#Transform 320
Transform: AffineTransform_float_3_3
Parameters: 1 0.000502478 0.000300639 -0.000498516 0.999891 -0.0147141 -0.000308368 0.0147138 0.999891 -0.00731855 0.155199 -0.0047122
FixedParameters: 0 0 0

#Transform 321
Transform: AffineTransform_float_3_3
Parameters: 1 0.000443313 0.000480352 -0.000436676 0.999885 -0.0151202 -0.000487658 0.0151198 0.999885 -0.00549471 0.116643 0.0120548
FixedParameters: 0 0 0

#Transform 322
Transform: AffineTransform_float_3_3
Parameters: 1 0.000316666 0.000432194 -0.000310337 0.999883 -0.0153371 -0.000436811 0.0153369 0.999883 -0.00392502 0.138512 -0.0165908
FixedParameters: 0 0 0

#Transform 323
Transform: AffineTransform_float_3_3
Parameters: 1 0.000317612 0.000234179 -0.000314391 0.999884 -0.0152661 -0.000238827 0.0152659 0.999884 -0.00122407 0.108031 -0.011986
FixedParameters: 0 0 0

#Transform 324
Transform: AffineTransform_float_3_3
Parameters: 1 0.000246793 0.000236098 -0.000242209 0.999873 -0.0159331 -0.00023989 0.0159329 0.999873 -0.005052 0.134169 -0.0152078
FixedParameters: 0 0 0
