#Insight Transform File V1.0
#Transform 0
Transform: AffineTransform_float_3_3
Parameters: 1 -0.000304445 0.000243445 0.000303554 0.999999 0.00182408 -0.000244554 -0.00182493 0.999999 0.00421008 -0.0136747 0.0522779
FixedParameters: 0 0 0

#Transform 1
Transform: AffineTransform_float_3_3
Parameters: 1 -0.00019687 -8.92871e-05 0.00019713 0.999999 0.00145798 8.87127e-05 -0.00145802 0.999999 0.0044364 0.0135494 0.0351627
FixedParameters: 0 0 0

#Transform 2
Transform: AffineTransform_float_3_3
Parameters: 1 -0.000156894 -9.21811e-05 0.000156106 1 0.00115399 9.18199e-05 -0.00115402 1 0.00356794 -0.00445163 0.022589
FixedParameters: 0 0 0

#Transform 3
Transform: AffineTransform_float_3_3
Parameters: 1 -0.000303271 0.000169516 0.000302728 0.999998 0.00159705 -0.000170484 -0.00159695 0.999998 0.0095996 -0.0128659 0.0301919
FixedParameters: 0 0 0

#Transform 4
Transform: AffineTransform_float_3_3
Parameters: 1 -0.000155 -1.74685e-07 0.000155 1 0.001127 -1.74685e-07 -0.001127 1 0.00300016 -0.000156906 0.0175361
FixedParameters: 0 0 0

#Transform 5
Transform: AffineTransform_float_3_3
Parameters: 1 -0.000421 -4.74467e-07 0.000421 1 0.001127 -4.74467e-07 -0.001127 1 0.00810628 -0.0364687 0.01455
FixedParameters: 0 0 0

#Transform 6
Transform: AffineTransform_float_3_3
Parameters: 1 -0.000266886 -0.000101301 0.000266114 1 0.00112697 0.0001007 -0.00112703 1 0.00888126 -0.00589123 0.022032
FixedParameters: 0 0 0

#Transform 7
Transform: AffineTransform_float_3_3
Parameters: 1 -0.0001329 -9.51396e-05 0.0001331 1 0.00104999 9.48603e-05 -0.00105001 1 0.00321951 2.98416e-05 0.0182299
FixedParameters: 0 0 0

#Transform 8
Transform: AffineTransform_float_3_3
Parameters: 1 -0.000224194 0.000171747 0.000223807 1 0.00112704 -0.000171252 -0.00112696 1 0.0031737 -0.00582814 0.0289031
FixedParameters: 0 0 0

#Transform 9
Transform: AffineTransform_float_3_3
Parameters: 1 2.1e-05 1.68e-08 -2.1e-05 0.999999 0.000799999 1.68e-08 -0.000799999 0.999999 -0.000484279 0.0222976 0.0152685
FixedParameters: 0 0 0

#Transform 10
Transform: AffineTransform_float_3_3
Parameters: 1 -0.000161175 0.000169834 0.000161825 1 0.00102903 -0.000170167 -0.00102897 1 0.00198383 -0.0204142 0.0192115
FixedParameters: 0 0 0

#Transform 11
Transform: AffineTransform_float_3_3
Parameters: 1 -0.000421098 9.65722e-05 0.000420901 1 0.00101604 -9.74277e-05 -0.00101596 1 0.00741913 -0.00302624 0.0192145
FixedParameters: 0 0 0

#Transform 12
Transform: AffineTransform_float_3_3
Parameters: 1 -6.6e-05 -3.9072e-08 6.6e-05 1 0.000592 -3.9072e-08 -0.000592 1 0.00122604 0.0177235 0.0112404
FixedParameters: 0 0 0

#Transform 13
Transform: AffineTransform_float_3_3
Parameters: 1 -0.000253 -2.84119e-07 0.000253 1 0.001123 -2.84119e-07 -0.001123 1 0.00492022 -0.0247625 0.0378908
FixedParameters: 0 0 0

#Transform 14
Transform: AffineTransform_float_3_3
Parameters: 1 -0.000107843 -0.000183093 0.000107157 0.999999 0.00085998 0.000182908 -0.000860019 0.999999 0.00527688 0.0172209 0.0319061
FixedParameters: 0 0 0

#Transform 15
Transform: AffineTransform_float_3_3
Parameters: 1 -7.69368e-05 -8.40579e-05 7.60631e-05 0.999999 0.000751993 8.39428e-05 -0.000752006 0.999999 0.00194218 0.00650082 0.0147022
FixedParameters: 0 0 0

#Transform 16
Transform: AffineTransform_float_3_3
Parameters: 1 -0.000245 -2.28585e-07 0.000245 0.999999 0.000933 -2.28585e-07 -0.000933 1 0.00973139 -0.0136514 0.017967
FixedParameters: 0 0 0

#Transform 17
Transform: AffineTransform_float_3_3
Parameters: 1 -3.89752e-05 -0.000134007 3.90248e-05 1 0.000184995 0.000133993 -0.000185005 1 0.00424663 0.0129821 0.00391489
FixedParameters: 0 0 0

#Transform 18
Transform: AffineTransform_float_3_3
Parameters: 1 -0.000141063 0.000143938 0.000140937 1 0.00043602 -0.000144061 -0.00043598 1 0.00169862 0.00149296 0.00778771
FixedParameters: 0 0 0

#Transform 19
Transform: AffineTransform_float_3_3
Parameters: 1 -4.3e-05 -5.031e-09 4.3e-05 1 0.000117 -5.031e-09 -0.000117 1 0.00402286 -0.00889682 0.00211563
FixedParameters: 0 0 0

#Transform 20
Transform: AffineTransform_float_3_3
Parameters: 1 4.9e-05 -6.811e-09 -4.9e-05 1 -0.000139 -6.811e-09 0.000139 1 -0.00105448 -0.00140602 -0.00282752
FixedParameters: 0 0 0

#Transform 21
Transform: AffineTransform_float_3_3
Parameters: 1 -9e-05 -1.656e-08 9e-05 1 0.000184 -1.656e-08 -0.000184 1 0.00171821 0.00785854 0.00597334
FixedParameters: 0 0 0

#Transform 22
Transform: AffineTransform_float_3_3
Parameters: 1 0.000103986 -0.000175008 -0.000104014 1 -7.89818e-05 0.000174992 7.90182e-05 1 -0.00092239 0.0256919 -0.000986847
FixedParameters: 0 0 0

#Transform 23
Transform: AffineTransform_float_3_3
Parameters: 1 7e-05 5.74e-09 -7e-05 1 8.2e-05 5.74e-09 -8.2e-05 1 -0.00139438 -0.00314687 0.00143327
FixedParameters: 0 0 0

#Transform 24
Transform: AffineTransform_float_3_3
Parameters: 1 3e-05 5.52e-09 -3e-05 1 0.000184 5.52e-09 -0.000184 1 -0.000636279 0.0120007 0.00350958
FixedParameters: 0 0 0

#Transform 25
Transform: AffineTransform_float_3_3
Parameters: 1 0.000145912 -0.000534024 -0.000146088 1 -0.000164922 0.000533976 0.000165078 1 0.000770094 0.0290088 -0.00122024
FixedParameters: 0 0 0

#Transform 26
Transform: AffineTransform_float_3_3
Parameters: 1 -7e-06 -2.212e-09 7e-06 1 0.000316 -2.212e-09 -0.000316 1 0.000119899 0.00244759 0.0276144
FixedParameters: 0 0 0

#Transform 27
Transform: AffineTransform_float_3_3
Parameters: 1 0.000100028 -0.000151982 -9.9972e-05 1 0.000184015 0.000152018 -0.000183985 1 -0.000922586 0.00999988 0.0115139
FixedParameters: 0 0 0

#Transform 28
Transform: AffineTransform_float_3_3
Parameters: 1 0.000113009 -0.000102991 -0.000112991 1 8.40116e-05 0.000103009 -8.39884e-05 1 -0.00154589 0.00351789 0.0180573
FixedParameters: 0 0 0

#Transform 29
Transform: AffineTransform_float_3_3
Parameters: 1 -2.6e-05 -1.4222e-08 2.6e-05 1 0.000547 -1.4222e-08 -0.000547 1 0.000508049 -0.0139261 0.038958
FixedParameters: 0 0 0

#Transform 30
Transform: AffineTransform_float_3_3
Parameters: 1 0.000124 1.054e-08 -0.000124 1 8.5e-05 1.054e-08 -8.5e-05 1 -0.00775492 0.0370099 0.00146483
FixedParameters: 0 0 0

#Transform 31
Transform: AffineTransform_float_3_3
Parameters: 1 0.000234019 -9.69553e-05 -0.000233981 1 0.000191023 9.70447e-05 -0.000190977 1 -0.0114415 0.0174353 0.00393731
FixedParameters: 0 0 0

#Transform 32
Transform: AffineTransform_float_3_3
Parameters: 1 4.80423e-05 -0.000150987 -4.79577e-05 1 0.000280007 0.000151013 -0.000279993 1 6.87655e-05 0.0175682 0.0203272
FixedParameters: 0 0 0

#Transform 33
Transform: AffineTransform_float_3_3
Parameters: 1 0.000163994 -0.000133007 -0.000164006 1 -4.39782e-05 0.000132993 4.40218e-05 1 -0.0023719 0.0407262 0.0160933
FixedParameters: 0 0 0

#Transform 34
Transform: AffineTransform_float_3_3
Parameters: 1 1.98988e-05 0.00020201 -2.01012e-05 1 0.000500996 -0.00020199 -0.000501004 1 -0.00608552 0.000120866 0.0370511
FixedParameters: 0 0 0

#Transform 35
Transform: AffineTransform_float_3_3
Parameters: 1 9e-05 1.638e-08 -9e-05 1 0.000182 1.638e-08 -0.000182 1 -0.00179009 0.0313797 0.0194901
FixedParameters: 0 0 0

#Transform 36
Transform: AffineTransform_float_3_3
Parameters: 1 -3.98422e-06 -9.80006e-05 4.01578e-06 1 0.000161 9.79994e-05 -0.000161 1 0.000718066 0.00994416 0.0033992
FixedParameters: 0 0 0

#Transform 37
Transform: AffineTransform_float_3_3
Parameters: 1 7e-05 1.806e-08 -7e-05 1 0.000258 1.806e-08 -0.000258 1 -0.00145153 0.00895444 0.0251136
FixedParameters: 0 0 0

#Transform 38
Transform: AffineTransform_float_3_3
Parameters: 1 1.7e-05 5.202e-09 -1.7e-05 1 0.000306 5.202e-09 -0.000306 1 -0.000354644 0.00890808 0.0281376
FixedParameters: 0 0 0

#Transform 39
Transform: AffineTransform_float_3_3
Parameters: 1 -0.000235902 -0.000151154 0.000235098 1 0.000650964 0.000150847 -0.000650035 1 0.00547997 -0.00430163 0.0305833
FixedParameters: 0 0 0

#Transform 40
Transform: AffineTransform_float_3_3
Parameters: 1 -2.59712e-05 -0.000186004 2.60288e-05 1 0.000154995 0.000185996 -0.000155005 1 0.00167444 0.0416191 0.00366614
FixedParameters: 0 0 0

#Transform 41
Transform: AffineTransform_float_3_3
Parameters: 1 0.000112079 -0.000155943 -0.000111921 1 0.000505017 0.000156057 -0.000504982 1 -0.00120232 0.0071414 0.0103397
FixedParameters: 0 0 0

#Transform 42
Transform: AffineTransform_float_3_3
Parameters: 1 2.41259e-05 -0.000365992 -2.38741e-05 1 0.000344009 0.000366008 -0.000343991 1 0.00195192 0.0241497 0.0155818
FixedParameters: 0 0 0

#Transform 43
Transform: AffineTransform_float_3_3
Parameters: 1 0.000129 2.3994e-08 -0.000129 1 0.000186 2.3994e-08 -0.000186 1 -0.00260849 0.0151522 0.0175899
FixedParameters: 0 0 0

#Transform 44
Transform: AffineTransform_float_3_3
Parameters: 1 -7.19023e-05 -0.000150047 7.20976e-05 1 0.000650989 0.000149953 -0.000651011 1 0.00232531 0.00961912 0.0333191
FixedParameters: 0 0 0

#Transform 45
Transform: AffineTransform_float_3_3
Parameters: 1 0.000125028 -0.00034699 -0.000124972 1 8.20434e-05 0.00034701 -8.19566e-05 1 -0.000103799 0.0345886 0.00869095
FixedParameters: 0 0 0

#Transform 46
Transform: AffineTransform_float_3_3
Parameters: 1 7.2e-05 2.1024e-08 -7.2e-05 1 0.000292 2.1024e-08 -0.000292 1 -0.0071716 0.00733722 0.00561734
FixedParameters: 0 0 0

#Transform 47
Transform: AffineTransform_float_3_3
Parameters: 1 -3.79581e-05 -0.00015801 3.80419e-05 1 0.000264994 0.00015799 -0.000265006 1 -0.00352309 0.0256962 0.00562925
FixedParameters: 0 0 0

#Transform 48
Transform: AffineTransform_float_3_3
Parameters: 1 1.90274e-05 -0.000130996 -1.89726e-05 1 0.000209002 0.000131004 -0.000208997 1 0.000487346 0.0108501 0.00447937
FixedParameters: 0 0 0

#Transform 49
Transform: AffineTransform_float_3_3
Parameters: 1 -4.19281e-05 -0.000138022 4.20719e-05 1 0.000520994 0.000137978 -0.000521006 1 0.00169009 -0.00528985 0.0430491
FixedParameters: 0 0 0

#Transform 50
Transform: AffineTransform_float_3_3
Parameters: 1 7.50655e-05 -0.00024898 -7.49345e-05 1 0.000263019 0.00024902 -0.000262981 1 -0.00532382 0.034039 0.0288057
FixedParameters: 0 0 0

#Transform 51
Transform: AffineTransform_float_3_3
Parameters: 1 -1.99671e-05 -9.80067e-05 2.00329e-05 1 0.000335998 9.79933e-05 -0.000336002 1 0.00108689 0.00557172 0.0229179
FixedParameters: 0 0 0

#Transform 52
Transform: AffineTransform_float_3_3
Parameters: 1 5e-05 -2.1e-09 -5e-05 1 -4.2e-05 -2.1e-09 4.2e-05 1 -0.00100109 0.0462239 0.00352245
FixedParameters: 0 0 0

#Transform 53
Transform: AffineTransform_float_3_3
Parameters: 1 0.00015 -6.63e-08 -0.00015 1 -0.000442 -6.63e-08 0.000442 1 -0.00294239 0.0320327 -0.00869452
FixedParameters: 0 0 0

#Transform 54
Transform: AffineTransform_float_3_3
Parameters: 1 -3.1788e-05 0.000397017 3.1212e-05 1 -0.000533987 -0.000396983 0.000534012 1 -0.00215175 0.00816042 0.0115279
FixedParameters: 0 0 0

#Transform 55
Transform: AffineTransform_float_3_3
Parameters: 1 0.000116 -1.13216e-07 -0.000116 0.999999 -0.000975999 -1.13216e-07 0.000975999 0.999999 -0.00860013 0.047177 -0.0021532
FixedParameters: 0 0 0

#Transform 56
Transform: AffineTransform_float_3_3
Parameters: 1 -1.6e-05 9.52e-09 1.6e-05 1 -0.000595 9.52e-09 0.000595 1 0.000269602 0.0128145 0.00534479
FixedParameters: 0 0 0

#Transform 57
Transform: AffineTransform_float_3_3
Parameters: 1 0.000115 -6.6125e-08 -0.000115 1 -0.000575 -6.6125e-08 0.000575 1 -0.0067045 0.0444717 0.0047875
FixedParameters: 0 0 0

#Transform 58
Transform: AffineTransform_float_3_3
Parameters: 1 0.000303 -2.94819e-07 -0.000303 1 -0.000973 -2.94819e-07 0.000973 0.999999 -0.0110721 0.0304911 -0.0249106
FixedParameters: 0 0 0

#Transform 59
Transform: AffineTransform_float_3_3
Parameters: 1 5.90515e-05 9.19669e-05 -5.89485e-05 1 -0.000560005 -9.2033e-05 0.000559994 1 -0.00183523 -0.0115694 -0.0114025
FixedParameters: 0 0 0

#Transform 60
Transform: AffineTransform_float_3_3
Parameters: 1 0.000294 -2.33142e-07 -0.000294 0.999999 -0.000792999 -2.33142e-07 0.000792999 0.999999 -0.00565415 0.0316633 -0.00860834
FixedParameters: 0 0 0

#Transform 61
Transform: AffineTransform_float_3_3
Parameters: 1 0.000154 -9.1168e-08 -0.000154 1 -0.000592 -9.1168e-08 0.000592 1 -0.00969734 0.0247179 0.00739776
FixedParameters: 0 0 0

#Transform 62
Transform: AffineTransform_float_3_3
Parameters: 1 7.4189e-05 0.000285951 -7.38109e-05 1 -0.000661021 -0.000286049 0.000660978 0.999999 -0.00333837 0.00586878 -0.0265953
FixedParameters: 0 0 0

#Transform 63
Transform: AffineTransform_float_3_3
Parameters: 1 6.19999e-05 -5.93959e-08 -6.19999e-05 0.999999 -0.000957999 -5.93959e-08 0.000957999 0.999999 -0.00114708 0.0350185 -0.0186869
FixedParameters: 0 0 0

#Transform 64
Transform: AffineTransform_float_3_3
Parameters: 1 0.000294209 0.000286785 -0.00029379 0.999999 -0.000730084 -0.000287214 0.000729915 0.999999 -0.00758712 0.0325512 -0.00206993
FixedParameters: 0 0 0

#Transform 65
Transform: AffineTransform_float_3_3
Parameters: 1 0.000115152 0.000393955 -0.000114848 1 -0.000386045 -0.000394044 0.000385955 1 -0.00484648 0.0130933 -0.0135313
FixedParameters: 0 0 0

#Transform 66
Transform: AffineTransform_float_3_3
Parameters: 1 0.000294151 0.000155714 -0.000293849 1 -0.000971046 -0.000155285 0.000970954 0.999999 -0.00668315 0.0477042 -0.0228829
FixedParameters: 0 0 0

#Transform 67
Transform: AffineTransform_float_3_3
Parameters: 1 0.000103272 0.000299906 -0.000102728 0.999999 -0.00090703 -0.000300093 0.000906968 0.999999 -0.00865518 0.0478871 -0.0187198
FixedParameters: 0 0 0

#Transform 68
Transform: AffineTransform_float_3_3
Parameters: 1 -0.000159817 0.000330089 0.000160183 1 -0.000554947 -0.000329911 0.000555053 1 0.000959757 0.0264018 -0.0120683
FixedParameters: 0 0 0

#Transform 69
Transform: AffineTransform_float_3_3
Parameters: 1 8.8e-05 -1.04192e-07 -8.8e-05 1 -0.001184 -1.04192e-07 0.001184 1 -0.00869251 0.0503161 -0.0131137
FixedParameters: 0 0 0

#Transform 70
Transform: AffineTransform_float_3_3
Parameters: 1 2.52106e-05 0.00026798 -2.47893e-05 0.999999 -0.000786006 -0.000268019 0.000785993 0.999999 -0.002251 0.0121785 -0.00497826
FixedParameters: 0 0 0

#Transform 71
Transform: AffineTransform_float_3_3
Parameters: 1 6.71714e-05 0.000182937 -6.68285e-05 0.999999 -0.000937011 -0.000183063 0.000936987 0.999999 -0.00247854 0.0351025 -0.0154257
FixedParameters: 0 0 0

#Transform 72
Transform: AffineTransform_float_3_3
Parameters: 1 0.000120348 0.000309865 -0.000120652 1 -0.00112204 -0.000310136 0.00112196 1 -0.00446325 0.0271419 -0.0185881
FixedParameters: 0 0 0

#Transform 73
Transform: AffineTransform_float_3_3
Parameters: 1 1.41503e-05 0.00020899 -1.38497e-05 0.999999 -0.000719003 -0.00020901 0.000718997 0.999999 -0.00760762 0.0212969 -9.08164e-05
FixedParameters: 0 0 0

#Transform 74
Transform: AffineTransform_float_3_3
Parameters: 1 0.000196391 0.000385802 -0.00019561 1 -0.00101108 -0.000386198 0.00101193 1 -0.0133716 0.0460145 -0.0112476
FixedParameters: 0 0 0

#Transform 75
Transform: AffineTransform_float_3_3
Parameters: 1 -2.76958e-05 0.000371023 2.83042e-05 0.999999 -0.000819989 -0.000370977 0.00082001 0.999999 -0.00500249 0.0192574 -0.00573514
FixedParameters: 0 0 0

#Transform 76
Transform: AffineTransform_float_3_3
Parameters: 1 3.82296e-05 0.000235963 -3.77703e-05 0.999999 -0.000973008 -0.000236037 0.00097299 0.999999 -0.00624804 0.0620735 -0.0171725
FixedParameters: 0 0 0

#Transform 77
Transform: AffineTransform_float_3_3
Parameters: 1 6.8312e-05 0.00030493 -6.7688e-05 1 -0.00102302 -0.00030507 0.00102298 1 -0.00682733 0.0373003 -0.0171068
FixedParameters: 0 0 0

#Transform 78
Transform: AffineTransform_float_3_3
Parameters: 1 -3.77636e-05 0.000380023 3.72363e-05 1 -0.000621986 -0.000379977 0.000622014 0.999999 -0.00184588 0.0235353 0.0049126
FixedParameters: 0 0 0

#Transform 79
Transform: AffineTransform_float_3_3
Parameters: 1 8.33149e-05 0.000308915 -8.26851e-05 1 -0.00101903 -0.000309085 0.00101898 1 -0.0106461 0.0493573 -0.00840198
FixedParameters: 0 0 0

#Transform 80
Transform: AffineTransform_float_3_3
Parameters: 1 -1.0823e-05 0.000221009 1.1177e-05 0.999999 -0.000800997 -0.000220991 0.000801002 0.999999 -0.00121404 0.0199772 -0.00033289
FixedParameters: 0 0 0

#Transform 81
Transform: AffineTransform_float_3_3
Parameters: 1 -0.00016 6.176e-08 0.00016 1 -0.000386 6.176e-08 0.000386 1 0.00316822 0.0177991 -0.00750948
FixedParameters: 0 0 0

#Transform 82
Transform: AffineTransform_float_3_3
Parameters: 1 6.82638e-05 0.000229922 -6.77362e-05 1 -0.00114702 -0.000230078 0.00114699 1 -0.00513701 0.0443388 -0.0230861
FixedParameters: 0 0 0

#Transform 83
Transform: AffineTransform_float_3_3
Parameters: 1 -3.07551e-05 0.000438017 3.02448e-05 1 -0.000558987 -0.000437983 0.000559013 0.999999 -0.00235069 0.013527 -0.00421782
FixedParameters: 0 0 0

#Transform 84
Transform: AffineTransform_float_3_3
Parameters: 1 1.82487e-05 0.000275984 -1.77513e-05 0.999999 -0.000901004 -0.000276016 0.000900994 0.999999 -0.00212983 0.0407444 -0.0186437
FixedParameters: 0 0 0

#Transform 85
Transform: AffineTransform_float_3_3
Parameters: 1 0.000145297 0.000255832 -0.000144703 1 -0.00115904 -0.000256168 0.00115896 1 -0.0107339 0.0419866 -0.0234527
FixedParameters: 0 0 0

#Transform 86
Transform: AffineTransform_float_3_3
Parameters: 1 1.52656e-05 0.000482991 -1.57343e-05 1 -0.000550007 -0.000483009 0.000549992 0.999999 -0.0097489 0.0384343 -0.0125165
FixedParameters: 0 0 0

#Transform 87
Transform: AffineTransform_float_3_3
Parameters: 1 6.2511e-05 0.000482934 -6.2489e-05 1 -0.00105803 -0.000483066 0.00105797 1 -0.00441847 0.0637535 -0.0177192
FixedParameters: 0 0 0

#Transform 88
Transform: AffineTransform_float_3_3
Parameters: 1 -7.43247e-06 0.000483009 7.56752e-06 1 -0.001175 -0.000482991 0.001175 0.999999 -0.00306193 0.0455845 -0.0245514
FixedParameters: 0 0 0

#Transform 89
Transform: AffineTransform_float_3_3
Parameters: 1 -8.77015e-05 0.000483054 8.82984e-05 1 -0.000617957 -0.000482945 0.000618042 0.999999 -0.00758986 0.0285636 -0.0138122
FixedParameters: 0 0 0

#Transform 90
Transform: AffineTransform_float_3_3
Parameters: 1 3.94165e-05 0.000428962 -3.95834e-05 0.999999 -0.000971017 -0.000429039 0.000970983 1 -0.00895841 0.0596778 -0.00948864
FixedParameters: 0 0 0

#Transform 91
Transform: AffineTransform_float_3_3
Parameters: 1 0.000124136 0.000164897 -0.000123864 0.999999 -0.00082602 -0.000165102 0.000825979 0.999999 -0.0139184 0.0282755 -0.00208154
FixedParameters: 0 0 0

#Transform 92
Transform: AffineTransform_float_3_3
Parameters: 1 5.42297e-05 0.000264953 -5.37702e-05 0.999999 -0.000867014 -0.000265047 0.000866985 0.999999 -0.0119139 0.0466141 0.00961897
FixedParameters: 0 0 0

#Transform 93
Transform: AffineTransform_float_3_3
Parameters: 1 0.000148163 0.000153843 -0.000147837 1 -0.00106102 -0.000154157 0.00106098 1 -0.0133707 0.0520086 -0.00763786
FixedParameters: 0 0 0

#Transform 94
Transform: AffineTransform_float_3_3
Parameters: 1 0.000257128 0.000210844 -0.000256873 1 -0.000605054 -0.000210155 0.000604946 1 -0.0149536 0.0484963 0.00928977
FixedParameters: 0 0 0

#Transform 95
Transform: AffineTransform_float_3_3
Parameters: 1 0.000110072 0.000104925 -0.000109928 1 -0.000684011 -0.000105075 0.000683988 1 -0.0101871 0.0495947 0.00391723
FixedParameters: 0 0 0

#Transform 96
Transform: AffineTransform_float_3_3
Parameters: 1 0.00016412 0.000114829 -0.00016488 1 -0.00104102 -0.000115172 0.00104098 1 -0.0101552 0.0518944 0.008961
FixedParameters: 0 0 0

#Transform 97
Transform: AffineTransform_float_3_3
Parameters: 1 0.000277145 0.000264848 -0.000276854 1 -0.000549073 -0.000265152 0.000548926 1 -0.020597 0.0480426 0.0151204
FixedParameters: 0 0 0

#Transform 98
Transform: AffineTransform_float_3_3
Parameters: 1 0.000139073 0.000188946 -0.000138927 1 -0.000386026 -0.000189054 0.000385974 1 -0.0141067 0.0593265 -0.00233778
FixedParameters: 0 0 0

#Transform 99
Transform: AffineTransform_float_3_3
Parameters: 1 0.000314186 0.000195702 -0.000313814 1 -0.000948062 -0.000196297 0.000947938 0.999999 -0.0159009 0.0567034 -0.00768904
FixedParameters: 0 0 0

#Transform 100
Transform: AffineTransform_float_3_3
Parameters: 1 0.000156124 0.000224914 -0.000155876 1 -0.000552035 -0.000225086 0.000551965 1 -0.01243 0.0361118 0.0014831
FixedParameters: 0 0 0

#Transform 101
Transform: AffineTransform_float_3_3
Parameters: 1 0.000291158 0.00020878 -0.000290842 0.999999 -0.00075706 -0.00020822 0.000756939 0.999999 -0.0110058 0.0620147 -0.00598341
FixedParameters: 0 0 0

#Transform 102
Transform: AffineTransform_float_3_3
Parameters: 1 0.000200233 0.000230798 -0.000200768 1 -0.00101005 -0.000230203 0.00100995 1 -0.0105617 0.0404485 -0.0222515
FixedParameters: 0 0 0

#Transform 103
Transform: AffineTransform_float_3_3
Parameters: 1 0.000161303 0.000296836 -0.000160697 1 -0.00102105 -0.000297164 0.00102095 1 -0.00506795 0.0405881 0.00227785
FixedParameters: 0 0 0

#Transform 104
Transform: AffineTransform_float_3_3
Parameters: 1 0.000204442 0.000305705 -0.000203558 0.999999 -0.00144406 -0.000306294 0.00144394 0.999999 -0.0156062 0.0432978 0.00159572
FixedParameters: 0 0 0

#Transform 105
Transform: AffineTransform_float_3_3
Parameters: 1 0.000151222 0.000323897 -0.000150778 1 -0.000684049 -0.000324103 0.000683951 0.999999 -0.0139792 0.0171599 -0.0116041
FixedParameters: 0 0 0

#Transform 106
Transform: AffineTransform_float_3_3
Parameters: 1 0.000175111 0.000108823 -0.000174889 1 -0.00101402 -0.000109178 0.00101498 1 -0.0126663 0.0369461 -0.0125719
FixedParameters: 0 0 0

#Transform 107
Transform: AffineTransform_float_3_3
Parameters: 1 0.000331191 0.000168626 -0.00033181 1 -0.00113106 -0.000168375 0.00113095 1 -0.0171142 0.0397648 -0.00642008
FixedParameters: 0 0 0

#Transform 108
Transform: AffineTransform_float_3_3
Parameters: 1 0.00017723 0.000263846 -0.000176771 0.999999 -0.000871046 -0.000263154 0.000870953 0.999999 -0.0165497 0.0384556 0.00929153
FixedParameters: 0 0 0

#Transform 109
Transform: AffineTransform_float_3_3
Parameters: 1 0.00029205 5.87512e-05 -0.000291949 0.999999 -0.000852017 -5.92487e-05 0.000851982 0.999999 -0.0181714 0.0379844 -0.0138548
FixedParameters: 0 0 0

#Transform 110
Transform: AffineTransform_float_3_3
Parameters: 1 0.000474046 4.45194e-05 -0.000473955 1 -0.00101402 -4.44811e-05 0.00101498 1 -0.0149952 0.0465651 -0.0314487
FixedParameters: 0 0 0

#Transform 111
Transform: AffineTransform_float_3_3
Parameters: 1 0.0002041 0.000123836 -0.0002039 0.999999 -0.000805025 -0.000124164 0.000804974 0.999999 -0.00472167 0.0208376 -0.0056907
FixedParameters: 0 0 0

#Transform 112
Transform: AffineTransform_float_3_3
Parameters: 1 0.000444177 0.000174551 -0.000443823 1 -0.00101108 -0.000175449 0.00101092 1 -0.0214698 0.0604106 0.0256792
FixedParameters: 0 0 0

#Transform 113
Transform: AffineTransform_float_3_3
Parameters: 1 0.000443872 -0.000118482 -0.000444129 1 -0.00108495 0.000118518 0.00108505 1 -0.0215224 0.0538984 -0.0161219
FixedParameters: 0 0 0

#Transform 114
Transform: AffineTransform_float_3_3
Parameters: 1 0.000443912 -0.000118328 -0.000444087 0.999999 -0.000739947 0.000117671 0.000740052 0.999999 -0.0142361 0.0339324 -0.00948361
FixedParameters: 0 0 0

#Transform 115
Transform: AffineTransform_float_3_3
Parameters: 1 0.000444081 6.84769e-05 -0.000443918 0.999999 -0.00117803 -6.9523e-05 0.00117797 1 -0.0216148 0.0603482 -0.00461649
FixedParameters: 0 0 0

#Transform 116
Transform: AffineTransform_float_3_3
Parameters: 1 0.000221886 -0.000118214 -0.000221114 0.999999 -0.000963973 0.000117787 0.000964025 0.999999 -0.0148156 0.0300889 -0.0138011
FixedParameters: 0 0 0

#Transform 117
Transform: AffineTransform_float_3_3
Parameters: 1 0.000443803 -0.000118737 -0.000443197 0.999998 -0.00166095 0.000118264 0.00166105 0.999998 -0.0169246 0.0571146 -0.011243
FixedParameters: 0 0 0

#Transform 118
Transform: AffineTransform_float_3_3
Parameters: 1 0.000307184 0.000139596 -0.000306816 0.999999 -0.00131604 -0.000140404 0.00131596 0.999999 -0.0188006 0.0477149 0.00317507
FixedParameters: 0 0 0

#Transform 119
Transform: AffineTransform_float_3_3
Parameters: 1 0.000122221 0.000257895 -0.000122779 0.999999 -0.000857031 -0.000258105 0.000856968 0.999999 -0.0144506 0.0115273 -0.0104128
FixedParameters: 0 0 0

#Transform 120
Transform: AffineTransform_float_3_3
Parameters: 1 0.000317378 0.000249519 -0.000316622 0.999999 -0.00151508 -0.00024948 0.00151492 0.999999 -0.0089201 0.0387594 -0.0230425
FixedParameters: 0 0 0

#Transform 121
Transform: AffineTransform_float_3_3
Parameters: 1 0.000175616 0.000368707 -0.000175383 0.999998 -0.00167006 -0.000369293 0.00166993 0.999998 -0.0153685 0.027772 -0.00820281
FixedParameters: 0 0 0

#Transform 122
Transform: AffineTransform_float_3_3
Parameters: 1 0.000149599 0.000368757 -0.0001494 0.999998 -0.00162405 -0.000369243 0.00162394 0.999998 -0.0184242 0.0531689 -0.00956427
FixedParameters: 0 0 0

#Transform 123
Transform: AffineTransform_float_3_3
Parameters: 1 0.000232468 0.000264589 -0.000231533 0.999999 -0.00176806 -0.00026441 0.00176794 0.999999 -0.0163035 0.0888573 -0.0124538
FixedParameters: 0 0 0

#Transform 124
Transform: AffineTransform_float_3_3
Parameters: 1 0.000184647 0.000413712 -0.000183354 0.999999 -0.00156408 -0.000413287 0.00156392 0.999998 -0.00623651 0.0682467 -0.0273751
FixedParameters: 0 0 0
