#Insight Transform File V1.0
#Transform 0
Transform: AffineTransform_float_3_3
Parameters: 1 -0.000385 0 0.000385 1 0 0 0 1 0.013474 -3.48284e-06 0.062686
FixedParameters: 0 0 0

#Transform 1
Transform: AffineTransform_float_3_3
Parameters: 1 -0.000444 -1.07004e-07 0.000444 1 0.000241 -1.07004e-07 -0.000241 1 0.00644862 0.0166304 0.040443
FixedParameters: 0 0 0

#Transform 2
Transform: AffineTransform_float_3_3
Parameters: 1 -0.000433 -8.3136e-08 0.000433 1 0.000192 -8.3136e-08 -0.000192 1 0.00621985 0.0165089 0.0331148
FixedParameters: 0 0 0

#Transform 3
Transform: AffineTransform_float_3_3
Parameters: 1 -0.000193 -6.9287e-08 0.000193 1 0.000359 -6.9287e-08 -0.000359 1 0.00519107 -0.000333375 0.0112771
FixedParameters: 0 0 0

#Transform 4
Transform: AffineTransform_float_3_3
Parameters: 1 -0.000159 -6.6144e-08 0.000159 1 0.000416 -6.6144e-08 -0.000416 1 0.00231915 0.00532398 0.0307188
FixedParameters: 0 0 0

#Transform 5
Transform: AffineTransform_float_3_3
Parameters: 1 -0.000159092 0.000155906 0.000158907 1 0.000593025 -0.000156094 -0.000592975 1 0.00759413 0.00627692 0.0431395
FixedParameters: 0 0 0

#Transform 6
Transform: AffineTransform_float_3_3
Parameters: 1 -2.76066e-07 0.000313 -2.76066e-07 1 0.000882 -0.000313 -0.000882 0.999999 0.00435788 0.015993 0.0421168
FixedParameters: 0 0 0

#Transform 7
Transform: AffineTransform_float_3_3
Parameters: 1 -0.000159078 0.000200938 0.000158922 1 0.000388032 -0.000201062 -0.000387968 1 0.0051129 0.0149526 0.0416527
FixedParameters: 0 0 0

#Transform 8
Transform: AffineTransform_float_3_3
Parameters: 1 2.0196e-08 0.000132 2.0196e-08 1 -0.000153 -0.000132 0.000153 1 -9.69597e-05 0.000170544 0.0245463
FixedParameters: 0 0 0

#Transform 9
Transform: AffineTransform_float_3_3
Parameters: 1 -0.000318003 0.000262996 0.000317997 1 1.10836e-05 -0.000263003 -1.09164e-05 1 0.00430316 -2.26913e-05 0.0169221
FixedParameters: 0 0 0

#Transform 10
Transform: AffineTransform_float_3_3
Parameters: 1 -0.000333928 0.000370064 0.000334071 1 -0.000192876 -0.000369935 0.000193124 1 0.00659665 0.0182567 0.018237
FixedParameters: 0 0 0

#Transform 11
Transform: AffineTransform_float_3_3
Parameters: 1 -0.000186732 0.00045711 0.000186268 1 -0.000586915 -0.000456891 0.000586085 0.999999 0.00224007 -0.0104124 -0.00914703
FixedParameters: 0 0 0

#Transform 12
Transform: AffineTransform_float_3_3
Parameters: 1 -2.3375e-08 0.000275 -2.3375e-08 1 8.5e-05 -0.000275 -8.5e-05 1 -0.000238405 -6.08524e-05 0.00761784
FixedParameters: 0 0 0

#Transform 13
Transform: AffineTransform_float_3_3
Parameters: 1 5.5754e-08 0.000457 5.5754e-08 1 -0.000122 -0.000457 0.000122 1 -0.000428118 0.000119312 -0.000915691
FixedParameters: 0 0 0

#Transform 14
Transform: AffineTransform_float_3_3
Parameters: 1 0.000175107 0.000456959 -0.000174893 1 -0.00023408 -0.000457041 0.00023392 1 -0.00297589 0.000893275 -0.00293433
FixedParameters: 0 0 0

#Transform 15
Transform: AffineTransform_float_3_3
Parameters: 1 2.64e-10 6.6e-05 2.64e-10 1 -4e-06 -6.6e-05 4e-06 1 -9.15313e-05 -0.0087626 0.00104011
FixedParameters: 0 0 0

#Transform 16
Transform: AffineTransform_float_3_3
Parameters: 1 7.08e-09 0.00012 7.08e-09 1 -5.9e-05 -0.00012 5.9e-05 1 -0.000107043 0.0221309 -0.000362966
FixedParameters: 0 0 0

#Transform 17
Transform: AffineTransform_float_3_3
Parameters: 1 9.5985e-05 5.20276e-05 -9.6015e-05 1 0.000287995 -5.19723e-05 -0.000288005 1 -0.00140358 0.0221791 -0.0097005
FixedParameters: 0 0 0

#Transform 18
Transform: AffineTransform_float_3_3
Parameters: 1 0.000141014 7.39738e-05 -0.000140986 1 -0.00018601 -7.40262e-05 0.00018599 1 -0.00218007 0.0179351 -0.00262331
FixedParameters: 0 0 0

#Transform 19
Transform: AffineTransform_float_3_3
Parameters: 1 5.70576e-05 0.000180982 -5.69424e-05 1 -0.00031801 -0.000181018 0.00031799 1 -0.000963391 0.00376497 -0.0138437
FixedParameters: 0 0 0

#Transform 20
Transform: AffineTransform_float_3_3
Parameters: 1 -7e-09 0.000125 -7e-09 1 5.6e-05 -0.000125 -5.6e-05 1 -0.00275461 -0.00218865 -0.000873912
FixedParameters: 0 0 0

#Transform 21
Transform: AffineTransform_float_3_3
Parameters: 1 -1.3923e-08 5.1e-05 -1.3923e-08 1 0.000273 -5.1e-05 -0.000273 1 -6.16861e-05 -0.00467608 0.00811371
FixedParameters: 0 0 0

#Transform 22
Transform: AffineTransform_float_3_3
Parameters: 1 4.6426e-08 0.000139 4.6426e-08 1 -0.000334 -0.000139 0.000334 1 -0.000139894 0.026275 0.00723475
FixedParameters: 0 0 0

#Transform 23
Transform: AffineTransform_float_3_3
Parameters: 1 -0.000278905 -0.000183144 0.000279095 1 0.000516949 0.000182856 -0.000517051 1 0.00419536 -0.0183951 0.0167796
FixedParameters: 0 0 0

#Transform 24
Transform: AffineTransform_float_3_3
Parameters: 1 -0.000343009 -5.09407e-05 0.000342991 1 -0.000173017 5.10593e-05 0.000172982 1 0.00495869 0.0580987 0.00959687
FixedParameters: 0 0 0

#Transform 25
Transform: AffineTransform_float_3_3
Parameters: 1 -0.000415888 0.000143326 0.000416112 0.999999 -0.00078294 -0.000142674 0.000783059 0.999999 0.00592755 0.0204593 -0.0114614
FixedParameters: 0 0 0

#Transform 26
Transform: AffineTransform_float_3_3
Parameters: 1 -0.000223942 9.71339e-05 0.000223058 1 -0.000597978 -9.68666e-05 0.000598021 1 -0.00138277 0.0133419 0.00942506
FixedParameters: 0 0 0

#Transform 27
Transform: AffineTransform_float_3_3
Parameters: 1 2.19e-09 1e-05 2.19e-09 1 -0.000219 -1e-05 0.000219 1 -6.2035e-05 0.00421867 -0.00349927
FixedParameters: 0 0 0

#Transform 28
Transform: AffineTransform_float_3_3
Parameters: 1 -0.00016807 -0.000120903 0.00016793 1 -0.00057702 0.000121097 0.000576979 1 0.00256263 0.00484151 -0.011057
FixedParameters: 0 0 0

#Transform 29
Transform: AffineTransform_float_3_3
Parameters: 1 -0.000178964 8.80741e-05 0.000179036 1 -0.000413984 -8.79259e-05 0.000414016 1 0.00256057 0.0232089 -0.0053921
FixedParameters: 0 0 0

#Transform 30
Transform: AffineTransform_float_3_3
Parameters: 1 -0.000535755 0.000378347 0.000536244 0.999999 -0.000647797 -0.000377652 0.000648202 0.999999 0.0075194 0.0154487 -0.00933383
FixedParameters: 0 0 0

#Transform 31
Transform: AffineTransform_float_3_3
Parameters: 1 -0.000467973 0.000108116 0.000468027 1 -0.000246949 -0.000108884 0.000247051 1 0.00662623 0.00783592 0.00643574
FixedParameters: 0 0 0

#Transform 32
Transform: AffineTransform_float_3_3
Parameters: 1 -6.38768e-05 0.000305026 6.41232e-05 1 -0.00040398 -0.000304974 0.000404019 1 0.000699895 0.0129527 -0.00910479
FixedParameters: 0 0 0

#Transform 33
Transform: AffineTransform_float_3_3
Parameters: 1 -0.000370964 0.000144092 0.000371036 1 -0.000246947 -0.000144908 0.000247054 1 0.0052193 0.0019483 -0.00406004
FixedParameters: 0 0 0

#Transform 34
Transform: AffineTransform_float_3_3
Parameters: 1 -0.000181822 0.000314103 0.000182178 1 -0.000567943 -0.000313896 0.000568057 1 0.00231931 0.0256115 -0.0115636
FixedParameters: 0 0 0

#Transform 35
Transform: AffineTransform_float_3_3
Parameters: 1 -0.000282845 0.000457096 0.000282155 1 -0.000338871 -0.000456904 0.000339129 1 0.0036095 0.0249933 -0.00816008
FixedParameters: 0 0 0

#Transform 36
Transform: AffineTransform_float_3_3
Parameters: 1 -0.000335825 0.00020229 0.000335175 0.999999 -0.000863932 -0.00020271 0.000864067 0.999999 0.00104114 0.0162917 -0.0157658
FixedParameters: 0 0 0

#Transform 37
Transform: AffineTransform_float_3_3
Parameters: 1 -0.000417884 0.000152317 0.000418115 0.999999 -0.000757936 -0.000151683 0.000758063 0.999999 0.00599373 0.00933089 -0.0142839
FixedParameters: 0 0 0

#Transform 38
Transform: AffineTransform_float_3_3
Parameters: 1 -0.000569853 0.000217385 0.000570146 0.999999 -0.000675876 -0.000216615 0.000676123 0.999999 0.00814545 0.0228419 -0.0130707
FixedParameters: 0 0 0

#Transform 39
Transform: AffineTransform_float_3_3
Parameters: 0.999999 -0.000821883 0.000120799 0.000822116 0.999999 -0.000971901 -0.000119201 0.000972098 0.999999 0.01193 0.00955209 -0.00949544
FixedParameters: 0 0 0

#Transform 40
Transform: AffineTransform_float_3_3
Parameters: 0.999999 -0.000774705 0.000220039 0.000774294 0.999999 -0.00134083 -0.000218962 0.00134117 0.999999 0.00625247 0.0228065 -0.0226671
FixedParameters: 0 0 0

#Transform 41
Transform: AffineTransform_float_3_3
Parameters: 1 -0.000483253 0.000457789 0.000483747 0.999998 -0.00163278 -0.000457211 0.00163222 0.999998 0.00658931 0.0468246 -0.0269883
FixedParameters: 0 0 0

#Transform 42
Transform: AffineTransform_float_3_3
Parameters: 0.999999 -0.000871919 0.000262272 0.000872082 1 -0.000311772 -0.000262729 0.000311229 1 0.00889041 0.0519013 0.033809
FixedParameters: 0 0 0

#Transform 43
Transform: AffineTransform_float_3_3
Parameters: 0.999999 -0.000936282 0.000458469 0.000936719 0.999999 -0.00156857 -0.000457531 0.00156843 0.999998 0.0132117 -0.020505 0.0265506
FixedParameters: 0 0 0

#Transform 44
Transform: AffineTransform_float_3_3
Parameters: 0.999999 -0.0012401 0.000544061 0.0012419 0.999998 -0.00166132 -0.000541936 0.00166267 0.999998 0.0175686 0.0491884 0.0336584
FixedParameters: 0 0 0

#Transform 45
Transform: AffineTransform_float_3_3
Parameters: 1 -0.00102851 0.0004581 0.00102949 0.999999 -0.00106853 -0.0004569 0.00106947 1 0.0120485 0.00883704 -0.0006977
FixedParameters: 0 0 0

#Transform 46
Transform: AffineTransform_float_3_3
Parameters: 1 -0.000904657 0.00045768 0.000904345 1 -0.000751586 -0.00045732 0.000752414 0.999999 0.012636 0.0276337 -0.0152195
FixedParameters: 0 0 0

#Transform 47
Transform: AffineTransform_float_3_3
Parameters: 1 -0.000904604 0.000457786 0.000904398 0.999999 -0.000868586 -0.000457215 0.000868414 0.999999 0.0126291 0.0275202 -0.0129874
FixedParameters: 0 0 0

#Transform 48
Transform: AffineTransform_float_3_3
Parameters: 1 -0.00078241 0.00045801 0.00078259 0.999999 -0.00128964 -0.000456991 0.00129036 0.999999 0.0108863 0.0290909 -0.0172511
FixedParameters: 0 0 0

#Transform 49
Transform: AffineTransform_float_3_3
Parameters: 1 -0.000920544 0.000535787 0.000921458 0.999999 -0.000853507 -0.000535214 0.000853494 1 0.0106211 0.0307976 -0.00503134
FixedParameters: 0 0 0

#Transform 50
Transform: AffineTransform_float_3_3
Parameters: 0.999999 -0.00116636 0.000458644 0.00116665 0.999999 -0.00140847 -0.000457358 0.00140853 0.999999 0.0164273 0.0326213 0.00753915
FixedParameters: 0 0 0

#Transform 51
Transform: AffineTransform_float_3_3
Parameters: 1 -0.00112836 0.000458577 0.00112964 0.999999 -0.00139648 -0.000457422 0.00139752 0.999999 0.0159507 0.0325838 0.00778596
FixedParameters: 0 0 0

#Transform 52
Transform: AffineTransform_float_3_3
Parameters: 0.999999 -0.00120965 0.000273569 0.00120935 0.999999 -0.00129667 -0.000271432 0.00129733 0.999999 0.0100218 0.0422363 0.00924195
FixedParameters: 0 0 0

#Transform 53
Transform: AffineTransform_float_3_3
Parameters: 0.999999 -0.00126139 0.000387984 0.00126161 0.999998 -0.00157251 -0.000386016 0.00157349 0.999998 0.0178571 0.061902 -0.00471686
FixedParameters: 0 0 0

#Transform 54
Transform: AffineTransform_float_3_3
Parameters: 0.999998 -0.001568 0.000460433 0.00156901 0.999997 -0.00218828 -0.000457567 0.00218872 0.999997 0.0189683 0.0307197 0.0318539
FixedParameters: 0 0 0

#Transform 55
Transform: AffineTransform_float_3_3
Parameters: 0.999999 -0.00124857 0.000684619 0.00125043 0.999997 -0.00209615 -0.00068238 0.00209685 0.999997 0.0106434 0.0511708 -0.00739731
FixedParameters: 0 0 0

#Transform 56
Transform: AffineTransform_float_3_3
Parameters: 0.999999 -0.00173871 0.000461864 0.00174029 0.999994 -0.0027962 -0.000457134 0.0027978 0.999996 0.0248012 0.0517363 0.0122559
FixedParameters: 0 0 0

#Transform 57
Transform: AffineTransform_float_3_3
Parameters: 0.999999 -0.0017829 0.000533684 0.0017841 0.999997 -0.00206505 -0.000530316 0.00206595 0.999997 0.0253133 0.0395014 0.0102633
FixedParameters: 0 0 0

#Transform 58
Transform: AffineTransform_float_3_3
Parameters: 0.999998 -0.00186349 0.000565005 0.00186551 0.999994 -0.00268395 -0.000559994 0.00268505 0.999996 0.0264835 0.0486143 -0.0377168
FixedParameters: 0 0 0

#Transform 59
Transform: AffineTransform_float_3_3
Parameters: 0.999998 -0.00195219 0.000693108 0.00195381 0.999994 -0.00261465 -0.000688894 0.00261535 0.999997 0.0276779 0.0279289 -0.0175073
FixedParameters: 0 0 0

#Transform 60
Transform: AffineTransform_float_3_3
Parameters: 0.999998 -0.00196082 0.000673393 0.00196318 0.999993 -0.00325769 -0.000667606 0.00325932 0.999995 0.0278301 0.0610896 -0.0293978
FixedParameters: 0 0 0

#Transform 61
Transform: AffineTransform_float_3_3
Parameters: 0.999997 -0.00204143 0.000780764 0.00204457 0.999993 -0.00331041 -0.000773235 0.00331159 0.999994 0.0290125 0.0512331 -0.0305547
FixedParameters: 0 0 0

#Transform 62
Transform: AffineTransform_float_3_3
Parameters: 0.999998 -0.00211068 0.000791216 0.00211332 0.999994 -0.00294234 -0.000785785 0.00294367 0.999996 0.0298594 0.0394005 -0.0162936
FixedParameters: 0 0 0

#Transform 63
Transform: AffineTransform_float_3_3
Parameters: 0.999997 -0.00200704 0.000742322 0.00200896 0.999995 -0.00264952 -0.000736679 0.00265049 0.999996 0.0284761 0.039113 -0.0120953
FixedParameters: 0 0 0

#Transform 64
Transform: AffineTransform_float_3_3
Parameters: 0.999998 -0.00195492 0.000771295 0.00195708 0.999995 -0.0027065 -0.000765703 0.0027085 0.999996 0.0248985 0.0393423 -0.0433506
FixedParameters: 0 0 0

#Transform 65
Transform: AffineTransform_float_3_3
Parameters: 0.999998 -0.00180517 0.000712655 0.00180783 0.999995 -0.00257672 -0.000708343 0.00257828 0.999997 0.0223202 0.0258072 -0.0263793
FixedParameters: 0 0 0

#Transform 66
Transform: AffineTransform_float_3_3
Parameters: 0.999998 -0.00195418 0.000669324 0.00195582 0.999995 -0.0027227 -0.000663675 0.0027243 0.999996 0.0278088 0.0293704 -0.0355853
FixedParameters: 0 0 0

#Transform 67
Transform: AffineTransform_float_3_3
Parameters: 0.999998 -0.00185551 0.000877282 0.00185749 0.999994 -0.00284438 -0.000871717 0.00284662 0.999995 0.0261157 0.0432416 -0.0379414
FixedParameters: 0 0 0

#Transform 68
Transform: AffineTransform_float_3_3
Parameters: 0.999998 -0.00198613 0.000704296 0.00198887 0.999994 -0.0026646 -0.000698701 0.00266639 0.999996 0.0282584 0.0599097 -0.0242336
FixedParameters: 0 0 0

#Transform 69
Transform: AffineTransform_float_3_3
Parameters: 0.999997 -0.00196088 0.000876761 0.00196312 0.999995 -0.00242628 -0.000872236 0.00242872 0.999996 0.0277294 0.0346969 -0.0373404
FixedParameters: 0 0 0

#Transform 70
Transform: AffineTransform_float_3_3
Parameters: 0.999997 -0.00196101 0.000876466 0.00196299 0.999996 -0.00227529 -0.000871533 0.00227772 0.999997 0.027691 0.0517052 -0.0351373
FixedParameters: 0 0 0

#Transform 71
Transform: AffineTransform_float_3_3
Parameters: 0.999998 -0.00211078 0.000877369 0.00211322 0.999994 -0.00254115 -0.000871632 0.00254285 0.999997 0.0298353 0.0580197 -0.0193941
FixedParameters: 0 0 0

#Transform 72
Transform: AffineTransform_float_3_3
Parameters: 0.999998 -0.00196073 0.000781706 0.00196327 0.999994 -0.00290747 -0.000776295 0.00290853 0.999996 0.0256092 0.0583466 -0.0282532
FixedParameters: 0 0 0

#Transform 73
Transform: AffineTransform_float_3_3
Parameters: 0.999997 -0.00231216 0.000542611 0.00231285 0.999996 -0.00156075 -0.000539389 0.00156225 0.999998 0.0384212 0.000774197 -0.00765091
FixedParameters: 0 0 0

#Transform 74
Transform: AffineTransform_float_3_3
Parameters: 0.999997 -0.00221486 0.000798953 0.00221714 0.999994 -0.00268524 -0.000793048 0.00268676 0.999996 0.0314208 0.0795531 -0.0119666
FixedParameters: 0 0 0

#Transform 75
Transform: AffineTransform_float_3_3
Parameters: 0.999997 -0.00224613 0.000686142 0.00224787 0.999993 -0.00273246 -0.00067986 0.00273353 0.999996 0.0320041 0.0513767 -0.00501669
FixedParameters: 0 0 0

#Transform 76
Transform: AffineTransform_float_3_3
Parameters: 0.999997 -0.00196127 0.000875879 0.00196273 0.999996 -0.00197629 -0.000872121 0.00197771 0.999997 0.0277382 0.0460357 -0.00171683
FixedParameters: 0 0 0

#Transform 77
Transform: AffineTransform_float_3_3
Parameters: 0.999998 -0.00211301 0.000876806 0.00211499 0.999995 -0.00227215 -0.000872195 0.00227385 0.999997 0.0298194 0.0510315 -0.0337875
FixedParameters: 0 0 0

#Transform 78
Transform: AffineTransform_float_3_3
Parameters: 0.999998 -0.0019611 0.000738071 0.0019629 0.999994 -0.00258356 -0.000732931 0.00258444 0.999997 0.0278072 0.0512921 -0.0301344
FixedParameters: 0 0 0

#Transform 79
Transform: AffineTransform_float_3_3
Parameters: 0.999998 -0.00196115 0.000749854 0.00196285 0.999995 -0.00247353 -0.000745144 0.00247547 0.999996 0.0278089 0.0512657 -0.0284947
FixedParameters: 0 0 0

#Transform 80
Transform: AffineTransform_float_3_3
Parameters: 0.999997 -0.00196058 0.000877434 0.00196342 0.999994 -0.00276928 -0.000871564 0.00277072 0.999996 0.0232034 0.0514919 -0.0328782
FixedParameters: 0 0 0

#Transform 81
Transform: AffineTransform_float_3_3
Parameters: 0.999997 -0.0019707 0.000877174 0.00197229 0.999994 -0.00262328 -0.000871828 0.00262472 0.999996 0.0277185 0.0841402 -0.030551
FixedParameters: 0 0 0

#Transform 82
Transform: AffineTransform_float_3_3
Parameters: 0.999997 -0.00223201 0.000823417 0.00223399 0.999994 -0.00242517 -0.000817583 0.00242683 0.999996 0.0296696 0.0432965 -0.0278743
FixedParameters: 0 0 0

#Transform 83
Transform: AffineTransform_float_3_3
Parameters: 0.999997 -0.00222687 0.000877432 0.00222913 0.999994 -0.00243705 -0.000871568 0.00243895 0.999996 0.0315541 0.0753071 -0.0147444
FixedParameters: 0 0 0

#Transform 84
Transform: AffineTransform_float_3_3
Parameters: 0.999998 -0.0018068 0.000989026 0.0018092 0.999996 -0.00222622 -0.000984973 0.00222778 0.999997 0.0253611 0.0668732 -0.0281519
FixedParameters: 0 0 0

#Transform 85
Transform: AffineTransform_float_3_3
Parameters: 0.999998 -0.00180752 0.00073564 0.00180948 0.999997 -0.00201267 -0.000732359 0.00201333 0.999997 0.0256348 0.0543701 -0.0217913
FixedParameters: 0 0 0

#Transform 86
Transform: AffineTransform_float_3_3
Parameters: 0.999998 -0.00180706 0.000824271 0.00180894 0.999995 -0.00236151 -0.000819728 0.00236348 0.999997 0.0255432 0.0547453 -0.0414923
FixedParameters: 0 0 0

#Transform 87
Transform: AffineTransform_float_3_3
Parameters: 0.999998 -0.00180743 0.000817483 0.00180957 0.999996 -0.00192552 -0.000814515 0.00192747 0.999998 0.0255986 0.0365528 -0.0272592
FixedParameters: 0 0 0

#Transform 88
Transform: AffineTransform_float_3_3
Parameters: 0.999998 -0.0018072 0.000875717 0.0018098 0.999997 -0.00205542 -0.000872281 0.00205658 0.999997 0.0255491 0.036685 -0.0237095
FixedParameters: 0 0 0

#Transform 89
Transform: AffineTransform_float_3_3
Parameters: 0.999998 -0.00180703 0.000876072 0.00180897 0.999996 -0.00225142 -0.000871929 0.00225258 0.999997 0.018059 0.0618264 -0.0220393
FixedParameters: 0 0 0

#Transform 90
Transform: AffineTransform_float_3_3
Parameters: 0.999998 -0.00173632 0.000875346 0.00173868 0.999996 -0.00192548 -0.000871651 0.00192752 0.999998 0.0179323 0.0641172 -0.0279531
FixedParameters: 0 0 0

#Transform 91
Transform: AffineTransform_float_3_3
Parameters: 0.999998 -0.0017317 0.000942244 0.0017343 0.999995 -0.00244837 -0.000937755 0.00244963 0.999996 0.017217 0.0675102 -0.0228325
FixedParameters: 0 0 0

#Transform 92
Transform: AffineTransform_float_3_3
Parameters: 0.999998 -0.00183396 0.000876289 0.00183604 0.999995 -0.00233639 -0.00087171 0.0023386 0.999997 0.020355 0.0539242 -0.0241785
FixedParameters: 0 0 0

#Transform 93
Transform: AffineTransform_float_3_3
Parameters: 0.999998 -0.00176952 0.00076941 0.00177048 0.999996 -0.00192564 -0.00076559 0.00192736 0.999998 0.0161492 0.049705 -0.034532
FixedParameters: 0 0 0

#Transform 94
Transform: AffineTransform_float_3_3
Parameters: 0.999998 -0.00214632 0.000876136 0.00214768 0.999996 -0.00192512 -0.000871865 0.00192688 0.999998 0.0302903 0.0535887 -0.0245359
FixedParameters: 0 0 0

#Transform 95
Transform: AffineTransform_float_3_3
Parameters: 0.999998 -0.00181989 0.000876387 0.00182211 0.999996 -0.00240841 -0.000871613 0.00240959 0.999996 0.0162324 0.0655929 -0.034619
FixedParameters: 0 0 0

#Transform 96
Transform: AffineTransform_float_3_3
Parameters: 0.999998 -0.00188406 0.000876193 0.00188594 0.999996 -0.00222335 -0.000871808 0.00222465 0.999997 0.0265244 0.0538222 -0.0288713
FixedParameters: 0 0 0

#Transform 97
Transform: AffineTransform_float_3_3
Parameters: 0.999998 -0.00170519 0.000943286 0.00170681 0.999996 -0.00192539 -0.000940715 0.00192661 0.999997 0.0174181 0.0598352 -0.0244849
FixedParameters: 0 0 0

#Transform 98
Transform: AffineTransform_float_3_3
Parameters: 0.999998 -0.00176455 0.000783279 0.00176645 0.999996 -0.00185662 -0.00077972 0.00185838 0.999998 0.0183143 0.053498 -0.0172679
FixedParameters: 0 0 0

#Transform 99
Transform: AffineTransform_float_3_3
Parameters: 0.999998 -0.00195344 0.000813764 0.00195556 0.999996 -0.00192541 -0.000810233 0.00192759 0.999998 0.0277037 0.0536217 -0.0244414
FixedParameters: 0 0 0

#Transform 100
Transform: AffineTransform_float_3_3
Parameters: 0.999997 -0.00195824 0.00100743 0.00195976 0.999997 -0.00175003 -0.00100357 0.00175197 0.999998 0.0186684 0.0645495 -0.00994144
FixedParameters: 0 0 0

#Transform 101
Transform: AffineTransform_float_3_3
Parameters: 0.999998 -0.00175999 0.00087604 0.001762 0.999996 -0.00229346 -0.000871961 0.00229454 0.999997 0.0171104 0.0701659 -0.0298278
FixedParameters: 0 0 0

#Transform 102
Transform: AffineTransform_float_3_3
Parameters: 0.999997 -0.00193401 0.00087641 0.00193599 0.999995 -0.00227831 -0.00087159 0.00227969 0.999997 0.0202661 0.0516362 -0.0515849
FixedParameters: 0 0 0

#Transform 103
Transform: AffineTransform_float_3_3
Parameters: 0.999998 -0.00175346 0.000875099 0.00175454 0.999997 -0.00176547 -0.000871902 0.00176753 0.999998 0.0185087 0.0535141 -0.0337496
FixedParameters: 0 0 0

#Transform 104
Transform: AffineTransform_float_3_3
Parameters: 0.999997 -0.00197434 0.000875747 0.00197566 0.999996 -0.00189627 -0.000872252 0.00189873 0.999998 0.0278931 0.0536167 -0.00928423
FixedParameters: 0 0 0

#Transform 105
Transform: AffineTransform_float_3_3
Parameters: 0.999997 -0.00197742 0.000812859 0.00197858 0.999996 -0.0019504 -0.000809139 0.0019526 0.999998 0.0221409 0.0580741 -0.0118102
FixedParameters: 0 0 0

#Transform 106
Transform: AffineTransform_float_3_3
Parameters: 0.999997 -0.00197225 0.000875942 0.00197375 0.999996 -0.00199728 -0.000872058 0.00199872 0.999997 0.0212155 0.0763338 -0.00902866
FixedParameters: 0 0 0

#Transform 107
Transform: AffineTransform_float_3_3
Parameters: 0.999997 -0.00202705 0.00087652 0.00202895 0.999996 -0.00222823 -0.00087248 0.00222978 0.999997 0.0226467 0.0864193 -0.0287886
FixedParameters: 0 0 0

#Transform 108
Transform: AffineTransform_float_3_3
Parameters: 0.999997 -0.00197229 0.000875849 0.00197371 0.999996 -0.00195028 -0.000872149 0.00195272 0.999997 0.02142 0.0700891 -0.00545352
FixedParameters: 0 0 0

#Transform 109
Transform: AffineTransform_float_3_3
Parameters: 0.999998 -0.00170434 0.000875233 0.00170566 0.999996 -0.00189551 -0.000871768 0.00189649 0.999998 0.0177114 0.0865334 -0.00234439
FixedParameters: 0 0 0

#Transform 110
Transform: AffineTransform_float_3_3
Parameters: 0.999997 -0.00197707 0.000876356 0.00197892 0.999995 -0.00220127 -0.000871643 0.00220373 0.999997 0.0202415 0.0774496 -0.0381789
FixedParameters: 0 0 0

#Transform 111
Transform: AffineTransform_float_3_3
Parameters: 0.999997 -0.00198317 0.000876151 0.00198583 0.999996 -0.00209127 -0.000871848 0.00209273 0.999998 0.0280866 0.0569227 -0.0350283
FixedParameters: 0 0 0

#Transform 112
Transform: AffineTransform_float_3_3
Parameters: 0.999998 -0.00194734 0.00110194 0.00194966 0.999997 -0.00150686 -0.00109906 0.00150914 0.999999 0.0273166 0.0397318 0.0299984
FixedParameters: 0 0 0

#Transform 113
Transform: AffineTransform_float_3_3
Parameters: 0.999998 -0.00208442 0.000878162 0.00208659 0.999994 -0.00295318 -0.000871841 0.00295483 0.999996 0.0294028 0.117416 0.0413311
FixedParameters: 0 0 0

#Transform 114
Transform: AffineTransform_float_3_3
Parameters: 0.999997 -0.00194313 0.000876165 0.00194487 0.999996 -0.0021413 -0.000871836 0.0021427 0.999998 0.0275552 0.0458551 0.0404576
FixedParameters: 0 0 0

#Transform 115
Transform: AffineTransform_float_3_3
Parameters: 0.999997 -0.0019429 0.000876679 0.00194511 0.999995 -0.0024063 -0.00087232 0.0024077 0.999996 0.0208582 0.0764115 0.0203544
FixedParameters: 0 0 0

#Transform 116
Transform: AffineTransform_float_3_3
Parameters: 0.999998 -0.00194301 0.000755129 0.00194498 0.999994 -0.00263754 -0.000749872 0.00263846 0.999996 0.0204428 0.0874339 0.000752338
FixedParameters: 0 0 0

#Transform 117
Transform: AffineTransform_float_3_3
Parameters: 0.999997 -0.00195462 0.000953892 0.00195638 0.999995 -0.00250014 -0.00094911 0.00250186 0.999997 0.0186794 0.10307 0.02074
FixedParameters: 0 0 0

#Transform 118
Transform: AffineTransform_float_3_3
Parameters: 0.999997 -0.00228324 0.000876609 0.00228577 0.999996 -0.002017 -0.000872389 0.002019 0.999997 0.0278172 0.130864 0.0590236
FixedParameters: 0 0 0

#Transform 119
Transform: AffineTransform_float_3_3
Parameters: 0.999996 -0.00240953 0.0008788 0.00241247 0.999993 -0.00281989 -0.000872197 0.00282211 0.999995 0.0343218 0.0517161 0.0570643
FixedParameters: 0 0 0

#Transform 120
Transform: AffineTransform_float_3_3
Parameters: 0.999995 -0.00288452 0.00128112 0.00288947 0.999989 -0.00350531 -0.00127087 0.00350968 0.999993 0.0405558 0.139042 0.0191119
FixedParameters: 0 0 0

#Transform 121
Transform: AffineTransform_float_3_3
Parameters: 0.999995 -0.00278831 0.00133276 0.0027927 0.999992 -0.00277829 -0.00132524 0.00278271 0.999996 0.03924 0.0843191 0.0268415
FixedParameters: 0 0 0

#Transform 122
Transform: AffineTransform_float_3_3
Parameters: 0.999995 -0.00252585 0.00149334 0.00252915 0.999994 -0.00211123 -0.00148766 0.00211477 0.999996 0.0352916 0.0826257 -0.0122848
FixedParameters: 0 0 0

#Transform 123
Transform: AffineTransform_float_3_3
Parameters: 0.999996 -0.0022497 0.00128006 0.0022523 0.999996 -0.00180112 -0.00127594 0.00180388 0.999997 0.0315739 0.0535011 0.0101924
FixedParameters: 0 0 0

#Transform 124
Transform: AffineTransform_float_3_3
Parameters: 0.999997 -0.00224998 0.00144915 0.00225202 0.999996 -0.00139674 -0.00144585 0.00140026 0.999998 0.0313464 0.0673864 0.0215376
FixedParameters: 0 0 0

#Transform 125
Transform: AffineTransform_float_3_3
Parameters: 0.999996 -0.00230986 0.00127987 0.00231214 0.999996 -0.00167505 -0.00127612 0.00167795 0.999998 0.0322898 0.0934565 0.00194363
FixedParameters: 0 0 0

#Transform 126
Transform: AffineTransform_float_3_3
Parameters: 0.999995 -0.00252665 0.00146307 0.00252835 0.999996 -0.00160731 -0.00145893 0.00161069 0.999997 0.0352053 0.0969399 0.00392542
FixedParameters: 0 0 0

#Transform 127
Transform: AffineTransform_float_3_3
Parameters: 0.999997 -0.00235453 0.00133159 0.00235646 0.999996 -0.00109987 -0.0013284 0.00110313 0.999998 0.0328454 0.120123 0.0245904
FixedParameters: 0 0 0

#Transform 128
Transform: AffineTransform_float_3_3
Parameters: 0.999996 -0.00260523 0.0012796 0.00260776 0.999995 -0.00137967 -0.0012764 0.00138333 0.999998 0.0365974 0.1203 0.0258086
FixedParameters: 0 0 0

#Transform 129
Transform: AffineTransform_float_3_3
Parameters: 0.999997 -0.00232093 0.00138048 0.00232207 0.999996 -0.0014978 -0.00137652 0.0015012 0.999998 0.0322939 0.0964198 0.0064994
FixedParameters: 0 0 0

#Transform 130
Transform: AffineTransform_float_3_3
Parameters: 0.999996 -0.00229739 0.00127889 0.0022986 0.999996 -0.00125406 -0.00127612 0.00125694 0.999999 0.0320372 0.0960814 -0.0197925
FixedParameters: 0 0 0

#Transform 131
Transform: AffineTransform_float_3_3
Parameters: 0.999995 -0.00256519 0.00151606 0.00256681 0.999996 -0.00119211 -0.00151294 0.00119589 0.999998 0.035843 0.0960748 -0.0117195
FixedParameters: 0 0 0

#Transform 132
Transform: AffineTransform_float_3_3
Parameters: 0.999997 -0.00222497 0.00152597 0.00222703 0.999996 -0.00133261 -0.00152303 0.00133539 0.999998 0.0307699 0.0961671 -0.00478173
FixedParameters: 0 0 0

#Transform 133
Transform: AffineTransform_float_3_3
Parameters: 0.999997 -0.00234347 0.0012788 0.00234453 0.999996 -0.00119301 -0.0012762 0.001196 0.999999 0.0371777 0.096041 -0.018897
FixedParameters: 0 0 0

#Transform 134
Transform: AffineTransform_float_3_3
Parameters: 0.999996 -0.00246848 0.00127895 0.00247053 0.999996 -0.00119285 -0.00127605 0.00119516 0.999999 0.0384975 0.0960652 -0.0190027
FixedParameters: 0 0 0

#Transform 135
Transform: AffineTransform_float_3_3
Parameters: 0.999996 -0.00232125 0.00146577 0.00232275 0.999996 -0.0011926 -0.00146323 0.0011954 0.999998 0.0321816 0.0960363 -0.00999644
FixedParameters: 0 0 0

#Transform 136
Transform: AffineTransform_float_3_3
Parameters: 0.999996 -0.00248335 0.00168244 0.00248565 0.999997 -0.000980823 -0.00167956 0.000985176 0.999998 0.0344122 0.0958874 0.00370376
FixedParameters: 0 0 0

#Transform 137
Transform: AffineTransform_float_3_3
Parameters: 0.999996 -0.0024621 0.00137641 0.00246391 0.999996 -0.00138461 -0.00137359 0.00138739 0.999998 0.0343921 0.0962881 -0.0130877
FixedParameters: 0 0 0

#Transform 138
Transform: AffineTransform_float_3_3
Parameters: 0.999997 -0.00237214 0.00133553 0.00237386 0.999997 -0.000643832 -0.00133447 0.000647168 0.999999 0.033104 0.0954776 0.0122391
FixedParameters: 0 0 0

#Transform 139
Transform: AffineTransform_float_3_3
Parameters: 0.999996 -0.00229801 0.00152501 0.00229999 0.999997 -0.0013065 -0.00152199 0.0013105 0.999998 0.0317211 0.103661 -0.0144072
FixedParameters: 0 0 0

#Transform 140
Transform: AffineTransform_float_3_3
Parameters: 0.999995 -0.00243984 0.00168458 0.00244316 0.999996 -0.00187589 -0.00167941 0.00188011 0.999997 0.0337686 0.096672 -0.0344144
FixedParameters: 0 0 0

#Transform 141
Transform: AffineTransform_float_3_3
Parameters: 0.999996 -0.00256861 0.0013386 0.0025714 0.999995 -0.00179056 -0.00133439 0.00179343 0.999997 0.049837 0.0199072 -0.0353293
FixedParameters: 0 0 0

#Transform 142
Transform: AffineTransform_float_3_3
Parameters: 0.999995 -0.00252478 0.00194219 0.00252722 0.999996 -0.0016581 -0.0019378 0.0016639 0.999996 0.0345884 0.13674 -0.0347869
FixedParameters: 0 0 0

#Transform 143
Transform: AffineTransform_float_3_3
Parameters: 0.999996 -0.00257436 0.00168404 0.00257764 0.999996 -0.00156567 -0.00167996 0.00157033 0.999998 0.0441692 0.079132 -0.0126293
FixedParameters: 0 0 0

#Transform 144
Transform: AffineTransform_float_3_3
Parameters: 0.999995 -0.00259298 0.00168312 0.00259502 0.999996 -0.00119964 -0.00167988 0.00120436 0.999998 0.0424887 0.101011 -0.0306764
FixedParameters: 0 0 0

#Transform 145
Transform: AffineTransform_float_3_3
Parameters: 0.999995 -0.00246345 0.00168373 0.00246654 0.999996 -0.00151185 -0.00167927 0.00151614 0.999998 0.0389259 0.0762956 -0.0372414
FixedParameters: 0 0 0

#Transform 146
Transform: AffineTransform_float_3_3
Parameters: 0.999995 -0.00242237 0.00168379 0.00242563 0.999996 -0.00156292 -0.00167921 0.00156707 0.999998 0.03363 0.079091 -0.0380052
FixedParameters: 0 0 0

#Transform 147
Transform: AffineTransform_float_3_3
Parameters: 0.999995 -0.00249383 0.00186624 0.00249717 0.999996 -0.00169735 -0.00186176 0.00170165 0.999997 0.0343162 0.112016 -0.0376845
FixedParameters: 0 0 0

#Transform 148
Transform: AffineTransform_float_3_3
Parameters: 0.999995 -0.00260366 0.00168363 0.00260634 0.999995 -0.00139062 -0.00167937 0.00139438 0.999997 0.0420063 0.111606 -0.0286577
FixedParameters: 0 0 0

#Transform 149
Transform: AffineTransform_float_3_3
Parameters: 0.999996 -0.00250824 0.00168413 0.00251077 0.999996 -0.00164278 -0.00167987 0.00164722 0.999997 0.0398509 0.111981 -0.031689
FixedParameters: 0 0 0

#Transform 150
Transform: AffineTransform_float_3_3
Parameters: 0.999995 -0.00243165 0.00168485 0.00243535 0.999995 -0.0019909 -0.00167915 0.00199509 0.999996 0.0336731 0.0885991 -0.0475002
FixedParameters: 0 0 0

#Transform 151
Transform: AffineTransform_float_3_3
Parameters: 0.999995 -0.00263855 0.00174072 0.00264145 0.999995 -0.00140741 -0.00173728 0.00141259 0.999998 0.0366984 0.0701241 -0.0333803
FixedParameters: 0 0 0

#Transform 152
Transform: AffineTransform_float_3_3
Parameters: 0.999995 -0.00258363 0.00168364 0.00258537 0.999995 -0.00140765 -0.00167936 0.00141234 0.999997 0.0357367 0.118024 -0.0180951
FixedParameters: 0 0 0

#Transform 153
Transform: AffineTransform_float_3_3
Parameters: 0.999995 -0.00261189 0.00168484 0.00261511 0.999995 -0.0018486 -0.00167916 0.00185339 0.999997 0.036269 0.104776 -0.0341052
FixedParameters: 0 0 0

#Transform 154
Transform: AffineTransform_float_3_3
Parameters: 0.999996 -0.00254021 0.00168422 0.00254279 0.999996 -0.00165673 -0.00167979 0.00166028 0.999997 0.038834 0.0963366 -0.0186547
FixedParameters: 0 0 0

#Transform 155
Transform: AffineTransform_float_3_3
Parameters: 0.999995 -0.00258883 0.00139403 0.00259117 0.999996 -0.00155539 -0.00138997 0.00155861 0.999998 0.0443346 0.0756184 0.0502507
FixedParameters: 0 0 0

#Transform 156
Transform: AffineTransform_float_3_3
Parameters: 0.999996 -0.0024613 0.00168396 0.0024647 0.999995 -0.00160486 -0.00168004 0.00160914 0.999998 0.0342022 0.115663 0.0880115
FixedParameters: 0 0 0

#Transform 157
Transform: AffineTransform_float_3_3
Parameters: 0.999994 -0.00279647 0.00199396 0.00280053 0.999994 -0.00177042 -0.00198904 0.00177557 0.999996 0.0387616 0.0973109 0.0135633
FixedParameters: 0 0 0

#Transform 158
Transform: AffineTransform_float_3_3
Parameters: 0.999994 -0.00303396 0.00168549 0.00303704 0.999994 -0.00180489 -0.00167951 0.00181011 0.999997 0.0425593 0.0973954 0.0185067
FixedParameters: 0 0 0

#Transform 159
Transform: AffineTransform_float_3_3
Parameters: 0.999995 -0.00271624 0.00161465 0.00271876 0.999995 -0.00170962 -0.00161035 0.00171338 0.999997 0.0377167 0.131408 0.00230561
FixedParameters: 0 0 0

#Transform 160
Transform: AffineTransform_float_3_3
Parameters: 0.999994 -0.00278401 0.00168495 0.00278699 0.999994 -0.00177331 -0.00168005 0.00177769 0.999997 0.0387864 0.112697 0.00783209
FixedParameters: 0 0 0

#Transform 161
Transform: AffineTransform_float_3_3
Parameters: 0.999995 -0.00274037 0.00168591 0.00274363 0.999994 -0.00215339 -0.00168009 0.00215762 0.999997 0.0382277 0.100062 -0.00417515
FixedParameters: 0 0 0

#Transform 162
Transform: AffineTransform_float_3_3
Parameters: 0.999995 -0.00242683 0.00168458 0.00243017 0.999996 -0.00188491 -0.00167942 0.00188908 0.999997 0.0337376 0.0998339 0.0110276
FixedParameters: 0 0 0

#Transform 163
Transform: AffineTransform_float_3_3
Parameters: 0.999996 -0.00254975 0.00155136 0.00255225 0.999994 -0.00209905 -0.00154564 0.00210295 0.999996 0.0354015 0.0931075 -0.021691
FixedParameters: 0 0 0

#Transform 164
Transform: AffineTransform_float_3_3
Parameters: 0.999995 -0.00249684 0.0015511 0.00250016 0.999995 -0.00203913 -0.0015459 0.00204287 0.999996 0.0347759 0.0820407 -0.0148751
FixedParameters: 0 0 0

#Transform 165
Transform: AffineTransform_float_3_3
Parameters: 0.999996 -0.002522 0.00168599 0.002526 0.999994 -0.00237275 -0.00168001 0.00237725 0.999996 0.0349347 0.117318 -0.00193263
FixedParameters: 0 0 0

#Transform 166
Transform: AffineTransform_float_3_3
Parameters: 0.999995 -0.00242679 0.00168463 0.00243021 0.999995 -0.00190491 -0.00167937 0.00190908 0.999997 0.0336833 0.112972 -0.0058553
FixedParameters: 0 0 0

#Transform 167
Transform: AffineTransform_float_3_3
Parameters: 0.999995 -0.00268792 0.00168652 0.00269208 0.999994 -0.00242247 -0.00167948 0.00242653 0.999995 0.0374613 0.101648 -0.0180792
FixedParameters: 0 0 0

#Transform 168
Transform: AffineTransform_float_3_3
Parameters: 0.999995 -0.00263377 0.00168663 0.00263823 0.999994 -0.00251156 -0.00167937 0.00251644 0.999996 0.0365806 0.102785 -0.0306668
FixedParameters: 0 0 0

#Transform 169
Transform: AffineTransform_float_3_3
Parameters: 0.999996 -0.00255095 0.00168614 0.00255505 0.999994 -0.0024027 -0.00167986 0.0024073 0.999995 0.0353182 0.10811 -0.0171689
FixedParameters: 0 0 0

#Transform 170
Transform: AffineTransform_float_3_3
Parameters: 0.999995 -0.00238042 0.00178977 0.00238458 0.999995 -0.00200174 -0.00178522 0.00200626 0.999997 0.0328296 0.114063 -0.0109739
FixedParameters: 0 0 0

#Transform 171
Transform: AffineTransform_float_3_3
Parameters: 0.999995 -0.00249629 0.00159881 0.00249971 0.999994 -0.00232201 -0.00159319 0.00232599 0.999996 0.0346689 0.117335 -0.0201393
FixedParameters: 0 0 0

#Transform 172
Transform: AffineTransform_float_3_3
Parameters: 0.999996 -0.0025853 0.00159701 0.00258871 0.999994 -0.00232188 -0.00159099 0.00232612 0.999996 0.0359134 0.105094 -0.0186794
FixedParameters: 0 0 0

#Transform 173
Transform: AffineTransform_float_3_3
Parameters: 0.999996 -0.00238395 0.00159458 0.00238706 0.999996 -0.0019172 -0.00159042 0.0019208 0.999997 0.0330223 0.0987107 0.000188878
FixedParameters: 0 0 0

#Transform 174
Transform: AffineTransform_float_3_3
Parameters: 0.999996 -0.00235404 0.00168415 0.00235696 0.999995 -0.00175904 -0.00167985 0.00176296 0.999997 0.0325494 0.0946937 -0.00123202
FixedParameters: 0 0 0

#Transform 175
Transform: AffineTransform_float_3_3
Parameters: 0.999996 -0.00257504 0.00168454 0.00257796 0.999995 -0.00175867 -0.00167946 0.00176333 0.999997 0.0357576 0.0986349 -0.00738251
FixedParameters: 0 0 0

#Transform 176
Transform: AffineTransform_float_3_3
Parameters: 0.999996 -0.0023775 0.00168495 0.0023805 0.999995 -0.002078 -0.00168005 0.002082 0.999997 0.0328599 0.125101 -0.021962
FixedParameters: 0 0 0

#Transform 177
Transform: AffineTransform_float_3_3
Parameters: 0.999996 -0.00256843 0.00168546 0.00257158 0.999995 -0.00212268 -0.00167954 0.00212733 0.999997 0.035578 0.100773 -0.0340156
FixedParameters: 0 0 0

#Transform 178
Transform: AffineTransform_float_3_3
Parameters: 0.999995 -0.00232647 0.00179059 0.00233053 0.999996 -0.00197084 -0.00178541 0.00197416 0.999996 0.0321077 0.100542 -0.0274549
FixedParameters: 0 0 0

#Transform 179
Transform: AffineTransform_float_3_3
Parameters: 0.999995 -0.00241661 0.00168344 0.00241939 0.999996 -0.00141893 -0.00167956 0.00142307 0.999998 0.0335143 0.112832 -0.00442546
FixedParameters: 0 0 0

#Transform 180
Transform: AffineTransform_float_3_3
Parameters: 0.999996 -0.00236345 0.00168499 0.00236655 0.999995 -0.00210902 -0.00168001 0.00211298 0.999997 0.0351039 0.121788 -0.0127678
FixedParameters: 0 0 0

#Transform 181
Transform: AffineTransform_float_3_3
Parameters: 0.999995 -0.00243747 0.00162431 0.00244153 0.999994 -0.00217604 -0.00161869 0.00217995 0.999997 0.0338583 0.114607 -0.0140074
FixedParameters: 0 0 0

#Transform 182
Transform: AffineTransform_float_3_3
Parameters: 0.999996 -0.00239906 0.00158846 0.00240195 0.999996 -0.00185519 -0.00158354 0.00185881 0.999997 0.0332456 0.1139 0.00500016
FixedParameters: 0 0 0

#Transform 183
Transform: AffineTransform_float_3_3
Parameters: 0.999996 -0.00237737 0.00168514 0.00238063 0.999995 -0.002157 -0.00167986 0.002161 0.999997 0.0308077 0.104922 -0.0137491
FixedParameters: 0 0 0

#Transform 184
Transform: AffineTransform_float_3_3
Parameters: 0.999995 -0.00239668 0.00168474 0.00239932 0.999995 -0.00197397 -0.00167926 0.00197803 0.999996 0.0351404 0.132398 -0.0181197
FixedParameters: 0 0 0

#Transform 185
Transform: AffineTransform_float_3_3
Parameters: 0.999996 -0.00255293 0.00168618 0.00255707 0.999994 -0.0024177 -0.00167982 0.0024213 0.999995 0.0353647 0.115013 -0.0139938
FixedParameters: 0 0 0

#Transform 186
Transform: AffineTransform_float_3_3
Parameters: 0.999996 -0.00247906 0.00168581 0.00248294 0.999994 -0.00234082 -0.00167919 0.00234517 0.999996 0.0343356 0.0903325 -0.0156809
FixedParameters: 0 0 0

#Transform 187
Transform: AffineTransform_float_3_3
Parameters: 0.999995 -0.00266588 0.00168812 0.00267112 0.999992 -0.00303951 -0.00167988 0.00304349 0.999994 0.0370259 0.104346 -0.0390752
FixedParameters: 0 0 0

#Transform 188
Transform: AffineTransform_float_3_3
Parameters: 0.999994 -0.00288036 0.0019843 0.00288464 0.999994 -0.00183629 -0.0019787 0.00184171 0.999997 0.0400268 0.103059 0.0368454
FixedParameters: 0 0 0

#Transform 189
Transform: AffineTransform_float_3_3
Parameters: 0.999993 -0.00325809 0.00186063 0.00326291 0.999991 -0.00264295 -0.00185237 0.00264905 0.999995 0.0454479 0.135688 0.000116494
FixedParameters: 0 0 0

#Transform 190
Transform: AffineTransform_float_3_3
Parameters: 0.999994 -0.00316565 0.00180864 0.00317035 0.999992 -0.00240728 -0.00180136 0.00241372 0.999996 0.0441884 0.13221 0.0221642
FixedParameters: 0 0 0

#Transform 191
Transform: AffineTransform_float_3_3
Parameters: 0.999995 -0.00290105 0.00168681 0.00290495 0.999993 -0.00234311 -0.00167919 0.00234788 0.999996 0.0404448 0.132174 0.00343739
FixedParameters: 0 0 0

#Transform 192
Transform: AffineTransform_float_3_3
Parameters: 0.999995 -0.00275326 0.00168612 0.00275674 0.999993 -0.00222036 -0.00167987 0.00222564 0.999996 0.0314418 0.12454 -0.0292326
FixedParameters: 0 0 0

#Transform 193
Transform: AffineTransform_float_3_3
Parameters: 0.999994 -0.00273322 0.00182119 0.00273777 0.999993 -0.00262503 -0.00181381 0.00262997 0.999995 0.0379312 0.109611 -0.00582016
FixedParameters: 0 0 0

#Transform 194
Transform: AffineTransform_float_3_3
Parameters: 0.999995 -0.00261172 0.00177483 0.00261428 0.999995 -0.00184637 -0.00177017 0.00185163 0.999996 0.0340442 0.125475 -0.00787381
FixedParameters: 0 0 0

#Transform 195
Transform: AffineTransform_float_3_3
Parameters: 0.999995 -0.0026441 0.00168614 0.0026479 0.999994 -0.00231655 -0.00167986 0.00232145 0.999996 0.0366496 0.132181 -0.00814168
FixedParameters: 0 0 0

#Transform 196
Transform: AffineTransform_float_3_3
Parameters: 0.999995 -0.00243964 0.00168487 0.00244236 0.999995 -0.00199489 -0.00168013 0.00199811 0.999996 0.0337005 0.131917 -0.0124232
FixedParameters: 0 0 0

#Transform 197
Transform: AffineTransform_float_3_3
Parameters: 0.999995 -0.00256886 0.00176159 0.00257214 0.999995 -0.00178248 -0.00175741 0.00178752 0.999997 0.0354184 0.131686 -0.00653369
FixedParameters: 0 0 0

#Transform 198
Transform: AffineTransform_float_3_3
Parameters: 0.999995 -0.00243891 0.00168592 0.00244308 0.999994 -0.00242489 -0.00168007 0.00242911 0.999995 0.0337699 0.10104 -0.00591105
FixedParameters: 0 0 0

#Transform 199
Transform: AffineTransform_float_3_3
Parameters: 0.999995 -0.00271707 0.00168473 0.00271992 0.999995 -0.00173743 -0.00167927 0.00174257 0.999997 0.0378186 0.117912 -0.000609531
FixedParameters: 0 0 0

#Transform 200
Transform: AffineTransform_float_3_3
Parameters: 0.999995 -0.00268132 0.00168588 0.00268569 0.999994 -0.00218748 -0.00168012 0.00219152 0.999996 0.0372994 0.115829 -0.00112769
FixedParameters: 0 0 0

#Transform 201
Transform: AffineTransform_float_3_3
Parameters: 0.999995 -0.00246837 0.00156516 0.00247163 0.999996 -0.00168314 -0.00156084 0.00168686 0.999998 0.0314973 0.12218 0.0106653
FixedParameters: 0 0 0

#Transform 202
Transform: AffineTransform_float_3_3
Parameters: 0.999996 -0.00255993 0.0016862 0.00256407 0.999994 -0.00241769 -0.0016798 0.00242231 0.999995 0.0354141 0.129543 -0.00659662
FixedParameters: 0 0 0

#Transform 203
Transform: AffineTransform_float_3_3
Parameters: 0.999995 -0.00247893 0.00161526 0.00248207 0.999993 -0.002523 -0.00160874 0.002527 0.999996 0.0343373 0.109657 -0.0081771
FixedParameters: 0 0 0

#Transform 204
Transform: AffineTransform_float_3_3
Parameters: 0.999995 -0.00245381 0.00157953 0.00245819 0.999993 -0.00265613 -0.00157347 0.00266087 0.999995 0.0340608 0.121705 -0.0104371
FixedParameters: 0 0 0

#Transform 205
Transform: AffineTransform_float_3_3
Parameters: 0.999996 -0.00239031 0.00157063 0.00239369 0.999995 -0.00235125 -0.00156537 0.00235575 0.999996 0.0330483 0.123426 -0.00530857
FixedParameters: 0 0 0

#Transform 206
Transform: AffineTransform_float_3_3
Parameters: 0.999996 -0.00235358 0.00147985 0.00235642 0.999996 -0.00163252 -0.00147615 0.00163648 0.999997 0.0326456 0.114582 0.00102441
FixedParameters: 0 0 0

#Transform 207
Transform: AffineTransform_float_3_3
Parameters: 0.999995 -0.0023848 0.00168455 0.0023872 0.999996 -0.00190299 -0.00167945 0.00190701 0.999997 0.0328274 0.128055 -0.0157604
FixedParameters: 0 0 0

#Transform 208
Transform: AffineTransform_float_3_3
Parameters: 0.999995 -0.00245711 0.00163487 0.00246089 0.999994 -0.00238399 -0.00162913 0.00238801 0.999996 0.0339965 0.135275 -0.00201164
FixedParameters: 0 0 0

#Transform 209
Transform: AffineTransform_float_3_3
Parameters: 0.999996 -0.00283512 0.00120417 0.00283888 0.999991 -0.0032306 -0.00119483 0.0032344 0.999994 0.0399724 0.115968 0.0441789
FixedParameters: 0 0 0

#Transform 210
Transform: AffineTransform_float_3_3
Parameters: 0.999994 -0.0028745 0.00151746 0.00287949 0.99999 -0.00363265 -0.00150654 0.00363735 0.999993 0.0401513 0.156376 0.0199095
FixedParameters: 0 0 0

#Transform 211
Transform: AffineTransform_float_3_3
Parameters: 0.999994 -0.0029919 0.00169261 0.00299809 0.999986 -0.00420595 -0.0016794 0.00421105 0.999989 0.0416936 0.155901 0.0137649
FixedParameters: 0 0 0

#Transform 212
Transform: AffineTransform_float_3_3
Parameters: 0.999993 -0.00328111 0.00169147 0.00328688 0.999988 -0.00348846 -0.00167953 0.00349453 0.999993 0.0459578 0.132505 0.0242312
FixedParameters: 0 0 0

#Transform 213
Transform: AffineTransform_float_3_3
Parameters: 0.999994 -0.00307102 0.00169091 0.00307798 0.999989 -0.00354482 -0.00168009 0.00355018 0.999993 0.0431019 0.116509 0.0300158
FixedParameters: 0 0 0

#Transform 214
Transform: AffineTransform_float_3_3
Parameters: 0.999995 -0.0028643 0.0016897 0.0028697 0.99999 -0.00338017 -0.0016793 0.00338483 0.999993 0.0399147 0.130523 0.0257587
FixedParameters: 0 0 0

#Transform 215
Transform: AffineTransform_float_3_3
Parameters: 0.999994 -0.0028632 0.00183466 0.0028698 0.999989 -0.00371576 -0.00182334 0.00372124 0.999992 0.039809 0.137363 0.0430946
FixedParameters: 0 0 0

#Transform 216
Transform: AffineTransform_float_3_3
Parameters: 0.999994 -0.00286391 0.00185543 0.00287009 0.999991 -0.0032877 -0.00184657 0.00329231 0.999993 0.0397462 0.130164 0.0278636
FixedParameters: 0 0 0

#Transform 217
Transform: AffineTransform_float_3_3
Parameters: 0.999994 -0.00286379 0.00189143 0.00287021 0.999991 -0.00328759 -0.00188157 0.00329241 0.999993 0.0396703 0.137134 -0.0195957
FixedParameters: 0 0 0

#Transform 218
Transform: AffineTransform_float_3_3
Parameters: 0.999995 -0.00286446 0.00168944 0.00286955 0.999991 -0.00328817 -0.00167957 0.00329283 0.999993 0.0398677 0.137111 0.00907327
FixedParameters: 0 0 0

#Transform 219
Transform: AffineTransform_float_3_3
Parameters: 0.999994 -0.00295325 0.00136513 0.00295674 0.999992 -0.00274898 -0.00135687 0.00275302 0.999996 0.0415512 0.118059 0.0579506
FixedParameters: 0 0 0

#Transform 220
Transform: AffineTransform_float_3_3
Parameters: 0.999996 -0.0026131 0.00146976 0.0026189 0.999991 -0.00334517 -0.00146024 0.00334883 0.999994 0.0385265 0.160591 0.0237857
FixedParameters: 0 0 0

#Transform 221
Transform: AffineTransform_float_3_3
Parameters: 0.999995 -0.00298538 0.00159866 0.00299062 0.999992 -0.00289624 -0.00158934 0.00290076 0.999994 0.0417719 0.139221 0.0208638
FixedParameters: 0 0 0

#Transform 222
Transform: AffineTransform_float_3_3
Parameters: 0.999994 -0.00300258 0.0016879 0.00300743 0.999992 -0.00262494 -0.0016801 0.00263006 0.999995 0.0419174 0.143142 0.0201286
FixedParameters: 0 0 0

#Transform 223
Transform: AffineTransform_float_3_3
Parameters: 0.999995 -0.00292228 0.0016882 0.00292672 0.999992 -0.00280007 -0.0016798 0.00280492 0.999994 0.0446671 0.160205 0.0113058
FixedParameters: 0 0 0

#Transform 224
Transform: AffineTransform_float_3_3
Parameters: 0.999995 -0.00280108 0.00162351 0.00280591 0.999992 -0.00303346 -0.00161449 0.00303854 0.999994 0.0419976 0.130085 -0.00387483
FixedParameters: 0 0 0

#Transform 225
Transform: AffineTransform_float_3_3
Parameters: 0.999994 -0.00294941 0.00168805 0.00295359 0.999992 -0.00272303 -0.00167996 0.00272797 0.999995 0.041058 0.140034 0.0128986
FixedParameters: 0 0 0

#Transform 226
Transform: AffineTransform_float_3_3
Parameters: 0.999995 -0.00292714 0.00169193 0.00293387 0.999988 -0.00406806 -0.00168007 0.00407294 0.999991 0.0482743 0.277974 -0.122123
FixedParameters: 0 0 0

#Transform 227
Transform: AffineTransform_float_3_3
Parameters: 0.999995 -0.00266721 0.00155299 0.00267279 0.99999 -0.00373987 -0.00154301 0.00374413 0.999992 0.0374581 -0.015165 -0.0119832
FixedParameters: 0 0 0

#Transform 228
Transform: AffineTransform_float_3_3
Parameters: 0.999994 -0.00302909 0.00169063 0.0030349 0.99999 -0.00350189 -0.00167938 0.00350711 0.999993 0.0424631 0.0870735 0.00679322
FixedParameters: 0 0 0

#Transform 229
Transform: AffineTransform_float_3_3
Parameters: 0.999995 -0.00293689 0.00168892 0.00294211 0.999991 -0.00303305 -0.00168008 0.00303795 0.999994 0.0409907 0.114173 -0.000214126
FixedParameters: 0 0 0

#Transform 230
Transform: AffineTransform_float_3_3
Parameters: 0.999994 -0.00276705 0.00168813 0.00277194 0.999992 -0.00293334 -0.00167987 0.00293866 0.999995 0.0383414 0.16345 -0.042156
FixedParameters: 0 0 0

#Transform 231
Transform: AffineTransform_float_3_3
Parameters: 0.999995 -0.00269065 0.00168697 0.00269535 0.999993 -0.00258447 -0.00168004 0.00258853 0.999995 0.0372682 0.192153 -0.0114892
FixedParameters: 0 0 0

#Transform 232
Transform: AffineTransform_float_3_3
Parameters: 0.999997 -0.00227457 0.00150569 0.00227644 0.999996 -0.00161858 -0.00150131 0.00162142 0.999997 0.0312367 0.181717 -0.0106219
FixedParameters: 0 0 0

#Transform 233
Transform: AffineTransform_float_3_3
Parameters: 0.999995 -0.00263727 0.00202848 0.00264274 0.999993 -0.00282966 -0.00202152 0.00283535 0.999994 0.0472791 0.167076 -0.0243619
FixedParameters: 0 0 0

#Transform 234
Transform: AffineTransform_float_3_3
Parameters: 0.999994 -0.00306446 0.00161357 0.00306954 0.99999 -0.00344407 -0.00160243 0.00344893 0.999993 0.0495385 0.119688 0.0369363
FixedParameters: 0 0 0

#Transform 235
Transform: AffineTransform_float_3_3
Parameters: 0.999994 -0.00306321 0.00169236 0.00306979 0.999987 -0.00402683 -0.00167964 0.00403217 0.999991 0.0498184 0.198974 0.0209437
FixedParameters: 0 0 0

#Transform 236
Transform: AffineTransform_float_3_3
Parameters: 0.999995 -0.00272069 0.00168859 0.00272631 0.999992 -0.00315041 -0.00167941 0.00315559 0.999993 0.0378168 0.144393 0.0167217
FixedParameters: 0 0 0

#Transform 237
Transform: AffineTransform_float_3_3
Parameters: 0.999994 -0.00295524 0.00168835 0.00295975 0.999991 -0.00282102 -0.00167965 0.00282598 0.999994 0.0412181 0.10809 0.01494
FixedParameters: 0 0 0

#Transform 238
Transform: AffineTransform_float_3_3
Parameters: 0.999995 -0.00279933 0.00158924 0.00280366 0.999991 -0.00293956 -0.00158076 0.00294444 0.999995 0.0411851 0.13774 -0.0056238
FixedParameters: 0 0 0

#Transform 239
Transform: AffineTransform_float_3_3
Parameters: 0.999994 -0.00278276 0.00168867 0.00278824 0.999992 -0.00310931 -0.00167933 0.00311369 0.999993 0.0388666 0.124427 0.00903573
FixedParameters: 0 0 0

#Transform 240
Transform: AffineTransform_float_3_3
Parameters: 0.999995 -0.00269367 0.00163282 0.00269933 0.999991 -0.00326761 -0.00162418 0.00327239 0.999994 0.0375387 0.124491 0.010968
FixedParameters: 0 0 0

#Transform 241
Transform: AffineTransform_float_3_3
Parameters: 0.999995 -0.00263733 0.00160038 0.00264367 0.99999 -0.00355079 -0.00159062 0.00355521 0.999993 0.0367442 0.14174 0.0192374
FixedParameters: 0 0 0

#Transform 242
Transform: AffineTransform_float_3_3
Parameters: 0.999995 -0.00266885 0.00158372 0.00267416 0.999991 -0.00326078 -0.00157528 0.00326522 0.999994 0.0371381 0.157928 0.02194
FixedParameters: 0 0 0

#Transform 243
Transform: AffineTransform_float_3_3
Parameters: 0.999995 -0.00266593 0.00181097 0.00267107 0.999991 -0.00335918 -0.00180203 0.00336382 0.999992 0.0367655 0.168663 0.00889321
FixedParameters: 0 0 0

#Transform 244
Transform: AffineTransform_float_3_3
Parameters: 0.999994 -0.0029645 0.0016897 0.0029705 0.999991 -0.003265 -0.0016793 0.00327 0.999993 0.0414271 0.157842 0.0350623
FixedParameters: 0 0 0

#Transform 245
Transform: AffineTransform_float_3_3
Parameters: 0.999995 -0.00265523 0.0016891 0.00266176 0.99999 -0.00341952 -0.0016799 0.00342448 0.999992 0.0368668 0.193383 0.0494712
FixedParameters: 0 0 0

#Transform 246
Transform: AffineTransform_float_3_3
Parameters: 0.999994 -0.00265491 0.00190851 0.00266109 0.999992 -0.00319794 -0.00189949 0.00320306 0.999993 0.0303621 0.179761 0.0700886
FixedParameters: 0 0 0

#Transform 247
Transform: AffineTransform_float_3_3
Parameters: 0.999995 -0.0026541 0.00202209 0.0026609 0.99999 -0.00341864 -0.00201291 0.00342436 0.999992 0.036634 0.155999 0.0692893
FixedParameters: 0 0 0

#Transform 248
Transform: AffineTransform_float_3_3
Parameters: 0.999993 -0.00313042 0.00206653 0.00313758 0.999989 -0.00367454 -0.00205547 0.00368146 0.999991 0.0433696 0.17464 0.0420611
FixedParameters: 0 0 0

#Transform 249
Transform: AffineTransform_float_3_3
Parameters: 0.999995 -0.00265512 0.00210643 0.00266088 0.999993 -0.00279341 -0.00209857 0.00279859 0.999994 0.0324923 0.129082 0.0599011
FixedParameters: 0 0 0

#Transform 250
Transform: AffineTransform_float_3_3
Parameters: 0.999995 -0.00265517 0.00209541 0.00266183 0.999992 -0.00278344 -0.00208859 0.00278956 0.999994 0.0365763 0.128946 0.0427665
FixedParameters: 0 0 0

#Transform 251
Transform: AffineTransform_float_3_3
Parameters: 0.999994 -0.00287494 0.00213256 0.00288206 0.999991 -0.00331688 -0.00212244 0.00332313 0.999992 0.0374869 0.15912 0.0467106
FixedParameters: 0 0 0

#Transform 252
Transform: AffineTransform_float_3_3
Parameters: 0.999994 -0.00283454 0.00209377 0.00284046 0.999991 -0.00308707 -0.00208523 0.00309293 0.999993 0.0390949 0.145608 0.0355309
FixedParameters: 0 0 0

#Transform 253
Transform: AffineTransform_float_3_3
Parameters: 0.999994 -0.00276223 0.00216566 0.00276977 0.999992 -0.00312802 -0.00215734 0.00313398 0.999993 0.0380704 0.145347 0.0378099
FixedParameters: 0 0 0

#Transform 254
Transform: AffineTransform_float_3_3
Parameters: 0.999994 -0.00283978 0.00209346 0.00284621 0.999991 -0.00297106 -0.00208554 0.00297694 0.999994 0.0392154 0.139447 0.0536026
FixedParameters: 0 0 0

#Transform 255
Transform: AffineTransform_float_3_3
Parameters: 0.999994 -0.0027723 0.0020939 0.0027787 0.999991 -0.0032032 -0.0020851 0.0032088 0.999992 0.038177 0.17017 0.0486445
FixedParameters: 0 0 0

#Transform 256
Transform: AffineTransform_float_3_3
Parameters: 0.999994 -0.0026856 0.00209323 0.0026914 0.999991 -0.00305938 -0.00208577 0.00306562 0.999993 0.0368225 0.16617 0.0385557
FixedParameters: 0 0 0

#Transform 257
Transform: AffineTransform_float_3_3
Parameters: 0.999994 -0.00293934 0.00209438 0.00294566 0.99999 -0.00318485 -0.00208562 0.00319015 0.999992 0.0405854 0.152668 0.0335907
FixedParameters: 0 0 0

#Transform 258
Transform: AffineTransform_float_3_3
Parameters: 0.999993 -0.00291646 0.00209275 0.00292154 0.999992 -0.0026509 -0.00208526 0.0026561 0.999995 0.0403466 0.140306 0.0264463
FixedParameters: 0 0 0

#Transform 259
Transform: AffineTransform_float_3_3
Parameters: 0.999995 -0.00257072 0.00209151 0.00257629 0.999994 -0.00252663 -0.00208549 0.00253238 0.999994 0.0352152 0.147553 0.0546139
FixedParameters: 0 0 0

#Transform 260
Transform: AffineTransform_float_3_3
Parameters: 0.999994 -0.00274004 0.00209283 0.00274597 0.999992 -0.00285227 -0.00208517 0.00285773 0.999993 0.0377075 0.160475 0.0362897
FixedParameters: 0 0 0

#Transform 261
Transform: AffineTransform_float_3_3
Parameters: 0.999994 -0.00272175 0.00209316 0.00272826 0.999992 -0.00299131 -0.00208584 0.0029967 0.999994 0.0400736 0.128058 0.0242133
FixedParameters: 0 0 0

#Transform 262
Transform: AffineTransform_float_3_3
Parameters: 0.999994 -0.00278709 0.0020929 0.00279291 0.999992 -0.00282717 -0.0020851 0.00283383 0.999994 0.0384201 0.143803 0.0404392
FixedParameters: 0 0 0

#Transform 263
Transform: AffineTransform_float_3_3
Parameters: 0.999994 -0.00276709 0.00209284 0.00277291 0.999992 -0.00282721 -0.00208516 0.00283379 0.999994 0.0403111 0.147297 0.0403002
FixedParameters: 0 0 0

#Transform 264
Transform: AffineTransform_float_3_3
Parameters: 0.999995 -0.00256906 0.00219515 0.00257594 0.999991 -0.00316536 -0.00218685 0.00317163 0.999992 0.0351666 0.147527 0.0390396
FixedParameters: 0 0 0

#Transform 265
Transform: AffineTransform_float_3_3
Parameters: 0.999994 -0.00256988 0.00198594 0.00257611 0.999992 -0.0030839 -0.00197706 0.0030891 0.999994 0.035373 0.165629 0.0364613
FixedParameters: 0 0 0

#Transform 266
Transform: AffineTransform_float_3_3
Parameters: 0.999994 -0.00288664 0.00200916 0.00289336 0.999991 -0.00316821 -0.00200083 0.00317479 0.999993 0.0399907 0.143599 0.0350959
FixedParameters: 0 0 0

#Transform 267
Transform: AffineTransform_float_3_3
Parameters: 0.999994 -0.00284217 0.0020282 0.00284783 0.999992 -0.00287824 -0.0020198 0.00288476 0.999994 0.0392719 0.148182 0.0415462
FixedParameters: 0 0 0

#Transform 268
Transform: AffineTransform_float_3_3
Parameters: 0.999994 -0.00269494 0.00209411 0.00270206 0.99999 -0.00337436 -0.00208489 0.00337964 0.999992 0.0370816 0.136 0.0405984
FixedParameters: 0 0 0

#Transform 269
Transform: AffineTransform_float_3_3
Parameters: 0.999995 -0.0024197 0.00209231 0.0024263 0.999992 -0.00301494 -0.00208569 0.00302006 0.999994 0.0330358 0.172005 0.0629715
FixedParameters: 0 0 0

#Transform 270
Transform: AffineTransform_float_3_3
Parameters: 0.999994 -0.00273703 0.00209545 0.00274497 0.999989 -0.00380827 -0.00208555 0.00381373 0.99999 0.0431617 0.113898 0.0344401
FixedParameters: 0 0 0

#Transform 271
Transform: AffineTransform_float_3_3
Parameters: 0.999994 -0.00285021 0.00169944 0.00285679 0.999988 -0.00400716 -0.00168855 0.00401283 0.99999 0.0396894 0.182342 0.0324744
FixedParameters: 0 0 0

#Transform 272
Transform: AffineTransform_float_3_3
Parameters: 0.999993 -0.00302008 0.00188674 0.00302792 0.999986 -0.00421031 -0.00187426 0.00421569 0.99999 0.0352358 0.152941 0.0433996
FixedParameters: 0 0 0

#Transform 273
Transform: AffineTransform_float_3_3
Parameters: 0.999994 -0.00294196 0.00191341 0.00295004 0.999987 -0.00421038 -0.00190159 0.00421562 0.99999 0.0409075 0.144882 0.0431492
FixedParameters: 0 0 0

#Transform 274
Transform: AffineTransform_float_3_3
Parameters: 0.999994 -0.00289365 0.00146263 0.00290035 0.999987 -0.00435878 -0.00145037 0.00436222 0.99999 0.0405933 0.153173 0.0422208
FixedParameters: 0 0 0

#Transform 275
Transform: AffineTransform_float_3_3
Parameters: 0.999995 -0.00278527 0.00160275 0.00279173 0.999987 -0.00421155 -0.00159125 0.00421545 0.99999 0.0388872 0.153208 0.0268517
FixedParameters: 0 0 0

#Transform 276
Transform: AffineTransform_float_3_3
Parameters: 0.999994 -0.00295711 0.0014947 0.00296388 0.999988 -0.00395059 -0.0014823 0.0039544 0.999991 0.0416407 0.138288 0.0548927
FixedParameters: 0 0 0

#Transform 277
Transform: AffineTransform_float_3_3
Parameters: 0.999994 -0.00295762 0.00144307 0.00296337 0.999988 -0.00373674 -0.00143193 0.00374125 0.999992 0.0415421 0.165839 0.03374
FixedParameters: 0 0 0

#Transform 278
Transform: AffineTransform_float_3_3
Parameters: 0.999995 -0.0028054 0.00161749 0.00281259 0.999987 -0.00408947 -0.0016055 0.00409453 0.999991 0.0365976 0.146623 0.0424679
FixedParameters: 0 0 0

#Transform 279
Transform: AffineTransform_float_3_3
Parameters: 0.999994 -0.00284819 0.00155966 0.00285481 0.999989 -0.00373657 -0.00154834 0.00374143 0.999992 0.0397667 0.194476 0.0486132
FixedParameters: 0 0 0

#Transform 280
Transform: AffineTransform_float_3_3
Parameters: 0.999994 -0.00278256 0.00171115 0.00278943 0.999986 -0.00435725 -0.00169886 0.00436175 0.999989 0.0386431 0.164974 0.0241086
FixedParameters: 0 0 0

#Transform 281
Transform: AffineTransform_float_3_3
Parameters: 0.999995 -0.00278911 0.00154648 0.00279589 0.999986 -0.0044687 -0.00153452 0.0044723 0.999989 0.0365188 0.168477 0.0221237
FixedParameters: 0 0 0

#Transform 282
Transform: AffineTransform_float_3_3
Parameters: 0.999994 -0.00283524 0.0016467 0.00284176 0.999988 -0.00411935 -0.0016353 0.00412366 0.99999 0.0395191 0.148714 0.0323632
FixedParameters: 0 0 0

#Transform 283
Transform: AffineTransform_float_3_3
Parameters: 0.999995 -0.00294851 0.00154446 0.00295549 0.999986 -0.00421846 -0.00153154 0.00422354 0.99999 0.0413214 0.126558 0.0310826
FixedParameters: 0 0 0

#Transform 284
Transform: AffineTransform_float_3_3
Parameters: 0.999995 -0.00283433 0.00177828 0.00284167 0.999986 -0.00432497 -0.00176572 0.00433003 0.999989 0.0393223 0.148844 0.0288594
FixedParameters: 0 0 0

#Transform 285
Transform: AffineTransform_float_3_3
Parameters: 0.999994 -0.00281311 0.00164113 0.00281889 0.99999 -0.0035954 -0.00163087 0.00360061 0.999992 0.0363694 0.148229 0.04543
FixedParameters: 0 0 0

#Transform 286
Transform: AffineTransform_float_3_3
Parameters: 0.999996 -0.00244452 0.00135429 0.00244848 0.999993 -0.00257169 -0.0013477 0.0025753 0.999996 0.0340196 0.145123 0.0230177
FixedParameters: 0 0 0

#Transform 287
Transform: AffineTransform_float_3_3
Parameters: 0.999996 -0.00232304 0.00107459 0.00232695 0.999991 -0.00369551 -0.0010654 0.00369849 0.999992 0.0324606 0.154962 -0.0245149
FixedParameters: 0 0 0

#Transform 288
Transform: AffineTransform_float_3_3
Parameters: 0.999995 -0.0027695 0.00154528 0.0027725 0.999993 -0.00226473 -0.00153972 0.00226928 0.999996 0.0384937 0.143293 0.0192647
FixedParameters: 0 0 0

#Transform 289
Transform: AffineTransform_float_3_3
Parameters: 0.999994 -0.0027674 0.0018066 0.0027726 0.999992 -0.00310401 -0.00179839 0.00310899 0.999993 0.0446799 0.0830285 0.0587431
FixedParameters: 0 0 0

#Transform 290
Transform: AffineTransform_float_3_3
Parameters: 0.999994 -0.00297273 0.00204508 0.00298128 0.999988 -0.00405493 -0.00203292 0.00406107 0.999989 0.0409019 0.213283 0.0508608
FixedParameters: 0 0 0

#Transform 291
Transform: AffineTransform_float_3_3
Parameters: 0.999992 -0.0034182 0.00204609 0.0034258 0.999987 -0.00382102 -0.00203291 0.00382798 0.99999 0.0474882 0.186695 0.0466181
FixedParameters: 0 0 0

#Transform 292
Transform: AffineTransform_float_3_3
Parameters: 0.999993 -0.00341986 0.00184939 0.00342614 0.999988 -0.00332569 -0.0018376 0.00333231 0.999993 0.0525009 0.16377 0.0464506
FixedParameters: 0 0 0

#Transform 293
Transform: AffineTransform_float_3_3
Parameters: 0.999992 -0.0033918 0.00188799 0.0033992 0.999987 -0.00382361 -0.001875 0.00383039 0.999991 0.0535931 0.172838 0.0225843
FixedParameters: 0 0 0

#Transform 294
Transform: AffineTransform_float_3_3
Parameters: 0.999991 -0.0035612 0.00205013 0.0035718 0.999982 -0.00479872 -0.00203287 0.00480528 0.999987 0.0492087 0.280451 -0.0225621
FixedParameters: 0 0 0

#Transform 295
Transform: AffineTransform_float_3_3
Parameters: 0.99999 -0.00380123 0.00205307 0.00381177 0.999979 -0.00526922 -0.00203293 0.00527678 0.999984 0.062697 0.246698 -0.0887668
FixedParameters: 0 0 0

#Transform 296
Transform: AffineTransform_float_3_3
Parameters: 0.99999 -0.00378829 0.00244411 0.0037987 0.999985 -0.00397776 -0.00242889 0.00398724 0.999989 0.0646866 -0.0253609 -0.0266203
FixedParameters: 0 0 0

#Transform 297
Transform: AffineTransform_float_3_3
Parameters: 0.999988 -0.00407549 0.00251312 0.00408551 0.999983 -0.00419078 -0.00249588 0.00420022 0.999988 0.071986 0.0866927 -0.0436131
FixedParameters: 0 0 0

#Transform 298
Transform: AffineTransform_float_3_3
Parameters: 0.999987 -0.00421498 0.00260801 0.00422302 0.999987 -0.00307902 -0.00259499 0.00308998 0.999992 0.0727041 0.101939 -0.0178342
FixedParameters: 0 0 0

#Transform 299
Transform: AffineTransform_float_3_3
Parameters: 0.999991 -0.00372587 0.00199075 0.00373013 0.999991 -0.00207559 -0.00198325 0.00208241 0.999996 0.0610956 0.176749 -0.0332749
FixedParameters: 0 0 0

#Transform 300
Transform: AffineTransform_float_3_3
Parameters: 0.99999 -0.00393413 0.00204434 0.00394087 0.999988 -0.00287597 -0.00203366 0.00288403 0.999994 0.0599957 0.195735 -0.0431016
FixedParameters: 0 0 0

#Transform 301
Transform: AffineTransform_float_3_3
Parameters: 0.99999 -0.00394713 0.0019877 0.00395187 0.999989 -0.00245317 -0.0019783 0.00246083 0.999995 0.0580195 0.20874 -0.0457687
FixedParameters: 0 0 0

#Transform 302
Transform: AffineTransform_float_3_3
Parameters: 0.99999 -0.00402108 0.00204468 0.00402692 0.999987 -0.00289779 -0.00203332 0.0029062 0.999993 0.0658452 0.231569 -0.0417174
FixedParameters: 0 0 0

#Transform 303
Transform: AffineTransform_float_3_3
Parameters: 0.999988 -0.00407324 0.00247018 0.00408076 0.999988 -0.00273695 -0.00245882 0.00274705 0.999993 0.0666081 0.235634 -0.0403246
FixedParameters: 0 0 0

#Transform 304
Transform: AffineTransform_float_3_3
Parameters: 0.999988 -0.00405278 0.00247286 0.00406021 0.999987 -0.00291899 -0.00246114 0.00292901 0.999992 0.0677382 0.224084 -0.0704905
FixedParameters: 0 0 0

#Transform 305
Transform: AffineTransform_float_3_3
Parameters: 0.999989 -0.00399948 0.00220387 0.00400551 0.999987 -0.0029612 -0.00219113 0.00297079 0.999993 0.0625079 0.170942 -0.0670323
FixedParameters: 0 0 0

#Transform 306
Transform: AffineTransform_float_3_3
Parameters: 0.999988 -0.00419645 0.00245895 0.00420356 0.999987 -0.0030767 -0.00244606 0.0030863 0.999992 0.0666615 0.156066 -0.0458073
FixedParameters: 0 0 0

#Transform 307
Transform: AffineTransform_float_3_3
Parameters: 0.999988 -0.00428284 0.00240599 0.00428915 0.999987 -0.00255971 -0.00239501 0.00256929 0.999994 0.0724564 0.155515 -0.0427606
FixedParameters: 0 0 0

#Transform 308
Transform: AffineTransform_float_3_3
Parameters: 0.999989 -0.00413471 0.00245861 0.0041413 0.999988 -0.00255985 -0.00244839 0.00257015 0.999993 0.0728448 0.128432 -0.0461385
FixedParameters: 0 0 0

#Transform 309
Transform: AffineTransform_float_3_3
Parameters: 0.999988 -0.00409069 0.00266072 0.00409631 0.999989 -0.00236913 -0.00265128 0.00237987 0.999993 0.0592494 0.155361 -0.0585278
FixedParameters: 0 0 0

#Transform 310
Transform: AffineTransform_float_3_3
Parameters: 0.999988 -0.00406441 0.00274479 0.00407159 0.999989 -0.00240085 -0.00273521 0.00241215 0.999994 0.0667246 0.15546 -0.0984746
FixedParameters: 0 0 0

#Transform 311
Transform: AffineTransform_float_3_3
Parameters: 0.999988 -0.00404405 0.00257977 0.00404895 0.99999 -0.00191658 -0.00257122 0.00192642 0.999995 0.0674467 0.169492 -0.0887907
FixedParameters: 0 0 0

#Transform 312
Transform: AffineTransform_float_3_3
Parameters: 0.999987 -0.00400918 0.00290942 0.00401582 0.999989 -0.00234135 -0.00289958 0.00235265 0.999993 0.0701878 0.177533 -0.0894937
FixedParameters: 0 0 0

#Transform 313
Transform: AffineTransform_float_3_3
Parameters: 0.999988 -0.00400434 0.00305276 0.00401066 0.999989 -0.00217878 -0.00304324 0.00219121 0.999993 0.0698747 0.204045 -0.0773492
FixedParameters: 0 0 0

#Transform 314
Transform: AffineTransform_float_3_3
Parameters: 0.999988 -0.00401029 0.0030309 0.00401671 0.999989 -0.00221085 -0.0030221 0.00222315 0.999993 0.0667287 0.210043 -0.0798584
FixedParameters: 0 0 0

#Transform 315
Transform: AffineTransform_float_3_3
Parameters: 0.999987 -0.00392052 0.00303708 0.00392647 0.99999 -0.0017991 -0.00302992 0.0018109 0.999994 0.0655441 0.193995 -0.0678231
FixedParameters: 0 0 0

#Transform 316
Transform: AffineTransform_float_3_3
Parameters: 0.999986 -0.00420721 0.00297022 0.00421279 0.999989 -0.00194651 -0.00296278 0.00195949 0.999993 0.0699819 0.173797 -0.0937519
FixedParameters: 0 0 0

#Transform 317
Transform: AffineTransform_float_3_3
Parameters: 0.999989 -0.00375053 0.00286618 0.00375547 0.999991 -0.00190726 -0.00285882 0.00191774 0.999994 0.0665955 0.161025 -0.0882771
FixedParameters: 0 0 0

#Transform 318
Transform: AffineTransform_float_3_3
Parameters: 0.999988 -0.00398656 0.00293105 0.00399144 0.999991 -0.00151132 -0.00292495 0.00152268 0.999994 0.0668638 0.179409 -0.0738112
FixedParameters: 0 0 0

#Transform 319
Transform: AffineTransform_float_3_3
Parameters: 0.999988 -0.00401462 0.00299922 0.00401939 0.999991 -0.00179097 -0.00299178 0.00180303 0.999994 0.0654337 0.177734 -0.0837545
FixedParameters: 0 0 0

#Transform 320
Transform: AffineTransform_float_3_3
Parameters: 0.99999 -0.0037204 0.00269299 0.00372461 0.999992 -0.00133498 -0.00268801 0.00134502 0.999996 0.0571949 0.160382 -0.0745799
FixedParameters: 0 0 0

#Transform 321
Transform: AffineTransform_float_3_3
Parameters: 0.999989 -0.00372472 0.0028017 0.00372828 0.999992 -0.00152457 -0.0027953 0.00153543 0.999995 0.0641486 0.151112 -0.072209
FixedParameters: 0 0 0

#Transform 322
Transform: AffineTransform_float_3_3
Parameters: 0.999989 -0.00396007 0.00257652 0.00396294 0.999992 -0.0011348 -0.00257148 0.0011452 0.999996 0.0646521 0.165666 -0.0566408
FixedParameters: 0 0 0

#Transform 323
Transform: AffineTransform_float_3_3
Parameters: 0.999989 -0.00386465 0.00283657 0.00386835 0.999992 -0.00117704 -0.00283143 0.00118796 0.999996 0.0591949 0.188512 -0.0759025
FixedParameters: 0 0 0

#Transform 324
Transform: AffineTransform_float_3_3
Parameters: 0.999988 -0.00396585 0.00282184 0.00397015 0.999991 -0.00146681 -0.00281616 0.00147719 0.999995 0.062831 0.183786 -0.0770637
FixedParameters: 0 0 0

#Transform 325
Transform: AffineTransform_float_3_3
Parameters: 0.999989 -0.00395308 0.00279098 0.00395792 0.99999 -0.00175897 -0.00278402 0.00177002 0.999994 0.0640712 0.160764 -0.0809387
FixedParameters: 0 0 0

#Transform 326
Transform: AffineTransform_float_3_3
Parameters: 0.999988 -0.0041602 0.00257814 0.0041648 0.99999 -0.00147128 -0.00257185 0.00148172 0.999995 0.0668463 0.213828 -0.0732444
FixedParameters: 0 0 0

#Transform 327
Transform: AffineTransform_float_3_3
Parameters: 0.999989 -0.00379474 0.00275028 0.00380026 0.999991 -0.00191057 -0.00274273 0.00192043 0.999995 0.0616792 0.191951 -0.0983016
FixedParameters: 0 0 0

#Transform 328
Transform: AffineTransform_float_3_3
Parameters: 0.999989 -0.00388568 0.00257852 0.00389032 0.999991 -0.00167199 -0.00257148 0.00168201 0.999996 0.0683202 0.170764 -0.0921155
FixedParameters: 0 0 0

#Transform 329
Transform: AffineTransform_float_3_3
Parameters: 0.999988 -0.00388598 0.00280956 0.00389002 0.999992 -0.00142609 -0.00280343 0.00143691 0.999995 0.0683072 0.153685 -0.0778095
FixedParameters: 0 0 0

#Transform 330
Transform: AffineTransform_float_3_3
Parameters: 0.999988 -0.00387094 0.00280124 0.00387406 0.999992 -0.00108816 -0.00279677 0.00109884 0.999996 0.0572113 0.171972 -0.0565919
FixedParameters: 0 0 0

#Transform 331
Transform: AffineTransform_float_3_3
Parameters: 0.999988 -0.00414263 0.00268775 0.00414737 0.99999 -0.00162287 -0.00268125 0.00163413 0.999995 0.0701704 0.183114 -0.0773873
FixedParameters: 0 0 0

#Transform 332
Transform: AffineTransform_float_3_3
Parameters: 0.999989 -0.00410111 0.00258298 0.0041079 0.999988 -0.00266942 -0.00257202 0.00267958 0.999993 0.0666019 0.117182 -0.0691405
FixedParameters: 0 0 0

#Transform 333
Transform: AffineTransform_float_3_3
Parameters: 0.999989 -0.00393753 0.00258189 0.00394447 0.999989 -0.00250584 -0.0025721 0.00251615 0.999993 0.0588664 0.235447 -0.0592133
FixedParameters: 0 0 0

#Transform 334
Transform: AffineTransform_float_3_3
Parameters: 0.999989 -0.00404586 0.00258165 0.00405214 0.999989 -0.00237757 -0.00257135 0.00238843 0.999994 0.0590536 0.189726 -0.0760611
FixedParameters: 0 0 0

#Transform 335
Transform: AffineTransform_float_3_3
Parameters: 0.999989 -0.00385563 0.00257705 0.00385837 0.999991 -0.00130507 -0.00257195 0.00131493 0.999996 0.0627015 0.175506 -0.0561934
FixedParameters: 0 0 0

#Transform 336
Transform: AffineTransform_float_3_3
Parameters: 0.99999 -0.0036932 0.00272353 0.00369881 0.999991 -0.00176094 -0.00271747 0.00177105 0.999994 0.0606391 0.167367 -0.0992997
FixedParameters: 0 0 0

#Transform 337
Transform: AffineTransform_float_3_3
Parameters: 0.999989 -0.00385932 0.00288228 0.00386368 0.999991 -0.00162088 -0.00287572 0.00163212 0.999994 0.0640286 0.159435 -0.0834381
FixedParameters: 0 0 0

#Transform 338
Transform: AffineTransform_float_3_3
Parameters: 0.999989 -0.0039173 0.00282691 0.0039227 0.999991 -0.00201293 -0.00281909 0.00202407 0.999994 0.0666015 0.175592 -0.0823189
FixedParameters: 0 0 0

#Transform 339
Transform: AffineTransform_float_3_3
Parameters: 0.999988 -0.00389993 0.00299194 0.00390607 0.999991 -0.00202734 -0.00298307 0.00203866 0.999994 0.06654 0.175556 -0.0901941
FixedParameters: 0 0 0

#Transform 340
Transform: AffineTransform_float_3_3
Parameters: 0.999987 -0.00412417 0.0029342 0.00412982 0.999989 -0.00198191 -0.0029258 0.00199409 0.999993 0.0638095 0.175433 -0.0899899
FixedParameters: 0 0 0

#Transform 341
Transform: AffineTransform_float_3_3
Parameters: 0.999988 -0.00384718 0.00281958 0.00385281 0.999991 -0.00170416 -0.00281341 0.00171584 0.999994 0.064616 0.156582 -0.0764648
FixedParameters: 0 0 0

#Transform 342
Transform: AffineTransform_float_3_3
Parameters: 0.999988 -0.00417972 0.00278694 0.00418528 0.999989 -0.00189136 -0.00277907 0.00190264 0.999995 0.0667834 0.175267 -0.077075
FixedParameters: 0 0 0

#Transform 343
Transform: AffineTransform_float_3_3
Parameters: 0.999988 -0.00405891 0.00293406 0.0040631 0.99999 -0.0017321 -0.00292694 0.0017439 0.999994 0.0682344 0.196898 -0.0801665
FixedParameters: 0 0 0

#Transform 344
Transform: AffineTransform_float_3_3
Parameters: 0.999988 -0.00394717 0.0029189 0.00395283 0.99999 -0.00199549 -0.0029111 0.00200651 0.999993 0.063475 0.175587 -0.0903521
FixedParameters: 0 0 0

#Transform 345
Transform: AffineTransform_float_3_3
Parameters: 0.999989 -0.00373022 0.0026667 0.00373478 0.999992 -0.00179006 -0.0026603 0.00179994 0.999995 0.060986 0.145529 -0.0873311
FixedParameters: 0 0 0

#Transform 346
Transform: AffineTransform_float_3_3
Parameters: 0.999988 -0.00402837 0.00283202 0.00403462 0.99999 -0.0019836 -0.00282398 0.0019954 0.999994 0.0618355 0.173938 -0.0834523
FixedParameters: 0 0 0

#Transform 347
Transform: AffineTransform_float_3_3
Parameters: 0.999988 -0.00413204 0.00285719 0.00413696 0.99999 -0.0017322 -0.00284981 0.0017448 0.999995 0.0695509 0.178731 -0.0840817
FixedParameters: 0 0 0

#Transform 348
Transform: AffineTransform_float_3_3
Parameters: 0.999987 -0.00425363 0.00258086 0.00425936 0.999989 -0.00207603 -0.00257214 0.00208697 0.999994 0.0719082 0.199086 -0.0552288
FixedParameters: 0 0 0

#Transform 349
Transform: AffineTransform_float_3_3
Parameters: 0.999989 -0.00409577 0.00258191 0.00410123 0.999988 -0.00241344 -0.00257209 0.00242356 0.999994 0.066051 0.171536 -0.064719
FixedParameters: 0 0 0

#Transform 350
Transform: AffineTransform_float_3_3
Parameters: 0.999988 -0.00400658 0.00258043 0.00401142 0.99999 -0.00209867 -0.00257157 0.00210833 0.999994 0.06465 0.186709 -0.063467
FixedParameters: 0 0 0

#Transform 351
Transform: AffineTransform_float_3_3
Parameters: 0.999988 -0.00400659 0.00257887 0.00401141 0.999991 -0.00170868 -0.00257213 0.00171933 0.999995 0.0663958 0.150836 -0.0651328
FixedParameters: 0 0 0

#Transform 352
Transform: AffineTransform_float_3_3
Parameters: 0.999989 -0.00395758 0.00257879 0.00396241 0.99999 -0.0017088 -0.00257121 0.00171919 0.999995 0.0647406 0.1932 -0.0700905
FixedParameters: 0 0 0

#Transform 353
Transform: AffineTransform_float_3_3
Parameters: 0.999989 -0.00374406 0.00291107 0.00374793 0.999992 -0.0013471 -0.00290593 0.0013589 0.999995 0.0607412 0.182923 -0.0777952
FixedParameters: 0 0 0

#Transform 354
Transform: AffineTransform_float_3_3
Parameters: 0.99999 -0.00346615 0.00257449 0.00346885 0.999993 -0.000715076 -0.00257151 0.00072392 0.999997 0.0570547 0.186175 -0.0507588
FixedParameters: 0 0 0

#Transform 355
Transform: AffineTransform_float_3_3
Parameters: 0.999989 -0.00373951 0.00257853 0.00374449 0.999992 -0.00174036 -0.00257147 0.00174964 0.999995 0.0569108 0.169676 -0.00371089
FixedParameters: 0 0 0

#Transform 356
Transform: AffineTransform_float_3_3
Parameters: 0.999994 -0.00298351 0.00209285 0.00298949 0.999992 -0.00262476 -0.00208515 0.00263124 0.999995 0.0433338 0.170236 0.140278
FixedParameters: 0 0 0

#Transform 357
Transform: AffineTransform_float_3_3
Parameters: 0.999994 -0.00289636 0.00177686 0.00290264 0.999989 -0.00374386 -0.00176614 0.00374914 0.999992 0.0414968 0.250322 0.165395
FixedParameters: 0 0 0

#Transform 358
Transform: AffineTransform_float_3_3
Parameters: 0.999993 -0.00337192 0.00163353 0.00337708 0.99999 -0.00311651 -0.00162347 0.0031225 0.999994 0.0536927 0.164087 0.0821981
FixedParameters: 0 0 0

#Transform 359
Transform: AffineTransform_float_3_3
Parameters: 0.99999 -0.00407102 0.00185418 0.00407698 0.999987 -0.00323247 -0.00184181 0.00324053 0.999993 0.0687139 0.256605 0.0283893
FixedParameters: 0 0 0

#Transform 360
Transform: AffineTransform_float_3_3
Parameters: 0.99999 -0.00383999 0.00197866 0.00384701 0.999987 -0.00355042 -0.00196434 0.00355758 0.999991 0.0601617 0.220951 0.0244533
FixedParameters: 0 0 0

#Transform 361
Transform: AffineTransform_float_3_3
Parameters: 0.999992 -0.00355404 0.00192192 0.00356096 0.999987 -0.00362918 -0.00190908 0.00363581 0.999991 0.0535264 0.212022 0.0382102
FixedParameters: 0 0 0

#Transform 362
Transform: AffineTransform_float_3_3
Parameters: 0.999991 -0.00380827 0.00180329 0.00381473 0.999985 -0.00374415 -0.00178972 0.00375085 0.999992 0.0618907 0.178752 0.0175491
FixedParameters: 0 0 0

#Transform 363
Transform: AffineTransform_float_3_3
Parameters: 0.999991 -0.00355384 0.00198686 0.00356116 0.999987 -0.00361196 -0.00197314 0.00361904 0.999992 0.0581859 0.184972 0.00328826
FixedParameters: 0 0 0

#Transform 364
Transform: AffineTransform_float_3_3
Parameters: 0.999991 -0.00374432 0.00190816 0.00375068 0.999987 -0.00350887 -0.00189484 0.00351613 0.999992 0.058979 0.201684 0.0215624
FixedParameters: 0 0 0

#Transform 365
Transform: AffineTransform_float_3_3
Parameters: 0.999992 -0.0035557 0.0018184 0.0035613 0.99999 -0.00291855 -0.0018076 0.00292545 0.999994 0.058743 0.0779667 0.118912
FixedParameters: 0 0 0

#Transform 366
Transform: AffineTransform_float_3_3
Parameters: 0.999992 -0.00346504 0.00226034 0.00347496 0.999984 -0.00441718 -0.00224566 0.00442482 0.999987 0.0504478 0.207583 0.0995941
FixedParameters: 0 0 0

#Transform 367
Transform: AffineTransform_float_3_3
Parameters: 0.99999 -0.00358934 0.00241939 0.00359866 0.999986 -0.00399933 -0.00240461 0.00400767 0.999989 0.0530898 0.212681 0.0850924
FixedParameters: 0 0 0

#Transform 368
Transform: AffineTransform_float_3_3
Parameters: 0.99999 -0.00361647 0.00261125 0.00362553 0.999987 -0.00365357 -0.00259775 0.00366343 0.99999 0.0582191 0.233455 0.0749054
FixedParameters: 0 0 0

#Transform 369
Transform: AffineTransform_float_3_3
Parameters: 0.999991 -0.00341162 0.00251504 0.00341838 0.99999 -0.00293543 -0.00250496 0.00294357 0.999993 0.0551971 0.22957 0.0672248
FixedParameters: 0 0 0

#Transform 370
Transform: AffineTransform_float_3_3
Parameters: 0.999991 -0.00338119 0.00232095 0.00338781 0.99999 -0.00293616 -0.00231105 0.00294384 0.999993 0.0550296 0.25283 0.0656965
FixedParameters: 0 0 0

#Transform 371
Transform: AffineTransform_float_3_3
Parameters: 0.999991 -0.00333523 0.0024068 0.00334277 0.999989 -0.00322998 -0.0023962 0.00323802 0.999992 0.0499938 0.210594 0.0446654
FixedParameters: 0 0 0

#Transform 372
Transform: AffineTransform_float_3_3
Parameters: 0.999992 -0.00340292 0.00241401 0.00341008 0.99999 -0.00293579 -0.00240399 0.00294321 0.999993 0.053825 0.195324 0.0625577
FixedParameters: 0 0 0

#Transform 373
Transform: AffineTransform_float_3_3
Parameters: 0.999991 -0.00362434 0.00248169 0.00363266 0.999988 -0.00349302 -0.00246931 0.00350198 0.999991 0.0595901 0.177172 0.0379959
FixedParameters: 0 0 0

#Transform 374
Transform: AffineTransform_float_3_3
Parameters: 0.999992 -0.00318498 0.00266621 0.00319103 0.999993 -0.00225851 -0.00265879 0.00226649 0.999994 0.0536469 0.176005 0.0599438
FixedParameters: 0 0 0

#Transform 375
Transform: AffineTransform_float_3_3
Parameters: 0.999991 -0.00330914 0.00270442 0.00331687 0.999992 -0.00253805 -0.00269658 0.00254695 0.999993 0.0576647 0.179829 0.0509906
FixedParameters: 0 0 0

#Transform 376
Transform: AffineTransform_float_3_3
Parameters: 0.999991 -0.00330765 0.00270623 0.00331634 0.999989 -0.00308505 -0.00269577 0.00309394 0.999991 0.0544189 0.193866 0.0245651
FixedParameters: 0 0 0

#Transform 377
Transform: AffineTransform_float_3_3
Parameters: 0.999993 -0.00312955 0.0023795 0.00313645 0.999992 -0.00271056 -0.00237049 0.00271844 0.999993 0.0473619 0.174173 0.0235493
FixedParameters: 0 0 0

#Transform 378
Transform: AffineTransform_float_3_3
Parameters: 0.999992 -0.0030428 0.00237895 0.0030492 0.999992 -0.00260576 -0.00237105 0.00261223 0.999994 0.0487979 0.192447 0.0207
FixedParameters: 0 0 0

#Transform 379
Transform: AffineTransform_float_3_3
Parameters: 0.999992 -0.00298341 0.00237928 0.00299058 0.999991 -0.0027689 -0.00237072 0.00277609 0.999994 0.0471368 0.224041 0.00300784
FixedParameters: 0 0 0

#Transform 380
Transform: AffineTransform_float_3_3
Parameters: 0.999993 -0.0029922 0.00231053 0.0029978 0.999993 -0.00251009 -0.00230347 0.00251691 0.999994 0.0497068 0.227954 0.0137882
FixedParameters: 0 0 0

#Transform 381
Transform: AffineTransform_float_3_3
Parameters: 0.999993 -0.00292645 0.00199815 0.00293255 0.999992 -0.00277916 -0.00198985 0.00278484 0.999994 0.0428418 0.216314 0.0165902
FixedParameters: 0 0 0

#Transform 382
Transform: AffineTransform_float_3_3
Parameters: 0.999992 -0.00306756 0.00237802 0.00307343 0.999992 -0.00228471 -0.00237097 0.00229229 0.999994 0.0431694 0.210109 0.023816
FixedParameters: 0 0 0

#Transform 383
Transform: AffineTransform_float_3_3
Parameters: 0.999993 -0.00302716 0.0021289 0.00303184 0.999993 -0.00227356 -0.0021211 0.00228044 0.999995 0.0461515 0.196674 0.0185323
FixedParameters: 0 0 0

#Transform 384
Transform: AffineTransform_float_3_3
Parameters: 0.999994 -0.00291504 0.00199579 0.00291896 0.999994 -0.00198219 -0.00199021 0.00198881 0.999996 0.0434604 0.204291 0.00489637
FixedParameters: 0 0 0

#Transform 385
Transform: AffineTransform_float_3_3
Parameters: 0.999994 -0.00287261 0.00189715 0.00287539 0.999995 -0.00178756 -0.00189186 0.00179244 0.999996 0.0440054 0.184357 0.0247444
FixedParameters: 0 0 0

#Transform 386
Transform: AffineTransform_float_3_3
Parameters: 0.999994 -0.00264525 0.00189584 0.00264775 0.999996 -0.00144899 -0.00189216 0.00145401 0.999997 0.0461608 0.14237 0.0125208
FixedParameters: 0 0 0

#Transform 387
Transform: AffineTransform_float_3_3
Parameters: 0.999994 -0.00274324 0.00207962 0.00274976 0.999993 -0.0027703 -0.00207138 0.0027767 0.999994 0.0462855 0.221697 0.0261026
FixedParameters: 0 0 0

#Transform 388
Transform: AffineTransform_float_3_3
Parameters: 0.999994 -0.0028106 0.00193088 0.0028164 0.999992 -0.00279758 -0.00192312 0.00280342 0.999994 0.0440381 0.211467 0.00774271
FixedParameters: 0 0 0

#Transform 389
Transform: AffineTransform_float_3_3
Parameters: 0.999995 -0.00253409 0.00191352 0.00253891 0.999994 -0.00256916 -0.00190748 0.00257385 0.999995 0.0381535 0.203352 -0.013509
FixedParameters: 0 0 0

#Transform 390
Transform: AffineTransform_float_3_3
Parameters: 0.999996 -0.00241026 0.00149443 0.00241274 0.999996 -0.0018354 -0.00149057 0.0018396 0.999997 0.0364194 0.186406 0.00575104
FixedParameters: 0 0 0

#Transform 391
Transform: AffineTransform_float_3_3
Parameters: 0.999996 -0.002509 0.00171986 0.002513 0.999994 -0.00233069 -0.00171314 0.00233531 0.999996 0.0359232 0.208816 -0.00230655
FixedParameters: 0 0 0

#Transform 392
Transform: AffineTransform_float_3_3
Parameters: 0.999995 -0.00242201 0.00191832 0.00242699 0.999993 -0.00260336 -0.00191168 0.00260764 0.999995 0.036283 0.221579 -0.0148197
FixedParameters: 0 0 0

#Transform 393
Transform: AffineTransform_float_3_3
Parameters: 0.999995 -0.0025496 0.00149582 0.0025534 0.999994 -0.00227819 -0.00149018 0.00228181 0.999997 0.0411249 0.177823 -0.00989698
FixedParameters: 0 0 0

#Transform 394
Transform: AffineTransform_float_3_3
Parameters: 0.999995 -0.00253979 0.00188668 0.00254421 0.999995 -0.00223421 -0.00188131 0.00223879 0.999995 0.0398427 0.18338 -0.00369407
FixedParameters: 0 0 0

#Transform 395
Transform: AffineTransform_float_3_3
Parameters: 0.999995 -0.00270218 0.00164664 0.00270582 0.999995 -0.00171355 -0.00164236 0.00171745 0.999997 0.0405525 0.184192 0.00220087
FixedParameters: 0 0 0

#Transform 396
Transform: AffineTransform_float_3_3
Parameters: 0.999995 -0.00273898 0.00192118 0.00274402 0.999993 -0.00261474 -0.00191382 0.00262026 0.999994 0.0463189 0.216547 -0.0582857
FixedParameters: 0 0 0

#Transform 397
Transform: AffineTransform_float_3_3
Parameters: 0.999995 -0.00240901 0.0017794 0.00241298 0.999994 -0.00223972 -0.00177359 0.00224428 0.999996 0.0414346 0.163175 -0.0512591
FixedParameters: 0 0 0

#Transform 398
Transform: AffineTransform_float_3_3
Parameters: 0.999996 -0.00240531 0.00149435 0.0024077 0.999996 -0.00180541 -0.00148965 0.00180859 0.999998 0.0393236 0.19249 -0.0352496
FixedParameters: 0 0 0

#Transform 399
Transform: AffineTransform_float_3_3
Parameters: 0.999996 -0.00232634 0.00159888 0.00232866 0.999996 -0.00166428 -0.00159512 0.00166872 0.999998 0.0390909 0.178914 -0.0279429
FixedParameters: 0 0 0

#Transform 400
Transform: AffineTransform_float_3_3
Parameters: 0.999996 -0.00238291 0.00149495 0.0023861 0.999995 -0.00207244 -0.00149005 0.00207556 0.999996 0.0353372 0.208595 -0.0387595
FixedParameters: 0 0 0

#Transform 401
Transform: AffineTransform_float_3_3
Parameters: 0.999996 -0.0025333 0.00160942 0.0025377 0.999992 -0.00292193 -0.00160259 0.00292607 0.999995 0.0344771 0.334802 -0.0937691
FixedParameters: 0 0 0

#Transform 402
Transform: AffineTransform_float_3_3
Parameters: 0.999995 -0.00247819 0.00157973 0.00248481 0.999988 -0.0043231 -0.00156927 0.00432691 0.99999 0.0368182 0.267235 -0.18705
FixedParameters: 0 0 0

#Transform 403
Transform: AffineTransform_float_3_3
Parameters: 0.999993 -0.00306055 0.00182188 0.00306745 0.999989 -0.00354743 -0.00181112 0.00355257 0.999992 0.0520069 0.0332863 -0.0905111
FixedParameters: 0 0 0

#Transform 404
Transform: AffineTransform_float_3_3
Parameters: 0.999994 -0.00277449 0.00214475 0.00278151 0.99999 -0.00350705 -0.00213525 0.00351294 0.999991 0.0481848 0.112823 -0.0420877
FixedParameters: 0 0 0

#Transform 405
Transform: AffineTransform_float_3_3
Parameters: 0.999993 -0.00289848 0.00206717 0.00290452 0.999991 -0.00315701 -0.00205783 0.00316298 0.999993 0.0493533 0.178368 -0.0591826
FixedParameters: 0 0 0

#Transform 406
Transform: AffineTransform_float_3_3
Parameters: 0.999994 -0.00302718 0.00204662 0.00303483 0.999988 -0.00383081 -0.00203538 0.00383719 0.99999 0.0477921 0.19162 -0.104909
FixedParameters: 0 0 0

#Transform 407
Transform: AffineTransform_float_3_3
Parameters: 0.999994 -0.00296247 0.00214543 0.00297053 0.99999 -0.00351465 -0.00213456 0.00352135 0.999991 0.0407905 0.18374 -0.083802
FixedParameters: 0 0 0

#Transform 408
Transform: AffineTransform_float_3_3
Parameters: 0.999993 -0.00306347 0.00203089 0.00306954 0.99999 -0.00322279 -0.00202111 0.00322921 0.999992 0.0430892 0.216566 -0.073471
FixedParameters: 0 0 0

#Transform 409
Transform: AffineTransform_float_3_3
Parameters: 0.999992 -0.00328792 0.00253283 0.00329708 0.999988 -0.00358768 -0.00252117 0.00359632 0.999991 0.0479666 0.232557 -0.0771799
FixedParameters: 0 0 0

#Transform 410
Transform: AffineTransform_float_3_3
Parameters: 0.999992 -0.00298804 0.00262224 0.00299695 0.999989 -0.00341817 -0.00261176 0.00342583 0.99999 0.0478401 0.252472 -0.0698512
FixedParameters: 0 0 0

#Transform 411
Transform: AffineTransform_float_3_3
Parameters: 0.999992 -0.00306631 0.00241181 0.00307369 0.99999 -0.00319061 -0.00240219 0.00319739 0.999992 0.0425515 0.226398 -0.079522
FixedParameters: 0 0 0
