#Insight Transform File V1.0
#Transform 0
Transform: AffineTransform_float_3_3
Parameters: 1 0 0.000165 0 1 0 -0.000165 0 1 -0.0022929 -0.028196 -0.00286876
FixedParameters: 0 0 0

#Transform 1
Transform: AffineTransform_float_3_3
Parameters: 1 0 0 0 1 0 0 0 1 0 -0.035191 -0.008863
FixedParameters: 0 0 0

#Transform 2
Transform: AffineTransform_float_3_3
Parameters: 1 -0.000149 1.0877e-08 0.000149 1 -7.3e-05 1.0877e-08 7.3e-05 1 0.00311885 0.00656439 -0.0015523
FixedParameters: 0 0 0

#Transform 3
Transform: AffineTransform_float_3_3
Parameters: 1 -0.000225 0.000159 0.000225 1 3.5775e-08 -0.000159 3.5775e-08 1 0.00246157 -0.0268792 0.00022518
FixedParameters: 0 0 0

#Transform 4
Transform: AffineTransform_float_3_3
Parameters: 1 0 0.00014 0 1 0 -0.00014 0 1 -0.00191509 -0.009965 0.000201602
FixedParameters: 0 0 0

#Transform 5
Transform: AffineTransform_float_3_3
Parameters: 1 0 0.000192 0 1 0 -0.000192 0 1 -0.00263603 -0.010192 0.000259649
FixedParameters: 0 0 0

#Transform 6
Transform: AffineTransform_float_3_3
Parameters: 1 -0.00020104 0.000176954 0.00020096 1 0.000228036 -0.000177046 -0.000227964 1 0.00168417 -0.0299914 0.00498211
FixedParameters: 0 0 0

#Transform 7
Transform: AffineTransform_float_3_3
Parameters: 1 1.4964e-08 0.000174 1.4964e-08 1 -8.6e-05 -0.000174 8.6e-05 1 -0.0023758 0.0151167 0.00101473
FixedParameters: 0 0 0

#Transform 8
Transform: AffineTransform_float_3_3
Parameters: 1 -0.000182 -3.0394e-08 0.000182 1 0.000167 -3.0394e-08 -0.000167 1 0.0038581 -0.0184268 0.0035065
FixedParameters: 0 0 0

#Transform 9
Transform: AffineTransform_float_3_3
Parameters: 1 0 0.000181 0 1 0 -0.000181 0 1 -0.00247257 0.004173 0.0089184
FixedParameters: 0 0 0

#Transform 10
Transform: AffineTransform_float_3_3
Parameters: 1 0 0 0 1 0 0 0 1 0 -0.008724 7.10543e-15
FixedParameters: 0 0 0

#Transform 11
Transform: AffineTransform_float_3_3
Parameters: 1 0 0 0 1 0.000508 0 -0.000508 1 8e-06 -0.0157431 0.0106322
FixedParameters: 0 0 0

#Transform 12
Transform: AffineTransform_float_3_3
Parameters: 1 -0.000200007 7.59808e-05 0.000199993 1 9.60152e-05 -7.60192e-05 -9.59848e-05 1 -0.000553799 0.00605437 0.0022249
FixedParameters: 0 0 0

#Transform 13
Transform: AffineTransform_float_3_3
Parameters: 1 0 0 0 1 4.6e-05 0 -4.6e-05 1 0 -0.0209995 0.00923436
FixedParameters: 0 0 0

#Transform 14
Transform: AffineTransform_float_3_3
Parameters: 1 -1.3563e-08 9.9e-05 -1.3563e-08 1 0.000137 -9.9e-05 -0.000137 1 -0.00133875 -0.0381122 0.00309684
FixedParameters: 0 0 0

#Transform 15
Transform: AffineTransform_float_3_3
Parameters: 1 0 0 0 1 0.000203 0 -0.000203 1 0 -0.0160841 0.00429887
FixedParameters: 0 0 0

#Transform 16
Transform: AffineTransform_float_3_3
Parameters: 1 6.10147e-05 0.000236996 -6.09853e-05 1 -6.20145e-05 -0.000237004 6.19855e-05 1 -0.00456561 -0.0300097 -0.000952637
FixedParameters: 0 0 0

#Transform 17
Transform: AffineTransform_float_3_3
Parameters: 1 -5.49768e-05 0.000144009 5.50232e-05 1 -0.000160992 -0.000143991 0.000161008 1 -0.000846936 -0.00240576 -0.0031293
FixedParameters: 0 0 0

#Transform 18
Transform: AffineTransform_float_3_3
Parameters: 1 0 0 0 1 2e-05 0 -2e-05 1 -0.003831 -0.0293364 0.00042602
FixedParameters: 0 0 0

#Transform 19
Transform: AffineTransform_float_3_3
Parameters: 1 0 0 0 1 9.2e-05 0 -9.2e-05 1 -0.002966 -0.0120757 0.00193891
FixedParameters: 0 0 0

#Transform 20
Transform: AffineTransform_float_3_3
Parameters: 1 0 0 0 1 8.2e-05 0 -8.2e-05 1 0 -0.00785898 0.00176722
FixedParameters: 0 0 0

#Transform 21
Transform: AffineTransform_float_3_3
Parameters: 1 -1.3566e-08 0.000119 -1.3566e-08 1 0.000114 -0.000119 -0.000114 1 -0.0016172 -0.0312613 0.00256016
FixedParameters: 0 0 0

#Transform 22
Transform: AffineTransform_float_3_3
Parameters: 1 6.8355e-08 0.000245 6.8355e-08 1 -0.000279 -0.000245 0.000279 1 -0.00581157 0.0122156 -0.00554148
FixedParameters: 0 0 0

#Transform 23
Transform: AffineTransform_float_3_3
Parameters: 1 6.2e-05 -1.6616e-08 -6.2e-05 1 -0.000268 -1.6616e-08 0.000268 1 -0.00125859 -0.0232839 0.00677475
FixedParameters: 0 0 0

#Transform 24
Transform: AffineTransform_float_3_3
Parameters: 1 0.000125023 0.000233988 -0.000124977 1 -9.70292e-05 -0.000234012 9.69707e-05 1 -0.00576958 0.00260817 0.00908184
FixedParameters: 0 0 0

#Transform 25
Transform: AffineTransform_float_3_3
Parameters: 1 0.000109069 0.000209964 -0.00010893 1 -0.000331023 -0.000210036 0.000330977 1 -0.00848716 -0.0147743 -0.00667169
FixedParameters: 0 0 0

#Transform 26
Transform: AffineTransform_float_3_3
Parameters: 1 0.000120045 0.000299982 -0.000119955 1 -0.000151036 -0.000300018 0.000150964 1 -0.00669976 -0.0173358 0.008704
FixedParameters: 0 0 0

#Transform 27
Transform: AffineTransform_float_3_3
Parameters: 1 0 0 0 1 -0.000331 0 0.000331 1 0 0.0172793 -0.00691186
FixedParameters: 0 0 0

#Transform 28
Transform: AffineTransform_float_3_3
Parameters: 1 1.35379e-07 0.000409 1.35379e-07 1 -0.000331 -0.000409 0.000331 1 -0.00564476 -0.036642 0.00905241
FixedParameters: 0 0 0

#Transform 29
Transform: AffineTransform_float_3_3
Parameters: 1 3.3562e-07 0.000388 3.3562e-07 0.999999 -0.000864999 -0.000388 0.000864999 0.999999 -0.0120216 0.0556091 -0.0174602
FixedParameters: 0 0 0

#Transform 30
Transform: AffineTransform_float_3_3
Parameters: 1 4.5985e-07 0.000425 4.5985e-07 1 -0.001082 -0.000425 0.001082 1 -0.0106355 -0.00730329 -0.0219229
FixedParameters: 0 0 0

#Transform 31
Transform: AffineTransform_float_3_3
Parameters: 1 8.23961e-05 0.000493934 -8.16037e-05 0.999999 -0.00080204 -0.000494065 0.000801959 0.999999 -0.0163042 0.0202568 -0.0124977
FixedParameters: 0 0 0

#Transform 32
Transform: AffineTransform_float_3_3
Parameters: 1 4.03884e-07 0.000468 4.03884e-07 0.999999 -0.000862999 -0.000468 0.000862999 0.999999 -0.0110067 -0.00306239 -0.0172931
FixedParameters: 0 0 0

#Transform 33
Transform: AffineTransform_float_3_3
Parameters: 1 3.38823e-07 0.000423 3.38823e-07 0.999999 -0.000800999 -0.000423 0.000800999 0.999999 -0.00578771 0.00831694 -0.0161455
FixedParameters: 0 0 0

#Transform 34
Transform: AffineTransform_float_3_3
Parameters: 1 1.88714e-07 0.000157 1.88714e-07 1 -0.001202 -0.000157 0.001202 1 -0.00931942 0.0161208 -0.0342134
FixedParameters: 0 0 0

#Transform 35
Transform: AffineTransform_float_3_3
Parameters: 1 9.48479e-08 0.000104 9.48479e-08 0.999999 -0.000911999 -0.000104 0.000911999 0.999999 -0.00938762 -0.0136342 -0.0259804
FixedParameters: 0 0 0

#Transform 36
Transform: AffineTransform_float_3_3
Parameters: 1 4.07478e-07 0.000339 4.07478e-07 1 -0.001202 -0.000339 0.001202 0.999999 -0.0123646 0.026871 -0.0418304
FixedParameters: 0 0 0

#Transform 37
Transform: AffineTransform_float_3_3
Parameters: 1 1.99688e-07 0.000218 1.99688e-07 0.999999 -0.000915999 -0.000218 0.000915999 0.999999 -0.00298354 -0.0285868 -0.0320237
FixedParameters: 0 0 0

#Transform 38
Transform: AffineTransform_float_3_3
Parameters: 1 8.5217e-05 0.00026493 -8.47829e-05 0.999999 -0.000819022 -0.000265069 0.000818977 0.999999 -0.0148203 0.0151452 -0.0457851
FixedParameters: 0 0 0

#Transform 39
Transform: AffineTransform_float_3_3
Parameters: 1 0 0 0 0.999999 -0.000797999 0 0.000797999 0.999999 -0.011549 -0.0332901 -0.0406041
FixedParameters: 0 0 0

#Transform 40
Transform: AffineTransform_float_3_3
Parameters: 1 5.71406e-05 0.000144945 -5.68593e-05 0.999999 -0.000970007 -0.000145055 0.000969991 0.999999 -0.0117137 0.0313629 -0.0447147
FixedParameters: 0 0 0

#Transform 41
Transform: AffineTransform_float_3_3
Parameters: 1 1.26968e-07 0.000118 1.26968e-07 1 -0.001076 -0.000118 0.001076 1 -0.00759272 -0.00647705 -0.0371661
FixedParameters: 0 0 0

#Transform 42
Transform: AffineTransform_float_3_3
Parameters: 1 0 0 0 1 -0.001024 0 0.001024 1 -0.008886 0.0344191 -0.0430458
FixedParameters: 0 0 0

#Transform 43
Transform: AffineTransform_float_3_3
Parameters: 1 5.11875e-05 0.00019195 -5.08124e-05 0.999999 -0.000977009 -0.00019205 0.000976989 0.999999 -0.0102728 -0.00801218 -0.0404737
FixedParameters: 0 0 0

#Transform 44
Transform: AffineTransform_float_3_3
Parameters: 1 2.14812e-07 0.000243 2.14812e-07 0.999999 -0.000883999 -0.000243 0.000883999 0.999999 -0.0147616 0.0202987 -0.0400367
FixedParameters: 0 0 0

#Transform 45
Transform: AffineTransform_float_3_3
Parameters: 1 2.84064e-07 0.000264 2.84064e-07 1 -0.001076 -0.000264 0.001076 1 -0.0130226 0.00437108 -0.0419292
FixedParameters: 0 0 0

#Transform 46
Transform: AffineTransform_float_3_3
Parameters: 1 2.32557e-07 0.000267 2.32557e-07 0.999999 -0.000870999 -0.000267 0.000870999 0.999999 -0.0148604 0.0125812 -0.0425936
FixedParameters: 0 0 0

#Transform 47
Transform: AffineTransform_float_3_3
Parameters: 1 3.8259e-07 0.000327 3.8259e-07 1 -0.00117 -0.000327 0.00117 1 -0.0136235 0.00973326 -0.0402532
FixedParameters: 0 0 0

#Transform 48
Transform: AffineTransform_float_3_3
Parameters: 1 3.17492e-07 0.000322 3.17492e-07 0.999999 -0.000986 -0.000322 0.000986 1 -0.0143695 0.0113615 -0.0310675
FixedParameters: 0 0 0

#Transform 49
Transform: AffineTransform_float_3_3
Parameters: 1 -5.8671e-05 0.000264073 5.83289e-05 0.999999 -0.00124599 -0.000263928 0.00124602 0.999999 -0.0126114 0.0286317 -0.0419551
FixedParameters: 0 0 0

#Transform 50
Transform: AffineTransform_float_3_3
Parameters: 1 -6.4755e-05 0.000307052 6.42449e-05 0.999999 -0.00079798 -0.000306949 0.000798019 0.999999 -0.0133042 -0.00055443 -0.0317219
FixedParameters: 0 0 0

#Transform 51
Transform: AffineTransform_float_3_3
Parameters: 1 1.9872e-07 0.000192 1.9872e-07 1 -0.001035 -0.000192 0.001035 1 -0.0114185 0.0386284 -0.0439393
FixedParameters: 0 0 0

#Transform 52
Transform: AffineTransform_float_3_3
Parameters: 1 1.62652e-07 0.000259 1.62652e-07 1 -0.000628 -0.000259 0.000628 1 -0.0123912 -0.00686978 -0.0255073
FixedParameters: 0 0 0

#Transform 53
Transform: AffineTransform_float_3_3
Parameters: 1 0 0 0 0.999999 -0.000797999 0 0.000797999 0.999999 0 0.0419585 -0.038907
FixedParameters: 0 0 0

#Transform 54
Transform: AffineTransform_float_3_3
Parameters: 1 7.02441e-05 0.000305944 -6.97558e-05 0.999999 -0.000798021 -0.000306056 0.000797978 0.999999 -0.00560982 -0.0142649 -0.0345726
FixedParameters: 0 0 0

#Transform 55
Transform: AffineTransform_float_3_3
Parameters: 1 2.69955e-07 0.000315 2.69955e-07 0.999999 -0.000856999 -0.000315 0.000856999 0.999999 -0.00430915 0.035149 -0.0376969
FixedParameters: 0 0 0

#Transform 56
Transform: AffineTransform_float_3_3
Parameters: 1 2.27758e-07 0.000263 2.27758e-07 0.999999 -0.000865999 -0.000263 0.000865999 0.999999 -0.0036103 0.00113007 -0.0379571
FixedParameters: 0 0 0

#Transform 57
Transform: AffineTransform_float_3_3
Parameters: 1 2.5114e-07 0.00029 2.5114e-07 0.999999 -0.000865999 -0.00029 0.000865999 0.999999 -0.00860498 0.0270591 -0.0379798
FixedParameters: 0 0 0

#Transform 58
Transform: AffineTransform_float_3_3
Parameters: 1 9.12274e-05 0.000284927 -9.07725e-05 0.999999 -0.000798025 -0.000285072 0.000797973 0.999999 -0.00582705 0.0090598 -0.036481
FixedParameters: 0 0 0

#Transform 59
Transform: AffineTransform_float_3_3
Parameters: 1 3.84636e-07 0.000482 3.84636e-07 0.999999 -0.000797999 -0.000482 0.000797999 0.999999 -0.00663052 0.0124644 -0.0362547
FixedParameters: 0 0 0

#Transform 60
Transform: AffineTransform_float_3_3
Parameters: 1 2.74541e-07 0.000293 2.74541e-07 0.999999 -0.000936999 -0.000293 0.000936999 0.999999 -0.00405002 0.0274853 -0.0393886
FixedParameters: 0 0 0

#Transform 61
Transform: AffineTransform_float_3_3
Parameters: 1 1.90722e-07 0.000239 1.90722e-07 0.999999 -0.000797999 -0.000239 0.000797999 0.999999 -0.00332393 0.0070617 -0.036602
FixedParameters: 0 0 0

#Transform 62
Transform: AffineTransform_float_3_3
Parameters: 1 5.13247e-05 0.000290943 -5.06763e-05 1 -0.00111602 -0.000290057 0.00111599 1 -0.00496846 0.0530296 -0.0430437
FixedParameters: 0 0 0

#Transform 63
Transform: AffineTransform_float_3_3
Parameters: 1 2.93248e-07 0.000316 2.93248e-07 0.999999 -0.000927999 -0.000316 0.000927999 0.999999 -0.00434686 -0.00287447 -0.0297932
FixedParameters: 0 0 0

#Transform 64
Transform: AffineTransform_float_3_3
Parameters: 1 3.9463e-07 0.000335 3.9463e-07 1 -0.001178 -0.000335 0.001178 1 -0.0045896 0.0482149 -0.03845
FixedParameters: 0 0 0

#Transform 65
Transform: AffineTransform_float_3_3
Parameters: 1 4.25415e-07 0.000359 4.25415e-07 1 -0.001185 -0.000359 0.001185 0.999999 -0.0100592 0.0214523 -0.0232151
FixedParameters: 0 0 0

#Transform 66
Transform: AffineTransform_float_3_3
Parameters: 1 3.41496e-07 0.000306 3.41496e-07 1 -0.001116 -0.000306 0.001116 1 -0.00423906 0.0584077 -0.0239787
FixedParameters: 0 0 0

#Transform 67
Transform: AffineTransform_float_3_3
Parameters: 1 4.00644e-07 0.000359 4.00644e-07 1 -0.001116 -0.000359 0.001116 1 -0.00782717 0.0143124 -0.0398873
FixedParameters: 0 0 0

#Transform 68
Transform: AffineTransform_float_3_3
Parameters: 1 4.6842e-07 0.00037 4.6842e-07 0.999999 -0.001266 -0.00037 0.001266 0.999999 -0.00511278 0.051819 -0.0460446
FixedParameters: 0 0 0

#Transform 69
Transform: AffineTransform_float_3_3
Parameters: 1 -5.45618e-05 0.000371065 5.44381e-05 1 -0.00118098 -0.000370936 0.00118102 0.999999 -0.0093305 0.0243533 -0.0443067
FixedParameters: 0 0 0

#Transform 70
Transform: AffineTransform_float_3_3
Parameters: 1 3.69182e-07 0.000346 3.69182e-07 1 -0.001067 -0.000346 0.001067 1 -0.004722 0.0376057 -0.0358096
FixedParameters: 0 0 0

#Transform 71
Transform: AffineTransform_float_3_3
Parameters: 1 6.0959e-07 0.00047 -3.90409e-07 0.999999 -0.001297 -0.000470001 0.001297 0.999999 -0.00649186 0.0259969 -0.0465683
FixedParameters: 0 0 0

#Transform 72
Transform: AffineTransform_float_3_3
Parameters: 1 2.75993e-07 0.000307 2.75993e-07 0.999999 -0.000898999 -0.000307 0.000898999 0.999999 -0.0113695 0.0224512 -0.0214505
FixedParameters: 0 0 0

#Transform 73
Transform: AffineTransform_float_3_3
Parameters: 1 4.8909e-07 0.000411 4.8909e-07 1 -0.00119 -0.000411 0.00119 0.999999 -0.01109 0.0543652 -0.0273172
FixedParameters: 0 0 0

#Transform 74
Transform: AffineTransform_float_3_3
Parameters: 1 3.6223e-07 0.00037 3.6223e-07 0.999999 -0.000979 -0.00037 0.000979 1 -0.00509206 0.00654026 -0.0332888
FixedParameters: 0 0 0

#Transform 75
Transform: AffineTransform_float_3_3
Parameters: 1 5.21619e-07 0.000413 -4.7838e-07 0.999999 -0.001263 -0.000413001 0.001263 0.999999 -0.00568629 0.0587101 -0.046317
FixedParameters: 0 0 0

#Transform 76
Transform: AffineTransform_float_3_3
Parameters: 1 3.3231e-07 0.000285 3.3231e-07 1 -0.001166 -0.000285 0.001166 1 -0.00393055 0.0184941 -0.0331556
FixedParameters: 0 0 0

#Transform 77
Transform: AffineTransform_float_3_3
Parameters: 1 0 0 0 1 -0.001172 0 0.001172 1 -0.00645 0.0556106 -0.0418063
FixedParameters: 0 0 0

#Transform 78
Transform: AffineTransform_float_3_3
Parameters: 1 2.45531e-07 0.000221 2.45531e-07 1 -0.001111 -0.000221 0.001111 1 -0.00302434 0.0300916 -0.0374094
FixedParameters: 0 0 0

#Transform 79
Transform: AffineTransform_float_3_3
Parameters: 1 1.36e-07 0.000125 1.36e-07 1 -0.001088 -0.000125 0.001088 1 -0.00954433 0.0423055 -0.0463192
FixedParameters: 0 0 0

#Transform 80
Transform: AffineTransform_float_3_3
Parameters: 1 2.74664e-07 0.000247 2.74664e-07 1 -0.001112 -0.000247 0.001112 1 -0.0103673 0.0363905 -0.043476
FixedParameters: 0 0 0

#Transform 81
Transform: AffineTransform_float_3_3
Parameters: 1 4.86272e-07 0.000464 4.86272e-07 1 -0.001048 -0.000464 0.001048 1 -0.00637994 0.02285 -0.0323235
FixedParameters: 0 0 0

#Transform 82
Transform: AffineTransform_float_3_3
Parameters: 1 5.35815e-07 0.000405 -4.64184e-07 0.999999 -0.001323 -0.000405001 0.001323 0.999999 -0.00555693 0.0553777 -0.0300123
FixedParameters: 0 0 0

#Transform 83
Transform: AffineTransform_float_3_3
Parameters: 1 3.33467e-07 0.000347 3.33467e-07 0.999999 -0.000961 -0.000347 0.000961 1 -0.0104146 0.0214863 -0.022599
FixedParameters: 0 0 0

#Transform 84
Transform: AffineTransform_float_3_3
Parameters: 1 6.43095e-07 0.000464999 -3.56904e-07 0.999999 -0.001383 -0.000465001 0.001383 0.999999 -0.00639364 0.0723795 -0.0312422
FixedParameters: 0 0 0

#Transform 85
Transform: AffineTransform_float_3_3
Parameters: 1 4.61054e-07 0.000418 4.61054e-07 1 -0.001103 -0.000418 0.001103 1 -0.00575408 0.0241319 -0.019283
FixedParameters: 0 0 0

#Transform 86
Transform: AffineTransform_float_3_3
Parameters: 1 8.00415e-07 0.000604999 -1.99584e-07 0.999999 -0.001323 -0.000605001 0.001323 0.999999 -0.00828791 0.0698819 -0.0225981
FixedParameters: 0 0 0

#Transform 87
Transform: AffineTransform_float_3_3
Parameters: 0.999999 9.49914e-07 0.000717999 -5.0085e-08 0.999999 -0.001323 -0.000718 0.001323 0.999999 -0.00731298 0.0494162 -0.0296289
FixedParameters: 0 0 0

#Transform 88
Transform: AffineTransform_float_3_3
Parameters: 1 4.72238e-07 0.000443 4.72238e-07 1 -0.001066 -0.000443 0.001066 1 -0.00606524 0.0458595 -0.0246304
FixedParameters: 0 0 0

#Transform 89
Transform: AffineTransform_float_3_3
Parameters: 1 7.62048e-07 0.000575999 -2.37951e-07 0.999999 -0.001323 -0.000576001 0.001323 0.999999 -0.00790339 0.0633534 -0.0297813
FixedParameters: 0 0 0

#Transform 90
Transform: AffineTransform_float_3_3
Parameters: 1 4.2978e-07 0.000494 4.2978e-07 0.999999 -0.000869999 -0.000494 0.000869999 0.999999 -0.00682231 0.0307059 -0.0206436
FixedParameters: 0 0 0

#Transform 91
Transform: AffineTransform_float_3_3
Parameters: 1 3.42953e-07 0.000299 3.42953e-07 1 -0.001147 -0.000299 0.001147 1 -0.0041336 0.0648351 -0.0103193
FixedParameters: 0 0 0

#Transform 92
Transform: AffineTransform_float_3_3
Parameters: 1 3.4626e-07 0.000398 3.4626e-07 0.999999 -0.000869999 -0.000398 0.000869999 0.999999 -0.00545515 0.0249877 -0.00898834
FixedParameters: 0 0 0

#Transform 93
Transform: AffineTransform_float_3_3
Parameters: 1 3.828e-07 0.00044 3.828e-07 0.999999 -0.000869999 -0.00044 0.000869999 0.999999 -0.00607958 0.0346433 -0.0131164
FixedParameters: 0 0 0

#Transform 94
Transform: AffineTransform_float_3_3
Parameters: 1 2.34156e-07 0.000494 2.34156e-07 1 -0.000474 -0.000494 0.000474 1 -0.0106943 0.0392039 0.00169218
FixedParameters: 0 0 0

#Transform 95
Transform: AffineTransform_float_3_3
Parameters: 1 3.94898e-07 0.000421 3.94898e-07 0.999999 -0.000937999 -0.000421 0.000937999 0.999999 -0.0058068 0.0538843 -0.0220192
FixedParameters: 0 0 0

#Transform 96
Transform: AffineTransform_float_3_3
Parameters: 1 3.29992e-07 0.000494 3.29992e-07 1 -0.000668 -0.000494 0.000668 0.999999 -0.00681579 -0.00591394 -0.00743908
FixedParameters: 0 0 0

#Transform 97
Transform: AffineTransform_float_3_3
Parameters: 1 4.90542e-07 0.000494 4.90542e-07 0.999999 -0.000993 -0.000494 0.000993 1 -0.00682534 0.0363966 -0.0126132
FixedParameters: 0 0 0

#Transform 98
Transform: AffineTransform_float_3_3
Parameters: 1 4.1652e-07 0.00039 4.1652e-07 1 -0.001068 -0.00039 0.001068 1 -0.0122339 0.0207934 -0.011984
FixedParameters: 0 0 0

#Transform 99
Transform: AffineTransform_float_3_3
Parameters: 1 6.09102e-07 0.000494 -3.90897e-07 0.999999 -0.001233 -0.000494001 0.001233 0.999999 -0.00682123 0.0488662 -0.0184543
FixedParameters: 0 0 0

#Transform 100
Transform: AffineTransform_float_3_3
Parameters: 1 3.25864e-07 0.000253 3.25864e-07 0.999999 -0.001288 -0.000253 0.001288 0.999999 -0.00344771 0.0313615 -0.0162977
FixedParameters: 0 0 0

#Transform 101
Transform: AffineTransform_float_3_3
Parameters: 1 5.81932e-07 0.000494 -4.18067e-07 1 -0.001178 -0.000494001 0.001178 0.999999 -0.00682942 0.0405767 -0.0269356
FixedParameters: 0 0 0

#Transform 102
Transform: AffineTransform_float_3_3
Parameters: 1 6.09102e-07 0.000494 -3.90897e-07 0.999999 -0.001233 -0.000494001 0.001233 0.999999 -0.00682595 0.03209 -0.028017
FixedParameters: 0 0 0

#Transform 103
Transform: AffineTransform_float_3_3
Parameters: 1 -0.000132613 0.000314164 0.000133388 0.999999 -0.00123296 -0.000314836 0.00123304 0.999999 -0.00642872 0.0667442 -0.0281108
FixedParameters: 0 0 0

#Transform 104
Transform: AffineTransform_float_3_3
Parameters: 1 5.60196e-07 0.000494 -4.39803e-07 1 -0.001134 -0.000494001 0.001134 0.999999 -0.00682494 0.0269908 -0.0259722
FixedParameters: 0 0 0

#Transform 105
Transform: AffineTransform_float_3_3
Parameters: 1 2.9899e-07 0.00029 2.9899e-07 1 -0.001031 -0.00029 0.001031 1 -0.00400295 0.0551051 -0.0241015
FixedParameters: 0 0 0

#Transform 106
Transform: AffineTransform_float_3_3
Parameters: 1 6.09102e-07 0.000494 -3.90897e-07 0.999999 -0.001233 -0.000494001 0.001233 0.999999 -0.00682595 0.03208 -0.028017
FixedParameters: 0 0 0

#Transform 107
Transform: AffineTransform_float_3_3
Parameters: 1 -7.75118e-05 0.000494077 7.7489e-05 0.999999 -0.000987962 -0.000494924 0.000988038 1 -0.00526648 0.0285735 -0.0304184
FixedParameters: 0 0 0

#Transform 108
Transform: AffineTransform_float_3_3
Parameters: 1 -0.000166567 0.00032822 0.000167433 0.999999 -0.00132095 -0.000327779 0.00132105 0.999999 -0.0010436 0.0278902 -0.0422271
FixedParameters: 0 0 0

#Transform 109
Transform: AffineTransform_float_3_3
Parameters: 1 -0.000118676 0.000293131 0.000119323 1 -0.00110397 -0.000292869 0.00110404 1 -0.00157897 0.0266166 -0.0256033
FixedParameters: 0 0 0

#Transform 110
Transform: AffineTransform_float_3_3
Parameters: 1 2.00304e-07 0.000156 2.00304e-07 0.999999 -0.001284 -0.000156 0.001284 0.999999 -0.00215579 0.0569998 -0.0443117
FixedParameters: 0 0 0

#Transform 111
Transform: AffineTransform_float_3_3
Parameters: 1 1.4645e-07 0.000145 1.4645e-07 1 -0.00101 -0.000145 0.00101 1 -0.00202205 0.023205 -0.0280721
FixedParameters: 0 0 0

#Transform 112
Transform: AffineTransform_float_3_3
Parameters: 1 3.699e-07 0.0003 3.699e-07 0.999999 -0.001233 -0.0003 0.001233 0.999999 -0.00412816 0.0853113 -0.0415654
FixedParameters: 0 0 0

#Transform 113
Transform: AffineTransform_float_3_3
Parameters: 1 1.17676e-07 0.000124 1.17676e-07 0.999999 -0.000948999 -0.000124 0.000948999 0.999999 -0.00694018 0.0300831 -0.0227425
FixedParameters: 0 0 0

#Transform 114
Transform: AffineTransform_float_3_3
Parameters: 1 2.20968e-07 0.000186 2.20968e-07 1 -0.001188 -0.000186 0.001188 1 -0.0025607 0.0710014 -0.0304015
FixedParameters: 0 0 0

#Transform 115
Transform: AffineTransform_float_3_3
Parameters: 1 -0.000182951 5.41643e-05 0.000183048 0.999999 -0.000897989 -5.38356e-05 0.000898009 0.999999 0.00297784 0.0265121 -0.0217335
FixedParameters: 0 0 0

#Transform 116
Transform: AffineTransform_float_3_3
Parameters: 1 2.6936e-07 0.000208 2.6936e-07 0.999999 -0.001295 -0.000208 0.001295 0.999999 -0.00287836 0.05707 -0.0457676
FixedParameters: 0 0 0

#Transform 117
Transform: AffineTransform_float_3_3
Parameters: 1 -0.000383098 -7.44971e-05 0.000382901 0.999999 -0.00131303 7.55028e-05 0.00131297 0.999999 -0.00301204 0.0877418 -0.0685595
FixedParameters: 0 0 0

#Transform 118
Transform: AffineTransform_float_3_3
Parameters: 1 -0.000368945 5.33812e-05 0.000369056 1 -0.00103298 -5.36188e-05 0.00103302 1 0.000717543 -0.00792667 -0.0349355
FixedParameters: 0 0 0

#Transform 119
Transform: AffineTransform_float_3_3
Parameters: 1 -0.000183218 -0.000166761 0.000183783 0.999999 -0.00130703 0.00016624 0.00130697 0.999999 0.00604465 0.064876 -0.0513858
FixedParameters: 0 0 0

#Transform 120
Transform: AffineTransform_float_3_3
Parameters: 1 3.00762e-07 0.000279 3.00762e-07 1 -0.001078 -0.000279 0.001078 1 -0.00315998 0.0286696 -0.0355397
FixedParameters: 0 0 0

#Transform 121
Transform: AffineTransform_float_3_3
Parameters: 1 -0.000268863 0.000114322 0.000269136 0.999999 -0.00119797 -0.000113678 0.00119803 1 0.00135346 0.0594156 -0.0381579
FixedParameters: 0 0 0

#Transform 122
Transform: AffineTransform_float_3_3
Parameters: 1 -0.000217894 8.32775e-05 0.000217106 0.999999 -0.00127298 -8.27237e-05 0.00127302 0.999999 0.00195081 0.0619635 -0.0398687
FixedParameters: 0 0 0

#Transform 123
Transform: AffineTransform_float_3_3
Parameters: 1 -0.000214843 0.000138244 0.000215157 1 -0.00113597 -0.000137756 0.00113603 1 0.00576561 0.0705717 -0.0369593
FixedParameters: 0 0 0

#Transform 124
Transform: AffineTransform_float_3_3
Parameters: 1 3.89746e-07 0.000287 3.89746e-07 0.999999 -0.001358 -0.000287 0.001358 0.999999 -0.0012513 0.0742297 -0.0413034
FixedParameters: 0 0 0

#Transform 125
Transform: AffineTransform_float_3_3
Parameters: 1 2.96184e-07 0.000258 2.96184e-07 1 -0.001148 -0.000258 0.001148 1 0.000215985 0.047838 -0.0370682
FixedParameters: 0 0 0

#Transform 126
Transform: AffineTransform_float_3_3
Parameters: 1 2.9172e-07 0.00022 2.9172e-07 0.999999 -0.001326 -0.00022 0.001326 0.999999 -0.00211586 0.0772851 -0.0406926
FixedParameters: 0 0 0

#Transform 127
Transform: AffineTransform_float_3_3
Parameters: 1 3.42324e-07 0.000257 3.42324e-07 0.999999 -0.001332 -0.000257 0.001332 0.999999 -0.00147478 0.0536825 -0.0408451
FixedParameters: 0 0 0

#Transform 128
Transform: AffineTransform_float_3_3
Parameters: 1 -0.000200703 0.000282212 0.000201298 1 -0.00105294 -0.000282788 0.00105306 1 0.000863976 0.0464635 -0.0349557
FixedParameters: 0 0 0

#Transform 129
Transform: AffineTransform_float_3_3
Parameters: 1 3.20814e-07 0.000234 3.20814e-07 0.999999 -0.001371 -0.000234 0.001371 0.999999 -0.00277306 0.0539019 -0.0416237
FixedParameters: 0 0 0

#Transform 130
Transform: AffineTransform_float_3_3
Parameters: 1 3.70569e-07 0.000303 3.70569e-07 1 -0.001223 -0.000303 0.001223 0.999999 -0.00820275 0.0516338 -0.0216009
FixedParameters: 0 0 0

#Transform 131
Transform: AffineTransform_float_3_3
Parameters: 1 2.75674e-07 0.000194 2.75674e-07 0.999999 -0.001421 -0.000194 0.001421 0.999999 -0.00768096 0.079996 -0.0285463
FixedParameters: 0 0 0

#Transform 132
Transform: AffineTransform_float_3_3
Parameters: 1 2.66262e-07 0.000223 2.66262e-07 1 -0.001194 -0.000223 0.001194 1 0.000130666 0.0570933 -0.0175486
FixedParameters: 0 0 0

#Transform 133
Transform: AffineTransform_float_3_3
Parameters: 1 4.94296e-07 0.000451 4.94296e-07 1 -0.001096 -0.000451 0.001096 1 -0.0125616 0.0413751 -0.0152065
FixedParameters: 0 0 0

#Transform 134
Transform: AffineTransform_float_3_3
Parameters: 1 4.7424e-07 0.00039 4.7424e-07 1 -0.001216 -0.00039 0.001216 0.999999 -0.00958917 0.06719 -0.0204419
FixedParameters: 0 0 0

#Transform 135
Transform: AffineTransform_float_3_3
Parameters: 1 2.41059e-07 0.000273 2.41059e-07 0.999999 -0.000882999 -0.000273 0.000882999 0.999999 -0.0072877 0.0276123 -0.00241898
FixedParameters: 0 0 0

#Transform 136
Transform: AffineTransform_float_3_3
Parameters: 1 3.48348e-07 0.000273 3.48348e-07 0.999999 -0.001276 -0.000273 0.001276 0.999999 -0.000561906 0.0579269 -0.0215042
FixedParameters: 0 0 0

#Transform 137
Transform: AffineTransform_float_3_3
Parameters: 1 2.83101e-07 0.000273 2.83101e-07 1 -0.001037 -0.000273 0.001037 1 -0.000552914 0.029569 -0.0142087
FixedParameters: 0 0 0

#Transform 138
Transform: AffineTransform_float_3_3
Parameters: 1 4.08954e-07 0.000273 4.08954e-07 0.999999 -0.001498 -0.000273 0.001498 0.999999 -0.000558499 0.0696012 -0.0236775
FixedParameters: 0 0 0

#Transform 139
Transform: AffineTransform_float_3_3
Parameters: 1 -0.000218696 0.000273244 0.000218305 1 -0.00111394 -0.000273757 0.00111406 1 0.00390688 0.0326658 -0.0156762
FixedParameters: 0 0 0

#Transform 140
Transform: AffineTransform_float_3_3
Parameters: 1 -0.000194408 0.000415278 0.000194593 0.999999 -0.00142692 -0.000415723 0.00142708 0.999999 0.00148465 0.0676513 -0.0262395
FixedParameters: 0 0 0

#Transform 141
Transform: AffineTransform_float_3_3
Parameters: 1 5.20326e-07 0.000411 -4.79673e-07 0.999999 -0.001266 -0.000411001 0.001266 0.999999 -0.00245454 0.0357199 -0.0188102
FixedParameters: 0 0 0

#Transform 142
Transform: AffineTransform_float_3_3
Parameters: 1 3.58995e-07 0.000273 3.58995e-07 0.999999 -0.001315 -0.000273 0.001315 0.999999 -0.000566477 0.0762594 -0.0199333
FixedParameters: 0 0 0

#Transform 143
Transform: AffineTransform_float_3_3
Parameters: 1 -0.00027066 0.000273337 0.000271341 0.999999 -0.00124593 -0.000273662 0.00124607 0.999999 0.00506048 0.0580434 -0.0184453
FixedParameters: 0 0 0

#Transform 144
Transform: AffineTransform_float_3_3
Parameters: 1 -0.000271766 0.0002123 0.000272234 1 -0.00110494 -0.000211699 0.00110506 1 0.00601344 0.0675743 -0.011117
FixedParameters: 0 0 0

#Transform 145
Transform: AffineTransform_float_3_3
Parameters: 1 -0.00018763 0.000273255 0.000187371 0.999999 -0.00135595 -0.000273746 0.00135605 0.999999 0.00329907 0.0762916 -0.0250101
FixedParameters: 0 0 0

#Transform 146
Transform: AffineTransform_float_3_3
Parameters: 1 -0.000164827 0.000172166 0.000164174 0.999999 -0.00100597 -0.000172835 0.00100603 0.999999 0.00419036 0.0439122 -0.0136029
FixedParameters: 0 0 0

#Transform 147
Transform: AffineTransform_float_3_3
Parameters: 1 -0.000292709 0.000219389 0.000293291 0.999999 -0.00132794 -0.000218611 0.00132806 0.999999 0.00196281 0.0807928 -0.0289329
FixedParameters: 0 0 0

#Transform 148
Transform: AffineTransform_float_3_3
Parameters: 1 -0.000131689 0.00027315 0.000132312 1 -0.00113796 -0.00027385 0.00113804 1 0.00217991 0.0325371 -0.0162133
FixedParameters: 0 0 0

#Transform 149
Transform: AffineTransform_float_3_3
Parameters: 1 -0.000320759 0.000191405 0.000320241 0.999999 -0.00126094 -0.000190596 0.00126106 0.999999 0.00716694 0.0681922 -0.0189506
FixedParameters: 0 0 0

#Transform 150
Transform: AffineTransform_float_3_3
Parameters: 1 -0.000168636 0.000273225 0.000168365 0.999999 -0.00133395 -0.000273776 0.00133405 0.999999 -0.000965934 0.0570373 -0.020234
FixedParameters: 0 0 0

#Transform 151
Transform: AffineTransform_float_3_3
Parameters: 1 3.17226e-07 0.000273 3.17226e-07 1 -0.001162 -0.000273 0.001162 1 -0.000556621 0.0600514 -0.0167983
FixedParameters: 0 0 0

#Transform 152
Transform: AffineTransform_float_3_3
Parameters: 1 -0.00036767 0.000273445 0.000368331 0.999999 -0.0012099 -0.000273555 0.0012091 0.999999 0.000709979 0.0645815 -0.0234417
FixedParameters: 0 0 0

#Transform 153
Transform: AffineTransform_float_3_3
Parameters: 1 -0.000379629 0.00033642 0.000380373 1 -0.00110587 -0.00033658 0.00110513 1 0.00391867 0.0564971 -0.0155117
FixedParameters: 0 0 0

#Transform 154
Transform: AffineTransform_float_3_3
Parameters: 1 -0.000448443 0.000397629 0.000448557 0.999999 -0.00140082 -0.000397372 0.00140118 0.999999 0.00701567 0.0416537 -0.0215708
FixedParameters: 0 0 0

#Transform 155
Transform: AffineTransform_float_3_3
Parameters: 1 -0.000218549 0.000273361 0.000218452 0.999998 -0.00165194 -0.000273639 0.00165206 0.999998 -0.00382397 0.104069 -0.0237915
FixedParameters: 0 0 0

#Transform 156
Transform: AffineTransform_float_3_3
Parameters: 1 -2.26365e-05 0.000220038 2.33634e-05 0.999998 -0.00165199 -0.000219962 0.001652 0.999998 0.000720771 0.0909061 -0.026966
FixedParameters: 0 0 0

#Transform 157
Transform: AffineTransform_float_3_3
Parameters: 1 -0.000250595 0.000273372 0.000251406 0.999999 -0.00148193 -0.000273628 0.00148207 0.999999 -0.00307982 0.0867567 -0.0324403
FixedParameters: 0 0 0

#Transform 158
Transform: AffineTransform_float_3_3
Parameters: 1 -0.000448563 0.000273717 0.000448437 0.999998 -0.00159788 -0.000273284 0.00159812 0.999998 -0.0023476 0.0673887 -0.0353353
FixedParameters: 0 0 0

#Transform 159
Transform: AffineTransform_float_3_3
Parameters: 1 -0.000448518 0.000273791 0.000448482 0.999999 -0.00176288 -0.00027321 0.00176212 0.999999 0.00357302 0.0783327 -0.040676
FixedParameters: 0 0 0

#Transform 160
Transform: AffineTransform_float_3_3
Parameters: 1 -0.000448548 0.000273741 0.000448452 0.999998 -0.00165188 -0.000273259 0.00165212 0.999998 0.0087075 0.0454921 -0.0270127
FixedParameters: 0 0 0

#Transform 161
Transform: AffineTransform_float_3_3
Parameters: 1 -0.000298504 0.000273543 0.000298497 0.999999 -0.00181592 -0.000273458 0.00181608 0.999999 -0.003942 0.0832245 -0.0335776
FixedParameters: 0 0 0

#Transform 162
Transform: AffineTransform_float_3_3
Parameters: 1 -0.000275595 0.000273409 0.000276406 0.999999 -0.00148192 -0.000273591 0.00148208 0.999999 -0.00360478 0.0316285 -0.0234259
FixedParameters: 0 0 0

#Transform 163
Transform: AffineTransform_float_3_3
Parameters: 1 -3.53043e-06 0.000273007 4.46955e-06 0.999998 -0.00172 -0.000272993 0.00172 0.999999 -0.010549 0.0810397 -0.0304124
FixedParameters: 0 0 0

#Transform 164
Transform: AffineTransform_float_3_3
Parameters: 1 -0.000265549 0.000273439 0.000265452 0.999998 -0.00165193 -0.000273562 0.00165207 0.999998 -0.00220513 0.0664866 -0.031421
FixedParameters: 0 0 0

#Transform 165
Transform: AffineTransform_float_3_3
Parameters: 1 -0.000167566 0.000273266 0.000168435 0.999998 -0.00158695 -0.000273733 0.00158705 0.999998 -0.00680319 0.0953655 -0.0255598
FixedParameters: 0 0 0

#Transform 166
Transform: AffineTransform_float_3_3
Parameters: 1 -0.000235519 0.000273415 0.000235482 0.999999 -0.00176094 -0.000273586 0.00176107 0.999999 -0.012049 0.0871206 -0.0290749
FixedParameters: 0 0 0

#Transform 167
Transform: AffineTransform_float_3_3
Parameters: 1 -0.000235631 0.000223389 0.000236368 0.999998 -0.00165195 -0.00022261 0.00165205 0.999998 -0.00523541 0.0822172 -0.0363579
FixedParameters: 0 0 0

#Transform 168
Transform: AffineTransform_float_3_3
Parameters: 1 -0.000268498 0.000273494 0.000268503 0.999999 -0.00183793 -0.000273507 0.00183807 0.999999 -0.00860061 0.102023 -0.0386882
FixedParameters: 0 0 0

#Transform 169
Transform: AffineTransform_float_3_3
Parameters: 1 -0.000237509 0.000273428 0.000237493 0.999999 -0.00179894 -0.000273573 0.00179907 0.999999 -0.010057 0.0743473 -0.0354051
FixedParameters: 0 0 0

#Transform 170
Transform: AffineTransform_float_3_3
Parameters: 1 -0.000254481 0.000273484 0.00025452 0.999998 -0.00189893 -0.000273517 0.00189907 0.999998 -0.0102176 0.104827 -0.041464
FixedParameters: 0 0 0

#Transform 171
Transform: AffineTransform_float_3_3
Parameters: 1 -0.000289548 0.000273479 0.000289452 0.999998 -0.00165192 -0.000273522 0.00165208 0.999998 -0.00582568 0.0580175 -0.029686
FixedParameters: 0 0 0

#Transform 172
Transform: AffineTransform_float_3_3
Parameters: 1 -0.000278522 0.000273487 0.000279479 0.999999 -0.00174793 -0.000273512 0.00174808 0.999999 -0.008447 0.0850373 -0.0288852
FixedParameters: 0 0 0

#Transform 173
Transform: AffineTransform_float_3_3
Parameters: 1 -0.000448332 0.000359834 0.000448668 0.999998 -0.00185884 -0.000359167 0.00185916 0.999998 -0.00532716 0.0771788 -0.0361908
FixedParameters: 0 0 0

#Transform 174
Transform: AffineTransform_float_3_3
Parameters: 1 -0.000290548 0.00027348 0.000291452 0.999998 -0.00165192 -0.000273519 0.00165208 0.999998 -0.00556142 0.0738799 -0.0351669
FixedParameters: 0 0 0

#Transform 175
Transform: AffineTransform_float_3_3
Parameters: 1 -0.000286463 0.000325474 0.000287538 0.999998 -0.00165191 -0.000325525 0.00165209 0.999998 -0.00502868 0.0912631 -0.0384982
FixedParameters: 0 0 0

#Transform 176
Transform: AffineTransform_float_3_3
Parameters: 1 -0.000291548 0.000273482 0.000291452 0.999998 -0.00165192 -0.000273519 0.00165208 0.999998 -0.00390321 0.0589813 -0.0369549
FixedParameters: 0 0 0

#Transform 177
Transform: AffineTransform_float_3_3
Parameters: 1 -0.000294548 0.000273487 0.000294452 0.999998 -0.00165192 -0.000273514 0.00165208 0.999999 -0.00676568 0.0963825 -0.0388646
FixedParameters: 0 0 0

#Transform 178
Transform: AffineTransform_float_3_3
Parameters: 1 -0.000287548 0.000273475 0.000287452 0.999998 -0.00165192 -0.000273525 0.00165208 0.999998 -0.00676123 0.0724271 -0.0321679
FixedParameters: 0 0 0

#Transform 179
Transform: AffineTransform_float_3_3
Parameters: 1 -0.000448548 0.000273741 0.000448452 0.999998 -0.00165188 -0.000273259 0.00165212 0.999998 0.00176524 0.10343 -0.0389221
FixedParameters: 0 0 0

#Transform 180
Transform: AffineTransform_float_3_3
Parameters: 1 -0.000373593 0.000273556 0.000373407 0.999999 -0.0014889 -0.000273444 0.0014891 0.999999 -0.000142321 0.0745185 -0.0224377
FixedParameters: 0 0 0

#Transform 181
Transform: AffineTransform_float_3_3
Parameters: 1 -0.000347535 0.000273592 0.000347466 0.999998 -0.0017019 -0.000273409 0.00170209 0.999998 0.000938556 0.086044 -0.0264163
FixedParameters: 0 0 0

#Transform 182
Transform: AffineTransform_float_3_3
Parameters: 1 -0.000320495 0.000273592 0.000321506 0.999998 -0.00184691 -0.000273407 0.00184709 0.999999 0.0060874 0.0695339 -0.0241901
FixedParameters: 0 0 0

#Transform 183
Transform: AffineTransform_float_3_3
Parameters: 1 -0.000448507 0.00027381 0.000448494 0.999999 -0.00180388 -0.000273191 0.00180412 0.999999 0.00166279 0.0858173 -0.00725634
FixedParameters: 0 0 0

#Transform 184
Transform: AffineTransform_float_3_3
Parameters: 1 -0.000214462 0.000273423 0.000214539 0.999998 -0.00196894 -0.000273578 0.00196906 0.999998 0.00379852 0.104011 -0.0173825
FixedParameters: 0 0 0

#Transform 185
Transform: AffineTransform_float_3_3
Parameters: 1 -0.000260549 0.000273431 0.000261452 0.999998 -0.00165193 -0.000273568 0.00165207 0.999998 -0.00278485 0.0813041 -0.00604734
FixedParameters: 0 0 0

#Transform 186
Transform: AffineTransform_float_3_3
Parameters: 1 -9.47992e-06 0.000273019 1.052e-05 0.999998 -0.001905 -0.00027298 0.001905 0.999998 -0.0093396 0.125268 -0.0239315
FixedParameters: 0 0 0

#Transform 187
Transform: AffineTransform_float_3_3
Parameters: 1 -0.000162523 0.000273285 0.000162479 0.999999 -0.00174796 -0.000273717 0.00174805 0.999999 0.00272806 0.0687622 -0.0125706
FixedParameters: 0 0 0

#Transform 188
Transform: AffineTransform_float_3_3
Parameters: 1 -0.000228549 0.000273378 0.000229452 0.999998 -0.00165194 -0.000273621 0.00165206 0.999998 -0.00558214 0.09906 -0.0219123
FixedParameters: 0 0 0

#Transform 189
Transform: AffineTransform_float_3_3
Parameters: 1 -0.000132481 0.000273252 0.000133521 0.999998 -0.00190096 -0.000273747 0.00190104 0.999998 -0.00645646 0.0913796 -0.0269592
FixedParameters: 0 0 0

#Transform 190
Transform: AffineTransform_float_3_3
Parameters: 1 -0.000226549 0.000273374 0.000227452 0.999998 -0.00165194 -0.000273624 0.00165206 0.999998 -0.00484744 0.0975559 -0.0219139
FixedParameters: 0 0 0

#Transform 191
Transform: AffineTransform_float_3_3
Parameters: 1 -0.000126623 0.000198241 0.000127377 0.999998 -0.00190298 -0.000197758 0.00190303 0.999998 0.00311741 0.115317 -0.0271846
FixedParameters: 0 0 0

#Transform 192
Transform: AffineTransform_float_3_3
Parameters: 1 -0.000187531 0.000273323 0.00018747 0.999998 -0.00171695 -0.000273679 0.00171705 0.999999 -0.00535376 0.0939931 -0.0231852
FixedParameters: 0 0 0

#Transform 193
Transform: AffineTransform_float_3_3
Parameters: 1 -0.000188471 0.000273365 0.00018853 0.999998 -0.00193495 -0.000273636 0.00193505 0.999998 -0.00656892 0.123479 -0.0338813
FixedParameters: 0 0 0

#Transform 194
Transform: AffineTransform_float_3_3
Parameters: 1 -4.85323e-05 0.000273084 4.84693e-05 0.999998 -0.00171299 -0.000273917 0.00171301 0.999999 -0.00605278 0.0838477 -0.0230741
FixedParameters: 0 0 0

#Transform 195
Transform: AffineTransform_float_3_3
Parameters: 1 -0.000120495 0.000273223 0.000121507 0.999999 -0.00184997 -0.000273776 0.00185003 0.999999 -0.00834872 0.122199 -0.0363618
FixedParameters: 0 0 0

#Transform 196
Transform: AffineTransform_float_3_3
Parameters: 1 -0.000160498 0.000273296 0.000160503 0.999999 -0.00183796 -0.000273706 0.00183805 0.999999 -0.00612496 0.0887672 -0.0348703
FixedParameters: 0 0 0

#Transform 197
Transform: AffineTransform_float_3_3
Parameters: 1 -0.000159841 9.32736e-05 0.000160159 0.999998 -0.00171098 -9.27261e-05 0.00171101 0.999998 -0.0148426 0.109516 -0.0375135
FixedParameters: 0 0 0

#Transform 198
Transform: AffineTransform_float_3_3
Parameters: 1 -0.000179886 6.92972e-05 0.000180114 0.999998 -0.00165199 -6.87025e-05 0.00165201 0.999998 -0.0132067 0.100047 -0.0397124
FixedParameters: 0 0 0

#Transform 199
Transform: AffineTransform_float_3_3
Parameters: 1 -0.000140882 7.12328e-05 0.000141117 0.999998 -0.00165199 -7.07669e-05 0.00165201 0.999998 -0.00970512 0.0994314 -0.0327748
FixedParameters: 0 0 0

#Transform 200
Transform: AffineTransform_float_3_3
Parameters: 1 -0.000103459 0.000273205 0.000104542 0.999998 -0.00197997 -0.000273794 0.00198003 0.999998 -0.00471379 0.122211 -0.0435897
FixedParameters: 0 0 0

#Transform 201
Transform: AffineTransform_float_3_3
Parameters: 1 -0.000140895 5.72592e-05 0.000141105 0.999999 -0.00183899 -5.67406e-05 0.00183901 0.999999 -0.00674425 0.0846982 -0.034091
FixedParameters: 0 0 0

#Transform 202
Transform: AffineTransform_float_3_3
Parameters: 1 -4.97388e-05 0.000137095 5.0261e-05 0.999998 -0.00190599 -0.000136904 0.00190601 0.999998 -0.0115598 0.113691 -0.0332067
FixedParameters: 0 0 0

#Transform 203
Transform: AffineTransform_float_3_3
Parameters: 1 -0.000135487 0.000273255 0.000135514 0.999998 -0.00187696 -0.000273746 0.00187704 0.999998 -0.00904375 0.0929798 -0.0344855
FixedParameters: 0 0 0

#Transform 204
Transform: AffineTransform_float_3_3
Parameters: 1 -4.94514e-05 0.0002731 4.95504e-05 0.999998 -0.00200899 -0.000273901 0.00200901 0.999998 -0.00906223 0.10406 -0.0259346
FixedParameters: 0 0 0

#Transform 205
Transform: AffineTransform_float_3_3
Parameters: 1 -0.000114759 0.000112247 0.00011424 0.999997 -0.00214999 -0.000111755 0.00215001 0.999997 -0.00712437 0.122127 -0.040404
FixedParameters: 0 0 0

#Transform 206
Transform: AffineTransform_float_3_3
Parameters: 1 -0.000139549 0.000273231 0.000139452 0.999998 -0.00165196 -0.00027377 0.00165204 0.999998 -0.00901886 0.0982229 -0.0150417
FixedParameters: 0 0 0

#Transform 207
Transform: AffineTransform_float_3_3
Parameters: 1 -0.000147445 0.0002733 0.000147556 0.999998 -0.00203196 -0.000273701 0.00203204 0.999998 -0.00462792 0.125498 -0.0172866
FixedParameters: 0 0 0

#Transform 208
Transform: AffineTransform_float_3_3
Parameters: 1 -0.000121498 0.000273224 0.000121503 0.999999 -0.00183797 -0.000273777 0.00183803 0.999999 -0.00533407 0.0962232 -0.0173577
FixedParameters: 0 0 0

#Transform 209
Transform: AffineTransform_float_3_3
Parameters: 1 -0.000111754 0.000120229 0.000112247 0.999998 -0.00204499 -0.000120771 0.00204501 0.999998 -0.00795571 0.122292 -0.0380886
FixedParameters: 0 0 0

#Transform 210
Transform: AffineTransform_float_3_3
Parameters: 1 -7.24716e-05 0.000273141 7.35301e-05 0.999998 -0.00193498 -0.000273858 0.00193502 0.999998 -0.00975514 0.102567 -0.0197938
FixedParameters: 0 0 0

#Transform 211
Transform: AffineTransform_float_3_3
Parameters: 1 -3.76175e-06 0.000119008 4.23823e-06 0.999998 -0.002002 -0.000118992 0.002002 0.999998 -0.00775952 0.118306 -0.0271665
FixedParameters: 0 0 0

#Transform 212
Transform: AffineTransform_float_3_3
Parameters: 1 -0.000212441 0.000273435 0.00021256 0.999998 -0.00204594 -0.000273566 0.00204606 0.999998 -0.00699321 0.102774 -0.0296926
FixedParameters: 0 0 0

#Transform 213
Transform: AffineTransform_float_3_3
Parameters: 1 -0.000223443 0.000273456 0.000224558 0.999998 -0.00203894 -0.000273543 0.00203906 0.999998 0.00404214 0.106216 -0.0237654
FixedParameters: 0 0 0

#Transform 214
Transform: AffineTransform_float_3_3
Parameters: 1 -0.000175433 0.000273365 0.000175569 0.999998 -0.00207695 -0.000273636 0.00207705 0.999998 -0.00403001 0.122608 -0.0315401
FixedParameters: 0 0 0

#Transform 215
Transform: AffineTransform_float_3_3
Parameters: 1 -4.34545e-05 0.000273087 4.45474e-05 0.999998 -0.00199799 -0.000273912 0.00199801 0.999998 -0.00522111 0.104007 -0.0184893
FixedParameters: 0 0 0

#Transform 216
Transform: AffineTransform_float_3_3
Parameters: 1 -5.47615e-05 0.00011911 5.52382e-05 0.999998 -0.00200299 -0.00011889 0.00200301 0.999998 -0.00520433 0.129233 -0.0244802
FixedParameters: 0 0 0

#Transform 217
Transform: AffineTransform_float_3_3
Parameters: 1 -0.000149864 7.52714e-05 0.000150136 0.999999 -0.00180999 -7.47284e-05 0.00181001 0.999999 -0.00339273 0.104636 -0.0181904
FixedParameters: 0 0 0

#Transform 218
Transform: AffineTransform_float_3_3
Parameters: 1 -0.000154856 8.72559e-05 0.000155143 0.999998 -0.00165199 -8.67438e-05 0.00165201 0.999998 -0.00529367 0.131188 -0.0311055
FixedParameters: 0 0 0

#Transform 219
Transform: AffineTransform_float_3_3
Parameters: 1 -0.000136507 0.000273247 0.000136494 0.999999 -0.00180396 -0.000273754 0.00180404 0.999999 -0.00864682 0.0962393 -0.0233347
FixedParameters: 0 0 0

#Transform 220
Transform: AffineTransform_float_3_3
Parameters: 1 -0.000122774 0.000117237 0.000122226 0.999998 -0.00193199 -0.000116764 0.00193101 0.999998 -0.00556808 0.121341 -0.0329902
FixedParameters: 0 0 0

#Transform 221
Transform: AffineTransform_float_3_3
Parameters: 1 -0.000138839 8.42653e-05 0.000138162 0.999998 -0.00190999 -8.47363e-05 0.00191001 0.999998 -0.00295825 0.0994479 -0.0306272
FixedParameters: 0 0 0

#Transform 222
Transform: AffineTransform_float_3_3
Parameters: 1 -7.88953e-05 6.01376e-05 7.91044e-05 0.999998 -0.00174299 -5.98622e-05 0.001743 0.999998 -0.00700895 0.120188 -0.0238524
FixedParameters: 0 0 0

#Transform 223
Transform: AffineTransform_float_3_3
Parameters: 1 -0.000198426 0.000273418 0.000198575 0.999998 -0.00210194 -0.000273583 0.00210105 0.999998 -0.0112776 0.115671 -0.0309599
FixedParameters: 0 0 0

#Transform 224
Transform: AffineTransform_float_3_3
Parameters: 1 -0.000131834 8.92453e-05 0.000132167 0.999999 -0.00185899 -8.97545e-05 0.00185901 0.999999 -0.00978187 0.105153 -0.0260757
FixedParameters: 0 0 0

#Transform 225
Transform: AffineTransform_float_3_3
Parameters: 1 1.03378e-05 0.000158978 -1.06621e-05 0.999997 -0.002125 -0.000159023 0.002125 0.999997 -0.0142048 0.128449 -0.0341877
FixedParameters: 0 0 0

#Transform 226
Transform: AffineTransform_float_3_3
Parameters: 1 -0.000106038 -2.08049e-05 0.000105961 0.999999 -0.00184 2.1195e-05 0.00184 0.999999 -0.0117235 0.107392 -0.0259219
FixedParameters: 0 0 0

#Transform 227
Transform: AffineTransform_float_3_3
Parameters: 1 -0.000180996 2.35403e-06 0.000181006 0.999998 -0.001956 -2.64596e-06 0.001956 0.999998 -0.0114091 0.132561 -0.0284407
FixedParameters: 0 0 0

#Transform 228
Transform: AffineTransform_float_3_3
Parameters: 1 -7.79963e-05 2.1411e-06 7.80035e-05 0.999999 -0.001809 -1.8589e-06 0.001809 0.999999 -0.0116061 0.110767 -0.0271611
FixedParameters: 0 0 0

#Transform 229
Transform: AffineTransform_float_3_3
Parameters: 1 -0.000145438 0.0002733 0.000146564 0.999998 -0.00205896 -0.000273699 0.00205904 0.999998 -0.0135878 0.127064 -0.0320589
FixedParameters: 0 0 0

#Transform 230
Transform: AffineTransform_float_3_3
Parameters: 1 -0.000154873 7.72559e-05 0.000155127 0.999998 -0.00165199 -7.67438e-05 0.00165201 0.999998 -0.011247 0.102261 -0.0158297
FixedParameters: 0 0 0

#Transform 231
Transform: AffineTransform_float_3_3
Parameters: 1 -0.000230987 1.03056e-05 0.000231013 0.999999 -0.001323 -9.69438e-06 0.001323 0.999999 -0.00835859 0.126788 0.00129057
FixedParameters: 0 0 0

#Transform 232
Transform: AffineTransform_float_3_3
Parameters: 1 -0.000449058 -3.52681e-05 0.000448942 0.999998 -0.00163001 3.57318e-05 0.00162998 0.999998 -0.00898204 0.096473 -0.0205799
FixedParameters: 0 0 0

#Transform 233
Transform: AffineTransform_float_3_3
Parameters: 1 -0.000448873 9.65908e-05 0.000449126 0.999999 -0.00131596 -9.5409e-05 0.00131604 0.999999 -0.00833117 0.0799118 -0.000927574
FixedParameters: 0 0 0

#Transform 234
Transform: AffineTransform_float_3_3
Parameters: 1 -0.00033349 0.000273623 0.000333511 0.999998 -0.00186691 -0.000273378 0.00186709 0.999998 -0.0104872 0.101691 -0.0149555
FixedParameters: 0 0 0

#Transform 235
Transform: AffineTransform_float_3_3
Parameters: 1 -0.000326801 0.000146446 0.000327199 0.999999 -0.00136295 -0.000145554 0.00136305 0.999999 -0.00820449 0.0642084 -0.0016006
FixedParameters: 0 0 0

#Transform 236
Transform: AffineTransform_float_3_3
Parameters: 1 -0.000261486 0.000273492 0.000261515 0.999998 -0.00187993 -0.000273509 0.00188007 0.999998 -0.0114499 0.124495 -0.0172376
FixedParameters: 0 0 0

#Transform 237
Transform: AffineTransform_float_3_3
Parameters: 1 -0.000253854 9.43938e-05 0.000254145 0.999999 -0.00155098 -9.36059e-05 0.00155102 0.999999 -0.0116457 0.103425 -0.0244599
FixedParameters: 0 0 0

#Transform 238
Transform: AffineTransform_float_3_3
Parameters: 1 -0.00031251 0.000273561 0.000313491 0.999999 -0.00179392 -0.000273438 0.00179409 0.999999 -0.0107527 0.127097 -0.0105195
FixedParameters: 0 0 0

#Transform 239
Transform: AffineTransform_float_3_3
Parameters: 1 -0.000448893 6.1782e-05 0.000449107 0.999999 -0.00174197 -6.12177e-05 0.00174203 0.999998 -0.00516172 0.119368 -0.0155209
FixedParameters: 0 0 0

#Transform 240
Transform: AffineTransform_float_3_3
Parameters: 1 -0.000273824 0.000108445 0.000274176 0.999998 -0.00162297 -0.000108555 0.00162303 0.999998 -0.00770292 0.111175 -0.0128738
FixedParameters: 0 0 0

#Transform 241
Transform: AffineTransform_float_3_3
Parameters: 1 -0.000448516 0.000273795 0.000448485 0.999999 -0.00177188 -0.000273206 0.00177212 0.999999 -0.00783884 0.0904225 -0.0129858
FixedParameters: 0 0 0

#Transform 242
Transform: AffineTransform_float_3_3
Parameters: 1 -0.000295621 0.000202554 0.000296378 0.999998 -0.00187394 -0.000201445 0.00187406 0.999998 -0.00837063 0.107473 -0.0189776
FixedParameters: 0 0 0

#Transform 243
Transform: AffineTransform_float_3_3
Parameters: 1 -0.000276708 0.000180448 0.000276291 0.999998 -0.00161895 -0.000179553 0.00161905 0.999998 -0.0107657 0.0908269 -0.00765433
FixedParameters: 0 0 0

#Transform 244
Transform: AffineTransform_float_3_3
Parameters: 1 -0.000305754 0.000129582 0.000305247 0.999998 -0.00190296 -0.000129419 0.00190304 0.999998 -0.00849858 0.109003 -0.0235038
FixedParameters: 0 0 0

#Transform 245
Transform: AffineTransform_float_3_3
Parameters: 1 -0.000262519 0.000273462 0.000262482 0.999999 -0.00175893 -0.000273539 0.00175907 0.999999 -0.00507043 0.0988016 -0.0121465
FixedParameters: 0 0 0

#Transform 246
Transform: AffineTransform_float_3_3
Parameters: 1 -0.000267472 0.000273517 0.000268529 0.999998 -0.00193093 -0.000273482 0.00193107 0.999998 -0.0110964 0.118683 -0.0166691
FixedParameters: 0 0 0

#Transform 247
Transform: AffineTransform_float_3_3
Parameters: 1 -0.000248534 0.000273424 0.000249466 0.999998 -0.00170393 -0.000273575 0.00170407 0.999998 -0.0100336 0.102491 -0.011047
FixedParameters: 0 0 0

#Transform 248
Transform: AffineTransform_float_3_3
Parameters: 1 3.8283e-05 0.00015393 -3.87169e-05 0.999999 -0.00183801 -0.000154071 0.001838 0.999999 -0.0159015 0.137105 -0.0139743
FixedParameters: 0 0 0

#Transform 249
Transform: AffineTransform_float_3_3
Parameters: 1 -0.000220829 9.34047e-05 0.000221172 0.999999 -0.00183198 -9.3595e-05 0.00183202 0.999999 -0.0104119 0.116712 -0.0139223
FixedParameters: 0 0 0

#Transform 250
Transform: AffineTransform_float_3_3
Parameters: 1 -0.000146725 0.000150269 0.000147276 0.999999 -0.00182898 -0.000150731 0.00182902 0.999999 -0.0112715 0.135932 -0.0177108
FixedParameters: 0 0 0

#Transform 251
Transform: AffineTransform_float_3_3
Parameters: 1 -0.000248514 0.000273443 0.000249487 0.999999 -0.00177993 -0.000273556 0.00178007 0.999999 -0.00872361 0.105435 -0.00848951
FixedParameters: 0 0 0

#Transform 252
Transform: AffineTransform_float_3_3
Parameters: 1 -0.000216519 0.000273382 0.000217482 0.999999 -0.00176094 -0.000273618 0.00176106 0.999999 -0.00883286 0.123576 -0.0238466
FixedParameters: 0 0 0

#Transform 253
Transform: AffineTransform_float_3_3
Parameters: 1 -0.000202488 0.00027338 0.000203514 0.999998 -0.00187595 -0.000273619 0.00187606 0.999998 -0.00805371 0.106134 -0.0173328
FixedParameters: 0 0 0

#Transform 254
Transform: AffineTransform_float_3_3
Parameters: 1 -3.05604e-05 0.000273049 3.14398e-05 0.999998 -0.00161099 -0.00027295 0.00161001 0.999998 -0.0112448 0.106088 -0.00927522
FixedParameters: 0 0 0

#Transform 255
Transform: AffineTransform_float_3_3
Parameters: 1 -0.00019548 0.000273372 0.000195521 0.999998 -0.00190195 -0.000273629 0.00190205 0.999998 -0.0156144 0.106674 -0.0151279
FixedParameters: 0 0 0

#Transform 256
Transform: AffineTransform_float_3_3
Parameters: 1 -0.000167796 0.000129265 0.000168204 0.999998 -0.00158098 -0.000128734 0.00158102 0.999998 -0.00870324 0.0980267 -0.0108026
FixedParameters: 0 0 0

#Transform 257
Transform: AffineTransform_float_3_3
Parameters: 1 5.63213e-05 0.000175898 -5.56785e-05 0.999999 -0.00182601 -0.000176102 0.00182599 0.999999 -0.0139009 0.128245 -0.0236917
FixedParameters: 0 0 0

#Transform 258
Transform: AffineTransform_float_3_3
Parameters: 1 -0.000215706 0.000183346 0.000216295 0.999998 -0.00160496 -0.000183653 0.00160504 0.999998 -0.00922241 0.0958984 -0.0177563
FixedParameters: 0 0 0

#Transform 259
Transform: AffineTransform_float_3_3
Parameters: 1 -0.00025325 0.000374508 0.000253749 0.999998 -0.0020049 -0.000373492 0.00200509 0.999998 -0.00849193 0.129218 -0.0234631
FixedParameters: 0 0 0

#Transform 260
Transform: AffineTransform_float_3_3
Parameters: 1 -0.000306452 0.000273615 0.000307549 0.999998 -0.00200492 -0.000273384 0.00200508 0.999998 -0.00334206 0.110915 -0.00891416
FixedParameters: 0 0 0

#Transform 261
Transform: AffineTransform_float_3_3
Parameters: 1 -0.000291425 0.000273614 0.000291576 0.999997 -0.00210492 -0.000273387 0.00210508 0.999997 -0.00861211 0.141034 -0.0220554
FixedParameters: 0 0 0

#Transform 262
Transform: AffineTransform_float_3_3
Parameters: 1 -0.000318658 0.000190574 0.000319343 0.999999 -0.00179994 -0.000190426 0.00180006 0.999999 -0.00757094 0.102527 -0.00535263
FixedParameters: 0 0 0

#Transform 263
Transform: AffineTransform_float_3_3
Parameters: 1 -0.000448928 4.86654e-05 0.000449071 0.999999 -0.00148198 -4.73345e-05 0.00148202 0.999999 -0.00319772 0.121235 0.01353
FixedParameters: 0 0 0

#Transform 264
Transform: AffineTransform_float_3_3
Parameters: 1 -0.000314466 0.000273614 0.000314534 0.999998 -0.00195191 -0.000273387 0.00195209 0.999998 -0.0101314 0.112856 0.00119598
FixedParameters: 0 0 0

#Transform 265
Transform: AffineTransform_float_3_3
Parameters: 1 -0.000129452 0.00027326 0.000130549 0.999998 -0.00200496 -0.000273739 0.00200504 0.999998 -0.0117353 0.118039 -0.00256356
FixedParameters: 0 0 0

#Transform 266
Transform: AffineTransform_float_3_3
Parameters: 1 -0.000448923 4.18369e-05 0.000449078 0.999998 -0.00186398 -4.1163e-05 0.00186402 0.999999 -0.00454456 0.121342 0.015775
FixedParameters: 0 0 0

#Transform 267
Transform: AffineTransform_float_3_3
Parameters: 1 -0.000448879 6.28696e-05 0.000449121 0.999998 -0.00193697 -6.21302e-05 0.00193703 0.999998 -0.00480247 0.155169 0.00885974
FixedParameters: 0 0 0

#Transform 268
Transform: AffineTransform_float_3_3
Parameters: 1 -0.000387876 8.35757e-05 0.000388124 0.999999 -0.00148397 -8.34241e-05 0.00148403 0.999999 -0.00781224 0.107012 0.0236495
FixedParameters: 0 0 0

#Transform 269
Transform: AffineTransform_float_3_3
Parameters: 1 -0.000329931 3.46616e-05 0.000330069 0.999998 -0.00200499 -3.43383e-05 0.00200501 0.999998 -0.00653071 0.15543 0.00823939
FixedParameters: 0 0 0

#Transform 270
Transform: AffineTransform_float_3_3
Parameters: 1 -0.000448567 0.00027371 0.000448433 0.999998 -0.00158288 -0.00027329 0.00158312 0.999998 -0.00734391 0.107246 0.0254375
FixedParameters: 0 0 0

#Transform 271
Transform: AffineTransform_float_3_3
Parameters: 1 -0.000311488 0.000273585 0.000312513 0.999998 -0.00187592 -0.000273415 0.00187509 0.999998 -0.0101465 0.164712 0.001299
FixedParameters: 0 0 0

#Transform 272
Transform: AffineTransform_float_3_3
Parameters: 1 -0.000330443 0.000273674 0.000331558 0.999998 -0.00203891 -0.000273324 0.00203909 0.999998 -0.00972629 0.103486 -0.00212811
FixedParameters: 0 0 0

#Transform 273
Transform: AffineTransform_float_3_3
Parameters: 1 -0.000448649 0.000182864 0.000449351 0.999998 -0.00192392 -0.000182136 0.00192408 0.999998 -0.00609787 0.155805 -0.0159201
FixedParameters: 0 0 0

#Transform 274
Transform: AffineTransform_float_3_3
Parameters: 1 -0.000337567 0.000273535 0.000338433 0.999998 -0.00158291 -0.000273464 0.00158309 0.999998 -0.00440951 0.0759732 0.00245916
FixedParameters: 0 0 0

#Transform 275
Transform: AffineTransform_float_3_3
Parameters: 1 -0.000448542 0.000273752 0.000448458 0.999999 -0.00167488 -0.000273249 0.00167512 0.999998 7.22498e-05 0.128947 -0.000563146
FixedParameters: 0 0 0

#Transform 276
Transform: AffineTransform_float_3_3
Parameters: 1 -0.000303846 9.74811e-05 0.000304155 0.999998 -0.00158297 -9.75186e-05 0.00158303 0.999998 -0.000423824 0.0960196 -0.0114823
FixedParameters: 0 0 0

#Transform 277
Transform: AffineTransform_float_3_3
Parameters: 1 -0.000132865 8.02242e-05 0.000133135 0.999998 -0.00168699 -7.97755e-05 0.00168701 0.999998 -0.00380455 0.148182 -0.0267858
FixedParameters: 0 0 0

#Transform 278
Transform: AffineTransform_float_3_3
Parameters: 1 7.50162e-05 1.18986e-05 -7.49837e-05 0.999999 -0.001352 -1.21014e-05 0.001352 0.999999 -0.0071125 0.110879 -0.00978873
FixedParameters: 0 0 0

#Transform 279
Transform: AffineTransform_float_3_3
Parameters: 1 -9.99216e-05 5.61397e-05 0.00010008 0.999999 -0.00139799 -5.68601e-05 0.00139801 0.999999 -0.00417952 0.155022 -0.027506
FixedParameters: 0 0 0

#Transform 280
Transform: AffineTransform_float_3_3
Parameters: 1 -0.000178917 6.42328e-05 0.000179084 0.999999 -0.00130099 -6.47671e-05 0.00130101 0.999999 -0.00258052 0.103015 -0.00840684
FixedParameters: 0 0 0

#Transform 281
Transform: AffineTransform_float_3_3
Parameters: 1 -0.000115009 -5.81795e-06 0.000114992 0.999998 -0.001583 5.18204e-06 0.001583 0.999998 -0.00298861 0.1413 -0.019037
FixedParameters: 0 0 0

#Transform 282
Transform: AffineTransform_float_3_3
Parameters: 1 -0.00017199 7.25077e-06 0.00017201 0.999999 -0.001458 -6.74922e-06 0.001458 0.999999 -0.00198671 0.104355 -0.0114382
FixedParameters: 0 0 0

#Transform 283
Transform: AffineTransform_float_3_3
Parameters: 1 -0.000162971 2.12267e-05 0.00016303 0.999999 -0.001391 -2.17732e-05 0.001391 0.999999 -0.00230898 0.128199 -0.00941499
FixedParameters: 0 0 0

#Transform 284
Transform: AffineTransform_float_3_3
Parameters: 1 -0.000122025 -1.58068e-05 0.000121976 0.999998 -0.001583 1.51931e-05 0.001583 0.999998 -0.00271813 0.110696 -0.0105542
FixedParameters: 0 0 0

#Transform 285
Transform: AffineTransform_float_3_3
Parameters: 1 -0.00017101 -8.80266e-06 0.00017099 1 -0.001154 9.19733e-06 0.001154 1 -0.00173912 0.116015 -0.00640636
FixedParameters: 0 0 0

#Transform 286
Transform: AffineTransform_float_3_3
Parameters: 1 -7.98638e-05 9.21182e-05 8.0136e-05 0.999999 -0.00147899 -9.18816e-05 0.00147901 0.999999 -0.00496937 0.116733 -0.0207797
FixedParameters: 0 0 0

#Transform 287
Transform: AffineTransform_float_3_3
Parameters: 1 -8.39441e-05 3.91201e-05 8.30557e-05 0.999999 -0.00143 -3.88813e-05 0.00143 0.999999 -0.0114018 0.119549 -0.0125119
FixedParameters: 0 0 0

#Transform 288
Transform: AffineTransform_float_3_3
Parameters: 1 -0.000110005 -2.82587e-06 0.000109995 0.999998 -0.001583 3.17413e-06 0.001583 0.999998 -0.0112263 0.130014 -0.0182621
FixedParameters: 0 0 0

#Transform 289
Transform: AffineTransform_float_3_3
Parameters: 1 -5.50258e-05 -1.89251e-05 5.49741e-05 0.999999 -0.001361 1.90748e-05 0.001361 0.999999 -0.0040355 0.112159 -0.0106488
FixedParameters: 0 0 0

#Transform 290
Transform: AffineTransform_float_3_3
Parameters: 1 -0.000119851 9.41898e-05 0.00012015 0.999998 -0.00158299 -9.48099e-05 0.00158301 0.999998 -0.0115327 0.139212 -0.0149581
FixedParameters: 0 0 0

#Transform 291
Transform: AffineTransform_float_3_3
Parameters: 1 -8.6935e-05 4.11377e-05 8.70664e-05 0.999998 -0.001583 -4.18622e-05 0.001583 0.999998 -0.00419607 0.115764 -0.0150653
FixedParameters: 0 0 0

#Transform 292
Transform: AffineTransform_float_3_3
Parameters: 1 0.000114902 -7.01612e-05 -0.000115098 0.999999 -0.00140199 6.98387e-05 0.00140201 0.999999 -0.0133441 0.135439 -0.0114831
FixedParameters: 0 0 0

#Transform 293
Transform: AffineTransform_float_3_3
Parameters: 1 6.41192e-05 7.7902e-05 -6.38807e-05 0.999999 -0.001529 -7.80978e-05 0.00152899 0.999999 -0.0077611 0.11585 -0.0138955
FixedParameters: 0 0 0

#Transform 294
Transform: AffineTransform_float_3_3
Parameters: 1 -5.16076e-05 0.000273074 5.23937e-05 0.999999 -0.00143699 -0.000273925 0.00143701 0.999999 -0.0155385 0.118632 -0.011754
FixedParameters: 0 0 0

#Transform 295
Transform: AffineTransform_float_3_3
Parameters: 1 -4.97087e-05 0.000184079 5.02912e-05 0.999998 -0.00158299 -0.000183921 0.00158301 0.999998 -0.0151335 0.142341 -0.0149075
FixedParameters: 0 0 0

#Transform 296
Transform: AffineTransform_float_3_3
Parameters: 1 -0.000117045 -2.98248e-05 0.000116955 0.999999 -0.001497 3.01751e-05 0.001497 0.999999 -0.00760724 0.120932 -0.0134881
FixedParameters: 0 0 0

#Transform 297
Transform: AffineTransform_float_3_3
Parameters: 1 3.64321e-05 0.000272943 -3.65678e-05 0.999998 -0.00158301 -0.000273058 0.00158299 0.999998 -0.0161559 0.147855 -0.0147902
FixedParameters: 0 0 0

#Transform 298
Transform: AffineTransform_float_3_3
Parameters: 1 -0.000119848 0.000121151 0.000120152 0.999999 -0.00125799 -0.000120849 0.00125802 0.999999 -0.00461084 0.104919 -0.00831302
FixedParameters: 0 0 0

#Transform 299
Transform: AffineTransform_float_3_3
Parameters: 1 -9.37795e-05 0.000154134 9.42203e-05 0.999999 -0.00143099 -0.000153865 0.00143101 0.999999 -0.014285 0.151755 -0.0118246
FixedParameters: 0 0 0

#Transform 300
Transform: AffineTransform_float_3_3
Parameters: 1 -7.80463e-06 0.000137011 8.19535e-06 0.999999 -0.001426 -0.000136988 0.001426 0.999999 -0.00710583 0.124512 -0.0116938
FixedParameters: 0 0 0

#Transform 301
Transform: AffineTransform_float_3_3
Parameters: 1 -0.000145568 0.000273231 0.000146434 0.999998 -0.00158296 -0.000273768 0.00158304 0.999998 -0.00614605 0.169745 -0.00657293
FixedParameters: 0 0 0

#Transform 302
Transform: AffineTransform_float_3_3
Parameters: 1 -0.000164785 0.000144246 0.000165214 0.999999 -0.00148998 -0.000143754 0.00149002 0.999999 -0.00396562 0.106018 -0.0131381
FixedParameters: 0 0 0

#Transform 303
Transform: AffineTransform_float_3_3
Parameters: 1 -0.000159778 0.000159223 0.000160222 0.999999 -0.00139697 -0.000158776 0.00139703 0.999999 -0.00424424 0.139379 0.0061737
FixedParameters: 0 0 0

#Transform 304
Transform: AffineTransform_float_3_3
Parameters: 1 -0.00012355 0.000273204 0.000123452 0.999998 -0.00164897 -0.000273797 0.00164803 0.999998 -0.00666377 0.148138 0.00127323
FixedParameters: 0 0 0

#Transform 305
Transform: AffineTransform_float_3_3
Parameters: 1 -6.552e-07 0.000273001 3.44799e-07 0.999999 -0.001263 -0.000273 0.001263 0.999999 -0.00917193 0.115499 0.0102666
FixedParameters: 0 0 0

#Transform 306
Transform: AffineTransform_float_3_3
Parameters: 1 -7.95819e-05 0.000273122 8.04194e-05 0.999999 -0.00153098 -0.000273877 0.00153102 0.999999 -0.00751532 0.141275 -0.0136231
FixedParameters: 0 0 0

#Transform 307
Transform: AffineTransform_float_3_3
Parameters: 1 -0.000134869 0.000101175 0.000135131 0.999999 -0.00129599 -0.000100825 0.00129601 0.999999 -0.00400124 0.109983 -0.00911527
FixedParameters: 0 0 0

#Transform 308
Transform: AffineTransform_float_3_3
Parameters: 1 -0.000172568 0.000273273 0.000173433 0.999998 -0.00158295 -0.000273726 0.00158305 0.999998 -0.012378 0.155615 -0.0146996
FixedParameters: 0 0 0

#Transform 309
Transform: AffineTransform_float_3_3
Parameters: 1 -0.000161618 0.000273226 0.000162383 0.999999 -0.00139696 -0.000273773 0.00139704 0.999999 -0.0057952 0.135099 0.00516044
FixedParameters: 0 0 0

#Transform 310
Transform: AffineTransform_float_3_3
Parameters: 1 4.36991e-06 0.000272994 -3.63008e-06 0.999999 -0.001355 -0.000273005 0.001355 0.999999 -0.00920242 0.151039 -0.00110538
FixedParameters: 0 0 0

#Transform 311
Transform: AffineTransform_float_3_3
Parameters: 1 -0.000133851 0.000137145 0.00013415 1 -0.00108598 -0.000137854 0.00108602 1 -0.0088635 0.143529 0.0206876
FixedParameters: 0 0 0

#Transform 312
Transform: AffineTransform_float_3_3
Parameters: 1 -6.01118e-05 -8.59219e-05 5.98881e-05 0.999999 -0.00130101 8.6078e-05 0.001301 0.999999 -0.00300377 0.149691 -0.00104006
FixedParameters: 0 0 0

#Transform 313
Transform: AffineTransform_float_3_3
Parameters: 1 -0.000384357 -0.000298541 0.000383642 0.999999 -0.00119512 0.000299459 0.00119489 0.999999 0.00661029 0.0985887 0.0176978
FixedParameters: 0 0 0

#Transform 314
Transform: AffineTransform_float_3_3
Parameters: 1 -0.000345364 -0.000248495 0.000345637 0.999999 -0.00146209 0.000248506 0.00146191 0.999999 0.0051613 0.147853 0.0123343
FixedParameters: 0 0 0

#Transform 315
Transform: AffineTransform_float_3_3
Parameters: 1 -0.000449204 -0.000187512 0.000448796 1 -0.00108609 0.000188488 0.00108592 1 -0.000496917 0.103416 0.0117545
FixedParameters: 0 0 0

#Transform 316
Transform: AffineTransform_float_3_3
Parameters: 1 -0.000307928 4.25201e-05 0.00030807 0.999998 -0.00168899 -4.14797e-05 0.00168901 0.999998 0.000335742 0.151072 -0.00880926
FixedParameters: 0 0 0

#Transform 317
Transform: AffineTransform_float_3_3
Parameters: 1 -0.000321109 -7.25178e-05 0.00032089 0.999999 -0.00150202 7.3482e-05 0.00150198 0.999999 0.00226665 0.12358 -0.00516857
FixedParameters: 0 0 0

#Transform 318
Transform: AffineTransform_float_3_3
Parameters: 1 -0.000449111 -7.23107e-05 0.000448887 0.999998 -0.00153503 7.36891e-05 0.00153497 0.999999 -0.00183148 0.157705 -0.00570933
FixedParameters: 0 0 0

#Transform 319
Transform: AffineTransform_float_3_3
Parameters: 1 -0.000449109 -7.23268e-05 0.00044889 0.999999 -0.00149903 7.36729e-05 0.00149897 0.999999 -0.00150238 0.137328 -0.00506335
FixedParameters: 0 0 0

#Transform 320
Transform: AffineTransform_float_3_3
Parameters: 1 -0.000276104 -7.26044e-05 0.000275895 0.999999 -0.00143302 7.33954e-05 0.00143298 0.999999 -0.0109848 0.145129 -0.00359109
FixedParameters: 0 0 0

#Transform 321
Transform: AffineTransform_float_3_3
Parameters: 1 -0.00023293 4.93331e-05 0.00023307 0.999999 -0.00142999 -4.86668e-05 0.00143001 0.999999 -0.0099582 0.136646 -0.00349063
FixedParameters: 0 0 0

#Transform 322
Transform: AffineTransform_float_3_3
Parameters: 1 -0.000250105 -7.26389e-05 0.000249894 0.999999 -0.00144402 7.33609e-05 0.00144398 0.999999 -0.0111741 0.129507 -0.00388871
FixedParameters: 0 0 0

#Transform 323
Transform: AffineTransform_float_3_3
Parameters: 1 -6.59276e-05 4.80993e-05 6.60737e-05 0.999999 -0.001506 -4.89005e-05 0.001506 0.999999 -0.0145104 0.13332 -0.00267207
FixedParameters: 0 0 0

#Transform 324
Transform: AffineTransform_float_3_3
Parameters: 1 0 0 0 0.999999 -0.001256 0 0.001256 0.999999 -0.015405 0.110888 0.00642347
FixedParameters: 0 0 0
