#Insight Transform File V1.0
#Transform 0
Transform: AffineTransform_float_3_3
Parameters: 0.999999 -0.000307181 0.000641913 0.000306819 1 0.000282197 -0.000642086 -0.000281803 1 0.0222687 -0.0130555 0.0297156
FixedParameters: 0 0 0

#Transform 1
Transform: AffineTransform_float_3_3
Parameters: 1 -0.00030821 0.000447855 0.000307789 1 0.000470138 -0.000448145 -0.000469862 1 0.0189141 -0.0201361 0.0171031
FixedParameters: 0 0 0

#Transform 2
Transform: AffineTransform_float_3_3
Parameters: 1 -0.000142074 0.000299965 0.000141926 1 0.000248043 -0.000300035 -0.000247957 1 0.013979 -0.00154502 0.00265667
FixedParameters: 0 0 0

#Transform 3
Transform: AffineTransform_float_3_3
Parameters: 1 -0.000215117 0.000447944 0.000214883 1 0.000262096 -0.000448056 -0.000261904 1 0.0176734 -0.00563438 -0.0156273
FixedParameters: 0 0 0

#Transform 4
Transform: AffineTransform_float_3_3
Parameters: 1 -0.000129978 0.000448006 0.000130022 1 -4.99417e-05 -0.000447993 5.00582e-05 1 0.0205495 -0.0227683 0.037932
FixedParameters: 0 0 0

#Transform 5
Transform: AffineTransform_float_3_3
Parameters: 1 -4.3132e-08 0.000526 -4.3132e-08 1 8.2e-05 -0.000526 -8.2e-05 1 0.015026 -0.00747416 0.0342303
FixedParameters: 0 0 0

#Transform 6
Transform: AffineTransform_float_3_3
Parameters: 1 -5.04893e-05 0.000448058 5.05118e-05 1 -0.00113998 -0.000448943 0.00114002 0.999999 0.0203767 0.0267993 0.0428839
FixedParameters: 0 0 0

#Transform 7
Transform: AffineTransform_float_3_3
Parameters: 1 5.63584e-07 0.000448 -4.36415e-07 0.999999 -0.001258 -0.000448001 0.001258 0.999999 0.0130926 0.00186806 0.0288364
FixedParameters: 0 0 0

#Transform 8
Transform: AffineTransform_float_3_3
Parameters: 1 3.29921e-07 0.000359 3.29921e-07 0.999999 -0.000918999 -0.000359 0.000918999 0.999999 0.0144988 -0.0154 0.0275346
FixedParameters: 0 0 0

#Transform 9
Transform: AffineTransform_float_3_3
Parameters: 1 3.02848e-07 0.000448 3.02848e-07 1 -0.000676 -0.000448 0.000676 0.999999 0.0113574 0.0121231 0.0328911
FixedParameters: 0 0 0

#Transform 10
Transform: AffineTransform_float_3_3
Parameters: 1 2.02944e-07 0.000448 2.02944e-07 1 -0.000453 -0.000448 0.000453 1 0.00611316 0.104134 0.00115443
FixedParameters: 0 0 0

#Transform 11
Transform: AffineTransform_float_3_3
Parameters: 1 -0.000190883 0.000296075 0.000191117 1 -0.000394943 -0.000295924 0.000395056 1 0.00993792 0.0473292 -0.0130423
FixedParameters: 0 0 0

#Transform 12
Transform: AffineTransform_float_3_3
Parameters: 1 -4.025e-09 0.000161 -4.025e-09 1 2.5e-05 -0.000161 -2.5e-05 1 0.0134557 -0.205802 0.0105575
FixedParameters: 0 0 0

#Transform 13
Transform: AffineTransform_float_3_3
Parameters: 1 -1.0296e-08 0.000143 -1.0296e-08 1 7.2e-05 -0.000143 -7.2e-05 1 0.00390196 -0.0244287 0.0279628
FixedParameters: 0 0 0

#Transform 14
Transform: AffineTransform_float_3_3
Parameters: 1 -3.7296e-08 0.000222 -3.7296e-08 1 0.000168 -0.000222 -0.000168 1 0.00917078 -0.0125671 0.0125993
FixedParameters: 0 0 0

#Transform 15
Transform: AffineTransform_float_3_3
Parameters: 1 -0.000177055 0.000104906 0.000176944 1 0.000529018 -0.000105094 -0.000528981 1 0.0116887 -0.0135908 0.00859599
FixedParameters: 0 0 0

#Transform 16
Transform: AffineTransform_float_3_3
Parameters: 1 -9.695e-05 -0.000116042 9.705e-05 1 0.000430989 0.000115958 -0.000431011 1 0.00886778 0.0443568 -0.00545036
FixedParameters: 0 0 0

#Transform 17
Transform: AffineTransform_float_3_3
Parameters: 1 -1.205e-09 5e-06 -1.205e-09 1 0.000241 -5e-06 -0.000241 1 0.00621938 0.0282049 0.00488862
FixedParameters: 0 0 0

#Transform 18
Transform: AffineTransform_float_3_3
Parameters: 1 -2.304e-08 0.00024 -2.304e-08 1 9.6e-05 -0.00024 -9.6e-05 1 -7.83674e-05 0.0293683 -0.00178288
FixedParameters: 0 0 0

#Transform 19
Transform: AffineTransform_float_3_3
Parameters: 1 1.054e-08 -6.2e-05 1.054e-08 1 0.00017 6.2e-05 -0.00017 1 0.00814914 0.0220968 0.00413436
FixedParameters: 0 0 0

#Transform 20
Transform: AffineTransform_float_3_3
Parameters: 1 -7.59928e-05 -0.000118005 7.60072e-05 1 6.0991e-05 0.000117995 -6.1009e-05 1 0.000841561 -0.00433699 -0.000593348
FixedParameters: 0 0 0

#Transform 21
Transform: AffineTransform_float_3_3
Parameters: 1 8.90609e-05 0.000238977 -8.8939e-05 1 -0.000255021 -0.000239023 0.000254979 1 -0.000198581 -0.0201553 0.0278951
FixedParameters: 0 0 0

#Transform 22
Transform: AffineTransform_float_3_3
Parameters: 1 0.000143088 0.000254951 -0.000142912 1 -0.000344036 -0.000255049 0.000343963 1 -0.00367168 0.0015329 0.00945592
FixedParameters: 0 0 0

#Transform 23
Transform: AffineTransform_float_3_3
Parameters: 1 0.00010806 0.000447985 -0.00010794 1 -0.000134048 -0.000448014 0.000133952 1 0.00267343 -0.0223902 0.0454943
FixedParameters: 0 0 0

#Transform 24
Transform: AffineTransform_float_3_3
Parameters: 1 9.0944e-08 0.000448 9.0944e-08 1 -0.000203 -0.000448 0.000203 1 0.0044339 -0.00780688 0.0228882
FixedParameters: 0 0 0

#Transform 25
Transform: AffineTransform_float_3_3
Parameters: 1 8.7808e-08 0.000448 8.7808e-08 1 -0.000196 -0.000448 0.000196 1 -0.00549022 0.00758178 0.0137024
FixedParameters: 0 0 0

#Transform 26
Transform: AffineTransform_float_3_3
Parameters: 1 0.000104019 0.000447995 -0.000103981 1 -4.30466e-05 -0.000448004 4.29534e-05 1 -0.00553336 0.0233919 0.0323884
FixedParameters: 0 0 0

#Transform 27
Transform: AffineTransform_float_3_3
Parameters: 1 6.3282e-08 0.000398 6.3282e-08 1 -0.000159 -0.000398 0.000159 1 0.00431491 0.062472 0.0146275
FixedParameters: 0 0 0

#Transform 28
Transform: AffineTransform_float_3_3
Parameters: 1 7.05e-10 0.000235 7.05e-10 1 -3e-06 -0.000235 3e-06 1 -0.00179804 0.0167359 0.0180956
FixedParameters: 0 0 0

#Transform 29
Transform: AffineTransform_float_3_3
Parameters: 1 0.000113073 0.00027397 -0.000112927 1 -0.000267031 -0.00027403 0.000266969 1 -0.00648932 0.020756 0.0134212
FixedParameters: 0 0 0

#Transform 30
Transform: AffineTransform_float_3_3
Parameters: 1 2.80448e-07 0.000448 2.80448e-07 1 -0.000626 -0.000448 0.000626 0.999999 -0.0078484 0.0927248 0.0066009
FixedParameters: 0 0 0

#Transform 31
Transform: AffineTransform_float_3_3
Parameters: 1 9.164e-09 0.000316 9.164e-09 1 -2.9e-05 -0.000316 2.9e-05 1 -0.00443871 -0.0495056 0.00389194
FixedParameters: 0 0 0

#Transform 32
Transform: AffineTransform_float_3_3
Parameters: 1 5.62688e-07 0.000448 -4.37311e-07 0.999999 -0.001256 -0.000448001 0.001256 0.999999 -0.00523915 0.0188948 -0.00401346
FixedParameters: 0 0 0

#Transform 33
Transform: AffineTransform_float_3_3
Parameters: 1 6.8142e-07 0.000554 -3.18579e-07 0.999999 -0.00123 -0.000554001 0.00123 0.999999 -0.00581846 0.0532212 -0.00404449
FixedParameters: 0 0 0

#Transform 34
Transform: AffineTransform_float_3_3
Parameters: 0.999999 5.13616e-07 0.000752 -4.86383e-07 1 -0.000683001 -0.000752001 0.000683 1 -0.00687588 -0.0348688 0.0378532
FixedParameters: 0 0 0

#Transform 35
Transform: AffineTransform_float_3_3
Parameters: 1 4.26944e-07 0.000448 4.26944e-07 0.999999 -0.000953 -0.000448 0.000953 1 -0.00359241 0.0397038 0.0311305
FixedParameters: 0 0 0

#Transform 36
Transform: AffineTransform_float_3_3
Parameters: 1 -0.000259909 0.000448053 0.000260091 1 -0.000202883 -0.000448947 0.000203117 1 0.00459946 0.0031585 0.0217828
FixedParameters: 0 0 0

#Transform 37
Transform: AffineTransform_float_3_3
Parameters: 1 1.8338e-07 0.000212 1.8338e-07 0.999999 -0.000864999 -0.000212 0.000864999 0.999999 -0.00739956 0.0799815 0.0196673
FixedParameters: 0 0 0

#Transform 38
Transform: AffineTransform_float_3_3
Parameters: 1 -0.000146936 0.000183052 0.000147064 1 -0.000351973 -0.000182948 0.000352027 1 -0.00354494 0.0596849 0.0238652
FixedParameters: 0 0 0

#Transform 39
Transform: AffineTransform_float_3_3
Parameters: 1 -0.000205887 0.000284082 0.000206113 1 -0.000398941 -0.000283918 0.000399058 1 -0.00306304 0.0454523 -0.00548589
FixedParameters: 0 0 0

#Transform 40
Transform: AffineTransform_float_3_3
Parameters: 1 -0.000192929 0.000178077 0.000193071 1 -0.000400966 -0.000177923 0.000401034 1 -0.000835113 0.00196517 0.000100048
FixedParameters: 0 0 0

#Transform 41
Transform: AffineTransform_float_3_3
Parameters: 1 -0.000202228 -0.000284838 0.000201772 0.999999 -0.000802057 0.000284162 0.000801942 0.999999 -0.00817735 -0.0057904 -0.0304436
FixedParameters: 0 0 0

#Transform 42
Transform: AffineTransform_float_3_3
Parameters: 1 -0.000492893 0.000101519 0.000493107 1 -0.00105295 -0.000101481 0.00105305 1 0.00158941 0.049476 -0.0687636
FixedParameters: 0 0 0

#Transform 43
Transform: AffineTransform_float_3_3
Parameters: 1 -0.000224291 -0.000200675 0.000223708 0.999999 -0.00145104 0.000201325 0.00145095 0.999999 -0.00770445 0.0160158 -0.0657186
FixedParameters: 0 0 0

#Transform 44
Transform: AffineTransform_float_3_3
Parameters: 1 -0.00018594 5.91882e-05 0.000186061 1 -0.00101199 -5.98118e-05 0.00101201 1 -0.00217813 0.0180997 -0.042341
FixedParameters: 0 0 0

#Transform 45
Transform: AffineTransform_float_3_3
Parameters: 1 -0.000103988 1.70755e-05 0.000104012 0.999999 -0.000725998 -1.69245e-05 0.000726001 0.999999 -0.00321419 0.0461271 -0.044481
FixedParameters: 0 0 0

#Transform 46
Transform: AffineTransform_float_3_3
Parameters: 1 -0.000124118 -0.00016191 0.000123882 0.999999 -0.00072602 0.00016209 0.000725979 0.999999 -0.0113161 0.0298482 -0.0510299
FixedParameters: 0 0 0

#Transform 47
Transform: AffineTransform_float_3_3
Parameters: 1 6.83036e-06 -0.000309004 -7.16964e-06 1 -0.000548998 0.000308996 0.000549002 1 -0.0105469 0.0278027 -0.0225399
FixedParameters: 0 0 0

#Transform 48
Transform: AffineTransform_float_3_3
Parameters: 1 0.000111703 -0.000409081 -0.000112297 0.999999 -0.000725954 0.000408918 0.000726045 0.999999 -0.0115154 0.0662974 -0.0270784
FixedParameters: 0 0 0

#Transform 49
Transform: AffineTransform_float_3_3
Parameters: 1 2.07867e-05 -0.000300015 -2.12133e-05 0.999999 -0.000710993 0.000299985 0.000711006 0.999999 -0.0108929 0.0146942 -0.02692
FixedParameters: 0 0 0

#Transform 50
Transform: AffineTransform_float_3_3
Parameters: 1 6.90698e-05 9.0947e-05 -6.89302e-05 0.999999 -0.000767006 -9.10529e-05 0.000766993 0.999999 -0.0156582 0.0271668 -0.0158992
FixedParameters: 0 0 0

#Transform 51
Transform: AffineTransform_float_3_3
Parameters: 1 0.000141928 -8.81154e-05 -0.000141071 0.999999 -0.000812987 8.78853e-05 0.000813012 0.999999 -0.0172205 0.0445791 -0.0215591
FixedParameters: 0 0 0

#Transform 52
Transform: AffineTransform_float_3_3
Parameters: 1 -2.70659e-05 -6.79737e-05 2.6934e-05 0.999999 -0.000970001 6.80261e-05 0.000969997 0.999999 -0.0167305 0.0294478 -0.0314115
FixedParameters: 0 0 0

#Transform 53
Transform: AffineTransform_float_3_3
Parameters: 1 4.98886e-05 -0.000118047 -5.01113e-05 0.999999 -0.000943993 0.000117953 0.000944005 0.999999 -0.0163385 0.0738875 -0.0371812
FixedParameters: 0 0 0

#Transform 54
Transform: AffineTransform_float_3_3
Parameters: 1 -7.20634e-05 -7.79414e-05 7.19365e-05 0.999999 -0.000813005 7.80585e-05 0.000812994 0.999999 -0.012494 0.0117953 -0.0396204
FixedParameters: 0 0 0

#Transform 55
Transform: AffineTransform_float_3_3
Parameters: 1 -0.00029945 -0.000432689 0.00029855 1 -0.00104013 0.000433311 0.00103987 1 -0.000856712 0.0794929 -0.0237305
FixedParameters: 0 0 0

#Transform 56
Transform: AffineTransform_float_3_3
Parameters: 1 -0.000493232 -0.000325648 0.000492767 0.999999 -0.00071416 0.000326352 0.000713839 0.999999 0.0028531 0.00655628 -0.0249779
FixedParameters: 0 0 0

#Transform 57
Transform: AffineTransform_float_3_3
Parameters: 1 -0.000368234 -0.000222614 0.000367767 1 -0.00104808 0.000222386 0.00104792 1 0.00547975 0.0502506 -0.035153
FixedParameters: 0 0 0

#Transform 58
Transform: AffineTransform_float_3_3
Parameters: 1 -0.000177206 -0.00024285 0.000176794 0.999999 -0.000848042 0.00024315 0.000847956 0.999999 -0.00732074 0.0301774 -0.0403103
FixedParameters: 0 0 0

#Transform 59
Transform: AffineTransform_float_3_3
Parameters: 1 -0.000409081 -0.000218849 0.000408919 1 -0.000370089 0.000219151 0.00036991 1 -0.0056769 0.00776255 -0.0323785
FixedParameters: 0 0 0

#Transform 60
Transform: AffineTransform_float_3_3
Parameters: 1 -0.00034513 -0.000307854 0.00034487 1 -0.000424106 0.000307146 0.000423894 1 -0.00508444 0.0588291 -0.0326578
FixedParameters: 0 0 0

#Transform 61
Transform: AffineTransform_float_3_3
Parameters: 1 -0.000493238 -0.000291596 0.000492761 0.999999 -0.000818143 0.000292403 0.000817855 0.999999 -0.00823376 0.0756314 -0.0394371
FixedParameters: 0 0 0

#Transform 62
Transform: AffineTransform_float_3_3
Parameters: 1 -0.000428107 -0.000361873 0.000427893 1 -0.000296155 0.000362127 0.000296845 1 -0.00305126 -0.000496938 -0.0441149
FixedParameters: 0 0 0

#Transform 63
Transform: AffineTransform_float_3_3
Parameters: 1 -0.000149044 -0.000147956 0.000148956 1 -0.000296022 0.000148044 0.000295978 1 -0.0100506 0.0395287 -0.0223421
FixedParameters: 0 0 0

#Transform 64
Transform: AffineTransform_float_3_3
Parameters: 1 -0.000119015 -2.39269e-05 0.000118985 1 -0.000614003 2.40731e-05 0.000613997 1 -0.0152683 0.0416385 -0.0271586
FixedParameters: 0 0 0

#Transform 65
Transform: AffineTransform_float_3_3
Parameters: 1 -0.00036012 -0.000187769 0.000359879 0.999999 -0.000640067 0.000188231 0.000640932 1 -0.00964508 0.0766415 -0.00570474
FixedParameters: 0 0 0

#Transform 66
Transform: AffineTransform_float_3_3
Parameters: 1 -0.000419059 -0.000107772 0.000418941 1 -0.000545045 0.000107228 0.000544955 1 -0.00246718 0.0426343 -0.00862273
FixedParameters: 0 0 0

#Transform 67
Transform: AffineTransform_float_3_3
Parameters: 1 -0.000396253 -0.000342707 0.000395746 0.999999 -0.000739135 0.000343292 0.000738864 0.999999 -0.000802017 -0.00638246 -0.0319982
FixedParameters: 0 0 0

#Transform 68
Transform: AffineTransform_float_3_3
Parameters: 1 -0.000197126 -0.000119793 0.000197874 1 -0.00105002 0.000120208 0.00104998 1 -0.00954669 0.0932292 -0.0265409
FixedParameters: 0 0 0

#Transform 69
Transform: AffineTransform_float_3_3
Parameters: 1 -0.000217133 -0.000175835 0.000216866 0.999999 -0.000759038 0.000176165 0.000758961 0.999999 -0.00839588 0.0329693 -0.0239382
FixedParameters: 0 0 0

#Transform 70
Transform: AffineTransform_float_3_3
Parameters: 1 -0.000297269 -0.000344768 0.00029773 0.999999 -0.000781102 0.000345232 0.000780897 0.999999 -0.0102449 0.0492434 -0.0245069
FixedParameters: 0 0 0

#Transform 71
Transform: AffineTransform_float_3_3
Parameters: 1 -8.43014e-05 -0.000258902 8.46987e-05 1 -0.00116302 0.000259099 0.00116398 1 -0.0109819 0.0289743 -0.0213997
FixedParameters: 0 0 0

#Transform 72
Transform: AffineTransform_float_3_3
Parameters: 1 -0.000205403 -0.000376781 0.000205597 1 -0.00107008 0.00037722 0.00106992 1 -0.00828001 0.0621346 -0.0192243
FixedParameters: 0 0 0

#Transform 73
Transform: AffineTransform_float_3_3
Parameters: 1 -2.93734e-05 -0.000386972 2.86265e-05 0.999999 -0.000965011 0.000387028 0.000964989 1 -0.0136963 0.0603557 -0.0173208
FixedParameters: 0 0 0

#Transform 74
Transform: AffineTransform_float_3_3
Parameters: 1 -0.000153539 -0.000546849 0.00015246 0.999999 -0.000986083 0.000547151 0.000985916 1 -0.0130991 0.0371983 -0.0277012
FixedParameters: 0 0 0

#Transform 75
Transform: AffineTransform_float_3_3
Parameters: 1 -0.000152399 -0.000349827 0.000151601 1 -0.00113905 0.000350173 0.00113895 1 -0.0127075 0.0463647 -0.0278418
FixedParameters: 0 0 0

#Transform 76
Transform: AffineTransform_float_3_3
Parameters: 1 1.90372e-07 9.09998e-05 1.90372e-07 0.999998 -0.002092 -9.09998e-05 0.002092 0.999998 -0.0177609 0.112151 -0.0219045
FixedParameters: 0 0 0

#Transform 77
Transform: AffineTransform_float_3_3
Parameters: 1 0.000128169 9.07613e-05 -0.00012783 0.999999 -0.00186401 -9.12385e-05 0.00186399 0.999999 -0.0168249 0.019709 -0.0013684
FixedParameters: 0 0 0

#Transform 78
Transform: AffineTransform_float_3_3
Parameters: 1 2.8998e-05 -1.05678e-06 -2.90019e-05 0.999998 -0.001958 9.43216e-07 0.001958 0.999998 -0.0212203 0.0612538 -0.00131668
FixedParameters: 0 0 0

#Transform 79
Transform: AffineTransform_float_3_3
Parameters: 1 -1.08351e-05 9.10198e-05 1.11649e-05 0.999999 -0.001812 -9.098e-05 0.001812 0.999999 -0.0203921 0.11179 -0.0314063
FixedParameters: 0 0 0

#Transform 80
Transform: AffineTransform_float_3_3
Parameters: 1 1.31283e-05 9.09816e-05 -1.28717e-05 0.999999 -0.00141 -9.10182e-05 0.00141 0.999999 -0.0209763 0.0264613 -0.0249127
FixedParameters: 0 0 0

#Transform 81
Transform: AffineTransform_float_3_3
Parameters: 1 0.000111932 -3.91935e-05 -0.000112067 0.999998 -0.00172799 3.88064e-05 0.001728 0.999998 -0.0188446 0.0881715 -0.0295825
FixedParameters: 0 0 0

#Transform 82
Transform: AffineTransform_float_3_3
Parameters: 1 -2.0824e-05 9.10405e-05 2.1176e-05 0.999998 -0.001934 -9.09592e-05 0.001934 0.999998 -0.0202862 0.0697419 -0.0194695
FixedParameters: 0 0 0

#Transform 83
Transform: AffineTransform_float_3_3
Parameters: 1 -6.70919e-05 -5.08791e-05 6.69079e-05 0.999999 -0.001804 5.11208e-05 0.001804 0.999999 -0.0177926 0.071084 -0.025937
FixedParameters: 0 0 0

#Transform 84
Transform: AffineTransform_float_3_3
Parameters: 1 7.39406e-05 -3.31329e-05 -7.40592e-05 0.999999 -0.001797 3.2867e-05 0.001797 0.999999 -0.0230741 0.0632742 -0.0332259
FixedParameters: 0 0 0

#Transform 85
Transform: AffineTransform_float_3_3
Parameters: 1 5.47274e-05 -0.000133112 -5.52724e-05 0.999998 -0.00204899 0.000132887 0.00204901 0.999998 -0.0218917 0.0909788 -0.0449399
FixedParameters: 0 0 0

#Transform 86
Transform: AffineTransform_float_3_3
Parameters: 1 8.18057e-05 -0.000101157 -8.1194e-05 0.999998 -0.00192199 0.000100844 0.00192201 0.999998 -0.0196714 0.0706335 -0.0277339
FixedParameters: 0 0 0

#Transform 87
Transform: AffineTransform_float_3_3
Parameters: 1 0.000121943 -2.72548e-05 -0.000122056 0.999998 -0.002089 2.67451e-05 0.002089 0.999998 -0.0236577 0.0558074 -0.0413594
FixedParameters: 0 0 0

#Transform 88
Transform: AffineTransform_float_3_3
Parameters: 1 6.81636e-05 9.08776e-05 -6.78362e-05 0.999999 -0.00179901 -9.11222e-05 0.001799 0.999999 -0.0238465 0.0437888 -0.0400733
FixedParameters: 0 0 0

#Transform 89
Transform: AffineTransform_float_3_3
Parameters: 1 9.91653e-05 9.08199e-05 -9.88344e-05 0.999999 -0.00181801 -9.11799e-05 0.00181799 0.999999 -0.023651 0.0807347 -0.0347287
FixedParameters: 0 0 0

#Transform 90
Transform: AffineTransform_float_3_3
Parameters: 1 7.11695e-05 9.08675e-05 -7.08303e-05 0.999999 -0.00186401 -9.11322e-05 0.00186399 0.999999 -0.0241111 0.0814727 -0.0398677
FixedParameters: 0 0 0

#Transform 91
Transform: AffineTransform_float_3_3
Parameters: 0.999999 0.00050367 -0.000861954 -0.00050733 0.999993 -0.00386757 0.000860044 0.00386744 0.999992 0.000561027 0.112714 -0.00846428
FixedParameters: 0 0 0

#Transform 92
Transform: AffineTransform_float_3_3
Parameters: 1 -0.000215362 -0.000603162 0.000213635 0.999993 -0.00391313 0.000604841 0.00391387 0.999992 0.00907596 0.191209 0.0280089
FixedParameters: 0 0 0

#Transform 93
Transform: AffineTransform_float_3_3
Parameters: 1 -0.000523848 -0.000251239 0.000523153 0.999994 -0.00336413 0.000252761 0.00336387 0.999995 0.0106897 0.155616 0.0249852
FixedParameters: 0 0 0

#Transform 94
Transform: AffineTransform_float_3_3
Parameters: 1 -0.000336314 -0.000577236 0.000334686 0.999998 -0.0022752 0.000577763 0.00227481 0.999997 0.0113343 -0.00805179 0.0309601
FixedParameters: 0 0 0

#Transform 95
Transform: AffineTransform_float_3_3
Parameters: 0.999999 -0.000205913 -0.000917573 0.000204087 0.999998 -0.00208519 0.000917427 0.00208481 0.999998 0.00364109 0.0415992 0.0370838
FixedParameters: 0 0 0

#Transform 96
Transform: AffineTransform_float_3_3
Parameters: 0.999999 -0.000270851 -0.000831399 0.000269147 0.999998 -0.00222623 0.000832601 0.00222578 0.999997 0.010115 0.0859863 0.0212011
FixedParameters: 0 0 0

#Transform 97
Transform: AffineTransform_float_3_3
Parameters: 1 -0.000105912 -0.000917782 0.00010409 0.999998 -0.0020831 0.00091722 0.0020829 0.999998 -0.00263972 0.0778788 0.0241111
FixedParameters: 0 0 0

#Transform 98
Transform: AffineTransform_float_3_3
Parameters: 0.999999 -0.000134699 -0.000917752 0.000133302 0.999999 -0.00185112 0.000917248 0.00185088 0.999998 -0.00199817 0.101097 0.0327082
FixedParameters: 0 0 0

#Transform 99
Transform: AffineTransform_float_3_3
Parameters: 0.999999 -0.000163608 -0.000917714 0.000162393 0.999999 -0.00175215 0.000917286 0.00175185 0.999998 0.01041 0.113872 0.0297069
FixedParameters: 0 0 0

#Transform 100
Transform: AffineTransform_float_3_3
Parameters: 0.999999 -0.00015565 -0.000917721 0.000154351 0.999999 -0.00179814 0.000917279 0.00179786 0.999998 0.00344651 0.124594 0.0289308
FixedParameters: 0 0 0

#Transform 101
Transform: AffineTransform_float_3_3
Parameters: 0.999999 -5.57386e-05 -0.000917895 5.42612e-05 0.999998 -0.00189405 0.000918104 0.00189395 0.999998 0.00934317 0.152135 0.0382895
FixedParameters: 0 0 0

#Transform 102
Transform: AffineTransform_float_3_3
Parameters: 0.999999 1.27212e-05 -0.000918018 -1.32788e-05 0.999999 -0.00139299 0.000917982 0.00139301 0.999998 0.00733268 0.114538 0.0529018
FixedParameters: 0 0 0

#Transform 103
Transform: AffineTransform_float_3_3
Parameters: 0.999999 -1.30942e-05 -0.000917985 1.19057e-05 1 -0.00119201 0.000918014 0.00119199 0.999999 -0.00488656 0.0764366 0.0525904
FixedParameters: 0 0 0

#Transform 104
Transform: AffineTransform_float_3_3
Parameters: 0.999999 -1.02016e-05 -0.000917987 8.79832e-06 0.999999 -0.00130901 0.000918012 0.00130899 0.999998 -0.00874453 0.0853291 0.038097
FixedParameters: 0 0 0

#Transform 105
Transform: AffineTransform_float_3_3
Parameters: 0.999999 6.37453e-05 -0.000794102 -6.52544e-05 0.999998 -0.00157995 0.000793898 0.00158005 0.999999 -0.0101254 0.0737124 0.0338959
FixedParameters: 0 0 0

#Transform 106
Transform: AffineTransform_float_3_3
Parameters: 0.999999 0.000143831 -0.000918183 -0.000145168 0.999999 -0.00127287 0.000917815 0.00127313 0.999999 -0.00867819 0.0610831 0.0424242
FixedParameters: 0 0 0

#Transform 107
Transform: AffineTransform_float_3_3
Parameters: 0.999999 9.50131e-05 -0.000801117 -9.59867e-05 0.999999 -0.00123192 0.000800882 0.00123208 0.999999 -0.0102525 0.0706676 0.0389859
FixedParameters: 0 0 0

#Transform 108
Transform: AffineTransform_float_3_3
Parameters: 1 -1.80621e-05 -0.00091798 1.69379e-05 1 -0.00115702 0.000918021 0.00115698 0.999999 -0.00683006 0.0769411 0.0446958
FixedParameters: 0 0 0

#Transform 109
Transform: AffineTransform_float_3_3
Parameters: 0.999999 0.000209834 -0.000757323 -0.000210165 0.999999 -0.00153984 0.000756677 0.00154016 0.999998 -0.00913696 0.0960697 0.0315662
FixedParameters: 0 0 0

#Transform 110
Transform: AffineTransform_float_3_3
Parameters: 1 0.000210426 -0.000245493 -0.000210575 0.999997 -0.00233995 0.000245508 0.00234005 0.999997 0.00289972 0.115818 0.0815414
FixedParameters: 0 0 0

#Transform 111
Transform: AffineTransform_float_3_3
Parameters: 1 -0.000176197 -6.7487e-05 0.000175804 0.999995 -0.00291301 6.75124e-05 0.00291299 0.999996 0.00484011 0.158154 0.0808111
FixedParameters: 0 0 0

#Transform 112
Transform: AffineTransform_float_3_3
Parameters: 1 -0.000290869 -0.000316203 0.000289129 0.999996 -0.00274409 0.000317795 0.00274391 0.999996 0.00566966 0.118235 0.0580934
FixedParameters: 0 0 0

#Transform 113
Transform: AffineTransform_float_3_3
Parameters: 0.999999 -0.000398826 -0.000776064 0.000397174 0.999997 -0.00235231 0.000776936 0.00235169 0.999997 0.0112796 0.0580841 0.0300652
FixedParameters: 0 0 0

#Transform 114
Transform: AffineTransform_float_3_3
Parameters: 1 -0.000291669 -0.000498026 0.000289331 0.999995 -0.00334815 0.000498972 0.00334786 0.999995 0.00100159 0.193324 -0.00688058
FixedParameters: 0 0 0

#Transform 115
Transform: AffineTransform_float_3_3
Parameters: 1 -0.000444762 -0.000170021 0.000444238 0.99999 -0.00445408 0.00017198 0.00445392 0.99999 0.023468 0.107506 -0.00451167
FixedParameters: 0 0 0

#Transform 116
Transform: AffineTransform_float_3_3
Parameters: 1 -0.000639751 -0.000944801 0.000634249 0.999987 -0.0050196 0.000948196 0.0050194 0.999987 0.0382471 0.168913 0.0207458
FixedParameters: 0 0 0

#Transform 117
Transform: AffineTransform_float_3_3
Parameters: 0.999999 -0.000686628 -0.00119936 0.000681374 0.999993 -0.00385482 0.00120164 0.00385418 0.999992 0.0358918 0.0491389 0.00933728
FixedParameters: 0 0 0

#Transform 118
Transform: AffineTransform_float_3_3
Parameters: 0.999999 -0.000684562 -0.00107474 0.000680441 0.999995 -0.00331073 0.00107626 0.00331027 0.999994 0.0339324 0.0719599 0.00394088
FixedParameters: 0 0 0

#Transform 119
Transform: AffineTransform_float_3_3
Parameters: 1 -0.000490302 -0.000814619 0.0004877 0.999996 -0.0028234 0.00081538 0.0028226 0.999995 0.0171464 0.106038 0.0107881
FixedParameters: 0 0 0

#Transform 120
Transform: AffineTransform_float_3_3
Parameters: 1 -0.00051266 -0.0010467 0.000510339 0.999996 -0.00254054 0.0010483 0.00253946 0.999996 0.0235458 0.0847773 0.00576148
FixedParameters: 0 0 0

#Transform 121
Transform: AffineTransform_float_3_3
Parameters: 0.999999 -0.000374681 -0.00116914 0.000371317 0.999998 -0.00229244 0.00117085 0.00229156 0.999996 0.0140522 0.0908094 -0.0104313
FixedParameters: 0 0 0

#Transform 122
Transform: AffineTransform_float_3_3
Parameters: 1 -0.000139262 -0.00114873 0.00013674 0.999998 -0.00196816 0.00114827 0.00196884 0.999998 0.000570163 0.130447 -0.0164503
FixedParameters: 0 0 0

#Transform 123
Transform: AffineTransform_float_3_3
Parameters: 0.999999 -0.000243557 -0.0012557 0.000242444 0.999999 -0.00123931 0.0012563 0.0012397 0.999999 0.00475743 0.135559 0.026161
FixedParameters: 0 0 0

#Transform 124
Transform: AffineTransform_float_3_3
Parameters: 0.999998 -0.000775625 -0.00149571 0.000776377 1 0.000919841 0.00149529 -0.000920162 0.999999 0.0228875 0.0876366 0.033412
FixedParameters: 0 0 0

#Transform 125
Transform: AffineTransform_float_3_3
Parameters: 0.999999 -0.000638186 -0.00104789 0.000637814 1 -0.000177669 0.00104811 0.000177331 1 0.0100531 0.0565397 -0.0122087
FixedParameters: 0 0 0

#Transform 126
Transform: AffineTransform_float_3_3
Parameters: 0.999999 -0.000656351 -0.00104778 0.00065565 0.999999 -0.000334687 0.00104822 0.000334312 1 0.00922858 0.0722416 0.0132649
FixedParameters: 0 0 0

#Transform 127
Transform: AffineTransform_float_3_3
Parameters: 0.999999 -0.000666514 -0.00104767 0.000666486 0.999999 -0.000490699 0.00104833 0.000490302 1 0.0089178 0.0777364 0.0032146
FixedParameters: 0 0 0

#Transform 128
Transform: AffineTransform_float_3_3
Parameters: 1 -0.000609446 -0.00104774 0.000608553 0.999999 -0.000426638 0.00104826 0.000425361 1 0.0168256 0.0342632 -0.0301042
FixedParameters: 0 0 0

#Transform 129
Transform: AffineTransform_float_3_3
Parameters: 0.999999 -0.000412614 -0.00122679 0.000411385 1 -0.000501505 0.00122721 0.000500494 0.999999 0.00200602 0.0535052 -0.045055
FixedParameters: 0 0 0

#Transform 130
Transform: AffineTransform_float_3_3
Parameters: 1 -0.000398185 -0.00104793 0.000397814 1 -0.000177417 0.00104807 0.000176583 1 -0.000621372 0.053915 -0.0376796
FixedParameters: 0 0 0

#Transform 131
Transform: AffineTransform_float_3_3
Parameters: 0.999999 -0.000388223 -0.00126393 0.000387776 1 -0.00017749 0.00126407 0.000176509 0.999999 0.00120805 0.0494766 -0.0266415
FixedParameters: 0 0 0

#Transform 132
Transform: AffineTransform_float_3_3
Parameters: 0.999999 -0.000417218 -0.00122393 0.000416783 1 -0.00017751 0.00122307 0.00017749 0.999999 -0.00251169 0.0869192 -0.0332766
FixedParameters: 0 0 0

#Transform 133
Transform: AffineTransform_float_3_3
Parameters: 0.999999 -0.000497686 -0.00124173 0.000497314 0.999999 -0.000552618 0.00124228 0.000552382 0.999999 -0.000937718 0.101557 -0.0373859
FixedParameters: 0 0 0

#Transform 134
Transform: AffineTransform_float_3_3
Parameters: 1 -0.000541783 -0.0010476 0.000541216 0.999999 -0.000748567 0.00104841 0.000747432 0.999999 0.00193434 0.10295 0.00858967
FixedParameters: 0 0 0

#Transform 135
Transform: AffineTransform_float_3_3
Parameters: 1 -0.000446112 -0.00104753 0.000445888 1 -0.00106147 0.00104847 0.00106053 0.999999 0.00309299 0.0971109 0.0108222
FixedParameters: 0 0 0

#Transform 136
Transform: AffineTransform_float_3_3
Parameters: 0.999999 -0.000385948 -0.0011997 0.000385054 0.999999 -0.000789462 0.0011993 0.000789537 0.999999 -0.00262366 0.0858948 0.00974292
FixedParameters: 0 0 0

#Transform 137
Transform: AffineTransform_float_3_3
Parameters: 1 -0.000504072 -0.00104749 0.000502928 1 -0.00102353 0.00104852 0.00102247 0.999999 -0.00177977 0.0972027 0.00213121
FixedParameters: 0 0 0

#Transform 138
Transform: AffineTransform_float_3_3
Parameters: 0.999999 -0.000501987 -0.000877436 0.000501014 0.999999 -0.00112444 0.000877564 0.00112456 0.999999 0.000912828 0.0978942 0.00265938
FixedParameters: 0 0 0

#Transform 139
Transform: AffineTransform_float_3_3
Parameters: 1 -0.000325222 -0.00104762 0.000323779 1 -0.00116534 0.00104838 0.00116566 0.999999 0.00337791 0.0742838 0.0428284
FixedParameters: 0 0 0

#Transform 140
Transform: AffineTransform_float_3_3
Parameters: 1 -0.000346709 -0.00104744 0.00034429 0.999998 -0.00163136 0.00104856 0.00163064 0.999998 0.00310866 0.168254 0.0115592
FixedParameters: 0 0 0

#Transform 141
Transform: AffineTransform_float_3_3
Parameters: 1 -0.000368081 -0.00104762 0.000366918 1 -0.00103239 0.00104838 0.00103162 0.999999 -0.00146388 0.0147661 0.0114821
FixedParameters: 0 0 0

#Transform 142
Transform: AffineTransform_float_3_3
Parameters: 1 -0.000315402 -0.00118263 0.000313599 0.999999 -0.00118437 0.00118337 0.00118463 0.999998 -0.00351357 0.0805461 0.00969574
FixedParameters: 0 0 0

#Transform 143
Transform: AffineTransform_float_3_3
Parameters: 1 -0.000328225 -0.00104762 0.000327775 1 -0.00116934 0.00104838 0.00116866 0.999999 -0.00207717 0.104559 -0.00356917
FixedParameters: 0 0 0

#Transform 144
Transform: AffineTransform_float_3_3
Parameters: 0.999999 -0.000352915 -0.00123145 0.000351086 0.999998 -0.00155443 0.00123155 0.00155457 0.999998 -0.00283578 0.10104 -0.00934124
FixedParameters: 0 0 0

#Transform 145
Transform: AffineTransform_float_3_3
Parameters: 0.999999 -0.00029751 -0.00128465 0.000296491 1 -0.00117538 0.00128435 0.00117462 0.999999 0.000600664 0.0842005 0.00671342
FixedParameters: 0 0 0

#Transform 146
Transform: AffineTransform_float_3_3
Parameters: 0.999999 -0.000211908 -0.00125968 0.000210092 0.999999 -0.00151427 0.00126032 0.00151473 0.999998 -0.00353766 0.131519 -0.0225349
FixedParameters: 0 0 0

#Transform 147
Transform: AffineTransform_float_3_3
Parameters: 1 -0.000238543 -0.00119069 0.000236457 0.999999 -0.00129528 0.00119131 0.00129572 0.999999 -0.00445648 0.0749727 -0.0248697
FixedParameters: 0 0 0

#Transform 148
Transform: AffineTransform_float_3_3
Parameters: 0.999999 -0.00033962 -0.00121155 0.000338382 0.999999 -0.00133641 0.00121145 0.00133659 0.999999 -0.00381313 0.109525 -0.00972146
FixedParameters: 0 0 0

#Transform 149
Transform: AffineTransform_float_3_3
Parameters: 0.999999 -0.000405723 -0.00127545 0.000404277 0.999999 -0.00135152 0.00127555 0.00135048 0.999999 -0.00178223 0.0818854 -0.0097336
FixedParameters: 0 0 0

#Transform 150
Transform: AffineTransform_float_3_3
Parameters: 0.999999 -0.000305972 -0.00125752 0.000304027 0.999998 -0.00156838 0.00125848 0.00156762 0.999998 -0.00279179 0.121042 -0.0184564
FixedParameters: 0 0 0

#Transform 151
Transform: AffineTransform_float_3_3
Parameters: 0.999999 -0.000267964 -0.00144345 0.000265035 0.999998 -0.00205338 0.00144455 0.00205261 0.999997 -0.00720533 0.158546 -0.0458484
FixedParameters: 0 0 0

#Transform 152
Transform: AffineTransform_float_3_3
Parameters: 0.999999 -0.000359277 -0.00145044 0.000356721 0.999998 -0.00157052 0.00145156 0.00156948 0.999997 0.000992973 0.025269 -0.0240787
FixedParameters: 0 0 0

#Transform 153
Transform: AffineTransform_float_3_3
Parameters: 0.999999 -0.000241312 -0.00146862 0.000238689 0.999998 -0.00157335 0.00146938 0.00157365 0.999997 -0.000414583 0.0875467 -0.0126747
FixedParameters: 0 0 0

#Transform 154
Transform: AffineTransform_float_3_3
Parameters: 1 -0.000235658 -0.00104763 0.000233342 0.999998 -0.00158225 0.00104837 0.00158175 0.999998 -0.0031958 0.0796399 -0.0149133
FixedParameters: 0 0 0

#Transform 155
Transform: AffineTransform_float_3_3
Parameters: 0.999999 -0.000248519 -0.00129671 0.000247481 1 -0.00117132 0.00129729 0.00117068 0.999999 -0.000370187 0.0851341 -0.0125168
FixedParameters: 0 0 0

#Transform 156
Transform: AffineTransform_float_3_3
Parameters: 1 -0.000320848 -0.00112147 0.000319151 0.999998 -0.00164736 0.00112253 0.00164764 0.999998 -0.00234718 0.0936089 -0.0102608
FixedParameters: 0 0 0

#Transform 157
Transform: AffineTransform_float_3_3
Parameters: 1 -0.000434372 -0.00104743 0.000433627 0.999999 -0.00131045 0.00104857 0.00130954 0.999998 0.00853449 0.0929758 -0.0103883
FixedParameters: 0 0 0

#Transform 158
Transform: AffineTransform_float_3_3
Parameters: 0.999999 -0.000468341 -0.00141022 0.000466659 0.999998 -0.00165966 0.00141078 0.00165934 0.999997 0.0118474 0.176814 0.0114034
FixedParameters: 0 0 0

#Transform 159
Transform: AffineTransform_float_3_3
Parameters: 0.999999 -0.000370688 -0.00122149 0.000368313 0.999999 -0.00138145 0.00122151 0.00138155 0.999999 0.00178468 0.110122 -0.0146461
FixedParameters: 0 0 0

#Transform 160
Transform: AffineTransform_float_3_3
Parameters: 1 -0.000347611 -0.00104747 0.000345388 0.999999 -0.00153836 0.00104853 0.00153764 0.999999 0.00093236 0.0860734 -0.00526507
FixedParameters: 0 0 0

#Transform 161
Transform: AffineTransform_float_3_3
Parameters: 0.999999 -0.000145691 -0.00104777 0.000143309 0.999998 -0.00161315 0.00104823 0.00161385 0.999998 -0.00674807 0.110752 5.89171e-05
FixedParameters: 0 0 0

#Transform 162
Transform: AffineTransform_float_3_3
Parameters: 0.999999 -0.000263594 -0.00138351 0.000261406 0.999998 -0.00187436 0.00138449 0.00187464 0.999998 -0.0012079 0.113236 0.0244679
FixedParameters: 0 0 0

#Transform 163
Transform: AffineTransform_float_3_3
Parameters: 1 -0.000233813 -0.0010476 0.000232186 0.999998 -0.00173024 0.0010484 0.00172975 0.999998 0.00160206 0.103563 0.00907346
FixedParameters: 0 0 0

#Transform 164
Transform: AffineTransform_float_3_3
Parameters: 1 -0.000224819 -0.00113364 0.000223181 0.999998 -0.00160425 0.00113436 0.00160375 0.999998 -0.00450228 0.111046 0.00893458
FixedParameters: 0 0 0

#Transform 165
Transform: AffineTransform_float_3_3
Parameters: 0.999999 -4.35623e-05 -0.00126195 4.14376e-05 0.999999 -0.00123805 0.00126205 0.00123795 0.999999 -0.00940066 0.0863386 0.0218993
FixedParameters: 0 0 0

#Transform 166
Transform: AffineTransform_float_3_3
Parameters: 1 3.33273e-05 -0.00104806 -3.56726e-05 0.999998 -0.00159596 0.00104795 0.00159604 0.999998 -0.0139344 0.122341 0.00552143
FixedParameters: 0 0 0

#Transform 167
Transform: AffineTransform_float_3_3
Parameters: 1 -0.000160602 -0.00104776 0.000158397 0.999999 -0.00152917 0.00104824 0.00152883 0.999999 -0.0106441 0.110205 -0.0112388
FixedParameters: 0 0 0

#Transform 168
Transform: AffineTransform_float_3_3
Parameters: 1 -1.45426e-05 -0.00104798 1.34573e-05 0.999999 -0.00147202 0.00104802 0.00147199 0.999999 -0.0109699 0.108982 -0.0101932
FixedParameters: 0 0 0

#Transform 169
Transform: AffineTransform_float_3_3
Parameters: 0.999999 -1.49192e-05 -0.00123498 1.30808e-05 0.999999 -0.00155402 0.00123502 0.00155398 0.999998 -0.0124863 0.11492 0.00498361
FixedParameters: 0 0 0

#Transform 170
Transform: AffineTransform_float_3_3
Parameters: 1 -1.47213e-05 -0.00110198 1.32787e-05 0.999999 -0.00156202 0.00110202 0.00156198 0.999998 -0.0132041 0.129251 -0.00639803
FixedParameters: 0 0 0

#Transform 171
Transform: AffineTransform_float_3_3
Parameters: 1 -0.000417928 -0.00047218 0.000417071 0.999998 -0.0019632 0.00047382 0.0019638 0.999998 0.0157256 0.134225 0.0267129
FixedParameters: 0 0 0

#Transform 172
Transform: AffineTransform_float_3_3
Parameters: 1 -0.000778566 -0.000902512 0.000778433 0.999999 -0.000627703 0.000903489 0.000627297 1 0.0370329 0.130561 0.0655332
FixedParameters: 0 0 0

#Transform 173
Transform: AffineTransform_float_3_3
Parameters: 0.999999 -0.000867994 -0.000527009 0.000868005 0.999999 1.05426e-05 0.000526991 -1.04574e-05 1 0.0377988 0.103849 0.0533242
FixedParameters: 0 0 0

#Transform 174
Transform: AffineTransform_float_3_3
Parameters: 0.999999 -0.00067103 -0.000623967 0.000670969 1 -4.84187e-05 0.000624032 4.85813e-05 1 0.0214118 0.0224638 0.0352792
FixedParameters: 0 0 0

#Transform 175
Transform: AffineTransform_float_3_3
Parameters: 0.999999 -0.000536773 -0.000577281 0.000536225 0.999999 -0.00133931 0.000578718 0.00133869 0.999999 0.00947658 0.163008 0.0291264
FixedParameters: 0 0 0

#Transform 176
Transform: AffineTransform_float_3_3
Parameters: 1 -0.000304697 -0.000627662 0.000304304 1 -0.00111019 0.000627338 0.00111081 0.999999 -7.87662e-05 0.0848115 0.0221962
FixedParameters: 0 0 0

#Transform 177
Transform: AffineTransform_float_3_3
Parameters: 1 -0.000161825 -0.000569766 0.000161174 0.999999 -0.00144809 0.000570234 0.00144791 0.999999 -0.00166158 0.102336 0.0079839
FixedParameters: 0 0 0

#Transform 178
Transform: AffineTransform_float_3_3
Parameters: 0.999999 -0.000209292 -0.000865688 0.00020771 0.999999 -0.00149118 0.00086531 0.00149182 0.999998 -0.00143686 0.111502 0.0108699
FixedParameters: 0 0 0

#Transform 179
Transform: AffineTransform_float_3_3
Parameters: 0.999999 -7.03456e-05 -0.000758876 6.96559e-05 0.999999 -0.00177305 0.000758125 0.00177295 0.999998 -0.00883709 0.148369 0.0213378
FixedParameters: 0 0 0

#Transform 180
Transform: AffineTransform_float_3_3
Parameters: 1 1.79403e-05 -0.000570034 -1.80596e-05 0.999999 -0.00185899 0.000569967 0.00185901 0.999998 -0.0109357 0.140643 0.0253998
FixedParameters: 0 0 0

#Transform 181
Transform: AffineTransform_float_3_3
Parameters: 1 1.81911e-05 -0.000570026 -1.88088e-05 0.999999 -0.00141899 0.000569974 0.00141901 0.999999 -0.00641433 0.117766 0.0486116
FixedParameters: 0 0 0

#Transform 182
Transform: AffineTransform_float_3_3
Parameters: 1 1.81279e-05 -0.000570028 -1.88721e-05 0.999999 -0.00152999 0.000569972 0.00153001 0.999998 -0.00506621 0.120314 0.0467447
FixedParameters: 0 0 0

#Transform 183
Transform: AffineTransform_float_3_3
Parameters: 1 1.84277e-05 -0.000381028 -1.85722e-05 0.999999 -0.00150199 0.000380972 0.00150201 0.999999 -0.0105962 0.129153 0.0462501
FixedParameters: 0 0 0

#Transform 184
Transform: AffineTransform_float_3_3
Parameters: 1 1.81056e-05 -0.000570029 -1.88943e-05 0.999999 -0.00156899 0.000569971 0.00156901 0.999998 -0.0109846 0.152863 0.0292716
FixedParameters: 0 0 0

#Transform 185
Transform: AffineTransform_float_3_3
Parameters: 1 1.82806e-05 -0.000570023 -1.87193e-05 0.999999 -0.00126199 0.000569977 0.00126201 0.999999 -0.00755783 0.103435 0.0419901
FixedParameters: 0 0 0

#Transform 186
Transform: AffineTransform_float_3_3
Parameters: 1 1.84416e-05 -0.000647016 -1.85583e-05 0.999999 -0.000862988 0.000646984 0.000863012 1 0.00666863 0.101502 0.0506535
FixedParameters: 0 0 0

#Transform 187
Transform: AffineTransform_float_3_3
Parameters: 1 1.81552e-05 -0.000570027 -1.88447e-05 0.999999 -0.00148199 0.000569972 0.00148201 0.999998 -0.00670396 0.166699 0.0250405
FixedParameters: 0 0 0

#Transform 188
Transform: AffineTransform_float_3_3
Parameters: 1 1.82504e-05 -0.000570024 -1.87495e-05 0.999999 -0.00131499 0.000569976 0.00131501 0.999999 -0.0103543 0.0638667 0.0327701
FixedParameters: 0 0 0

#Transform 189
Transform: AffineTransform_float_3_3
Parameters: 1 1.83627e-05 -0.000570021 -1.86372e-05 1 -0.00111799 0.00056998 0.00111801 0.999999 -0.011758 0.101261 0.0474776
FixedParameters: 0 0 0

#Transform 190
Transform: AffineTransform_float_3_3
Parameters: 1 1.8385e-05 -0.00057002 -1.8615e-05 1 -0.00107899 0.00056998 0.00107901 1 -0.0126176 0.116318 0.0366979
FixedParameters: 0 0 0

#Transform 191
Transform: AffineTransform_float_3_3
Parameters: 1 1.8511e-05 -0.000419022 -1.8489e-05 1 -0.00116699 0.000418979 0.00116701 0.999999 -0.0110712 0.132966 0.0196316
FixedParameters: 0 0 0

#Transform 192
Transform: AffineTransform_float_3_3
Parameters: 1 1.83667e-05 -0.000570021 -1.86333e-05 1 -0.00111099 0.00056998 0.00111101 0.999999 -0.00994644 0.132556 0.0264933
FixedParameters: 0 0 0

#Transform 193
Transform: AffineTransform_float_3_3
Parameters: 1 1.85138e-05 -0.000570016 -1.84862e-05 0.999999 -0.00085299 0.000569985 0.000853011 1 -0.0105938 0.116557 0.0458274
FixedParameters: 0 0 0

#Transform 194
Transform: AffineTransform_float_3_3
Parameters: 1 1.8727e-05 -0.000320016 -1.82729e-05 0.999999 -0.000852994 0.000319984 0.000853005 0.999999 -0.0100818 0.139846 0.0324476
FixedParameters: 0 0 0

#Transform 195
Transform: AffineTransform_float_3_3
Parameters: 1 -0.000152578 -0.000569846 0.000151422 1 -0.00101409 0.000570154 0.00101391 1 -0.00867993 0.13271 0.0402447
FixedParameters: 0 0 0

#Transform 196
Transform: AffineTransform_float_3_3
Parameters: 1 1.8779e-05 -0.000326013 -1.8221e-05 1 -0.000677994 0.000325988 0.000678006 0.999999 -0.0119732 0.0995316 0.0582281
FixedParameters: 0 0 0

#Transform 197
Transform: AffineTransform_float_3_3
Parameters: 1 1.87639e-05 -0.000258017 -1.82361e-05 0.999999 -0.000914995 0.000257983 0.000915004 0.999999 -0.0125943 0.103955 0.049595
FixedParameters: 0 0 0

#Transform 198
Transform: AffineTransform_float_3_3
Parameters: 1 1.87041e-05 -0.000322017 -1.82959e-05 0.999999 -0.000918993 0.000321983 0.000919005 0.999999 -0.0124049 0.102747 0.0541569
FixedParameters: 0 0 0

#Transform 199
Transform: AffineTransform_float_3_3
Parameters: 1 1.82846e-05 -0.000570023 -1.87153e-05 0.999999 -0.00125499 0.000569977 0.00125501 0.999999 -0.0109781 0.126303 0.0361867
FixedParameters: 0 0 0

#Transform 200
Transform: AffineTransform_float_3_3
Parameters: 1 1.86261e-05 -0.000570012 -1.83739e-05 1 -0.000655989 0.000569988 0.00065601 0.999999 -0.0112452 0.100852 0.0442371
FixedParameters: 0 0 0

#Transform 201
Transform: AffineTransform_float_3_3
Parameters: 1 -0.000157488 -0.000569865 0.000157511 0.999999 -0.00085709 0.000570135 0.00085691 1 -0.00757824 0.124072 0.0490778
FixedParameters: 0 0 0

#Transform 202
Transform: AffineTransform_float_3_3
Parameters: 1 1.87179e-05 -0.000430012 -1.82821e-05 1 -0.000655992 0.000429988 0.000656008 0.999999 -0.0122506 0.115961 0.0206285
FixedParameters: 0 0 0

#Transform 203
Transform: AffineTransform_float_3_3
Parameters: 1 1.86261e-05 -0.000570012 -1.83739e-05 1 -0.000655989 0.000569988 0.00065601 0.999999 -0.0101966 0.133539 0.0198601
FixedParameters: 0 0 0

#Transform 204
Transform: AffineTransform_float_3_3
Parameters: 1 1.84991e-05 -0.000509019 -1.85008e-05 0.999999 -0.000983991 0.000508982 0.000984009 1 -0.0198078 0.129261 0.0202506
FixedParameters: 0 0 0

#Transform 205
Transform: AffineTransform_float_3_3
Parameters: 1 1.84061e-05 -0.00057002 -1.85939e-05 1 -0.00104199 0.000569981 0.00104201 1 -0.013144 0.133677 0.0222442
FixedParameters: 0 0 0

#Transform 206
Transform: AffineTransform_float_3_3
Parameters: 1 1.85959e-05 -0.000454017 -1.8404e-05 0.999999 -0.000889992 0.000453984 0.000890009 1 -0.0147639 0.120933 0.0313332
FixedParameters: 0 0 0

#Transform 207
Transform: AffineTransform_float_3_3
Parameters: 1 1.86261e-05 -0.000570012 -1.83739e-05 1 -0.000655989 0.000569988 0.00065601 0.999999 -0.0144899 0.121738 0.0304169
FixedParameters: 0 0 0

#Transform 208
Transform: AffineTransform_float_3_3
Parameters: 1 1.885e-05 -0.000162017 -1.815e-05 0.999999 -0.000925996 0.000161983 0.000926002 0.999999 -0.0175885 0.123696 0.0232415
FixedParameters: 0 0 0

#Transform 209
Transform: AffineTransform_float_3_3
Parameters: 1 1.86195e-05 -0.000414017 -1.83814e-05 0.999999 -0.000918992 0.000414983 0.000919007 0.999999 -0.0122651 0.123677 0.0223716
FixedParameters: 0 0 0

#Transform 210
Transform: AffineTransform_float_3_3
Parameters: 1 1.86363e-05 -0.000420016 -1.83637e-05 0.999999 -0.000865992 0.000419984 0.000866007 0.999999 -0.0125551 0.109214 0.0189772
FixedParameters: 0 0 0

#Transform 211
Transform: AffineTransform_float_3_3
Parameters: 1 -0.000204314 -0.000220709 0.000204685 0.999999 -0.00142305 0.000221291 0.00142295 0.999999 -0.000557352 0.128545 0.0158066
FixedParameters: 0 0 0

#Transform 212
Transform: AffineTransform_float_3_3
Parameters: 1 -0.000519502 -0.000233887 0.000518499 0.999997 -0.00214312 0.000234112 0.00214288 0.999997 0.00290542 0.135537 -0.0149772
FixedParameters: 0 0 0

#Transform 213
Transform: AffineTransform_float_3_3
Parameters: 1 -0.000270998 -0.000483442 0.000270003 0.999998 -0.00206313 0.000483558 0.00206287 0.999998 0.0030135 0.109909 -0.0124648
FixedParameters: 0 0 0

#Transform 214
Transform: AffineTransform_float_3_3
Parameters: 1 -0.000267293 -0.000569395 0.000265708 0.999998 -0.00227015 0.000569605 0.00226985 0.999998 -0.00607246 0.120865 -0.0306693
FixedParameters: 0 0 0

#Transform 215
Transform: AffineTransform_float_3_3
Parameters: 0.999999 -0.000279245 -0.000675487 0.000277754 0.999999 -0.00184219 0.000676513 0.00184181 0.999998 -0.00506527 0.0987015 -0.0346388
FixedParameters: 0 0 0

#Transform 216
Transform: AffineTransform_float_3_3
Parameters: 0.999999 -0.00020447 -0.000950685 0.000202529 0.999999 -0.00154619 0.000951314 0.00154581 0.999999 -0.00476441 0.116483 -0.0289884
FixedParameters: 0 0 0

#Transform 217
Transform: AffineTransform_float_3_3
Parameters: 1 -0.000211893 -0.000569668 0.000211106 0.999998 -0.00156812 0.000570331 0.00156788 0.999998 -0.0068394 0.116623 -0.0375383
FixedParameters: 0 0 0

#Transform 218
Transform: AffineTransform_float_3_3
Parameters: 0.999999 -0.000106298 -0.00076082 0.000104702 0.999999 -0.00170608 0.00076118 0.00170592 0.999999 -0.00786855 0.132813 -0.0530052
FixedParameters: 0 0 0

#Transform 219
Transform: AffineTransform_float_3_3
Parameters: 0.999999 -0.000107722 -0.000858785 0.000106277 0.999998 -0.00200509 0.000859214 0.00200491 0.999997 -0.0120086 0.14797 -0.0593661
FixedParameters: 0 0 0

#Transform 220
Transform: AffineTransform_float_3_3
Parameters: 0.999999 -7.66292e-05 -0.000928867 7.53712e-05 0.999998 -0.00175307 0.000929133 0.00175393 0.999998 -0.00630535 0.157885 -0.0305564
FixedParameters: 0 0 0

#Transform 221
Transform: AffineTransform_float_3_3
Parameters: 0.999999 -3.67512e-05 -0.000888929 3.52486e-05 0.999998 -0.00197003 0.000889071 0.00196997 0.999997 -0.00707282 0.140024 -0.0432241
FixedParameters: 0 0 0

#Transform 222
Transform: AffineTransform_float_3_3
Parameters: 0.999999 -8.1955e-05 -0.000760897 8.10448e-05 0.999999 -0.00125506 0.000761102 0.00125494 0.999999 -0.00859657 0.0613254 -0.0193239
FixedParameters: 0 0 0

#Transform 223
Transform: AffineTransform_float_3_3
Parameters: 0.999999 -9.42768e-05 -0.000825855 9.27228e-05 0.999999 -0.00154608 0.000826144 0.00154592 0.999999 -0.0101576 0.107746 -0.0153151
FixedParameters: 0 0 0

#Transform 224
Transform: AffineTransform_float_3_3
Parameters: 0.999999 -0.000146525 -0.000950766 0.000145474 0.999998 -0.00160414 0.000951234 0.00160386 0.999999 -0.00643429 0.0933453 -0.0351252
FixedParameters: 0 0 0

#Transform 225
Transform: AffineTransform_float_3_3
Parameters: 0.999999 -0.000243578 -0.000933589 0.000242423 0.999998 -0.00169023 0.000933411 0.00168977 0.999998 -0.00526725 0.121725 -0.0360306
FixedParameters: 0 0 0

#Transform 226
Transform: AffineTransform_float_3_3
Parameters: 0.999999 -5.92153e-05 -0.000761907 5.77845e-05 0.999998 -0.00159504 0.000762093 0.00159496 0.999999 -0.0158029 0.148672 -0.0278944
FixedParameters: 0 0 0

#Transform 227
Transform: AffineTransform_float_3_3
Parameters: 0.999999 -0.00010519 -0.000858854 0.000103809 0.999999 -0.00138609 0.000859144 0.00138591 0.999998 -0.00573128 0.134082 -0.0165075
FixedParameters: 0 0 0

#Transform 228
Transform: AffineTransform_float_3_3
Parameters: 0.999999 -0.000193464 -0.000998717 0.000191535 0.999999 -0.00146619 0.000999282 0.00146581 0.999999 -0.01001 0.128705 -0.013137
FixedParameters: 0 0 0

#Transform 229
Transform: AffineTransform_float_3_3
Parameters: 1 -0.000130247 -0.000967833 0.000128753 0.999999 -0.00128813 0.000968167 0.00128787 0.999998 -0.0122868 0.116087 -0.0103722
FixedParameters: 0 0 0

#Transform 230
Transform: AffineTransform_float_3_3
Parameters: 0.999999 -0.000102326 -0.000976861 0.000100674 0.999999 -0.0013571 0.000977137 0.0013569 0.999998 -0.00775089 0.133864 0.000259151
FixedParameters: 0 0 0

#Transform 231
Transform: AffineTransform_float_3_3
Parameters: 1 1.36901e-05 -0.00096102 -1.43098e-05 0.999999 -0.00136299 0.000960982 0.00136301 0.999998 -0.0139357 0.131078 0.00334859
FixedParameters: 0 0 0

#Transform 232
Transform: AffineTransform_float_3_3
Parameters: 0.999999 -9.52779e-05 -0.00100388 9.37218e-05 0.999999 -0.00127309 0.00100412 0.0012729 0.999998 -0.00477854 0.104049 0.00783526
FixedParameters: 0 0 0

#Transform 233
Transform: AffineTransform_float_3_3
Parameters: 1 -0.000126916 -0.0011059 0.000125084 0.999999 -0.000828139 0.0011061 0.00082786 0.999999 -0.00445364 0.101284 0.0198799
FixedParameters: 0 0 0

#Transform 234
Transform: AffineTransform_float_3_3
Parameters: 1 -0.000173779 -0.00101687 0.000173221 0.999999 -0.000766176 0.00101713 0.000765824 0.999999 -0.00667327 0.110067 0.0294955
FixedParameters: 0 0 0

#Transform 235
Transform: AffineTransform_float_3_3
Parameters: 0.999999 -0.000221131 -0.000901723 0.000219869 0.999999 -0.0012542 0.000902276 0.0012538 0.999999 -0.00689395 0.231528 0.0180599
FixedParameters: 0 0 0

#Transform 236
Transform: AffineTransform_float_3_3
Parameters: 1 -0.000335127 0.000373784 0.000335873 0.999997 -0.00233688 -0.000373216 0.00233713 0.999997 0.0131603 0.121154 0.143402
FixedParameters: 0 0 0

#Transform 237
Transform: AffineTransform_float_3_3
Parameters: 1 -0.000519171 -9.70901e-05 0.000518829 0.999999 -0.00175305 9.79097e-05 0.00175295 0.999999 0.00806548 0.093962 0.121844
FixedParameters: 0 0 0

#Transform 238
Transform: AffineTransform_float_3_3
Parameters: 0.999999 -0.000856372 -0.000287893 0.000856626 0.999999 -0.00129325 0.000289108 0.00129275 0.999999 0.0348545 0.132207 0.112136
FixedParameters: 0 0 0

#Transform 239
Transform: AffineTransform_float_3_3
Parameters: 1 -0.000527757 -0.00043809 0.000526244 0.999999 -0.00172523 0.000438908 0.00172477 0.999999 0.0283104 0.183823 0.110548
FixedParameters: 0 0 0

#Transform 240
Transform: AffineTransform_float_3_3
Parameters: 0.999999 -0.000428945 -0.000572293 0.000428055 0.999999 -0.00165125 0.000572708 0.00165076 0.999999 0.0134412 0.153201 0.0753635
FixedParameters: 0 0 0

#Transform 241
Transform: AffineTransform_float_3_3
Parameters: 0.999999 -0.000323366 -0.000662335 0.000322635 0.999998 -0.00206121 0.000662666 0.00206079 0.999997 0.00674452 0.189253 0.0535961
FixedParameters: 0 0 0

#Transform 242
Transform: AffineTransform_float_3_3
Parameters: 1 -0.000289196 -0.000534355 0.000287805 0.999998 -0.00223616 0.000534645 0.00223585 0.999998 0.0119499 0.201484 0.0421586
FixedParameters: 0 0 0

#Transform 243
Transform: AffineTransform_float_3_3
Parameters: 1 -0.000209973 -0.00100159 0.000207027 0.999998 -0.00196921 0.00100241 0.00196879 0.999997 0.0138591 0.134496 0.055895
FixedParameters: 0 0 0

#Transform 244
Transform: AffineTransform_float_3_3
Parameters: 1 -0.00020931 -0.000592539 0.000207688 0.999997 -0.00221112 0.000593461 0.00221088 0.999998 0.00229538 0.163446 0.0650443
FixedParameters: 0 0 0

#Transform 245
Transform: AffineTransform_float_3_3
Parameters: 1 -0.000344251 -0.000574252 0.000342749 0.999997 -0.0021772 0.000574748 0.0021768 0.999998 0.00315299 0.146742 0.0759685
FixedParameters: 0 0 0

#Transform 246
Transform: AffineTransform_float_3_3
Parameters: 0.999999 -0.000344482 -0.000737309 0.000342518 0.999998 -0.00200925 0.000737689 0.00200875 0.999997 0.000564871 0.125468 0.0646505
FixedParameters: 0 0 0

#Transform 247
Transform: AffineTransform_float_3_3
Parameters: 0.999999 -0.000241436 -0.000745536 0.000240563 0.999998 -0.00192618 0.000746464 0.00192582 0.999998 -0.000468269 0.137882 0.0660618
FixedParameters: 0 0 0

#Transform 248
Transform: AffineTransform_float_3_3
Parameters: 1 -0.000249285 -0.000587456 0.000247713 0.999997 -0.00218715 0.000588543 0.00218685 0.999998 0.000602284 0.170547 0.0833582
FixedParameters: 0 0 0

#Transform 249
Transform: AffineTransform_float_3_3
Parameters: 1 -0.000344338 -0.000582211 0.000342663 0.999998 -0.0022962 0.000582788 0.0022958 0.999997 0.00362113 0.149757 0.0911521
FixedParameters: 0 0 0

#Transform 250
Transform: AffineTransform_float_3_3
Parameters: 1 -0.000262191 -0.000582465 0.00026081 0.999998 -0.00204315 0.000582534 0.00204385 0.999997 0.00421074 0.15592 0.085774
FixedParameters: 0 0 0

#Transform 251
Transform: AffineTransform_float_3_3
Parameters: 1 -0.000344348 -0.000582205 0.000342652 0.999998 -0.0023142 0.000582794 0.0023138 0.999997 0.00308114 0.186108 0.068034
FixedParameters: 0 0 0

#Transform 252
Transform: AffineTransform_float_3_3
Parameters: 1 -0.000343975 -0.000360072 0.000343026 0.999997 -0.00270313 0.000360929 0.00270388 0.999997 -0.00248595 0.128192 -0.00112247
FixedParameters: 0 0 0

#Transform 253
Transform: AffineTransform_float_3_3
Parameters: 1 -0.000342699 9.31139e-05 0.0003423 0.999994 -0.00324897 -9.18883e-05 0.00324903 0.999994 0.00594952 0.203703 0.0300865
FixedParameters: 0 0 0

#Transform 254
Transform: AffineTransform_float_3_3
Parameters: 1 -0.000341928 0.000372985 0.000343072 0.999996 -0.00287687 -0.000372014 0.00287713 0.999996 0.00283595 0.145824 0.0818452
FixedParameters: 0 0 0

#Transform 255
Transform: AffineTransform_float_3_3
Parameters: 1 -0.000342186 0.000308904 0.000342814 0.999996 -0.00263789 -0.000308097 0.00263811 0.999997 0.00707668 0.190525 0.0599246
FixedParameters: 0 0 0

#Transform 256
Transform: AffineTransform_float_3_3
Parameters: 1 -0.000341762 0.000411033 0.000342238 0.999996 -0.00301686 -0.000409969 0.00301714 0.999996 0.00185495 0.212393 0.0311667
FixedParameters: 0 0 0

#Transform 257
Transform: AffineTransform_float_3_3
Parameters: 1 -0.000341635 0.000503928 0.000342366 0.999997 -0.00271183 -0.000503073 0.00271217 0.999996 0.000316808 0.156388 0.0159325
FixedParameters: 0 0 0

#Transform 258
Transform: AffineTransform_float_3_3
Parameters: 1 -0.000182943 0.00065258 0.000185055 0.999995 -0.00315288 -0.000651419 0.00315312 0.999995 0.00522973 0.139813 0.0486332
FixedParameters: 0 0 0

#Transform 259
Transform: AffineTransform_float_3_3
Parameters: 1 -0.000224634 0.000668799 0.000227366 0.999993 -0.00353885 -0.000668199 0.00353915 0.999993 0.00567401 0.163367 0.0532398
FixedParameters: 0 0 0

#Transform 260
Transform: AffineTransform_float_3_3
Parameters: 1 -0.000249666 0.000624937 0.000252331 0.999993 -0.00373784 -0.000623061 0.00373816 0.999993 0.00471604 0.180629 0.0406755
FixedParameters: 0 0 0

#Transform 261
Transform: AffineTransform_float_3_3
Parameters: 1 -0.000341731 0.000359211 0.000342272 0.999993 -0.00353888 -0.000358791 0.00353912 0.999993 0.00153304 0.17674 0.0405986
FixedParameters: 0 0 0

#Transform 262
Transform: AffineTransform_float_3_3
Parameters: 1 -0.000265108 0.000557903 0.000266892 0.999994 -0.00339385 -0.000557097 0.00339415 0.999994 0.00534057 0.158993 0.0640799
FixedParameters: 0 0 0

#Transform 263
Transform: AffineTransform_float_3_3
Parameters: 1 -0.000341661 0.000359278 0.000342341 0.999993 -0.00373188 -0.000358725 0.00373212 0.999993 -0.000222566 0.181119 0.0347205
FixedParameters: 0 0 0

#Transform 264
Transform: AffineTransform_float_3_3
Parameters: 1 -0.000341645 0.000359293 0.000342357 0.999993 -0.00377688 -0.000358709 0.00377712 0.999993 0.00353979 0.197881 0.0322313
FixedParameters: 0 0 0

#Transform 265
Transform: AffineTransform_float_3_3
Parameters: 1 -0.000341672 0.000359268 0.000342331 0.999993 -0.00370388 -0.000358734 0.00370412 0.999993 -0.00337527 0.197385 0.0343754
FixedParameters: 0 0 0

#Transform 266
Transform: AffineTransform_float_3_3
Parameters: 1 -0.000269127 0.00056889 0.000270873 0.999994 -0.00329385 -0.000568111 0.00329415 0.999995 -0.00449655 0.174743 0.0473052
FixedParameters: 0 0 0

#Transform 267
Transform: AffineTransform_float_3_3
Parameters: 1 -0.000341803 0.000359143 0.0003422 0.999995 -0.00333788 -0.00035886 0.00333813 0.999995 -0.000796748 0.185534 0.0552006
FixedParameters: 0 0 0

#Transform 268
Transform: AffineTransform_float_3_3
Parameters: 1 -0.000341829 0.000359118 0.000343173 0.999994 -0.00326487 -0.000358881 0.00326512 0.999994 0.00040045 0.165822 0.0312823
FixedParameters: 0 0 0

#Transform 269
Transform: AffineTransform_float_3_3
Parameters: 1 -0.000341773 0.000359172 0.00034223 0.999994 -0.00342188 -0.000358831 0.00342212 0.999994 -0.0038734 0.160508 0.0238156
FixedParameters: 0 0 0

#Transform 270
Transform: AffineTransform_float_3_3
Parameters: 1 -0.00034182 0.000359126 0.000342182 0.999994 -0.00328987 -0.000358876 0.00329012 0.999994 -0.00369878 0.165683 0.0305023
FixedParameters: 0 0 0

#Transform 271
Transform: AffineTransform_float_3_3
Parameters: 1 -0.000341834 0.000359113 0.000343169 0.999994 -0.00325187 -0.000358886 0.00325212 0.999994 -0.00195157 0.182036 0.0272042
FixedParameters: 0 0 0

#Transform 272
Transform: AffineTransform_float_3_3
Parameters: 1 -0.000341653 0.000359286 0.00034235 0.999993 -0.00375688 -0.000358717 0.00375612 0.999993 -0.00220383 0.279261 0.0134787
FixedParameters: 0 0 0

#Transform 273
Transform: AffineTransform_float_3_3
Parameters: 1 -0.000247842 0.000358803 0.000249159 0.999994 -0.00323191 -0.000358196 0.00323209 0.999994 -0.00652436 0.0798026 0.0398296
FixedParameters: 0 0 0

#Transform 274
Transform: AffineTransform_float_3_3
Parameters: 1 -0.000289816 0.000358959 0.000291184 0.999994 -0.0033019 -0.000358041 0.0033021 0.999995 -0.00129795 0.165446 0.0420223
FixedParameters: 0 0 0

#Transform 275
Transform: AffineTransform_float_3_3
Parameters: 1 -0.000261809 0.000358872 0.000263192 0.999995 -0.00332291 -0.000358127 0.0033231 0.999995 -0.013267 0.161138 0.0189767
FixedParameters: 0 0 0

#Transform 276
Transform: AffineTransform_float_3_3
Parameters: 1 -0.000341768 0.000359176 0.000342235 0.999994 -0.00343488 -0.000358826 0.00343512 0.999994 -0.00251904 0.171401 0.0101281
FixedParameters: 0 0 0

#Transform 277
Transform: AffineTransform_float_3_3
Parameters: 1 -0.000341705 0.000359236 0.000342297 0.999994 -0.00360988 -0.000358767 0.00361013 0.999994 -0.00393578 0.189529 0.0393886
FixedParameters: 0 0 0

#Transform 278
Transform: AffineTransform_float_3_3
Parameters: 1 -0.000341812 0.000359135 0.000342191 0.999995 -0.00331388 -0.000358868 0.00331413 0.999995 -0.00121814 0.201684 0.0444271
FixedParameters: 0 0 0

#Transform 279
Transform: AffineTransform_float_3_3
Parameters: 1 -0.000341701 0.00035924 0.000342302 0.999994 -0.00362288 -0.000358762 0.00362313 0.999994 -0.00518958 0.200416 0.0392155
FixedParameters: 0 0 0

#Transform 280
Transform: AffineTransform_float_3_3
Parameters: 1 -0.000285801 0.000597058 0.000288199 0.999993 -0.00368683 -0.000595941 0.00368717 0.999993 -0.00471173 0.191638 0.0369335
FixedParameters: 0 0 0

#Transform 281
Transform: AffineTransform_float_3_3
Parameters: 1 -0.000341875 0.000359074 0.000343124 0.999995 -0.00313688 -0.000357925 0.00313712 0.999995 -0.00703224 0.179234 0.0589789
FixedParameters: 0 0 0

#Transform 282
Transform: AffineTransform_float_3_3
Parameters: 1 -0.000341916 0.000359036 0.000343084 0.999996 -0.00302388 -0.000357964 0.00302412 0.999996 -0.00759042 0.183655 0.0543154
FixedParameters: 0 0 0

#Transform 283
Transform: AffineTransform_float_3_3
Parameters: 1 -0.000250069 0.000295789 0.000250928 0.999995 -0.00314993 -0.000294211 0.00315007 0.999995 -0.00174579 0.198675 0.0558936
FixedParameters: 0 0 0

#Transform 284
Transform: AffineTransform_float_3_3
Parameters: 1 -0.000341916 0.000359036 0.000343084 0.999996 -0.00302388 -0.000357964 0.00302412 0.999996 -0.000371044 0.15367 0.0489861
FixedParameters: 0 0 0

#Transform 285
Transform: AffineTransform_float_3_3
Parameters: 1 -0.000341982 0.000358973 0.000343018 0.999996 -0.00283988 -0.000358027 0.00284012 0.999996 -0.00527583 0.159213 0.0521002
FixedParameters: 0 0 0

#Transform 286
Transform: AffineTransform_float_3_3
Parameters: 0.999999 -0.00082334 0.000448062 0.000824658 0.999993 -0.00371563 -0.000444938 0.00371637 0.999993 0.00337598 0.185442 -0.0104038
FixedParameters: 0 0 0

#Transform 287
Transform: AffineTransform_float_3_3
Parameters: 0.999999 -0.000823378 0.000361713 0.000824622 0.999989 -0.0045057 -0.000358288 0.00450629 0.99999 -0.00551466 0.180572 -0.0472136
FixedParameters: 0 0 0

#Transform 288
Transform: AffineTransform_float_3_3
Parameters: 0.999999 -0.000994225 0.0003629 0.000995775 0.999988 -0.00492364 -0.000358101 0.00492436 0.999988 0.00458063 0.205925 -0.102007
FixedParameters: 0 0 0

#Transform 289
Transform: AffineTransform_float_3_3
Parameters: 1 -0.00107835 0.000144913 0.00107865 0.999989 -0.00455484 -0.000140088 0.00455515 0.999989 0.013237 0.197635 -0.0813085
FixedParameters: 0 0 0

#Transform 290
Transform: AffineTransform_float_3_3
Parameters: 0.999999 -0.000871253 0.000168894 0.000871746 0.999989 -0.00446785 -0.000165107 0.00446814 0.99999 0.00986671 0.165462 -0.0584356
FixedParameters: 0 0 0

#Transform 291
Transform: AffineTransform_float_3_3
Parameters: 0.999999 -0.000673679 -0.000356848 0.00067232 0.999989 -0.00468524 0.000360154 0.00468576 0.999989 0.02269 0.110007 -0.0668094
FixedParameters: 0 0 0

#Transform 292
Transform: AffineTransform_float_3_3
Parameters: 0.999999 -0.00126512 -0.000193802 0.00126388 0.999983 -0.00569225 0.000201197 0.00569175 0.999984 0.0376524 0.271864 -0.0645832
FixedParameters: 0 0 0

#Transform 293
Transform: AffineTransform_float_3_3
Parameters: 0.999999 -0.00133011 0.000399337 0.00133188 0.999988 -0.00476047 -0.000392664 0.00476052 0.999988 0.0221664 0.134305 -0.0922786
FixedParameters: 0 0 0

#Transform 294
Transform: AffineTransform_float_3_3
Parameters: 0.999999 -0.00133815 0.000383509 0.00133985 0.999988 -0.00486049 -0.000377491 0.00486151 0.999988 0.0208804 0.199468 -0.107734
FixedParameters: 0 0 0

#Transform 295
Transform: AffineTransform_float_3_3
Parameters: 0.999999 -0.00126324 0.000185288 0.00126376 0.999991 -0.00418477 -0.000179713 0.00418523 0.999991 0.014571 0.129963 -0.113714
FixedParameters: 0 0 0

#Transform 296
Transform: AffineTransform_float_3_3
Parameters: 0.999999 -0.00126348 0.000113893 0.00126452 0.999989 -0.00466286 -0.000108105 0.00466314 0.999989 0.0141777 0.174053 -0.109162
FixedParameters: 0 0 0

#Transform 297
Transform: AffineTransform_float_3_3
Parameters: 0.999999 -0.000972062 -1.16423e-05 0.000971936 0.99999 -0.00448302 1.63573e-05 0.00448299 0.99999 0.00493435 0.194877 -0.117494
FixedParameters: 0 0 0

#Transform 298
Transform: AffineTransform_float_3_3
Parameters: 0.999999 -0.000892037 -7.38819e-06 0.000891964 0.999992 -0.00404901 1.06116e-05 0.00404899 0.999992 0.00307611 0.190231 -0.102904
FixedParameters: 0 0 0

#Transform 299
Transform: AffineTransform_float_3_3
Parameters: 1 -0.00106284 -0.000215903 0.00106216 0.999992 -0.00385623 0.000220097 0.00385577 0.999992 0.0104942 0.172156 -0.0854508
FixedParameters: 0 0 0

#Transform 300
Transform: AffineTransform_float_3_3
Parameters: 1 -0.000977805 -0.000484374 0.000976193 0.999992 -0.00371247 0.000488627 0.00371152 0.999993 0.00533164 0.174386 -0.0673181
FixedParameters: 0 0 0

#Transform 301
Transform: AffineTransform_float_3_3
Parameters: 0.999999 -0.000932187 -4.42222e-05 0.000931814 0.999992 -0.00405304 4.7777e-05 0.00405296 0.999992 0.00520698 0.190483 -0.0914636
FixedParameters: 0 0 0

#Transform 302
Transform: AffineTransform_float_3_3
Parameters: 0.999999 -0.000840177 -4.2643e-05 0.000839825 0.999991 -0.00399604 4.53563e-05 0.00399596 0.999992 0.000251054 0.164579 -0.0891034
FixedParameters: 0 0 0

#Transform 303
Transform: AffineTransform_float_3_3
Parameters: 0.999999 -0.000914916 2.26543e-05 0.00091508 0.999991 -0.00399398 -1.83453e-05 0.00399402 0.999992 -0.000623833 0.159866 -0.101061
FixedParameters: 0 0 0

#Transform 304
Transform: AffineTransform_float_3_3
Parameters: 0.999999 -0.000796363 -0.0002913 0.000794638 0.999989 -0.00465023 0.000294699 0.00465077 0.999989 0.0109545 0.262555 -0.0930406
FixedParameters: 0 0 0

#Transform 305
Transform: AffineTransform_float_3_3
Parameters: 0.999999 -0.000938144 -4.29578e-05 0.000938855 0.999995 -0.00324304 4.60449e-05 0.00324296 0.999994 0.0108681 0.0510563 -0.036896
FixedParameters: 0 0 0

#Transform 306
Transform: AffineTransform_float_3_3
Parameters: 0.999999 -0.00093816 -4.26106e-05 0.000938842 0.999993 -0.00361304 4.53923e-05 0.00361296 0.999993 -0.00116439 0.187788 -0.0531164
FixedParameters: 0 0 0

#Transform 307
Transform: AffineTransform_float_3_3
Parameters: 0.999999 -0.000938334 -9.68139e-05 0.000938665 0.999994 -0.00339609 0.000100188 0.00339591 0.999994 0.00832336 0.140005 -0.0361782
FixedParameters: 0 0 0

#Transform 308
Transform: AffineTransform_float_3_3
Parameters: 0.999999 -0.000853343 -9.80539e-05 0.000852656 0.999993 -0.00345308 0.000100945 0.00345291 0.999994 0.00698428 0.183418 -0.0687971
FixedParameters: 0 0 0

#Transform 309
Transform: AffineTransform_float_3_3
Parameters: 0.999999 -0.00077157 -0.000166378 0.000771431 0.999994 -0.00340013 0.000168624 0.00339987 0.999994 -0.0031813 0.187628 -0.0674928
FixedParameters: 0 0 0

#Transform 310
Transform: AffineTransform_float_3_3
Parameters: 0.999999 -0.000727165 -4.3309e-05 0.000727836 0.999993 -0.00370103 4.5694e-05 0.00370097 0.999993 -0.00233618 0.161679 -0.0733115
FixedParameters: 0 0 0

#Transform 311
Transform: AffineTransform_float_3_3
Parameters: 1 -0.000611154 -4.39015e-05 0.000610845 0.999994 -0.00343403 4.60979e-05 0.00343397 0.999994 -0.00286575 0.182086 -0.068746
FixedParameters: 0 0 0

#Transform 312
Transform: AffineTransform_float_3_3
Parameters: 1 -0.000580176 -4.37307e-05 0.000579827 0.999992 -0.00391203 4.52686e-05 0.00391198 0.999993 -0.00486125 0.203613 -0.0766402
FixedParameters: 0 0 0

#Transform 313
Transform: AffineTransform_float_3_3
Parameters: 0.999999 -0.000795165 -4.3047e-05 0.000795834 0.999993 -0.00371404 4.5956e-05 0.00371396 0.999993 0.000156343 0.185161 -0.0580204
FixedParameters: 0 0 0

#Transform 314
Transform: AffineTransform_float_3_3
Parameters: 0.999999 -0.00083517 -4.28041e-05 0.000834833 0.999993 -0.00382704 4.5196e-05 0.00382796 0.999992 -0.00465932 0.172732 -0.0595898
FixedParameters: 0 0 0

#Transform 315
Transform: AffineTransform_float_3_3
Parameters: 1 -0.000589167 -4.38056e-05 0.000588836 0.999993 -0.00372503 4.51937e-05 0.00372497 0.999993 -0.00587211 0.172297 -0.0605165
FixedParameters: 0 0 0

#Transform 316
Transform: AffineTransform_float_3_3
Parameters: 1 -0.000604163 -4.38126e-05 0.00060384 0.999994 -0.00362103 4.51868e-05 0.00362098 0.999994 -0.010344 0.154651 -0.0381944
FixedParameters: 0 0 0

#Transform 317
Transform: AffineTransform_float_3_3
Parameters: 0.999999 -0.000800707 7.99815e-05 0.000801292 0.999992 -0.00372294 -7.70173e-05 0.00372306 0.999993 -0.00831593 0.1563 -0.0519019
FixedParameters: 0 0 0

#Transform 318
Transform: AffineTransform_float_3_3
Parameters: 0.999999 -0.000803583 0.000116899 0.000804417 0.999993 -0.00360691 -0.000114099 0.00360709 0.999993 -0.0045736 0.152532 -0.0744058
FixedParameters: 0 0 0

#Transform 319
Transform: AffineTransform_float_3_3
Parameters: 1 -0.000641172 0.000242204 0.000642827 0.999994 -0.00343485 -0.000239794 0.00343415 0.999994 -0.00643554 0.153236 -0.0352682
FixedParameters: 0 0 0

#Transform 320
Transform: AffineTransform_float_3_3
Parameters: 0.999999 -0.000691083 0.000272337 0.000691915 0.999994 -0.00337981 -0.000269663 0.00338019 0.999995 -0.0059174 0.205647 -0.0143812
FixedParameters: 0 0 0

#Transform 321
Transform: AffineTransform_float_3_3
Parameters: 0.999999 -0.000775286 0.000201763 0.000775715 0.999994 -0.00356184 -0.000199239 0.00356116 0.999993 -0.0034889 0.197338 -0.0337593
FixedParameters: 0 0 0

#Transform 322
Transform: AffineTransform_float_3_3
Parameters: 0.999999 -0.000937194 0.000236218 0.000938804 0.999993 -0.00343178 -0.000232779 0.00343222 0.999994 -0.000268209 0.195669 -0.026672
FixedParameters: 0 0 0

#Transform 323
Transform: AffineTransform_float_3_3
Parameters: 0.999999 -0.000770267 0.000220577 0.000770731 0.999994 -0.00334383 -0.000217424 0.00334417 0.999995 -0.0100932 0.17445 -0.0200201
FixedParameters: 0 0 0

#Transform 324
Transform: AffineTransform_float_3_3
Parameters: 0.999999 -0.000768533 0.000149422 0.000769465 0.999994 -0.00315089 -0.000146576 0.00315111 0.999995 -0.00377496 0.204298 -0.0085722
FixedParameters: 0 0 0

#Transform 325
Transform: AffineTransform_float_3_3
Parameters: 0.999999 -0.000825246 0.000235657 0.000825755 0.999995 -0.00321781 -0.000233345 0.00321719 0.999995 -0.00250061 0.191711 -0.0231234
FixedParameters: 0 0 0

#Transform 326
Transform: AffineTransform_float_3_3
Parameters: 0.999999 -0.000802272 0.000240442 0.000802729 0.999995 -0.00304181 -0.000238559 0.00304219 0.999996 -0.00182758 0.17158 -0.00725307
FixedParameters: 0 0 0

#Transform 327
Transform: AffineTransform_float_3_3
Parameters: 0.999999 -0.000870061 0.000293797 0.000870937 0.999995 -0.00321275 -0.000290203 0.00321325 0.999995 0.00204938 0.161683 -0.0246649
FixedParameters: 0 0 0

#Transform 328
Transform: AffineTransform_float_3_3
Parameters: 1 -0.000558211 0.000250764 0.00055879 0.999995 -0.00315786 -0.000249236 0.00315814 0.999995 -0.0075691 0.175743 -0.0208795
FixedParameters: 0 0 0

#Transform 329
Transform: AffineTransform_float_3_3
Parameters: 0.999999 -0.0008658 6.37821e-05 0.000866201 0.999995 -0.00321295 -6.12172e-05 0.00321306 0.999995 -0.00226795 0.177741 -0.0167347
FixedParameters: 0 0 0

#Transform 330
Transform: AffineTransform_float_3_3
Parameters: 1 -0.00102612 -0.000391081 0.00102488 0.999996 -0.0028464 0.000393919 0.0028466 0.999996 0.00620413 0.182301 0.00923803
FixedParameters: 0 0 0

#Transform 331
Transform: AffineTransform_float_3_3
Parameters: 0.999999 -0.000937854 4.51355e-05 0.000938145 0.999994 -0.00334296 -4.1864e-05 0.00334304 0.999995 0.0140935 0.161736 0.0202848
FixedParameters: 0 0 0

#Transform 332
Transform: AffineTransform_float_3_3
Parameters: 0.999999 -0.000845617 0.000122667 0.000846383 0.999994 -0.0031529 -0.000120332 0.0031531 0.999995 0.00781917 0.171367 0.0475126
FixedParameters: 0 0 0

#Transform 333
Transform: AffineTransform_float_3_3
Parameters: 0.999999 -0.000938174 -5.40422e-05 0.000938824 0.999994 -0.00315305 5.69603e-05 0.00315295 0.999995 0.0160411 0.196275 0.0822577
FixedParameters: 0 0 0

#Transform 334
Transform: AffineTransform_float_3_3
Parameters: 0.999999 -0.000714979 0.000319294 0.000716019 0.999994 -0.00320577 -0.000316706 0.00320623 0.999995 -0.00132743 0.206651 0.0499191
FixedParameters: 0 0 0

#Transform 335
Transform: AffineTransform_float_3_3
Parameters: 1 -0.000604892 3.87265e-05 0.000605109 0.999995 -0.00285398 -3.72732e-05 0.00285402 0.999996 0.00825599 0.194217 0.0617819
FixedParameters: 0 0 0

#Transform 336
Transform: AffineTransform_float_3_3
Parameters: 0.999999 -0.000843845 5.5406e-05 0.000844156 0.999995 -0.00285095 -5.35935e-05 0.00285104 0.999996 0.00973378 0.213781 0.0630618
FixedParameters: 0 0 0

#Transform 337
Transform: AffineTransform_float_3_3
Parameters: 0.999999 -0.000781153 -5.48575e-05 0.000780846 0.999996 -0.00274304 5.71421e-05 0.00274296 0.999996 0.0164627 0.203528 0.0452229
FixedParameters: 0 0 0

#Transform 338
Transform: AffineTransform_float_3_3
Parameters: 0.999999 -0.000938663 -0.000186694 0.000938335 0.999994 -0.00352318 0.000190307 0.00352282 0.999994 0.0243153 0.230862 0.03087
FixedParameters: 0 0 0

#Transform 339
Transform: AffineTransform_float_3_3
Parameters: 1 -0.00099487 3.22991e-05 0.000995134 0.99999 -0.00432097 -2.87003e-05 0.00432103 0.99999 0.0223544 0.257359 -0.00427115
FixedParameters: 0 0 0

#Transform 340
Transform: AffineTransform_float_3_3
Parameters: 0.999999 -0.000938194 -5.37147e-05 0.000938809 0.999994 -0.00350205 5.6288e-05 0.00350195 0.999994 0.0149855 0.15851 0.030306
FixedParameters: 0 0 0

#Transform 341
Transform: AffineTransform_float_3_3
Parameters: 0.999999 -0.000937514 0.000166753 0.000938486 0.999996 -0.00293584 -0.000164245 0.00293616 0.999995 0.0176262 0.172901 0.0558402
FixedParameters: 0 0 0

#Transform 342
Transform: AffineTransform_float_3_3
Parameters: 0.999999 -0.000938169 -5.41426e-05 0.000938831 0.999995 -0.00304605 5.68599e-05 0.00304595 0.999996 0.0185478 0.135401 0.0378996
FixedParameters: 0 0 0

#Transform 343
Transform: AffineTransform_float_3_3
Parameters: 0.999999 -0.000816183 -5.43166e-05 0.000815818 0.999995 -0.00328804 5.66827e-05 0.00328795 0.999994 0.0190991 0.17336 0.0509179
FixedParameters: 0 0 0

#Transform 344
Transform: AffineTransform_float_3_3
Parameters: 0.999999 -0.00093797 1.17295e-05 0.000938028 0.999996 -0.00290999 -8.27036e-06 0.00291001 0.999996 0.0205207 0.175008 0.0678432
FixedParameters: 0 0 0

#Transform 345
Transform: AffineTransform_float_3_3
Parameters: 0.999999 -0.000864551 0.000134906 0.000864448 0.999994 -0.00335989 -0.000132096 0.00336012 0.999995 0.0101654 0.235026 0.0519588
FixedParameters: 0 0 0

#Transform 346
Transform: AffineTransform_float_3_3
Parameters: 0.999999 -0.000875165 -5.44062e-05 0.000874836 0.999995 -0.00296405 5.65932e-05 0.00296395 0.999995 0.010185 0.200782 0.0417333
FixedParameters: 0 0 0

#Transform 347
Transform: AffineTransform_float_3_3
Parameters: 0.999999 -0.000937236 0.000240004 0.000938764 0.999995 -0.00320378 -0.000236994 0.00320322 0.999995 0.0174241 0.234268 0.0277155
FixedParameters: 0 0 0

#Transform 348
Transform: AffineTransform_float_3_3
Parameters: 1 -0.000936941 0.000352826 0.00093806 0.999995 -0.00301367 -0.000350174 0.00301433 0.999996 0.0126279 0.213537 0.0213171
FixedParameters: 0 0 0

#Transform 349
Transform: AffineTransform_float_3_3
Parameters: 0.999999 -0.000867312 0.000258319 0.000867686 0.999996 -0.00267278 -0.000255681 0.00267322 0.999997 0.0120506 0.198291 0.0398863
FixedParameters: 0 0 0

#Transform 350
Transform: AffineTransform_float_3_3
Parameters: 0.999999 -0.000804534 0.000164294 0.000804464 0.999995 -0.00285087 -0.000161707 0.00285113 0.999996 0.011556 0.197626 0.0468125
FixedParameters: 0 0 0

#Transform 351
Transform: AffineTransform_float_3_3
Parameters: 0.999999 -0.000937107 0.000310704 0.000938893 0.999996 -0.00288471 -0.000308292 0.00288529 0.999996 0.013453 0.197181 0.0488072
FixedParameters: 0 0 0

#Transform 352
Transform: AffineTransform_float_3_3
Parameters: 0.999999 -0.000804576 0.000153241 0.000805423 0.999996 -0.00278488 -0.000150757 0.00278512 0.999996 0.00741386 0.199634 0.0490719
FixedParameters: 0 0 0

#Transform 353
Transform: AffineTransform_float_3_3
Parameters: 0.999999 -0.000838756 8.63933e-05 0.000839241 0.999995 -0.00285293 -8.36059e-05 0.00285307 0.999996 0.000975752 0.181273 0.0262516
FixedParameters: 0 0 0

#Transform 354
Transform: AffineTransform_float_3_3
Parameters: 1 -0.000492192 -5.53151e-05 0.000492809 0.999994 -0.00342403 5.66877e-05 0.00342397 0.999994 -0.00078395 0.248268 0.0299453
FixedParameters: 0 0 0

#Transform 355
Transform: AffineTransform_float_3_3
Parameters: 0.999999 -0.000801152 -5.48178e-05 0.000800847 0.999996 -0.00272405 5.71817e-05 0.00272396 0.999997 0.0106111 0.148087 0.0636081
FixedParameters: 0 0 0

#Transform 356
Transform: AffineTransform_float_3_3
Parameters: 0.999999 -0.000938132 -5.47655e-05 0.000938868 0.999996 -0.00238205 5.62365e-05 0.00238195 0.999997 0.01011 0.154148 0.0578145
FixedParameters: 0 0 0

#Transform 357
Transform: AffineTransform_float_3_3
Parameters: 0.999999 -0.000870148 -5.46864e-05 0.000869853 0.999996 -0.00265905 5.63131e-05 0.00265895 0.999996 0.00810867 0.152134 0.0352581
FixedParameters: 0 0 0

#Transform 358
Transform: AffineTransform_float_3_3
Parameters: 0.999999 -0.000855154 -5.46331e-05 0.000854847 0.999996 -0.00276805 5.63664e-05 0.00276795 0.999996 0.00491392 0.214834 0.0231897
FixedParameters: 0 0 0

#Transform 359
Transform: AffineTransform_float_3_3
Parameters: 1 -0.000939172 -0.000448555 0.00093883 0.999996 -0.00260542 0.000450447 0.00260458 0.999997 0.0194843 0.164954 0.0181027
FixedParameters: 0 0 0

#Transform 360
Transform: AffineTransform_float_3_3
Parameters: 0.999999 -0.000938182 -5.39108e-05 0.000938817 0.999994 -0.00329305 5.70918e-05 0.00329295 0.999994 0.016558 0.281211 0.0380207
FixedParameters: 0 0 0

#Transform 361
Transform: AffineTransform_float_3_3
Parameters: 0.999999 -0.000871313 -0.000106469 0.000871688 0.999996 -0.00290509 0.000108533 0.00290491 0.999996 0.012052 0.206814 0.0437836
FixedParameters: 0 0 0

#Transform 362
Transform: AffineTransform_float_3_3
Parameters: 0.999999 -0.000776931 -0.000245065 0.000776068 0.999992 -0.00378019 0.000247935 0.00377981 0.999993 0.00179864 0.403913 -0.032643
FixedParameters: 0 0 0

#Transform 363
Transform: AffineTransform_float_3_3
Parameters: 1 -0.000638501 -0.00017316 0.000638498 0.999995 -0.00288311 0.000174841 0.00288289 0.999996 0.00996741 -0.00532005 0.0489081
FixedParameters: 0 0 0

#Transform 364
Transform: AffineTransform_float_3_3
Parameters: 0.999999 -0.000937493 0.000143352 0.000938505 0.999993 -0.00357487 -0.000139646 0.00357513 0.999993 0.031795 0.117816 0.180931
FixedParameters: 0 0 0

#Transform 365
Transform: AffineTransform_float_3_3
Parameters: 0.999999 -0.000938074 -2.43087e-05 0.000938927 0.999996 -0.00286903 2.66939e-05 0.00286898 0.999996 0.0236905 0.16586 0.148976
FixedParameters: 0 0 0

#Transform 366
Transform: AffineTransform_float_3_3
Parameters: 0.999999 -0.00127356 0.000148774 0.00127444 0.999995 -0.00296281 -0.000145226 0.00296219 0.999995 0.0352046 0.206866 0.122759
FixedParameters: 0 0 0

#Transform 367
Transform: AffineTransform_float_3_3
Parameters: 0.999999 -0.00134831 -0.000107132 0.00134869 0.999995 -0.00286915 0.00011087 0.00286885 0.999996 0.0451172 0.254538 0.0897264
FixedParameters: 0 0 0

#Transform 368
Transform: AffineTransform_float_3_3
Parameters: 1 -0.000938813 -0.000269182 0.000938188 0.999995 -0.00300326 0.000271819 0.00300275 0.999996 0.025168 0.299188 0.10533
FixedParameters: 0 0 0

#Transform 369
Transform: AffineTransform_float_3_3
Parameters: 1 -0.00104815 -4.89931e-05 0.00104786 0.999996 -0.00286905 5.20065e-05 0.00286895 0.999996 0.0216614 0.209532 0.0713086
FixedParameters: 0 0 0

#Transform 370
Transform: AffineTransform_float_3_3
Parameters: 0.999999 -0.00093893 2.38854e-05 0.000938069 0.999995 -0.00307298 -2.11174e-05 0.00307302 0.999996 0.0199958 0.254492 0.0347326
FixedParameters: 0 0 0

#Transform 371
Transform: AffineTransform_float_3_3
Parameters: 0.999999 -0.000883228 -8.0529e-05 0.000883769 0.999995 -0.00279807 8.34731e-05 0.00279793 0.999996 0.0191417 0.184142 0.0451462
FixedParameters: 0 0 0

#Transform 372
Transform: AffineTransform_float_3_3
Parameters: 0.999999 -0.000939385 -0.000143496 0.000938615 0.999996 -0.00266614 0.000145503 0.00266587 0.999997 0.0241104 0.147726 0.0677747
FixedParameters: 0 0 0

#Transform 373
Transform: AffineTransform_float_3_3
Parameters: 0.999999 -0.000939767 -0.000269333 0.000938232 0.999995 -0.00283925 0.000271664 0.00283874 0.999996 0.0241943 0.1716 0.0588594
FixedParameters: 0 0 0

#Transform 374
Transform: AffineTransform_float_3_3
Parameters: 0.999999 -0.000815996 2.34192e-06 0.000816002 0.999995 -0.00287 3.41928e-07 0.00287 0.999996 0.0125939 0.165142 0.0598079
FixedParameters: 0 0 0
