#Insight Transform File V1.0
#Transform 0
Transform: AffineTransform_float_3_3
Parameters: 1 0.000222 -9.3462e-08 -0.000222 1 -0.000421 -9.3462e-08 0.000421 1 -0.0144599 0.0149425 -0.0104046
FixedParameters: 0 0 0

#Transform 1
Transform: AffineTransform_float_3_3
Parameters: 1 0.000316 9.954e-08 -0.000316 1 0.000315 9.954e-08 -0.000315 1 -0.0161076 -0.00476918 -0.000477221
FixedParameters: 0 0 0

#Transform 2
Transform: AffineTransform_float_3_3
Parameters: 1 0.000192992 0.000170009 -0.000193008 1 4.79672e-05 -0.000169991 -4.80328e-05 1 -0.0165377 0.0290319 -0.00887307
FixedParameters: 0 0 0

#Transform 3
Transform: AffineTransform_float_3_3
Parameters: 1 0.000404 3.24816e-07 -0.000404 0.999999 0.000803999 3.24816e-07 -0.000803999 0.999999 -0.0141511 0.0247152 0.00969514
FixedParameters: 0 0 0

#Transform 4
Transform: AffineTransform_float_3_3
Parameters: 1 0.000274 1.35356e-07 -0.000274 1 0.000494 1.35356e-07 -0.000494 1 -0.0120836 0.0276432 0.00962611
FixedParameters: 0 0 0

#Transform 5
Transform: AffineTransform_float_3_3
Parameters: 1 0.000305003 0.000109991 -0.000304997 1 -3.00335e-05 -0.000110009 2.99664e-05 1 -0.014883 0.0223474 0.01242
FixedParameters: 0 0 0

#Transform 6
Transform: AffineTransform_float_3_3
Parameters: 1 0.000273 -5.5692e-08 -0.000273 1 -0.000204 -5.5692e-08 0.000204 1 -0.0127543 0.0330818 0.0142381
FixedParameters: 0 0 0

#Transform 7
Transform: AffineTransform_float_3_3
Parameters: 1 0.000353 -4.5184e-08 -0.000353 1 -0.000128 -4.5184e-08 0.000128 1 -0.0068577 0.031877 0.00990876
FixedParameters: 0 0 0

#Transform 8
Transform: AffineTransform_float_3_3
Parameters: 1 0.000152 7.448e-09 -0.000152 1 4.9e-05 7.448e-09 -4.9e-05 1 -0.00965173 0.00640331 0.0131052
FixedParameters: 0 0 0

#Transform 9
Transform: AffineTransform_float_3_3
Parameters: 1 0.000210049 -0.000104902 -0.000210951 1 0.000467022 0.000104099 -0.000466978 1 -0.00595698 -0.00478374 0.018667
FixedParameters: 0 0 0

#Transform 10
Transform: AffineTransform_float_3_3
Parameters: 1 0 0 0 1 0.000467 0 -0.000467 1 4.9e-05 0.0273907 0.0231492
FixedParameters: 0 0 0

#Transform 11
Transform: AffineTransform_float_3_3
Parameters: 1 0.000173024 -8.09495e-05 -0.000172976 1 0.000292014 8.10505e-05 -0.000291986 1 -0.00254226 0.0115426 0.0235243
FixedParameters: 0 0 0

#Transform 12
Transform: AffineTransform_float_3_3
Parameters: 1 0.000176 -3.4496e-08 -0.000176 1 -0.000196 -3.4496e-08 0.000196 1 -0.00702288 0.0238107 -0.00302655
FixedParameters: 0 0 0

#Transform 13
Transform: AffineTransform_float_3_3
Parameters: 1 5.2e-05 2.0852e-08 -5.2e-05 1 0.000401 2.0852e-08 -0.000401 1 -0.000487354 -0.0072811 0.00839462
FixedParameters: 0 0 0

#Transform 14
Transform: AffineTransform_float_3_3
Parameters: 1 0.000151 4.53e-09 -0.000151 1 3e-05 4.53e-09 -3e-05 1 -0.00940379 0.0403779 -0.00186699
FixedParameters: 0 0 0

#Transform 15
Transform: AffineTransform_float_3_3
Parameters: 1 3.0163e-08 0.000217 3.0163e-08 1 -0.000139 -0.000217 0.000139 1 -0.00168722 -0.0106905 0.00864734
FixedParameters: 0 0 0

#Transform 16
Transform: AffineTransform_float_3_3
Parameters: 1 2.24903e-07 0.000361 2.24903e-07 1 -0.000623 -0.000361 0.000623 0.999999 -0.00639363 0.0573601 0.0157047
FixedParameters: 0 0 0

#Transform 17
Transform: AffineTransform_float_3_3
Parameters: 1 8.8452e-08 0.000468 8.8452e-08 1 -0.000189 -0.000468 0.000189 1 -0.00763218 0.006832 0.00901358
FixedParameters: 0 0 0

#Transform 18
Transform: AffineTransform_float_3_3
Parameters: 1 0.000103005 0.000571999 -0.000102995 1 -8.05891e-06 -0.000572001 7.94108e-06 1 -0.00573715 -0.0173698 0.00591659
FixedParameters: 0 0 0

#Transform 19
Transform: AffineTransform_float_3_3
Parameters: 1 6.1035e-05 0.000320993 -6.0965e-05 1 -0.00010902 -0.000321007 0.00010898 1 -0.00494252 0.00468333 -0.000821605
FixedParameters: 0 0 0

#Transform 20
Transform: AffineTransform_float_3_3
Parameters: 1 9.90293e-05 0.000213986 -9.89707e-05 1 -0.000137021 -0.000214014 0.000136979 1 -0.00320928 -1.44041e-05 0.00391362
FixedParameters: 0 0 0

#Transform 21
Transform: AffineTransform_float_3_3
Parameters: 1 -1.5529e-08 0.000293 -1.5529e-08 1 5.3e-05 -0.000293 -5.3e-05 1 -0.00363897 0.00286699 0.0168263
FixedParameters: 0 0 0

#Transform 22
Transform: AffineTransform_float_3_3
Parameters: 1 0.000242006 8.84633e-06 -0.000241994 1 -0.000635002 -9.15367e-06 0.000634998 1 -0.0111276 0.0106422 -0.0123863
FixedParameters: 0 0 0

#Transform 23
Transform: AffineTransform_float_3_3
Parameters: 1 0.000403919 -0.000376087 -0.000404081 1 -0.000215848 0.000375913 0.000216152 1 -0.00101861 0.0383384 -0.0058977
FixedParameters: 0 0 0

#Transform 24
Transform: AffineTransform_float_3_3
Parameters: 1 2.05e-10 -0.000205 2.05e-10 1 1e-06 0.000205 -1e-06 1 -0.00326828 0.0205437 -0.01084
FixedParameters: 0 0 0

#Transform 25
Transform: AffineTransform_float_3_3
Parameters: 1 9.4686e-08 -0.000367 9.4686e-08 1 0.000258 0.000367 -0.000258 1 0.0051539 0.00710144 0.00326051
FixedParameters: 0 0 0

#Transform 26
Transform: AffineTransform_float_3_3
Parameters: 1 1.9451e-08 -0.000367 1.9451e-08 1 5.3e-05 0.000367 -5.3e-05 1 0.00728236 0.0256681 -0.000721715
FixedParameters: 0 0 0

#Transform 27
Transform: AffineTransform_float_3_3
Parameters: 1 0.000138013 -0.000238993 -0.000137987 1 5.3033e-05 0.000239007 -5.2967e-05 1 -0.00737599 0.0202658 -0.0163831
FixedParameters: 0 0 0

#Transform 28
Transform: AffineTransform_float_3_3
Parameters: 1 3.743e-08 -0.000197 3.743e-08 1 0.00019 0.000197 -0.00019 1 -0.00316518 0.00557527 0.00142264
FixedParameters: 0 0 0

#Transform 29
Transform: AffineTransform_float_3_3
Parameters: 1 1.29551e-07 -0.000367 1.29551e-07 1 0.000353 0.000367 -0.000353 1 0.00182026 0.000124872 0.00501877
FixedParameters: 0 0 0

#Transform 30
Transform: AffineTransform_float_3_3
Parameters: 1 0.000208971 -0.000367016 -0.000209029 1 -7.79233e-05 0.000366984 7.80767e-05 1 -0.00390745 0.036696 -0.0149753
FixedParameters: 0 0 0

#Transform 31
Transform: AffineTransform_float_3_3
Parameters: 1 0.000190968 -0.000367017 -0.000191032 1 -8.69299e-05 0.000366983 8.70701e-05 1 4.64809e-05 -0.0155619 -0.0259784
FixedParameters: 0 0 0

#Transform 32
Transform: AffineTransform_float_3_3
Parameters: 1 0.000105042 -0.000366988 -0.000104958 1 0.000115039 0.000367012 -0.000114961 1 0.00451058 -0.00876796 -0.00859932
FixedParameters: 0 0 0

#Transform 33
Transform: AffineTransform_float_3_3
Parameters: 1 0.000165 -0.00026 -0.000165 1 4.29e-08 0.00026 4.29e-08 1 -0.00587343 0.0213838 -0.000885575
FixedParameters: 0 0 0

#Transform 34
Transform: AffineTransform_float_3_3
Parameters: 1 0.000210982 -0.00036701 -0.000211018 1 -4.89226e-05 0.00036699 4.90774e-05 1 -0.00931192 0.0318504 -0.00705122
FixedParameters: 0 0 0

#Transform 35
Transform: AffineTransform_float_3_3
Parameters: 1 8.7346e-08 -0.000367 8.7346e-08 1 0.000238 0.000367 -0.000238 1 0.00263361 0.0152446 0.00405565
FixedParameters: 0 0 0

#Transform 36
Transform: AffineTransform_float_3_3
Parameters: 1 7.4501e-08 -0.000367 7.4501e-08 1 0.000203 0.000367 -0.000203 1 0.00509083 0.000259804 0.00346487
FixedParameters: 0 0 0

#Transform 37
Transform: AffineTransform_float_3_3
Parameters: 1 -1.26248e-07 -0.000367 -1.26248e-07 1 -0.000344 0.000367 0.000344 1 0.00644254 0.0487701 0.0206056
FixedParameters: 0 0 0

#Transform 38
Transform: AffineTransform_float_3_3
Parameters: 1 -1.2084e-08 -0.000106 -1.2084e-08 1 -0.000114 0.000106 0.000114 1 -0.00361921 0.034702 0.0284162
FixedParameters: 0 0 0

#Transform 39
Transform: AffineTransform_float_3_3
Parameters: 1 5.2848e-08 -0.000367 5.2848e-08 1 0.000144 0.000367 -0.000144 1 0.00523713 0.0231878 0.013544
FixedParameters: 0 0 0

#Transform 40
Transform: AffineTransform_float_3_3
Parameters: 1 9.62198e-05 -0.000366942 -9.67801e-05 1 0.000599035 0.000367058 -0.000598964 1 0.00532278 -0.000499312 0.02663
FixedParameters: 0 0 0

#Transform 41
Transform: AffineTransform_float_3_3
Parameters: 1 1.887e-07 -0.00051 1.887e-07 1 0.00037 0.00051 -0.00037 1 0.0116358 0.0202216 0.00424084
FixedParameters: 0 0 0

#Transform 42
Transform: AffineTransform_float_3_3
Parameters: 1 5.40174e-05 -0.000175995 -5.39826e-05 1 9.90095e-05 0.000176005 -9.89905e-05 1 0.00196502 0.0460636 -0.00182235
FixedParameters: 0 0 0

#Transform 43
Transform: AffineTransform_float_3_3
Parameters: 1 -6.615e-09 -2.7e-05 -6.615e-09 1 -0.000245 2.7e-05 0.000245 1 0.000172341 0.0167967 -0.00893894
FixedParameters: 0 0 0

#Transform 44
Transform: AffineTransform_float_3_3
Parameters: 1 7.9054e-05 9.79564e-05 -7.8946e-05 1 -0.000551008 -9.80435e-05 0.000550992 1 -0.00826781 -0.024544 -0.00713916
FixedParameters: 0 0 0

#Transform 45
Transform: AffineTransform_float_3_3
Parameters: 1 -0.000136838 0.000596037 0.000137162 1 -0.000271918 -0.000595962 0.000272082 1 -0.015484 -0.0278907 -0.0111639
FixedParameters: 0 0 0

#Transform 46
Transform: AffineTransform_float_3_3
Parameters: 0.999999 3.12042e-07 0.000793999 3.12042e-07 1 -0.000393 -0.000793999 0.000393 0.999999 -0.0207145 0.0740914 -0.0470262
FixedParameters: 0 0 0

#Transform 47
Transform: AffineTransform_float_3_3
Parameters: 1 0.00016978 -0.000261143 -0.00017022 0.999999 -0.000842955 0.000260856 0.000843044 0.999999 -0.00806194 0.145156 -0.0471787
FixedParameters: 0 0 0

#Transform 48
Transform: AffineTransform_float_3_3
Parameters: 1 0.000442588 -0.00035052 -0.000442412 0.999999 -0.00117485 0.00035048 0.00117516 0.999999 -0.0127343 0.106077 -0.0294764
FixedParameters: 0 0 0

#Transform 49
Transform: AffineTransform_float_3_3
Parameters: 1 0.000174606 -0.000604114 -0.000174394 1 -0.000651894 0.000603886 0.000652105 0.999999 0.00291993 0.0213348 -0.00373774
FixedParameters: 0 0 0

#Transform 50
Transform: AffineTransform_float_3_3
Parameters: 1 0.000262886 -0.000175171 -0.000263114 1 -0.000651954 0.000174828 0.000652046 1 -0.00281235 0.0211928 -0.00501165
FixedParameters: 0 0 0

#Transform 51
Transform: AffineTransform_float_3_3
Parameters: 1 0.000138752 -0.000342101 -0.000139248 0.999999 -0.000724952 0.000341899 0.000725047 0.999999 0.000142933 0.071949 -0.0132653
FixedParameters: 0 0 0

#Transform 52
Transform: AffineTransform_float_3_3
Parameters: 1 0.00011299 -3.00383e-05 -0.00011301 1 -0.000338997 2.99617e-05 0.000339003 1 0.00290452 -0.127232 -0.00392812
FixedParameters: 0 0 0

#Transform 53
Transform: AffineTransform_float_3_3
Parameters: 1 -3.1806e-08 -0.000342 -3.1806e-08 1 -9.3e-05 0.000342 9.3e-05 1 0.00721657 -0.0160732 0.0117906
FixedParameters: 0 0 0

#Transform 54
Transform: AffineTransform_float_3_3
Parameters: 1 1.095e-08 -0.00015 1.095e-08 1 7.3e-05 0.00015 -7.3e-05 1 0.00568681 0.0131312 0.0145837
FixedParameters: 0 0 0

#Transform 55
Transform: AffineTransform_float_3_3
Parameters: 1 5.7183e-08 -0.000147 5.7183e-08 1 0.000389 0.000147 -0.000389 1 0.00526241 0.0338581 0.00466061
FixedParameters: 0 0 0

#Transform 56
Transform: AffineTransform_float_3_3
Parameters: 1 1.4008e-08 6.8e-05 1.4008e-08 1 -0.000206 -6.8e-05 0.000206 1 0.00455565 0.0918417 -0.0139378
FixedParameters: 0 0 0

#Transform 57
Transform: AffineTransform_float_3_3
Parameters: 1 -0.000188332 0.000994318 0.000189668 0.999998 -0.00167781 -0.000993684 0.00167819 0.999998 -0.000768477 0.11955 0.048738
FixedParameters: 0 0 0

#Transform 58
Transform: AffineTransform_float_3_3
Parameters: 1 -0.000290806 0.000136415 0.000291194 0.999999 -0.00142696 -0.000135585 0.00142704 0.999999 0.0165998 0.0999986 0.0719861
FixedParameters: 0 0 0

#Transform 59
Transform: AffineTransform_float_3_3
Parameters: 1 -3.2112e-07 -0.000288 -3.2112e-07 0.999999 -0.001115 0.000288 0.001115 1 0.0168942 0.103547 0.0562823
FixedParameters: 0 0 0

#Transform 60
Transform: AffineTransform_float_3_3
Parameters: 1 -3.45576e-07 -0.000363 -3.45576e-07 0.999999 -0.000952 0.000363 0.000952 1 0.0126156 0.033736 0.0531877
FixedParameters: 0 0 0

#Transform 61
Transform: AffineTransform_float_3_3
Parameters: 1 -2.91235e-07 -0.000371 -2.91235e-07 0.999999 -0.000784999 0.000371 0.000784999 0.999999 0.016 -0.019281 0.0681988
FixedParameters: 0 0 0

#Transform 62
Transform: AffineTransform_float_3_3
Parameters: 1 -0.00018524 -0.000460904 0.00018476 1 -0.000520085 0.000461096 0.000519914 1 0.0219424 -0.0133367 0.0774268
FixedParameters: 0 0 0

#Transform 63
Transform: AffineTransform_float_3_3
Parameters: 1 -2.3972e-07 -0.000461 -2.3972e-07 1 -0.00052 0.000461 0.00052 1 0.0190607 0.00305465 0.064137
FixedParameters: 0 0 0

#Transform 64
Transform: AffineTransform_float_3_3
Parameters: 1 -0.000189211 -0.000542926 0.000188789 1 -0.000389102 0.000543073 0.000388897 1 0.0225142 0.0358224 0.0580793
FixedParameters: 0 0 0

#Transform 65
Transform: AffineTransform_float_3_3
Parameters: 1 -2.16209e-07 -0.000461 -2.16209e-07 1 -0.000469 0.000461 0.000469 1 0.0130934 0.0406224 0.0496199
FixedParameters: 0 0 0

#Transform 66
Transform: AffineTransform_float_3_3
Parameters: 1 -0.000136131 -0.000578969 0.000136869 1 -0.000227079 0.000579031 0.000226921 1 0.0228947 0.0483544 0.0557084
FixedParameters: 0 0 0

#Transform 67
Transform: AffineTransform_float_3_3
Parameters: 0.999999 -2.04204e-07 -0.000714 -2.04204e-07 1 -0.000286 0.000714 0.000286 0.999999 0.014717 0.0883235 0.0604599
FixedParameters: 0 0 0

#Transform 68
Transform: AffineTransform_float_3_3
Parameters: 0.999999 -0.000106246 -0.000793967 0.000105754 1 -0.000310084 0.000794032 0.000309916 0.999999 0.0178671 0.0643568 0.0602364
FixedParameters: 0 0 0

#Transform 69
Transform: AffineTransform_float_3_3
Parameters: 0.999999 -5.91979e-05 -0.000834985 5.88021e-05 1 -0.000237049 0.000835013 0.000236951 0.999999 0.022974 0.0608396 0.0521982
FixedParameters: 0 0 0

#Transform 70
Transform: AffineTransform_float_3_3
Parameters: 1 0.000308654 -0.000461231 -0.000309345 0.999999 -0.000749857 0.000460768 0.000749142 0.999999 0.0093194 0.0432338 0.0386644
FixedParameters: 0 0 0

#Transform 71
Transform: AffineTransform_float_3_3
Parameters: 1 0.000413193 -0.00107869 -0.000414808 0.999999 -0.00167555 0.00107831 0.00167645 0.999998 0.00671691 0.0663311 0.0135809
FixedParameters: 0 0 0

#Transform 72
Transform: AffineTransform_float_3_3
Parameters: 0.999999 0.000253646 -0.00135244 -0.000256355 0.999999 -0.00174065 0.00135256 0.00174134 0.999997 0.0148155 0.0352735 0.00301405
FixedParameters: 0 0 0

#Transform 73
Transform: AffineTransform_float_3_3
Parameters: 0.999999 -1.59578e-06 -0.00146 4.04216e-07 1 -0.001093 0.00146 0.001093 0.999999 0.0252052 0.00636234 0.0256567
FixedParameters: 0 0 0

#Transform 74
Transform: AffineTransform_float_3_3
Parameters: 0.999999 0.000159495 -0.00146417 -0.000160505 1 -0.00102777 0.00146384 0.00102824 0.999999 0.0254212 0.00515342 0.0269564
FixedParameters: 0 0 0

#Transform 75
Transform: AffineTransform_float_3_3
Parameters: 0.999999 0.000107424 -0.00143312 -0.000108577 1 -0.00109985 0.00143388 0.00110016 0.999999 0.0230384 0.0397185 0.0254699
FixedParameters: 0 0 0

#Transform 76
Transform: AffineTransform_float_3_3
Parameters: 0.999999 5.01964e-05 -0.00136203 -5.08035e-05 1 -0.000589931 0.00136197 0.000590069 0.999999 0.0280899 0.0134439 0.0351368
FixedParameters: 0 0 0

#Transform 77
Transform: AffineTransform_float_3_3
Parameters: 0.999999 -1.1274e-06 -0.001579 -1.27407e-07 0.999999 -0.000714 0.001579 0.000713999 0.999998 0.0307978 0.0316861 0.0136571
FixedParameters: 0 0 0

#Transform 78
Transform: AffineTransform_float_3_3
Parameters: 0.999998 -1.82228e-06 -0.001692 1.77712e-07 1 -0.001077 0.001692 0.001077 0.999998 0.0252951 0.0839599 0.0267037
FixedParameters: 0 0 0

#Transform 79
Transform: AffineTransform_float_3_3
Parameters: 0.999998 0.000146695 -0.00157912 -0.000147304 0.999999 -0.000825768 0.00157888 0.000826233 0.999999 0.0200761 0.0966061 0.0367467
FixedParameters: 0 0 0

#Transform 80
Transform: AffineTransform_float_3_3
Parameters: 0.999999 -6.8355e-07 -0.001519 3.16449e-07 1 -0.000450001 0.001519 0.000449999 0.999998 0.0282345 0.0386267 0.0466361
FixedParameters: 0 0 0

#Transform 81
Transform: AffineTransform_float_3_3
Parameters: 0.999999 6.61772e-05 -0.00157903 -6.78225e-05 1 -0.000520893 0.00157896 0.000521105 0.999998 0.0257772 0.0662448 0.0370539
FixedParameters: 0 0 0

#Transform 82
Transform: AffineTransform_float_3_3
Parameters: 0.999999 -8.63712e-07 -0.001579 1.36286e-07 1 -0.000547001 0.001579 0.000546999 0.999998 0.0284597 0.0341974 0.0390143
FixedParameters: 0 0 0

#Transform 83
Transform: AffineTransform_float_3_3
Parameters: 0.999998 -5.47807e-07 -0.001696 4.52191e-07 1 -0.000323001 0.001696 0.000322999 0.999998 0.0307023 0.0133867 0.0460543
FixedParameters: 0 0 0

#Transform 84
Transform: AffineTransform_float_3_3
Parameters: 0.999999 -6.18968e-07 -0.001579 3.81031e-07 1 -0.000392001 0.001579 0.000391999 0.999998 0.026495 0.0322628 0.0394563
FixedParameters: 0 0 0

#Transform 85
Transform: AffineTransform_float_3_3
Parameters: 0.999999 -6.18968e-07 -0.001579 3.81031e-07 1 -0.000392001 0.001579 0.000391999 0.999998 0.025879 0.0322628 0.0394553
FixedParameters: 0 0 0

#Transform 86
Transform: AffineTransform_float_3_3
Parameters: 0.999999 7.92104e-05 -0.00157904 -7.97894e-05 1 -0.000499874 0.00157896 0.000500125 0.999998 0.0309186 0.048204 0.0373745
FixedParameters: 0 0 0

#Transform 87
Transform: AffineTransform_float_3_3
Parameters: 0.999999 -6.18968e-07 -0.001579 3.81031e-07 1 -0.000392001 0.001579 0.000391999 0.999998 0.032391 0.0465098 0.0394712
FixedParameters: 0 0 0

#Transform 88
Transform: AffineTransform_float_3_3
Parameters: 0.999999 -7.22848e-07 -0.001844 2.7715e-07 1 -0.000392001 0.001844 0.000391999 0.999998 0.0324252 0.0414485 0.0402806
FixedParameters: 0 0 0

#Transform 89
Transform: AffineTransform_float_3_3
Parameters: 0.999998 -5.36311e-07 -0.001708 4.63687e-07 1 -0.000314001 0.001708 0.000313999 0.999998 0.0325731 0.0639198 0.0544473
FixedParameters: 0 0 0

#Transform 90
Transform: AffineTransform_float_3_3
Parameters: 0.999999 -7.30296e-07 -0.001863 2.69702e-07 1 -0.000392001 0.001863 0.000391999 0.999998 0.0326161 0.0512335 0.0402982
FixedParameters: 0 0 0

#Transform 91
Transform: AffineTransform_float_3_3
Parameters: 0.999998 -5.55108e-07 -0.001662 4.44891e-07 1 -0.000334001 0.001662 0.000333999 0.999998 0.0330349 0.0365241 0.0230711
FixedParameters: 0 0 0

#Transform 92
Transform: AffineTransform_float_3_3
Parameters: 0.999999 1.00782e-07 -0.001527 1.00782e-07 1 6.59999e-05 0.001527 -6.59999e-05 0.999999 0.0293224 0.0441335 0.0349572
FixedParameters: 0 0 0

#Transform 93
Transform: AffineTransform_float_3_3
Parameters: 0.999999 -1.75269e-07 -0.001579 -1.75269e-07 1 -0.000111 0.001579 0.000111 0.999998 0.0325129 0.0615647 0.0414558
FixedParameters: 0 0 0

#Transform 94
Transform: AffineTransform_float_3_3
Parameters: 0.999999 -4.93782e-07 -0.001751 -4.93782e-07 1 -0.000282 0.001751 0.000282 0.999999 0.0287688 0.0637707 0.0421262
FixedParameters: 0 0 0

#Transform 95
Transform: AffineTransform_float_3_3
Parameters: 0.999999 -6.52068e-07 -0.001842 3.4793e-07 1 -0.000354001 0.001842 0.000353999 0.999998 0.0339483 0.0645563 0.0410324
FixedParameters: 0 0 0

#Transform 96
Transform: AffineTransform_float_3_3
Parameters: 0.999998 -6.54588e-07 -0.001881 3.4541e-07 1 -0.000348001 0.001881 0.000347999 0.999998 0.0351098 0.0498278 0.0466614
FixedParameters: 0 0 0

#Transform 97
Transform: AffineTransform_float_3_3
Parameters: 0.999999 -4.73696e-07 -0.001808 -4.73696e-07 1 -0.000262 0.001808 0.000262 0.999999 0.0335245 0.0349411 0.039953
FixedParameters: 0 0 0

#Transform 98
Transform: AffineTransform_float_3_3
Parameters: 0.999998 -2.00384e-07 -0.001984 -2.00384e-07 1 -0.000101 0.001984 0.000101 0.999998 0.0311057 0.0649196 0.0462594
FixedParameters: 0 0 0

#Transform 99
Transform: AffineTransform_float_3_3
Parameters: 0.999998 -5.98878e-07 -0.002037 4.0112e-07 1 -0.000294001 0.002037 0.000293999 0.999998 0.0310046 0.0609643 0.0426312
FixedParameters: 0 0 0

#Transform 100
Transform: AffineTransform_float_3_3
Parameters: 0.999998 -5.84246e-07 -0.001954 4.15752e-07 1 -0.000299001 0.001954 0.000298999 0.999998 0.0378496 0.0295697 0.0424105
FixedParameters: 0 0 0

#Transform 101
Transform: AffineTransform_float_3_3
Parameters: 0.999998 -5.29776e-07 -0.001872 4.70222e-07 1 -0.000283001 0.001872 0.000283 0.999998 0.035124 0.0393795 0.0389698
FixedParameters: 0 0 0

#Transform 102
Transform: AffineTransform_float_3_3
Parameters: 0.999998 -5.95669e-07 -0.002033 4.04329e-07 1 -0.000293001 0.002033 0.000292999 0.999998 0.0375816 0.0766551 0.0426114
FixedParameters: 0 0 0

#Transform 103
Transform: AffineTransform_float_3_3
Parameters: 0.999998 -7.4813e-07 -0.001894 2.51868e-07 1 -0.000395001 0.001894 0.000394999 0.999998 0.0292241 0.0665332 0.0403417
FixedParameters: 0 0 0

#Transform 104
Transform: AffineTransform_float_3_3
Parameters: 0.999998 -4.72758e-07 -0.001914 -4.72758e-07 1 -0.000247 0.001914 0.000247 0.999998 0.0364738 0.0308874 0.0432194
FixedParameters: 0 0 0

#Transform 105
Transform: AffineTransform_float_3_3
Parameters: 0.999998 -4.44789e-07 -0.002031 -4.44789e-07 1 -0.000219 0.002031 0.000219 0.999998 0.032791 0.0592728 0.0406756
FixedParameters: 0 0 0

#Transform 106
Transform: AffineTransform_float_3_3
Parameters: 0.999998 -1.05478e-06 -0.002249 -5.4784e-08 1 -0.000469001 0.002249 0.000468999 0.999998 0.036312 0.0662087 0.0398786
FixedParameters: 0 0 0

#Transform 107
Transform: AffineTransform_float_3_3
Parameters: 0.999997 6.94943e-05 -0.00214202 -7.05053e-05 1 -0.000235849 0.00214198 0.000236149 0.999997 0.0320091 0.0287405 0.0412463
FixedParameters: 0 0 0

#Transform 108
Transform: AffineTransform_float_3_3
Parameters: 0.999997 1.44672e-07 -0.002192 1.44672e-07 1 6.59998e-05 0.002192 -6.59998e-05 0.999997 0.0410105 0.0252085 0.049937
FixedParameters: 0 0 0

#Transform 109
Transform: AffineTransform_float_3_3
Parameters: 0.999997 -9.5876e-07 -0.002179 4.1237e-08 1 -0.000440001 0.002179 0.000439999 0.999998 0.0357132 0.0700619 0.0403036
FixedParameters: 0 0 0

#Transform 110
Transform: AffineTransform_float_3_3
Parameters: 0.999998 -4.21497e-07 -0.002097 -4.21497e-07 1 -0.000201 0.002097 0.000201 0.999998 0.0306084 0.0320208 0.042437
FixedParameters: 0 0 0

#Transform 111
Transform: AffineTransform_float_3_3
Parameters: 0.999998 -2.69876e-07 -0.002014 -2.69876e-07 1 -0.000134 0.002014 0.000134 0.999998 0.0363862 0.0411565 0.0428679
FixedParameters: 0 0 0

#Transform 112
Transform: AffineTransform_float_3_3
Parameters: 0.999998 1.31208e-07 -0.001988 1.31208e-07 1 6.59999e-05 0.001988 -6.59999e-05 0.999998 0.0373355 0.0286645 0.0494208
FixedParameters: 0 0 0

#Transform 113
Transform: AffineTransform_float_3_3
Parameters: 0.999997 -1.36627e-06 -0.002155 -3.66273e-07 1 -0.000634001 0.002155 0.000633999 0.999998 0.0355791 0.0661617 0.0365461
FixedParameters: 0 0 0

#Transform 114
Transform: AffineTransform_float_3_3
Parameters: 0.999998 -8.09424e-07 -0.002044 1.90574e-07 1 -0.000396001 0.002044 0.000395999 0.999998 0.0304411 0.0853178 0.0496122
FixedParameters: 0 0 0

#Transform 115
Transform: AffineTransform_float_3_3
Parameters: 0.999998 0.000107687 -0.00188608 -0.000109312 1 -0.000695795 0.00188592 0.000696204 0.999998 0.0255106 0.0338237 0.0610629
FixedParameters: 0 0 0

#Transform 116
Transform: AffineTransform_float_3_3
Parameters: 0.999998 -0.000152241 -0.00157888 0.00015176 0.999999 -0.000785241 0.00157912 0.000785761 0.999999 0.0361991 0.104292 0.0889167
FixedParameters: 0 0 0

#Transform 117
Transform: AffineTransform_float_3_3
Parameters: 0.999999 -7.86341e-07 -0.001579 2.13657e-07 1 -0.000498001 0.001579 0.000497999 0.999998 0.0333178 0.0621107 0.0871148
FixedParameters: 0 0 0

#Transform 118
Transform: AffineTransform_float_3_3
Parameters: 0.999999 -9.72401e-08 -0.001768 -9.72401e-08 1 -5.49999e-05 0.001768 5.49999e-05 0.999999 0.0360792 0.05212 0.0822903
FixedParameters: 0 0 0

#Transform 119
Transform: AffineTransform_float_3_3
Parameters: 0.999999 -6.66338e-07 -0.001579 3.33661e-07 1 -0.000422001 0.001579 0.000421999 0.999998 0.0329754 0.0784428 0.0886308
FixedParameters: 0 0 0

#Transform 120
Transform: AffineTransform_float_3_3
Parameters: 0.999999 -0.000294241 -0.00135395 0.000293759 1 -0.000178398 0.00135405 0.000177602 0.999999 0.0370595 0.0336273 0.0899485
FixedParameters: 0 0 0

#Transform 121
Transform: AffineTransform_float_3_3
Parameters: 0.999999 -1.28099e-06 -0.001493 -2.80995e-07 0.999999 -0.000858 0.001493 0.000857998 0.999998 0.0309561 0.0666204 0.0800188
FixedParameters: 0 0 0

#Transform 122
Transform: AffineTransform_float_3_3
Parameters: 0.999999 6.93572e-05 -0.00131109 -7.06439e-05 0.999999 -0.00125391 0.00131091 0.00125309 0.999999 0.0196792 0.112232 0.044543
FixedParameters: 0 0 0

#Transform 123
Transform: AffineTransform_float_3_3
Parameters: 1 -1.11671e-06 -0.001143 -1.16712e-07 0.999999 -0.000977 0.001143 0.000976999 0.999999 0.0264664 0.0621643 0.0649087
FixedParameters: 0 0 0

#Transform 124
Transform: AffineTransform_float_3_3
Parameters: 0.999999 -0.000160922 -0.00131389 0.000160077 0.999999 -0.000702211 0.00131411 0.000701789 0.999999 0.0325352 0.0704991 0.0803458
FixedParameters: 0 0 0

#Transform 125
Transform: AffineTransform_float_3_3
Parameters: 1 -2.60072e-07 -0.001121 -2.60072e-07 1 -0.000232 0.001121 0.000232 1 0.0262174 0.0530539 0.0762971
FixedParameters: 0 0 0

#Transform 126
Transform: AffineTransform_float_3_3
Parameters: 0.999999 -0.000165288 -0.00123996 0.000164712 1 -0.000232204 0.00124004 0.000231795 0.999999 0.0328351 0.08009 0.0867394
FixedParameters: 0 0 0

#Transform 127
Transform: AffineTransform_float_3_3
Parameters: 0.999999 -5.54604e-07 -0.001227 4.45395e-07 1 -0.000452001 0.001227 0.000452 0.999999 0.0286741 0.0774181 0.0754897
FixedParameters: 0 0 0

#Transform 128
Transform: AffineTransform_float_3_3
Parameters: 0.999999 -5.50498e-07 -0.001366 4.49501e-07 1 -0.000403001 0.001366 0.000403 0.999999 0.0340051 0.0619249 0.0858905
FixedParameters: 0 0 0

#Transform 129
Transform: AffineTransform_float_3_3
Parameters: 0.999999 -0.000219271 -0.00149796 0.000219729 1 -0.000181329 0.00149804 0.000180672 0.999999 0.0393949 0.0746214 0.0978385
FixedParameters: 0 0 0

#Transform 130
Transform: AffineTransform_float_3_3
Parameters: 0.999999 -0.000217339 -0.00146095 0.000216661 1 -0.000232317 0.00146005 0.000231683 0.999999 0.0376466 0.0681564 0.0976851
FixedParameters: 0 0 0

#Transform 131
Transform: AffineTransform_float_3_3
Parameters: 0.999999 -3.18304e-07 -0.001372 -3.18304e-07 1 -0.000232 0.001372 0.000232 0.999999 0.0389853 0.0656823 0.0917766
FixedParameters: 0 0 0

#Transform 132
Transform: AffineTransform_float_3_3
Parameters: 0.999999 -0.000210351 -0.00151395 0.000209648 1 -0.000232318 0.00151405 0.000231682 0.999999 0.0445651 0.0669425 0.0794177
FixedParameters: 0 0 0

#Transform 133
Transform: AffineTransform_float_3_3
Parameters: 0.999998 -8.03879e-07 -0.001595 1.96119e-07 1 -0.000504001 0.001595 0.000503999 0.999998 0.0413612 0.0780549 0.0871476
FixedParameters: 0 0 0

#Transform 134
Transform: AffineTransform_float_3_3
Parameters: 0.999999 -0.000185667 -0.00141591 0.000185333 1 -0.000471263 0.00141609 0.000470737 0.999999 0.0425252 0.0694362 0.0873721
FixedParameters: 0 0 0

#Transform 135
Transform: AffineTransform_float_3_3
Parameters: 0.999999 -0.00017644 -0.00151895 0.000175559 1 -0.000290267 0.00151905 0.000289732 0.999999 0.042235 0.035401 0.0910104
FixedParameters: 0 0 0

#Transform 136
Transform: AffineTransform_float_3_3
Parameters: 0.999999 -7.75547e-07 -0.001548 2.24451e-07 1 -0.000501001 0.001548 0.000500999 0.999998 0.0382194 0.0375164 0.0869986
FixedParameters: 0 0 0

#Transform 137
Transform: AffineTransform_float_3_3
Parameters: 0.999999 -1.06467e-06 -0.001552 -6.46729e-08 1 -0.000686 0.001552 0.000685999 0.999998 0.0299465 0.0835289 0.0707235
FixedParameters: 0 0 0

#Transform 138
Transform: AffineTransform_float_3_3
Parameters: 0.999999 -9.96214e-07 -0.001535 3.784e-09 1 -0.000649 0.001535 0.000648999 0.999998 0.0293443 0.0556857 0.0657213
FixedParameters: 0 0 0

#Transform 139
Transform: AffineTransform_float_3_3
Parameters: 0.999999 -8.39997e-07 -0.001431 1.60002e-07 1 -0.000587001 0.001431 0.000586999 0.999999 0.0362936 0.0747001 0.0624506
FixedParameters: 0 0 0

#Transform 140
Transform: AffineTransform_float_3_3
Parameters: 0.999999 -6.04e-07 -0.00151 3.95999e-07 1 -0.000400001 0.00151 0.000399999 0.999999 0.0399415 0.0524062 0.0610289
FixedParameters: 0 0 0

#Transform 141
Transform: AffineTransform_float_3_3
Parameters: 0.999998 -9.68771e-07 -0.001596 3.1227e-08 1 -0.000607 0.001596 0.000606999 0.999998 0.0401674 0.0937386 0.0645598
FixedParameters: 0 0 0

#Transform 142
Transform: AffineTransform_float_3_3
Parameters: 0.999998 -0.000166612 -0.00158593 0.000166389 1 -0.000385264 0.00158606 0.000385736 0.999998 0.0393747 0.050432 0.0765639
FixedParameters: 0 0 0

#Transform 143
Transform: AffineTransform_float_3_3
Parameters: 0.999999 -7.72e-07 -0.001544 2.27999e-07 1 -0.000500001 0.001544 0.000499999 0.999998 0.0395718 0.0513737 0.0700137
FixedParameters: 0 0 0

#Transform 144
Transform: AffineTransform_float_3_3
Parameters: 0.999999 -0.000156748 -0.00146992 0.000156252 1 -0.00050923 0.00147008 0.00050877 0.999999 0.0376542 0.0725762 0.0660412
FixedParameters: 0 0 0

#Transform 145
Transform: AffineTransform_float_3_3
Parameters: 0.999999 -8.99909e-07 -0.001485 1.00089e-07 1 -0.000606001 0.001485 0.000605999 0.999998 0.0397676 0.103284 0.0784845
FixedParameters: 0 0 0

#Transform 146
Transform: AffineTransform_float_3_3
Parameters: 0.999999 -5.90208e-07 -0.001537 4.09791e-07 1 -0.000384001 0.001537 0.000383999 0.999998 0.0406792 0.0184065 0.0686909
FixedParameters: 0 0 0

#Transform 147
Transform: AffineTransform_float_3_3
Parameters: 0.999998 -0.000169625 -0.00165493 0.000168374 1 -0.000378279 0.00165506 0.00037772 0.999998 0.0438576 0.0649763 0.0876093
FixedParameters: 0 0 0

#Transform 148
Transform: AffineTransform_float_3_3
Parameters: 0.999998 -0.000133005 -0.00163792 0.000131994 1 -0.000614217 0.00163808 0.000613783 0.999999 0.0441741 0.0960452 0.0817243
FixedParameters: 0 0 0

#Transform 149
Transform: AffineTransform_float_3_3
Parameters: 0.999999 -3.51944e-07 -0.001517 -3.51944e-07 1 -0.000232 0.001517 0.000232 0.999999 0.0375754 0.0403749 0.080686
FixedParameters: 0 0 0

#Transform 150
Transform: AffineTransform_float_3_3
Parameters: 0.999999 -0.000170526 -0.00148194 0.000170474 1 -0.000355253 0.00148206 0.000354748 0.999999 0.0414862 0.0764749 0.0690403
FixedParameters: 0 0 0

#Transform 151
Transform: AffineTransform_float_3_3
Parameters: 0.999999 -0.000248535 -0.00150891 0.000248464 1 -0.000355375 0.00150909 0.000354625 0.999999 0.0401195 0.0953811 0.0804288
FixedParameters: 0 0 0

#Transform 152
Transform: AffineTransform_float_3_3
Parameters: 0.999999 -0.000190592 -0.00142092 0.000190407 1 -0.000417271 0.00142108 0.000416729 0.999999 0.0397211 0.0600015 0.0850073
FixedParameters: 0 0 0

#Transform 153
Transform: AffineTransform_float_3_3
Parameters: 0.999999 -0.000202058 -0.00150499 0.000201943 1 -3.8304e-05 0.00150501 3.86959e-05 0.999999 0.0380909 0.0640386 0.0926288
FixedParameters: 0 0 0

#Transform 154
Transform: AffineTransform_float_3_3
Parameters: 0.999999 -0.000171038 -0.001529 0.000170962 1 -2.52614e-05 0.001529 2.47385e-05 0.999999 0.0414989 0.0724024 0.0831424
FixedParameters: 0 0 0

#Transform 155
Transform: AffineTransform_float_3_3
Parameters: 0.999999 -6.77295e-07 -0.001557 3.22704e-07 1 -0.000435001 0.001557 0.000434999 0.999998 0.0380942 0.0769757 0.0677963
FixedParameters: 0 0 0

#Transform 156
Transform: AffineTransform_float_3_3
Parameters: 0.999999 -1.24608e-07 -0.001416 -1.24608e-07 1 -8.79999e-05 0.001416 8.79999e-05 0.999999 0.0394351 0.0514874 0.0800697
FixedParameters: 0 0 0

#Transform 157
Transform: AffineTransform_float_3_3
Parameters: 0.999999 -1.12248e-07 -0.001559 -1.12248e-07 1 -7.19999e-05 0.001559 7.19999e-05 0.999999 0.0401007 0.0635824 0.0998559
FixedParameters: 0 0 0

#Transform 158
Transform: AffineTransform_float_3_3
Parameters: 0.999998 -0.000186423 -0.00158095 0.000185578 1 -0.000267294 0.00158105 0.000267706 0.999998 0.0445104 0.111256 0.0898134
FixedParameters: 0 0 0

#Transform 159
Transform: AffineTransform_float_3_3
Parameters: 0.999999 -0.000135042 -0.001559 0.000134958 1 -2.72104e-05 0.001559 2.67895e-05 0.999999 0.0433359 0.054399 0.0943711
FixedParameters: 0 0 0

#Transform 160
Transform: AffineTransform_float_3_3
Parameters: 0.999998 -0.000258731 -0.00157304 0.00025827 1 0.000171594 0.00157295 -0.000171407 0.999998 0.0454138 0.0370613 0.0954837
FixedParameters: 0 0 0

#Transform 161
Transform: AffineTransform_float_3_3
Parameters: 0.999998 -0.000195506 -0.00173383 0.000194493 0.999999 -0.000869338 0.00173317 0.000868662 0.999998 0.0446739 0.10492 0.0756695
FixedParameters: 0 0 0

#Transform 162
Transform: AffineTransform_float_3_3
Parameters: 0.999998 -0.000171423 -0.00170096 0.000170578 1 -0.00024829 0.00170104 0.000248709 0.999998 0.0440647 0.0600763 0.0905757
FixedParameters: 0 0 0

#Transform 163
Transform: AffineTransform_float_3_3
Parameters: 0.999999 -0.000302673 -0.00172588 0.000302328 1 -0.000389523 0.00172612 0.000389478 0.999999 0.0497229 0.0701959 0.116901
FixedParameters: 0 0 0

#Transform 164
Transform: AffineTransform_float_3_3
Parameters: 0.999998 -0.000306379 -0.00168793 0.000305621 1 -0.000224516 0.00168807 0.000224483 0.999998 0.0468456 0.072786 0.0978506
FixedParameters: 0 0 0

#Transform 165
Transform: AffineTransform_float_3_3
Parameters: 0.999998 -0.000239397 -0.00167094 0.000239604 1 -0.000237401 0.00167106 0.0002376 0.999998 0.0458087 0.027261 0.0829791
FixedParameters: 0 0 0

#Transform 166
Transform: AffineTransform_float_3_3
Parameters: 0.999999 -0.000237401 -0.00175108 0.000237599 1 0.000341585 0.00175092 -0.000342416 0.999999 0.04827 0.0732918 0.100101
FixedParameters: 0 0 0

#Transform 167
Transform: AffineTransform_float_3_3
Parameters: 0.999998 -0.000327231 -0.00169395 0.000326767 1 -0.000137554 0.00169404 0.000136446 0.999998 0.049142 0.0945221 0.0985421
FixedParameters: 0 0 0

#Transform 168
Transform: AffineTransform_float_3_3
Parameters: 0.999999 -0.000299038 -0.00137699 0.000298963 1 -2.74117e-05 0.00137701 2.75882e-05 0.999999 0.0447494 0.0560928 0.104573
FixedParameters: 0 0 0

#Transform 169
Transform: AffineTransform_float_3_3
Parameters: 0.999999 -0.000116699 -0.00175102 0.000117301 1 0.000171795 0.00175098 -0.000172205 0.999999 0.0446256 0.0613227 0.090982
FixedParameters: 0 0 0

#Transform 170
Transform: AffineTransform_float_3_3
Parameters: 0.999999 -0.0002567 -0.00175105 0.000257301 1 0.00017155 0.00175096 -0.00017145 0.999999 0.0473609 0.0534713 0.0910684
FixedParameters: 0 0 0

#Transform 171
Transform: AffineTransform_float_3_3
Parameters: 0.999999 -0.0002657 -0.00175105 0.000265301 1 0.000171536 0.00175096 -0.000171466 0.999999 0.0458243 0.0852719 0.106451
FixedParameters: 0 0 0

#Transform 172
Transform: AffineTransform_float_3_3
Parameters: 0.999999 -0.000362646 -0.00175087 0.000362355 1 -0.000368635 0.00175114 0.000368366 0.999999 0.047629 0.0920956 0.0945351
FixedParameters: 0 0 0

#Transform 173
Transform: AffineTransform_float_3_3
Parameters: 0.999998 -0.000337175 -0.00168696 0.000337826 1 -0.00010357 0.00168703 0.000103431 0.999998 0.0486699 0.0522988 0.0855387
FixedParameters: 0 0 0

#Transform 174
Transform: AffineTransform_float_3_3
Parameters: 0.999999 -0.000333119 -0.00175098 0.000332881 1 -6.8583e-05 0.00175102 6.74168e-05 0.999999 0.0446564 0.0938483 0.0895182
FixedParameters: 0 0 0

#Transform 175
Transform: AffineTransform_float_3_3
Parameters: 0.999999 -0.000371984 -0.001751 0.000372015 1 8.34862e-06 0.001751 -9.65136e-06 0.999999 0.0470119 0.0476769 0.0966557
FixedParameters: 0 0 0

#Transform 176
Transform: AffineTransform_float_3_3
Parameters: 0.999998 -0.00027471 -0.00169405 0.000275291 1 0.000171534 0.00169395 -0.000171466 0.999998 0.0476356 0.0454817 0.10431
FixedParameters: 0 0 0

#Transform 177
Transform: AffineTransform_float_3_3
Parameters: 0.999999 -0.000368511 -0.0017511 0.000368488 1 0.000278355 0.0017509 -0.000279646 0.999999 0.0502051 0.0625287 0.100709
FixedParameters: 0 0 0

#Transform 178
Transform: AffineTransform_float_3_3
Parameters: 0.999998 -0.000284006 -0.001691 0.000283994 1 -3.48024e-06 0.001691 3.51975e-06 0.999998 0.0490965 0.0695024 0.0875137
FixedParameters: 0 0 0

#Transform 179
Transform: AffineTransform_float_3_3
Parameters: 0.999998 -0.000331721 -0.00162706 0.000332279 1 0.00017146 0.00162694 -0.00017154 0.999998 0.0507934 0.0715394 0.0907284
FixedParameters: 0 0 0

#Transform 180
Transform: AffineTransform_float_3_3
Parameters: 0.999999 -0.000371026 -0.001751 0.000370973 1 -1.56496e-05 0.00175101 1.43504e-05 0.999999 0.0482475 0.0745278 0.087385
FixedParameters: 0 0 0

#Transform 181
Transform: AffineTransform_float_3_3
Parameters: 0.999999 -0.000283441 -0.00175093 0.00028356 1 -0.000251497 0.00175107 0.000251504 0.999999 0.0470505 0.104158 0.0828947
FixedParameters: 0 0 0

#Transform 182
Transform: AffineTransform_float_3_3
Parameters: 0.999999 -0.000150184 -0.00175099 0.000149818 1 -0.000104263 0.00175102 0.000104737 0.999999 0.048641 0.0839324 0.0857657
FixedParameters: 0 0 0

#Transform 183
Transform: AffineTransform_float_3_3
Parameters: 0.999999 -0.000334164 -0.00182697 0.000334835 1 -9.06119e-05 0.00182703 8.93897e-05 0.999999 0.0534511 0.0500687 0.0838981
FixedParameters: 0 0 0

#Transform 184
Transform: AffineTransform_float_3_3
Parameters: 0.999998 -0.000285639 -0.0018809 0.00028536 1 -0.000340537 0.0018811 0.000339463 0.999998 0.0509418 0.0860379 0.0815166
FixedParameters: 0 0 0

#Transform 185
Transform: AffineTransform_float_3_3
Parameters: 0.999999 -0.000166699 -0.00175103 0.000167301 1 0.000171707 0.00175097 -0.000172292 0.999999 0.0489373 0.0587326 0.09098
FixedParameters: 0 0 0

#Transform 186
Transform: AffineTransform_float_3_3
Parameters: 0.999998 -0.00023272 -0.00163504 0.000232281 1 0.00017162 0.00163496 -0.000171381 0.999998 0.0450451 0.0463531 0.0907157
FixedParameters: 0 0 0

#Transform 187
Transform: AffineTransform_float_3_3
Parameters: 0.999999 -0.000270031 -0.00143799 0.000269969 1 -2.13882e-05 0.00143801 2.16117e-05 0.999999 0.0477513 0.0888433 0.0971778
FixedParameters: 0 0 0

#Transform 188
Transform: AffineTransform_float_3_3
Parameters: 0.999998 -0.000328969 -0.00162701 0.00032903 1 1.84647e-05 0.00162699 -1.95352e-05 0.999998 0.0495597 0.0607169 0.0877058
FixedParameters: 0 0 0

#Transform 189
Transform: AffineTransform_float_3_3
Parameters: 0.999998 -0.000323802 -0.00168504 0.000324198 1 0.000117454 0.00168496 -0.000117546 0.999998 0.0514505 0.0609813 0.105299
FixedParameters: 0 0 0

#Transform 190
Transform: AffineTransform_float_3_3
Parameters: 0.999999 -0.000372999 -0.001508 0.000372999 1 -5.62484e-07 0.001508 -5.62484e-07 0.999999 0.0478079 0.0886147 0.0869784
FixedParameters: 0 0 0

#Transform 191
Transform: AffineTransform_float_3_3
Parameters: 0.999998 -0.000332854 -0.00156803 0.000333147 1 9.34777e-05 0.00156797 -9.3522e-05 0.999999 0.0509946 0.0588113 0.089078
FixedParameters: 0 0 0

#Transform 192
Transform: AffineTransform_float_3_3
Parameters: 0.999998 -0.000340982 -0.001623 0.000341017 1 1.04465e-05 0.001623 -1.15534e-05 0.999998 0.0427115 0.0829033 0.0875148
FixedParameters: 0 0 0

#Transform 193
Transform: AffineTransform_float_3_3
Parameters: 0.999998 -0.000312809 -0.00157304 0.000313191 1 0.000121507 0.00157296 -0.000121492 0.999999 0.0489034 0.0642422 0.0958274
FixedParameters: 0 0 0

#Transform 194
Transform: AffineTransform_float_3_3
Parameters: 0.999998 -0.00037672 -0.00163406 0.00037628 1 0.000171385 0.00163393 -0.000171616 0.999998 0.0517443 0.09389 0.106774
FixedParameters: 0 0 0

#Transform 195
Transform: AffineTransform_float_3_3
Parameters: 0.999998 -0.000358968 -0.00165401 0.000359032 1 1.94062e-05 0.00165399 -1.95938e-05 0.999998 0.0522046 0.0828617 0.0878388
FixedParameters: 0 0 0

#Transform 196
Transform: AffineTransform_float_3_3
Parameters: 0.999998 -0.000230713 -0.00167304 0.000231287 1 0.000171613 0.00167396 -0.000171386 0.999998 0.0497873 0.0642115 0.0908035
FixedParameters: 0 0 0

#Transform 197
Transform: AffineTransform_float_3_3
Parameters: 0.999998 -0.000335031 -0.00168899 0.000334969 1 -1.85658e-05 0.001689 1.84341e-05 0.999998 0.0477526 0.0832549 0.103806
FixedParameters: 0 0 0

#Transform 198
Transform: AffineTransform_float_3_3
Parameters: 0.999998 -0.000300008 -0.001704 0.000299993 1 -4.51119e-06 0.001704 4.48879e-06 0.999998 0.0447043 0.061851 0.0875501
FixedParameters: 0 0 0

#Transform 199
Transform: AffineTransform_float_3_3
Parameters: 0.999998 -0.000264353 -0.00161594 0.000263647 1 -0.000218426 0.00161606 0.000218573 0.999998 0.0433517 0.0856032 0.0831002
FixedParameters: 0 0 0

#Transform 200
Transform: AffineTransform_float_3_3
Parameters: 0.999999 -0.000304164 -0.00150597 0.000303835 1 -0.000109458 0.00150603 0.000108542 0.999999 0.048227 0.0619013 0.0849925
FixedParameters: 0 0 0

#Transform 201
Transform: AffineTransform_float_3_3
Parameters: 0.999998 -0.000337948 -0.00156479 0.000337051 1 -0.000606528 0.0015652 0.000605471 0.999998 0.0453902 0.0978191 0.0779867
FixedParameters: 0 0 0

#Transform 202
Transform: AffineTransform_float_3_3
Parameters: 0.999999 -0.000368091 -0.00150198 0.000367909 1 -6.05527e-05 0.00150202 6.04472e-05 0.999999 0.0502799 0.0838729 0.090284
FixedParameters: 0 0 0

#Transform 203
Transform: AffineTransform_float_3_3
Parameters: 0.999998 -0.00040371 -0.00169007 0.00040429 1 0.000171317 0.00168993 -0.000171682 0.999998 0.0525796 0.0345588 0.0759029
FixedParameters: 0 0 0

#Transform 204
Transform: AffineTransform_float_3_3
Parameters: 0.999999 -0.0006088 -0.00168271 0.0006082 0.999999 -0.000476024 0.00168329 0.000474976 0.999999 0.0508605 0.0954332 0.107876
FixedParameters: 0 0 0

#Transform 205
Transform: AffineTransform_float_3_3
Parameters: 0.999999 -0.000568838 -0.00145306 0.000569162 1 0.000111173 0.00145294 -0.000111827 0.999999 0.0532736 0.0511397 0.122606
FixedParameters: 0 0 0

#Transform 206
Transform: AffineTransform_float_3_3
Parameters: 0.999999 -0.000443874 -0.00144704 0.000444125 1 8.63574e-05 0.00144696 -8.76424e-05 0.999999 0.0451642 0.0554868 0.0921593
FixedParameters: 0 0 0

#Transform 207
Transform: AffineTransform_float_3_3
Parameters: 0.999999 -0.000443637 -0.00131412 0.000444364 1 0.000276416 0.00131388 -0.000276583 0.999999 0.0413606 0.086749 0.0899144
FixedParameters: 0 0 0

#Transform 208
Transform: AffineTransform_float_3_3
Parameters: 0.999999 -0.000443744 -0.00149208 0.000444256 1 0.000171337 0.00149192 -0.000171662 0.999999 0.048613 0.0892012 0.112633
FixedParameters: 0 0 0

#Transform 209
Transform: AffineTransform_float_3_3
Parameters: 0.999999 -0.000443859 -0.00131405 0.000444141 1 0.000107416 0.00131395 -0.000107583 0.999999 0.0498578 0.0945948 0.12212
FixedParameters: 0 0 0

#Transform 210
Transform: AffineTransform_float_3_3
Parameters: 0.999998 -0.000443739 -0.00152508 0.000444262 1 0.000171323 0.00152492 -0.000171677 0.999999 0.052208 0.0756788 0.123932
FixedParameters: 0 0 0

#Transform 211
Transform: AffineTransform_float_3_3
Parameters: 0.999998 -0.000577771 -0.00183276 0.000576229 0.999999 -0.000421057 0.00183324 0.000419942 0.999998 0.0532552 0.0780893 0.113347
FixedParameters: 0 0 0

#Transform 212
Transform: AffineTransform_float_3_3
Parameters: 0.999999 -0.000620006 -0.001662 0.000619994 1 -4.03043e-06 0.001662 2.96955e-06 0.999998 0.0562222 0.0829772 0.114772
FixedParameters: 0 0 0

#Transform 213
Transform: AffineTransform_float_3_3
Parameters: 0.999998 -0.000443812 -0.00159805 0.000444188 1 0.00011729 0.00159795 -0.000117709 0.999998 0.0533167 0.0834278 0.116211
FixedParameters: 0 0 0

#Transform 214
Transform: AffineTransform_float_3_3
Parameters: 0.999998 -0.000443471 -0.00170314 0.000443527 1 0.000309245 0.00170286 -0.000310755 0.999998 0.0548281 0.0691182 0.121682
FixedParameters: 0 0 0

#Transform 215
Transform: AffineTransform_float_3_3
Parameters: 0.999999 -0.000611998 -0.001683 0.000612003 1 9.7e-07 0.001683 -2.02999e-06 0.999998 0.0560466 0.0921178 0.101206
FixedParameters: 0 0 0

#Transform 216
Transform: AffineTransform_float_3_3
Parameters: 0.999998 -0.000444001 -0.001658 0.000443999 1 -7.36151e-07 0.001658 2.63847e-07 0.999998 0.0575556 0.0729474 0.103414
FixedParameters: 0 0 0

#Transform 217
Transform: AffineTransform_float_3_3
Parameters: 0.999999 -0.000619956 -0.00166702 0.000620044 1 2.59664e-05 0.00166698 -2.70335e-05 0.999998 0.0592436 0.0570231 0.09956
FixedParameters: 0 0 0

#Transform 218
Transform: AffineTransform_float_3_3
Parameters: 0.999998 -0.000443738 -0.00152708 0.000444262 1 0.000171322 0.00152692 -0.000171678 0.999999 0.0551379 0.0707916 0.104012
FixedParameters: 0 0 0

#Transform 219
Transform: AffineTransform_float_3_3
Parameters: 0.999999 -0.000654451 -0.00160922 0.00065455 0.999999 0.000340947 0.00160878 -0.000342053 0.999998 0.0580578 0.0848337 0.109633
FixedParameters: 0 0 0

#Transform 220
Transform: AffineTransform_float_3_3
Parameters: 0.999999 -0.000443311 -0.00181617 0.000443689 1 0.000379195 0.00181583 -0.000379806 0.999999 0.0619616 0.0436219 0.103291
FixedParameters: 0 0 0

#Transform 221
Transform: AffineTransform_float_3_3
Parameters: 0.999999 -0.000443349 -0.00173517 0.000443652 1 0.000375231 0.00173584 -0.00037577 0.999999 0.0598307 0.0649512 0.128355
FixedParameters: 0 0 0

#Transform 222
Transform: AffineTransform_float_3_3
Parameters: 0.999999 -0.000868133 -0.00131391 0.000867867 0.999999 -0.00010114 0.00131409 0.000100859 0.999999 0.0525289 0.0412566 0.0934751
FixedParameters: 0 0 0

#Transform 223
Transform: AffineTransform_float_3_3
Parameters: 0.999985 -0.00304797 -0.00460167 0.00307302 0.99998 0.00544194 0.00458432 -0.00545605 0.999974 0.0774033 -0.153056 -0.0395743
FixedParameters: 0 0 0

#Transform 224
Transform: AffineTransform_float_3_3
Parameters: 0.999983 -0.00287856 -0.00518098 0.00291544 0.999969 0.00723302 0.00516003 -0.00724798 0.999961 0.089931 0.38865 -0.0541984
FixedParameters: 0 0 0

#Transform 225
Transform: AffineTransform_float_3_3
Parameters: 0.999994 -0.00125133 -0.00300321 0.00125867 0.999996 0.00255323 0.00299979 -0.00255777 0.999992 0.0705122 0.123027 0.0715674
FixedParameters: 0 0 0

#Transform 226
Transform: AffineTransform_float_3_3
Parameters: 0.999997 -0.000971509 -0.00223452 0.000974491 0.999999 0.00156183 0.00223248 -0.00156417 0.999997 0.0661955 0.1094 0.105173
FixedParameters: 0 0 0

#Transform 227
Transform: AffineTransform_float_3_3
Parameters: 0.999996 -0.000945938 -0.00243419 0.000949063 0.999999 0.00125769 0.00243281 -0.00125931 0.999996 0.0713069 -0.0028125 0.134311
FixedParameters: 0 0 0

#Transform 228
Transform: AffineTransform_float_3_3
Parameters: 0.999996 -0.000947274 -0.00243445 0.000950725 0.999999 0.00152969 0.00243255 -0.00153231 0.999996 0.0714933 0.0378185 0.142782
FixedParameters: 0 0 0

#Transform 229
Transform: AffineTransform_float_3_3
Parameters: 0.999997 -0.000968397 -0.00254337 0.000971604 0.999999 0.00141553 0.00254263 -0.00141847 0.999996 0.0749154 0.0392928 0.127615
FixedParameters: 0 0 0

#Transform 230
Transform: AffineTransform_float_3_3
Parameters: 0.999996 -0.000967863 -0.0026695 0.000972138 0.999999 0.00154941 0.0026675 -0.00155159 0.999995 0.0774996 0.0735851 0.144944
FixedParameters: 0 0 0

#Transform 231
Transform: AffineTransform_float_3_3
Parameters: 0.999996 -0.00102062 -0.00259873 0.00102538 0.999998 0.00168534 0.00259727 -0.00168866 0.999995 0.0761185 0.107847 0.140243
FixedParameters: 0 0 0

#Transform 232
Transform: AffineTransform_float_3_3
Parameters: 0.999997 -0.00102123 -0.00243459 0.00102477 0.999999 0.00154951 0.00243241 -0.00155249 0.999996 0.0755756 0.162293 0.127478
FixedParameters: 0 0 0

#Transform 233
Transform: AffineTransform_float_3_3
Parameters: 0.999996 -0.000967993 -0.00237563 0.000972005 0.999998 0.0016857 0.00237336 -0.0016883 0.999996 0.0686071 0.160372 0.132226
FixedParameters: 0 0 0

#Transform 234
Transform: AffineTransform_float_3_3
Parameters: 0.999997 -0.0010213 -0.00243455 0.0010247 0.999999 0.00151751 0.00243245 -0.00152049 0.999996 0.0752031 0.144138 0.129165
FixedParameters: 0 0 0

#Transform 235
Transform: AffineTransform_float_3_3
Parameters: 0.999997 -0.000893713 -0.00236986 0.000896286 0.999999 0.000963879 0.00236913 -0.00096612 0.999996 0.0717415 0.171149 0.11826
FixedParameters: 0 0 0

#Transform 236
Transform: AffineTransform_float_3_3
Parameters: 0.999996 -0.00102229 -0.00243414 0.00102471 0.999999 0.00111351 0.00243286 -0.00111649 0.999997 0.0753881 0.11803 0.121387
FixedParameters: 0 0 0

#Transform 237
Transform: AffineTransform_float_3_3
Parameters: 0.999996 -0.000932511 -0.00243434 0.000935486 0.999998 0.00143173 0.00243266 -0.00143427 0.999996 0.0748929 0.0655087 0.127545
FixedParameters: 0 0 0

#Transform 238
Transform: AffineTransform_float_3_3
Parameters: 0.999997 -0.00102213 -0.00243421 0.00102487 0.999999 0.00117751 0.0024328 -0.00118049 0.999997 0.0755325 0.109727 0.129103
FixedParameters: 0 0 0

#Transform 239
Transform: AffineTransform_float_3_3
Parameters: 0.999997 -0.00102171 -0.00243438 0.00102528 0.999998 0.00134851 0.00243262 -0.00135149 0.999996 0.0744362 0.0765289 0.125956
FixedParameters: 0 0 0

#Transform 240
Transform: AffineTransform_float_3_3
Parameters: 0.999997 -0.000837489 -0.00260113 0.00084051 0.999998 0.00134882 0.00259987 -0.00135118 0.999995 0.0691041 0.0786325 0.104012
FixedParameters: 0 0 0

#Transform 241
Transform: AffineTransform_float_3_3
Parameters: 0.999997 -0.000804997 -0.00222509 0.000808003 0.999999 0.00134921 0.00222391 -0.00135079 0.999996 0.0622895 0.0811529 0.107655
FixedParameters: 0 0 0

#Transform 242
Transform: AffineTransform_float_3_3
Parameters: 0.999997 -0.000776163 -0.00201509 0.000778836 0.999998 0.00140743 0.0020139 -0.00140857 0.999997 0.0681489 0.122112 0.120824
FixedParameters: 0 0 0

#Transform 243
Transform: AffineTransform_float_3_3
Parameters: 0.999998 -0.000800715 -0.00210325 0.000804287 0.999999 0.00156231 0.00210175 -0.00156369 0.999996 0.0681344 0.112349 0.109862
FixedParameters: 0 0 0

#Transform 244
Transform: AffineTransform_float_3_3
Parameters: 0.999998 -0.000797681 -0.00212725 0.00080032 0.999998 0.0015603 0.00212575 -0.0015617 0.999996 0.0626076 0.132281 0.10107
FixedParameters: 0 0 0

#Transform 245
Transform: AffineTransform_float_3_3
Parameters: 0.999997 -0.000842585 -0.00219132 0.000846415 0.999999 0.00155815 0.00218968 -0.00155985 0.999997 0.0687746 0.117498 0.0985958
FixedParameters: 0 0 0

#Transform 246
Transform: AffineTransform_float_3_3
Parameters: 0.999998 -0.00077892 -0.0021901 0.000782082 0.999998 0.00140629 0.0021899 -0.00140771 0.999996 0.0666632 0.14289 0.0982608
FixedParameters: 0 0 0

#Transform 247
Transform: AffineTransform_float_3_3
Parameters: 0.999997 -0.000887601 -0.00222436 0.0008904 0.999999 0.00152803 0.00222264 -0.00152998 0.999997 0.0705265 0.110529 0.11393
FixedParameters: 0 0 0

#Transform 248
Transform: AffineTransform_float_3_3
Parameters: 0.999997 -0.000803891 -0.00223912 0.000807111 0.999998 0.0013882 0.00223888 -0.0013898 0.999996 0.0696773 0.0930474 0.0980804
FixedParameters: 0 0 0

#Transform 249
Transform: AffineTransform_float_3_3
Parameters: 1 -0.00102511 -0.000468759 0.00102489 1 -0.000235481 0.000469242 0.000235519 1 0.0548955 0.131529 0.133118
FixedParameters: 0 0 0

#Transform 250
Transform: AffineTransform_float_3_3
Parameters: 0.999999 -0.00102444 -0.00152138 0.00102456 1 0.000365442 0.00152062 -0.000367558 0.999999 0.0729477 0.0769643 0.156776
FixedParameters: 0 0 0

#Transform 251
Transform: AffineTransform_float_3_3
Parameters: 0.999998 -0.000934058 -0.00132296 0.00093394 0.999999 -4.52356e-05 0.00132304 4.37642e-05 0.999999 0.0634196 0.159214 0.148313
FixedParameters: 0 0 0

#Transform 252
Transform: AffineTransform_float_3_3
Parameters: 0.999999 -0.000798069 -0.00132356 0.000798931 1 0.000702944 0.00132344 -0.000704057 0.999999 0.0594288 0.0425713 0.129024
FixedParameters: 0 0 0

#Transform 253
Transform: AffineTransform_float_3_3
Parameters: 0.999998 -0.000705787 -0.00146958 0.000707213 1 0.000824962 0.00146942 -0.000826038 0.999998 0.0563483 0.0905466 0.118974
FixedParameters: 0 0 0

#Transform 254
Transform: AffineTransform_float_3_3
Parameters: 0.999999 -0.000740867 -0.00132363 0.000742134 1 0.000856019 0.00132336 -0.000856982 0.999999 0.0535637 0.113457 0.104803
FixedParameters: 0 0 0

#Transform 255
Transform: AffineTransform_float_3_3
Parameters: 0.999999 -0.000684957 -0.00132354 0.000686043 1 0.000788093 0.00132246 -0.000788907 0.999999 0.0536179 0.11422 0.103598
FixedParameters: 0 0 0

#Transform 256
Transform: AffineTransform_float_3_3
Parameters: 0.999998 -0.00081425 -0.00146397 0.000815751 0.999999 0.00119581 0.00146303 -0.00119619 0.999998 0.0553814 0.114741 0.108822
FixedParameters: 0 0 0

#Transform 257
Transform: AffineTransform_float_3_3
Parameters: 0.999999 -0.000720652 -0.00132373 0.000722348 0.999999 0.00101804 0.00132326 -0.00101895 0.999998 0.0541441 0.128174 0.10485
FixedParameters: 0 0 0

#Transform 258
Transform: AffineTransform_float_3_3
Parameters: 0.999999 -0.000661417 -0.00132379 0.000662584 0.999999 0.00119612 0.00132321 -0.00119688 0.999999 0.0478412 0.130162 0.11127
FixedParameters: 0 0 0

#Transform 259
Transform: AffineTransform_float_3_3
Parameters: 0.999998 -0.000703093 -0.00142594 0.000704906 0.999999 0.001337 0.00142506 -0.001338 0.999998 0.0523884 0.0961264 0.110233
FixedParameters: 0 0 0

#Transform 260
Transform: AffineTransform_float_3_3
Parameters: 0.999998 -0.000466098 -0.00164354 0.000467902 0.999999 0.00115723 0.00164246 -0.00115777 0.999998 0.0451834 0.102995 0.0826217
FixedParameters: 0 0 0

#Transform 261
Transform: AffineTransform_float_3_3
Parameters: 0.999999 -0.000426653 -0.00170059 0.000428347 0.999999 0.00138027 0.00169941 -0.00138073 0.999997 0.0487955 0.110459 0.0845364
FixedParameters: 0 0 0

#Transform 262
Transform: AffineTransform_float_3_3
Parameters: 0.999999 -0.000279969 -0.00152137 0.00028203 0.999999 0.00133457 0.00152062 -0.00133543 0.999998 0.0457004 0.0779599 0.0711662
FixedParameters: 0 0 0

#Transform 263
Transform: AffineTransform_float_3_3
Parameters: 0.999999 -0.000450048 -0.00180874 0.000452953 0.999998 0.00163218 0.00180826 -0.00163282 0.999997 0.0598728 0.0948744 0.0921751
FixedParameters: 0 0 0

#Transform 264
Transform: AffineTransform_float_3_3
Parameters: 0.999998 -0.000279427 -0.00157646 0.000282574 0.999998 0.00163256 0.00157654 -0.00163244 0.999998 0.0455062 0.104875 0.0744716
FixedParameters: 0 0 0

#Transform 265
Transform: AffineTransform_float_3_3
Parameters: 0.999998 -0.00053607 -0.00167894 0.00053893 0.999999 0.0017451 0.00167806 -0.0017459 0.999997 0.0523064 0.0937308 0.0716746
FixedParameters: 0 0 0

#Transform 266
Transform: AffineTransform_float_3_3
Parameters: 0.999998 -0.000462788 -0.0018728 0.000466213 0.999999 0.00171513 0.0018722 -0.00171587 0.999997 0.054782 0.1029 0.0844924
FixedParameters: 0 0 0

#Transform 267
Transform: AffineTransform_float_3_3
Parameters: 0.999998 -0.000278255 -0.00192255 0.000282745 0.999998 0.00194746 0.00192245 -0.00194854 0.999997 0.0504766 0.0980839 0.0984991
FixedParameters: 0 0 0

#Transform 268
Transform: AffineTransform_float_3_3
Parameters: 0.999998 -0.000401518 -0.00197171 0.000405483 0.999999 0.0017662 0.00197129 -0.00176679 0.999996 0.0536618 0.119741 0.069147
FixedParameters: 0 0 0

#Transform 269
Transform: AffineTransform_float_3_3
Parameters: 0.999998 -0.000278031 -0.00208253 0.000281971 0.999998 0.00190642 0.00208247 -0.00190658 0.999996 0.0503451 0.117786 0.0639905
FixedParameters: 0 0 0

#Transform 270
Transform: AffineTransform_float_3_3
Parameters: 0.999998 -0.000338379 -0.00191265 0.000342622 0.999998 0.00189335 0.00191236 -0.00189365 0.999997 0.0526138 0.0931823 0.0634706
FixedParameters: 0 0 0

#Transform 271
Transform: AffineTransform_float_3_3
Parameters: 0.999997 -0.000277428 -0.0021246 0.000282569 0.999997 0.0021514 0.0021234 -0.00215259 0.999996 0.0566033 0.0862613 0.0689934
FixedParameters: 0 0 0

#Transform 272
Transform: AffineTransform_float_3_3
Parameters: 0.999998 -0.000277409 -0.00225257 0.00028259 0.999998 0.00203737 0.00225243 -0.00203863 0.999996 0.0498393 0.0940213 0.0574853
FixedParameters: 0 0 0

#Transform 273
Transform: AffineTransform_float_3_3
Parameters: 0.999997 -0.000277414 -0.00233355 0.000282587 0.999998 0.00196535 0.00233345 -0.00196565 0.999996 0.0584068 0.112908 0.0479563
FixedParameters: 0 0 0

#Transform 274
Transform: AffineTransform_float_3_3
Parameters: 0.999998 -0.000277555 -0.00231854 0.000282447 0.999998 0.00191735 0.00231846 -0.00191765 0.999996 0.0514327 0.112161 0.037828
FixedParameters: 0 0 0

#Transform 275
Transform: AffineTransform_float_3_3
Parameters: 0.999996 -0.00027647 -0.00278556 0.000282529 0.999998 0.00198522 0.00278445 -0.00198578 0.999994 0.0584691 0.0728689 0.0496091
FixedParameters: 0 0 0

#Transform 276
Transform: AffineTransform_float_3_3
Parameters: 0.999996 -0.000277269 -0.00278547 0.00028273 0.999998 0.00169822 0.00278452 -0.00169878 0.999994 0.059367 0.101109 0.0503891
FixedParameters: 0 0 0

#Transform 277
Transform: AffineTransform_float_3_3
Parameters: 0.999996 -0.000278635 -0.00278534 0.000282366 0.999999 0.00120822 0.00278466 -0.00120878 0.999996 0.0567752 0.107241 0.0367734
FixedParameters: 0 0 0

#Transform 278
Transform: AffineTransform_float_3_3
Parameters: 0.999996 -0.000276879 -0.00272652 0.000282121 0.999998 0.00187824 0.00272547 -0.00187876 0.999994 0.0584443 0.0990227 0.0634237
FixedParameters: 0 0 0

#Transform 279
Transform: AffineTransform_float_3_3
Parameters: 0.999997 -0.00027674 -0.00242261 0.000282259 0.999997 0.00217132 0.00242139 -0.00217168 0.999994 0.0553009 0.0953339 0.0612896
FixedParameters: 0 0 0

#Transform 280
Transform: AffineTransform_float_3_3
Parameters: 0.999997 -0.000197602 -0.00244436 0.000202398 0.999999 0.00179951 0.00244364 -0.00179949 0.999996 0.0545275 0.117061 0.0450565
FixedParameters: 0 0 0

#Transform 281
Transform: AffineTransform_float_3_3
Parameters: 0.999996 -0.000277062 -0.00262053 0.000281939 0.999998 0.00188427 0.00262047 -0.00188473 0.999995 0.0599247 0.0711327 0.0411861
FixedParameters: 0 0 0

#Transform 282
Transform: AffineTransform_float_3_3
Parameters: 0.999996 -0.000166413 -0.00275828 0.000171586 0.999998 0.00166253 0.00275772 -0.00166346 0.999995 0.0533531 0.105817 0.0431226
FixedParameters: 0 0 0

#Transform 283
Transform: AffineTransform_float_3_3
Parameters: 0.999997 -0.000167766 -0.00272626 0.000172235 0.999999 0.00155354 0.00272574 -0.00155346 0.999995 0.057209 0.171959 0.0409917
FixedParameters: 0 0 0

#Transform 284
Transform: AffineTransform_float_3_3
Parameters: 0.999996 -0.000120259 -0.00274417 0.00012374 0.999999 0.00136267 0.00274384 -0.00136334 0.999996 0.0509817 0.205046 0.0123529
FixedParameters: 0 0 0

#Transform 285
Transform: AffineTransform_float_3_3
Parameters: 0.999995 -0.000186625 -0.00315451 0.000195376 0.999997 0.0026554 0.00315349 -0.0026556 0.999991 0.0708721 -0.0608106 0.0725478
FixedParameters: 0 0 0

#Transform 286
Transform: AffineTransform_float_3_3
Parameters: 0.999994 -0.000347221 -0.00346779 0.000355779 0.999998 0.00224278 0.00346721 -0.00224422 0.999992 0.0771209 0.0867739 0.0761893
FixedParameters: 0 0 0

#Transform 287
Transform: AffineTransform_float_3_3
Parameters: 0.999995 -0.000412082 -0.0033651 0.00042092 0.999997 0.0026496 0.0033649 -0.0026514 0.999991 0.0790963 0.0720493 0.0837142
FixedParameters: 0 0 0

#Transform 288
Transform: AffineTransform_float_3_3
Parameters: 0.999996 -0.000274801 -0.00298967 0.000282199 0.999997 0.00240817 0.00298833 -0.00240883 0.999992 0.0650836 0.103716 0.0478122
FixedParameters: 0 0 0

#Transform 289
Transform: AffineTransform_float_3_3
Parameters: 0.999996 -0.000151398 -0.00274037 0.0001586 0.999997 0.00240858 0.00273963 -0.00240942 0.999994 0.0573385 0.121855 0.0410445
FixedParameters: 0 0 0

#Transform 290
Transform: AffineTransform_float_3_3
Parameters: 0.999996 -0.000273573 -0.00304677 0.000282429 0.999996 0.00276615 0.00304623 -0.00276685 0.999991 0.0662378 0.117069 0.0610901
FixedParameters: 0 0 0

#Transform 291
Transform: AffineTransform_float_3_3
Parameters: 0.999997 -0.00027606 -0.00268762 0.000281941 0.999997 0.00221025 0.00268738 -0.00221075 0.999994 0.0606594 0.150881 0.0530361
FixedParameters: 0 0 0

#Transform 292
Transform: AffineTransform_float_3_3
Parameters: 0.999997 -0.000275724 -0.00269565 0.000282275 0.999998 0.00232725 0.00269535 -0.00232875 0.999993 0.0605302 0.142206 0.0466048
FixedParameters: 0 0 0

#Transform 293
Transform: AffineTransform_float_3_3
Parameters: 0.999996 -0.000275743 -0.00254968 0.000282256 0.999997 0.00245329 0.00254931 -0.00245471 0.999993 0.0548007 0.0891632 0.0413819
FixedParameters: 0 0 0

#Transform 294
Transform: AffineTransform_float_3_3
Parameters: 0.999996 -0.000276243 -0.00254963 0.000282756 0.999998 0.00225729 0.00254937 -0.00225871 0.999994 0.0591607 0.0886278 0.0489225
FixedParameters: 0 0 0

#Transform 295
Transform: AffineTransform_float_3_3
Parameters: 0.999996 -0.000275464 -0.00273567 0.000282532 0.999997 0.00238824 0.00273433 -0.00238976 0.999994 0.0611382 0.087001 0.0519562
FixedParameters: 0 0 0

#Transform 296
Transform: AffineTransform_float_3_3
Parameters: 0.999996 -0.000275332 -0.00254973 0.000282669 0.999996 0.00261529 0.00254927 -0.00261571 0.999994 0.0604123 0.0841576 0.0558337
FixedParameters: 0 0 0

#Transform 297
Transform: AffineTransform_float_3_3
Parameters: 0.999996 -0.000275904 -0.00254967 0.000282098 0.999997 0.00239129 0.00254933 -0.00239171 0.999994 0.0620944 0.0684661 0.0555798
FixedParameters: 0 0 0

#Transform 298
Transform: AffineTransform_float_3_3
Parameters: 0.999996 -0.000275965 -0.00254966 0.000282034 0.999997 0.00236629 0.00254934 -0.00236771 0.999994 0.0518459 0.0873291 0.0474193
FixedParameters: 0 0 0

#Transform 299
Transform: AffineTransform_float_3_3
Parameters: 0.999997 -0.000276111 -0.00247966 0.000281886 0.999997 0.00237431 0.00247834 -0.00237569 0.999994 0.0516629 0.106845 0.0517736
FixedParameters: 0 0 0

#Transform 300
Transform: AffineTransform_float_3_3
Parameters: 0.999997 -0.000276263 -0.00240767 0.000282737 0.999997 0.00238233 0.00240733 -0.00238367 0.999995 0.0538051 0.0861677 0.040427
FixedParameters: 0 0 0

#Transform 301
Transform: AffineTransform_float_3_3
Parameters: 0.999997 -0.000275986 -0.00234272 0.000282013 0.999996 0.00256635 0.00234228 -0.00256765 0.999994 0.056433 0.0999503 0.0444537
FixedParameters: 0 0 0

#Transform 302
Transform: AffineTransform_float_3_3
Parameters: 0.999998 -0.000205439 -0.00227451 0.000211564 0.999997 0.00244553 0.00227449 -0.00244547 0.999995 0.0503973 0.134101 0.0487973
FixedParameters: 0 0 0

#Transform 303
Transform: AffineTransform_float_3_3
Parameters: 0.999997 -0.000276133 -0.00247566 0.000281869 0.999997 0.00237031 0.00247534 -0.00237069 0.999994 0.0550957 0.139857 0.0505123
FixedParameters: 0 0 0

#Transform 304
Transform: AffineTransform_float_3_3
Parameters: 0.999997 -0.000276437 -0.00233067 0.000282563 0.999997 0.00238635 0.00233033 -0.00238765 0.999995 0.0486276 0.121469 0.0342377
FixedParameters: 0 0 0

#Transform 305
Transform: AffineTransform_float_3_3
Parameters: 0.999997 -0.00027624 -0.00235568 0.000282761 0.999997 0.00244534 0.00235532 -0.00244566 0.999994 0.0554435 0.0799537 0.0518508
FixedParameters: 0 0 0

#Transform 306
Transform: AffineTransform_float_3_3
Parameters: 0.999996 -0.0002758 -0.00253568 0.000282201 0.999997 0.00244529 0.00253532 -0.00244571 0.999994 0.0572917 0.0964296 0.0494246
FixedParameters: 0 0 0

#Transform 307
Transform: AffineTransform_float_3_3
Parameters: 0.999997 -0.000194237 -0.00267435 0.000198762 0.999999 0.00178048 0.00267365 -0.00178153 0.999995 0.0538082 0.103713 0.0346658
FixedParameters: 0 0 0

#Transform 308
Transform: AffineTransform_float_3_3
Parameters: 0.999997 -0.00020147 -0.00268042 0.000206532 0.999998 0.00206345 0.00268058 -0.00206355 0.999995 0.0564992 0.0663623 0.0514541
FixedParameters: 0 0 0

#Transform 309
Transform: AffineTransform_float_3_3
Parameters: 0.999997 -0.000201001 -0.00249749 0.000207001 0.999997 0.00240249 0.00249751 -0.00240251 0.999994 0.0479628 0.0877133 0.0425649
FixedParameters: 0 0 0

#Transform 310
Transform: AffineTransform_float_3_3
Parameters: 0.999997 -0.000185368 -0.00237745 0.000191633 0.999997 0.00236955 0.00237655 -0.00236945 0.999995 0.04649 0.0959663 0.0416084
FixedParameters: 0 0 0

#Transform 311
Transform: AffineTransform_float_3_3
Parameters: 0.999997 -0.000275844 -0.00251068 0.000282158 0.999997 0.0024523 0.00251031 -0.0024527 0.999994 0.0584774 0.0886557 0.0435377
FixedParameters: 0 0 0

#Transform 312
Transform: AffineTransform_float_3_3
Parameters: 0.999996 -0.000275758 -0.00254668 0.000282243 0.999997 0.00245129 0.00254631 -0.00245171 0.999994 0.0547321 0.101088 0.0435503
FixedParameters: 0 0 0

#Transform 313
Transform: AffineTransform_float_3_3
Parameters: 0.999997 -0.000180686 -0.00251446 0.000187314 0.999997 0.00251054 0.00251454 -0.00251146 0.999993 0.0513589 0.130479 0.0464849
FixedParameters: 0 0 0

#Transform 314
Transform: AffineTransform_float_3_3
Parameters: 0.999997 -0.000276615 -0.00242362 0.000282385 0.999998 0.00222132 0.00242338 -0.00222268 0.999994 0.0576622 0.134366 0.0427152
FixedParameters: 0 0 0

#Transform 315
Transform: AffineTransform_float_3_3
Parameters: 0.999997 -0.000275748 -0.0024897 0.000282251 0.999997 0.0025103 0.0024893 -0.00251169 0.999993 0.056051 0.0946658 0.0573168
FixedParameters: 0 0 0

#Transform 316
Transform: AffineTransform_float_3_3
Parameters: 0.999996 -0.00020684 -0.0025635 0.000213158 0.999997 0.00240246 0.00256249 -0.00240354 0.999994 0.0536311 0.131899 0.0588014
FixedParameters: 0 0 0

#Transform 317
Transform: AffineTransform_float_3_3
Parameters: 0.999996 -0.000275651 -0.00258168 0.000282347 0.999997 0.00245828 0.00258131 -0.00245972 0.999993 0.0615732 0.104508 0.0563029
FixedParameters: 0 0 0

#Transform 318
Transform: AffineTransform_float_3_3
Parameters: 0.999996 -0.000275633 -0.0025357 0.000282366 0.999997 0.00251029 0.0025353 -0.00251171 0.999993 0.0537179 0.0781643 0.0446413
FixedParameters: 0 0 0

#Transform 319
Transform: AffineTransform_float_3_3
Parameters: 0.999997 -0.000214989 -0.00252252 0.000221011 0.999997 0.00238345 0.00252148 -0.00238355 0.999994 0.054916 0.108934 0.0527083
FixedParameters: 0 0 0

#Transform 320
Transform: AffineTransform_float_3_3
Parameters: 0.999996 -0.000155437 -0.00257534 0.000161561 0.999997 0.00215959 0.00257466 -0.00216041 0.999995 0.054359 0.11834 0.0521995
FixedParameters: 0 0 0

#Transform 321
Transform: AffineTransform_float_3_3
Parameters: 0.999996 -0.00020845 -0.00260853 0.00021455 0.999997 0.00251045 0.00260847 -0.00251155 0.999993 0.0516421 0.0990886 0.0519825
FixedParameters: 0 0 0

#Transform 322
Transform: AffineTransform_float_3_3
Parameters: 0.999997 -0.000189312 -0.00266349 0.000195686 0.999997 0.00251049 0.00266252 -0.00251151 0.999994 0.0540152 0.0680756 0.0421696
FixedParameters: 0 0 0

#Transform 323
Transform: AffineTransform_float_3_3
Parameters: 0.999997 -0.000225894 -0.00243157 0.000232105 0.999997 0.00251044 0.00243142 -0.00251156 0.999994 0.0511432 0.0947555 0.0376063
FixedParameters: 0 0 0

#Transform 324
Transform: AffineTransform_float_3_3
Parameters: 0.999997 -0.000276377 -0.00265859 0.000282625 0.999997 0.00211526 0.00265841 -0.00211574 0.999994 0.0606448 0.12602 0.0373985
FixedParameters: 0 0 0

#Transform 325
Transform: AffineTransform_float_3_3
Parameters: 0.999997 -0.000275665 -0.00271665 0.000282337 0.999997 0.00233224 0.00271635 -0.00233276 0.999993 0.0599721 0.123431 0.041711
FixedParameters: 0 0 0

#Transform 326
Transform: AffineTransform_float_3_3
Parameters: 0.999996 -0.000109647 -0.0027873 0.000116351 0.999996 0.00263768 0.0027867 -0.00263831 0.999992 0.0533143 0.0990219 0.0550314
FixedParameters: 0 0 0

#Transform 327
Transform: AffineTransform_float_3_3
Parameters: 0.999996 -0.000128907 -0.00283933 0.000136094 0.999997 0.00249862 0.00283867 -0.00249838 0.999993 0.0546089 0.100179 0.0453139
FixedParameters: 0 0 0

#Transform 328
Transform: AffineTransform_float_3_3
Parameters: 0.999995 -0.000129335 -0.00298729 0.000136666 0.999998 0.0022316 0.0029867 -0.0022314 0.999993 0.0623308 0.105525 0.0349809
FixedParameters: 0 0 0

#Transform 329
Transform: AffineTransform_float_3_3
Parameters: 0.999996 -6.10693e-05 -0.00281616 6.79297e-05 0.999997 0.00246082 0.00281584 -0.00246118 0.999993 0.0586909 0.103483 0.0445606
FixedParameters: 0 0 0

#Transform 330
Transform: AffineTransform_float_3_3
Parameters: 0.999996 -9.57606e-05 -0.00303027 0.000104238 0.999997 0.0027187 0.00302973 -0.0027193 0.999991 0.059211 0.0939766 0.0338493
FixedParameters: 0 0 0

#Transform 331
Transform: AffineTransform_float_3_3
Parameters: 0.999996 -9.93121e-05 -0.00303026 0.000107686 0.999997 0.00253669 0.00302974 -0.00253731 0.999992 0.056254 0.120314 0.0326207
FixedParameters: 0 0 0

#Transform 332
Transform: AffineTransform_float_3_3
Parameters: 0.999996 -0.000274299 -0.00303071 0.0002827 0.999996 0.00254115 0.00302929 -0.00254184 0.999992 0.0641256 0.11322 0.0305513
FixedParameters: 0 0 0

#Transform 333
Transform: AffineTransform_float_3_3
Parameters: 0.999996 -0.000273762 -0.00303076 0.000282236 0.999997 0.00271816 0.00302924 -0.00271884 0.999991 0.0656662 0.0884629 0.0389222
FixedParameters: 0 0 0

#Transform 334
Transform: AffineTransform_float_3_3
Parameters: 0.999996 -0.00018673 -0.00283749 0.000193272 0.999996 0.00256246 0.00283751 -0.00256254 0.999992 0.0589441 0.120326 0.0408902
FixedParameters: 0 0 0

#Transform 335
Transform: AffineTransform_float_3_3
Parameters: 0.999996 -0.00027737 -0.0025635 0.000282632 0.999999 0.00180628 0.00256349 -0.00180672 0.999995 0.0597755 0.122811 0.0149991
FixedParameters: 0 0 0

#Transform 336
Transform: AffineTransform_float_3_3
Parameters: 0.999996 5.18024e-05 -0.00256289 -4.61971e-05 0.999998 0.00226413 0.00256311 -0.00226388 0.999994 0.0455079 0.117652 0.0238948
FixedParameters: 0 0 0

#Transform 337
Transform: AffineTransform_float_3_3
Parameters: 0.999996 4.82314e-06 -0.002563 8.23166e-07 0.999998 0.00227201 0.002563 -0.002272 0.999994 0.0476986 0.0960274 0.019126
FixedParameters: 0 0 0

#Transform 338
Transform: AffineTransform_float_3_3
Parameters: 0.999997 -0.000115687 -0.0024983 0.000122314 0.999997 0.0025267 0.0024987 -0.0025273 0.999993 0.0501032 0.153667 0.0364142
FixedParameters: 0 0 0

#Transform 339
Transform: AffineTransform_float_3_3
Parameters: 0.999997 -0.000275494 -0.00238076 0.000282508 0.999996 0.00273334 0.00238024 -0.00273367 0.999994 0.0579003 0.090425 0.040698
FixedParameters: 0 0 0

#Transform 340
Transform: AffineTransform_float_3_3
Parameters: 0.999997 -2.61706e-05 -0.00215108 3.18291e-05 0.999997 0.00270994 0.00215092 -0.00271006 0.999994 0.047279 0.19877 0.0126075
FixedParameters: 0 0 0

#Transform 341
Transform: AffineTransform_float_3_3
Parameters: 0.999996 2.92063e-05 -0.00290691 -1.87932e-05 0.999994 0.00351107 0.00290708 -0.00351093 0.999989 0.0538538 -0.0105582 0.0214956
FixedParameters: 0 0 0

#Transform 342
Transform: AffineTransform_float_3_3
Parameters: 0.999995 0.000193318 -0.00320839 -0.000182681 0.999995 0.0032166 0.0032086 -0.00321539 0.999989 0.0421832 0.0935753 0.0162685
FixedParameters: 0 0 0

#Transform 343
Transform: AffineTransform_float_3_3
Parameters: 0.999994 0.000130244 -0.00326761 -0.000119757 0.999995 0.00313441 0.00326839 -0.00313459 0.999989 0.0469172 0.0770125 -0.00705548
FixedParameters: 0 0 0

#Transform 344
Transform: AffineTransform_float_3_3
Parameters: 0.999995 0.000179194 -0.00313943 -0.000168806 0.999994 0.00324754 0.00313956 -0.00324645 0.99999 0.042751 0.0931785 0.000508904
FixedParameters: 0 0 0

#Transform 345
Transform: AffineTransform_float_3_3
Parameters: 0.999996 0.000172861 -0.00278752 -0.000165139 0.999996 0.00282047 0.00278748 -0.00281953 0.999992 0.0443373 0.157593 -0.0145087
FixedParameters: 0 0 0

#Transform 346
Transform: AffineTransform_float_3_3
Parameters: 0.999997 0.000277767 -0.00242524 -0.000271235 0.999996 0.00278967 0.00242577 -0.00278934 0.999993 0.0359327 0.116391 -0.0247935
FixedParameters: 0 0 0

#Transform 347
Transform: AffineTransform_float_3_3
Parameters: 0.999996 0.000209578 -0.00256847 -0.000203424 0.999996 0.00256053 0.00256853 -0.00256047 0.999994 0.0332299 0.10719 -0.0199944
FixedParameters: 0 0 0

#Transform 348
Transform: AffineTransform_float_3_3
Parameters: 0.999998 0.000211034 -0.00225153 -0.000205963 0.999997 0.00223647 0.00225247 -0.00223553 0.999995 0.0304042 0.160749 0.00939164
FixedParameters: 0 0 0

#Transform 349
Transform: AffineTransform_float_3_3
Parameters: 0.999997 8.07143e-05 -0.00248385 -7.6285e-05 0.999998 0.0018982 0.00248415 -0.00189781 0.999995 0.0476988 0.113743 0.021999
FixedParameters: 0 0 0

#Transform 350
Transform: AffineTransform_float_3_3
Parameters: 0.999997 1.71332e-05 -0.00254597 -1.08666e-05 0.999997 0.00240904 0.00254603 -0.00240896 0.999994 0.0420042 0.0583459 0.0386405
FixedParameters: 0 0 0

#Transform 351
Transform: AffineTransform_float_3_3
Parameters: 0.999997 6.25064e-05 -0.00270086 -5.54929e-05 0.999997 0.00240916 0.00270114 -0.00240884 0.999994 0.0457714 0.0613339 0.0299086
FixedParameters: 0 0 0

#Transform 352
Transform: AffineTransform_float_3_3
Parameters: 0.999996 0.000193285 -0.00256146 -0.000186715 0.999996 0.00284449 0.00256154 -0.00284351 0.999992 0.0475275 0.0646602 0.0378501
FixedParameters: 0 0 0

#Transform 353
Transform: AffineTransform_float_3_3
Parameters: 0.999997 -3.92343e-05 -0.00270113 4.67651e-05 0.999996 0.00287488 0.00270088 -0.00287512 0.999992 0.0478603 0.0940506 0.0271095
FixedParameters: 0 0 0

#Transform 354
Transform: AffineTransform_float_3_3
Parameters: 0.999997 -3.15015e-05 -0.00242209 3.7498e-05 0.999997 0.00268292 0.00242191 -0.00268308 0.999993 0.0418051 0.131019 0.0194942
FixedParameters: 0 0 0

#Transform 355
Transform: AffineTransform_float_3_3
Parameters: 0.999997 -5.89419e-05 -0.00240318 6.60572e-05 0.999995 0.00293685 0.00240282 -0.00293715 0.999993 0.0430551 0.127861 0.0206354
FixedParameters: 0 0 0

#Transform 356
Transform: AffineTransform_float_3_3
Parameters: 0.999997 -6.46664e-05 -0.00272218 7.23354e-05 0.999997 0.00269481 0.00272181 -0.00269419 0.999992 0.0549965 0.121801 0.0169443
FixedParameters: 0 0 0

#Transform 357
Transform: AffineTransform_float_3_3
Parameters: 0.999996 -6.18289e-05 -0.00283519 7.01699e-05 0.999996 0.00288181 0.00283481 -0.00288219 0.999992 0.0488589 0.128553 0.00766611
FixedParameters: 0 0 0

#Transform 358
Transform: AffineTransform_float_3_3
Parameters: 0.999997 -0.000200759 -0.00265456 0.000208239 0.999997 0.00272746 0.00265344 -0.00272854 0.999993 0.0599475 0.147753 0.0111601
FixedParameters: 0 0 0

#Transform 359
Transform: AffineTransform_float_3_3
Parameters: 0.999996 -8.58368e-05 -0.00284926 9.41645e-05 0.999996 0.00286574 0.00284874 -0.00286526 0.999992 0.0603562 0.0956202 0.0200301
FixedParameters: 0 0 0

#Transform 360
Transform: AffineTransform_float_3_3
Parameters: 0.999996 -3.83375e-05 -0.00287313 4.66617e-05 0.999995 0.00301488 0.00287287 -0.00301512 0.999992 0.0483321 0.101276 0.0228343
FixedParameters: 0 0 0

#Transform 361
Transform: AffineTransform_float_3_3
Parameters: 0.999996 -0.000210725 -0.00274565 0.000219278 0.999996 0.00301441 0.00274535 -0.00301459 0.999991 0.0568122 0.107911 0.00915932
FixedParameters: 0 0 0

#Transform 362
Transform: AffineTransform_float_3_3
Parameters: 0.999997 -7.51991e-05 -0.00245625 8.27996e-05 0.999995 0.00317581 0.00245575 -0.00317619 0.999992 0.0497104 0.0822577 0.0116437
FixedParameters: 0 0 0

#Transform 363
Transform: AffineTransform_float_3_3
Parameters: 0.999997 -0.00014918 -0.00269745 0.00015682 0.999996 0.00289959 0.00269656 -0.00289941 0.999992 0.0483674 0.105308 0.00689354
FixedParameters: 0 0 0

#Transform 364
Transform: AffineTransform_float_3_3
Parameters: 0.999997 -0.000136131 -0.00249338 0.000143867 0.999996 0.00275465 0.00249261 -0.00275535 0.999993 0.0440395 0.146514 0.00957131
FixedParameters: 0 0 0

#Transform 365
Transform: AffineTransform_float_3_3
Parameters: 0.999998 -1.58329e-05 -0.00229005 2.11669e-05 0.999997 0.00269296 0.00228995 -0.00269304 0.999994 0.0442161 0.0981415 0.0294558
FixedParameters: 0 0 0

#Transform 366
Transform: AffineTransform_float_3_3
Parameters: 0.999998 0.000190588 -0.00228962 -0.00018641 0.999998 0.00200443 0.00229038 -0.00200357 0.999996 0.0378349 0.160497 0.0212999
FixedParameters: 0 0 0

#Transform 367
Transform: AffineTransform_float_3_3
Parameters: 0.999998 0.000190293 -0.00195959 -0.000186709 0.999997 0.00219037 0.00195941 -0.00219063 0.999995 0.0318426 0.114688 0.00759528
FixedParameters: 0 0 0

#Transform 368
Transform: AffineTransform_float_3_3
Parameters: 0.999998 0.00019152 -0.00228955 -0.000186478 0.999997 0.00241143 0.00229046 -0.00241057 0.999995 0.0390174 0.110364 0.00610734
FixedParameters: 0 0 0

#Transform 369
Transform: AffineTransform_float_3_3
Parameters: 0.999998 0.000191857 -0.00228952 -0.000186144 0.999996 0.00255843 0.00228948 -0.00255757 0.999994 0.0376786 0.100032 -0.000525554
FixedParameters: 0 0 0

#Transform 370
Transform: AffineTransform_float_3_3
Parameters: 0.999998 -4.30795e-05 -0.00222912 4.892e-05 0.999996 0.0026559 0.00222888 -0.0026561 0.999994 0.0454805 0.130014 0.00600015
FixedParameters: 0 0 0

#Transform 371
Transform: AffineTransform_float_3_3
Parameters: 0.999998 0.00019248 -0.00228947 -0.000186523 0.999996 0.00282944 0.00228954 -0.00282957 0.999994 0.0422034 0.0987802 0.00296543
FixedParameters: 0 0 0

#Transform 372
Transform: AffineTransform_float_3_3
Parameters: 0.999998 -1.57497e-05 -0.00229006 2.325e-05 0.999995 0.00316596 0.00228994 -0.00316605 0.999993 0.0407647 0.0830432 0.00695839
FixedParameters: 0 0 0

#Transform 373
Transform: AffineTransform_float_3_3
Parameters: 0.999997 -1.33519e-05 -0.00245605 2.16479e-05 0.999995 0.00311396 0.00245594 -0.00311404 0.999992 0.0489047 0.119571 0.0063265
FixedParameters: 0 0 0

#Transform 374
Transform: AffineTransform_float_3_3
Parameters: 0.999997 -2.4281e-05 -0.00243809 3.17185e-05 0.999995 0.00316593 0.00243791 -0.00316607 0.999992 0.0457833 0.12383 0.00776015
FixedParameters: 0 0 0

#Transform 375
Transform: AffineTransform_float_3_3
Parameters: 0.999998 0.00019087 -0.0022896 -0.000186128 0.999997 0.00212743 0.0022904 -0.00212657 0.999995 0.0377242 0.116355 -0.00948306
FixedParameters: 0 0 0

#Transform 376
Transform: AffineTransform_float_3_3
Parameters: 0.999998 0.00019087 -0.0022896 -0.000186128 0.999997 0.00212743 0.0022904 -0.00212657 0.999995 0.0361645 0.135921 -0.0119823
FixedParameters: 0 0 0

#Transform 377
Transform: AffineTransform_float_3_3
Parameters: 0.999997 7.75988e-05 -0.00244383 -7.24028e-05 0.999998 0.00229019 0.00244417 -0.00229082 0.999995 0.0373747 0.134315 -0.00734691
FixedParameters: 0 0 0

#Transform 378
Transform: AffineTransform_float_3_3
Parameters: 0.999997 0.000190746 -0.00248764 -0.000186254 0.999998 0.00190747 0.00248836 -0.00190753 0.999995 0.0400883 0.122079 -0.00736835
FixedParameters: 0 0 0

#Transform 379
Transform: AffineTransform_float_3_3
Parameters: 0.999998 0.000190522 -0.00228963 -0.000186476 0.999998 0.00197543 0.00229037 -0.00197457 0.999996 0.030044 0.158149 -0.0287213
FixedParameters: 0 0 0

#Transform 380
Transform: AffineTransform_float_3_3
Parameters: 0.999996 0.000191738 -0.00259758 -0.000186265 0.999997 0.00220849 0.00259742 -0.00220851 0.999994 0.0397684 0.0734873 -0.0232712
FixedParameters: 0 0 0

#Transform 381
Transform: AffineTransform_float_3_3
Parameters: 0.999998 0.000191614 -0.00228954 -0.000186389 0.999997 0.00245143 0.00228947 -0.00245157 0.999995 0.0367441 0.100269 -0.0151123
FixedParameters: 0 0 0

#Transform 382
Transform: AffineTransform_float_3_3
Parameters: 0.999997 4.83965e-05 -0.00239388 -4.16053e-05 0.999997 0.00267111 0.00239412 -0.00267189 0.999993 0.0449375 0.0979467 -0.0150701
FixedParameters: 0 0 0

#Transform 383
Transform: AffineTransform_float_3_3
Parameters: 0.999998 0.000192344 -0.00228948 -0.000186658 0.999996 0.00277043 0.00228953 -0.00277057 0.999993 0.0398834 0.096401 -0.0133579
FixedParameters: 0 0 0

#Transform 384
Transform: AffineTransform_float_3_3
Parameters: 0.999997 -3.07734e-05 -0.0025401 3.82261e-05 0.999996 0.00284491 0.0025399 -0.00284509 0.999992 0.0427396 0.157801 0.0063405
FixedParameters: 0 0 0

#Transform 385
Transform: AffineTransform_float_3_3
Parameters: 0.999996 -2.05748e-05 -0.00258807 2.84248e-05 0.999996 0.00286893 0.00258793 -0.00286906 0.999992 0.0502261 0.132073 -0.00531504
FixedParameters: 0 0 0

#Transform 386
Transform: AffineTransform_float_3_3
Parameters: 0.999998 1.84234e-05 -0.00228996 -1.25764e-05 0.999996 0.00280504 0.00229005 -0.00280497 0.999994 0.0384119 0.118906 0.00253124
FixedParameters: 0 0 0

#Transform 387
Transform: AffineTransform_float_3_3
Parameters: 0.999999 0.000135641 -0.00132863 -0.000131358 0.999996 0.00274018 0.00132937 -0.00273982 0.999996 0.0169783 0.177961 0.00297298
FixedParameters: 0 0 0

#Transform 388
Transform: AffineTransform_float_3_3
Parameters: 0.999998 -5.86107e-05 -0.00165016 6.33887e-05 0.999997 0.0026599 0.00164984 -0.0026601 0.999995 0.0282946 0.105882 0.00859923
FixedParameters: 0 0 0

#Transform 389
Transform: AffineTransform_float_3_3
Parameters: 0.999998 0.00013733 -0.00164965 -0.000132672 0.999996 0.00262422 0.00164935 -0.00262478 0.999995 0.0254922 0.0986561 -0.000469658
FixedParameters: 0 0 0

#Transform 390
Transform: AffineTransform_float_3_3
Parameters: 0.999998 4.25472e-05 -0.00164989 -3.74551e-05 0.999996 0.00275607 0.00164911 -0.00275593 0.999995 0.0276146 0.135242 -0.00939521
FixedParameters: 0 0 0

#Transform 391
Transform: AffineTransform_float_3_3
Parameters: 0.999998 -1.02364e-05 -0.00165004 1.57635e-05 0.999996 0.00288698 0.00164996 -0.00288702 0.999995 0.0320182 0.10638 0.0120939
FixedParameters: 0 0 0

#Transform 392
Transform: AffineTransform_float_3_3
Parameters: 0.999998 0.00015005 -0.00164955 -0.000144951 0.999996 0.00306124 0.00164945 -0.00306076 0.999994 0.0248939 0.0954376 0.00457987
FixedParameters: 0 0 0

#Transform 393
Transform: AffineTransform_float_3_3
Parameters: 0.999999 6.4045e-05 -0.00140982 -5.99544e-05 0.999996 0.00286909 0.00141018 -0.00286891 0.999995 0.02359 0.146996 -0.0113082
FixedParameters: 0 0 0

#Transform 394
Transform: AffineTransform_float_3_3
Parameters: 0.999999 0.000126412 -0.00121965 -0.000123587 0.999996 0.00279715 0.00122035 -0.00279685 0.999996 0.0197971 0.147684 -0.0201175
FixedParameters: 0 0 0

#Transform 395
Transform: AffineTransform_float_3_3
Parameters: 1 -2.358e-05 -0.00114808 2.64228e-05 0.999995 0.00297897 0.00114893 -0.00297903 0.999995 0.0240845 0.114877 -0.00156504
FixedParameters: 0 0 0

#Transform 396
Transform: AffineTransform_float_3_3
Parameters: 0.999999 0.000189714 -0.0013975 -0.000186289 0.999997 0.00265626 0.0013975 -0.00265674 0.999995 0.0206129 0.111965 -0.00660231
FixedParameters: 0 0 0

#Transform 397
Transform: AffineTransform_float_3_3
Parameters: 0.999999 4.72542e-05 -0.00153687 -4.27453e-05 0.999996 0.00276807 0.00153712 -0.00276793 0.999995 0.035784 0.148309 -0.0166512
FixedParameters: 0 0 0

#Transform 398
Transform: AffineTransform_float_3_3
Parameters: 0.999999 0.000141406 -0.00157361 -0.000137596 0.999996 0.00279922 0.00157339 -0.00279978 0.999995 0.0251616 0.109273 -0.00533291
FixedParameters: 0 0 0

#Transform 399
Transform: AffineTransform_float_3_3
Parameters: 0.999999 -0.000218697 -0.00150463 0.0002233 0.999996 0.00285967 0.00150337 -0.00286033 0.999995 0.0309802 0.0905088 0.00431898
FixedParameters: 0 0 0

#Transform 400
Transform: AffineTransform_float_3_3
Parameters: 1 -2.23204e-05 -0.00122007 2.56794e-05 0.999996 0.00301597 0.00121993 -0.00301603 0.999994 0.0283709 0.115326 -0.000241877
FixedParameters: 0 0 0

#Transform 401
Transform: AffineTransform_float_3_3
Parameters: 0.999998 -0.000217269 -0.00170274 0.000223731 0.999995 0.00336562 0.00170226 -0.00336638 0.999993 0.0445427 0.109942 0.00767611
FixedParameters: 0 0 0

#Transform 402
Transform: AffineTransform_float_3_3
Parameters: 0.999999 -6.39762e-05 -0.00148423 6.90229e-05 0.999995 0.0033849 0.00148377 -0.0033851 0.999993 0.0349591 0.128465 0.0125371
FixedParameters: 0 0 0

#Transform 403
Transform: AffineTransform_float_3_3
Parameters: 0.999998 -1.87809e-05 -0.00158107 2.32187e-05 0.999994 0.00330097 0.00158093 -0.00330103 0.999994 0.0251699 0.13634 0.0228392
FixedParameters: 0 0 0

#Transform 404
Transform: AffineTransform_float_3_3
Parameters: 0.999998 6.94049e-05 -0.00163578 -6.35974e-05 0.999994 0.00330411 0.00163522 -0.00330389 0.999993 0.0242472 0.15117 0.00628034
FixedParameters: 0 0 0

#Transform 405
Transform: AffineTransform_float_3_3
Parameters: 0.999999 3.22461e-05 -0.0015339 -2.6755e-05 0.999994 0.00341905 0.0015341 -0.00341996 0.999993 0.0270476 0.0823275 0.00826122
FixedParameters: 0 0 0

#Transform 406
Transform: AffineTransform_float_3_3
Parameters: 0.999999 0.000246688 -0.00146422 -0.00024131 0.999995 0.00320036 0.00146578 -0.00320064 0.999994 0.0202692 0.103067 0.0194809
FixedParameters: 0 0 0

#Transform 407
Transform: AffineTransform_float_3_3
Parameters: 0.999998 0.000210531 -0.00188739 -0.000204472 0.999995 0.00292939 0.00188761 -0.00292961 0.999994 0.0317573 0.139135 0.0240789
FixedParameters: 0 0 0

#Transform 408
Transform: AffineTransform_float_3_3
Parameters: 0.999998 0.000300511 -0.00168703 -0.000295488 0.999994 0.0032665 0.00168797 -0.0032655 0.999993 0.0207172 0.112047 0.0300509
FixedParameters: 0 0 0

#Transform 409
Transform: AffineTransform_float_3_3
Parameters: 0.999999 0.000356137 -0.00143998 -0.000351864 0.999996 0.00287151 0.00144102 -0.00287149 0.999995 0.0156941 0.112436 -0.00257804
FixedParameters: 0 0 0

#Transform 410
Transform: AffineTransform_float_3_3
Parameters: 0.999999 0.000264548 -0.00151221 -0.000259452 0.999996 0.0030074 0.00151279 -0.00300661 0.999995 0.0185435 0.126355 -0.0105414
FixedParameters: 0 0 0
