#Insight Transform File V1.0
#Transform 0
Transform: AffineTransform_float_3_3
Parameters: 1 0.000121 -8.7483e-08 -0.000121 0.999999 -0.000723 -8.7483e-08 0.000723 0.999999 -0.00227035 0.0605679 0.0101332
FixedParameters: 0 0 0

#Transform 1
Transform: AffineTransform_float_3_3
Parameters: 1 0.000355837 -0.000177326 -0.000355162 0.999999 -0.000916936 0.000176674 0.000917062 0.999999 -0.00857804 0.0805454 -0.00878332
FixedParameters: 0 0 0

#Transform 2
Transform: AffineTransform_float_3_3
Parameters: 1 0.00028376 -0.000470145 -0.00028324 1 -0.000509867 0.000469855 0.000510133 1 0.00068947 0.0452352 0.00664566
FixedParameters: 0 0 0

#Transform 3
Transform: AffineTransform_float_3_3
Parameters: 1 0.000354938 -0.000195112 -0.000355062 1 -0.000315931 0.000194888 0.000316069 1 -0.00430747 0.0646179 0.0273852
FixedParameters: 0 0 0

#Transform 4
Transform: AffineTransform_float_3_3
Parameters: 1 0.00021 -0.000278 -0.00021 1 5.838e-08 0.000278 5.838e-08 1 -0.000476544 0.0357051 0.024908
FixedParameters: 0 0 0

#Transform 5
Transform: AffineTransform_float_3_3
Parameters: 1 0 -0.000346 0 1 0 0.000346 0 1 0.00448207 0.080973 0.0339147
FixedParameters: 0 0 0

#Transform 6
Transform: AffineTransform_float_3_3
Parameters: 1 0.000235947 -0.000183068 -0.000236053 1 -0.000287957 0.000182932 0.000288043 1 -0.00215931 0.0515827 0.0211733
FixedParameters: 0 0 0

#Transform 7
Transform: AffineTransform_float_3_3
Parameters: 1 -1.5041e-08 -8.9e-05 -1.5041e-08 1 -0.000169 8.9e-05 0.000169 1 0.00121033 0.018291 0.00412887
FixedParameters: 0 0 0

#Transform 8
Transform: AffineTransform_float_3_3
Parameters: 1 0.000119 -0.000112 -0.000119 1 1.3328e-08 0.000112 1.3328e-08 1 -0.000723818 0.0229584 0.00972825
FixedParameters: 0 0 0

#Transform 9
Transform: AffineTransform_float_3_3
Parameters: 1 0 -0.000314 0 1 0 0.000314 0 1 0.00463498 0.083262 0.0102458
FixedParameters: 0 0 0

#Transform 10
Transform: AffineTransform_float_3_3
Parameters: 1 0.000203999 -5.05732e-06 -0.000204001 1 -0.000280999 4.94268e-06 0.000281001 1 -0.00870694 0.0943967 0.00398975
FixedParameters: 0 0 0

#Transform 11
Transform: AffineTransform_float_3_3
Parameters: 1 0.000132014 8.39787e-05 -0.000131986 1 -0.000161011 -8.40212e-05 0.000160989 1 -0.00386615 0.0792859 0.0134921
FixedParameters: 0 0 0

#Transform 12
Transform: AffineTransform_float_3_3
Parameters: 1 7.4e-05 -5e-06 -7.4e-05 1 3.7e-10 5e-06 3.7e-10 1 0.000355464 0.0524132 0.0360041
FixedParameters: 0 0 0

#Transform 13
Transform: AffineTransform_float_3_3
Parameters: 1 -8.4624e-08 -0.000246 -8.4624e-08 1 -0.000344 0.000246 0.000344 1 0.0042569 0.0831205 0.00773324
FixedParameters: 0 0 0

#Transform 14
Transform: AffineTransform_float_3_3
Parameters: 1 -7.0336e-08 -0.000224 -7.0336e-08 1 -0.000314 0.000224 0.000314 1 0.00530485 0.0875319 0.0104689
FixedParameters: 0 0 0

#Transform 15
Transform: AffineTransform_float_3_3
Parameters: 1 7.59731e-05 -0.000115018 -7.60269e-05 1 -0.000233991 0.000114982 0.000234009 1 -0.00319359 0.0452599 0.0276925
FixedParameters: 0 0 0

#Transform 16
Transform: AffineTransform_float_3_3
Parameters: 1 7.40049e-05 2.49855e-05 -7.39951e-05 1 -0.000196002 -2.50145e-05 0.000195998 1 -0.00192262 0.00509325 0.00961735
FixedParameters: 0 0 0

#Transform 17
Transform: AffineTransform_float_3_3
Parameters: 1 4.7158e-08 3.8e-05 4.7158e-08 0.999999 -0.001241 -3.8e-05 0.001241 0.999999 -0.00510432 0.224145 0.00222477
FixedParameters: 0 0 0

#Transform 18
Transform: AffineTransform_float_3_3
Parameters: 1 1.18104e-07 0.000148 1.18104e-07 0.999999 -0.000797999 -0.000148 0.000797999 0.999999 -0.00993289 0.0653083 0.0101758
FixedParameters: 0 0 0

#Transform 19
Transform: AffineTransform_float_3_3
Parameters: 1 -2.52e-10 3.6e-05 -2.52e-10 1 7e-06 -3.6e-05 -7e-06 1 -0.00443455 -0.104302 0.00700525
FixedParameters: 0 0 0

#Transform 20
Transform: AffineTransform_float_3_3
Parameters: 1 -1.639e-08 0.000149 -1.639e-08 1 0.00011 -0.000149 -0.00011 1 0.00382258 -0.00622479 0.00189367
FixedParameters: 0 0 0

#Transform 21
Transform: AffineTransform_float_3_3
Parameters: 1 6.90162e-05 0.000148992 -6.89838e-05 1 -0.00010901 -0.000149008 0.00010899 1 -0.00332474 0.0579425 -0.00227141
FixedParameters: 0 0 0

#Transform 22
Transform: AffineTransform_float_3_3
Parameters: 1 -1.6837e-08 0.000149 -1.6837e-08 1 0.000113 -0.000149 -0.000113 1 -0.00611103 0.108838 0.0112036
FixedParameters: 0 0 0

#Transform 23
Transform: AffineTransform_float_3_3
Parameters: 1 0.000103018 0.000148988 -0.000102982 1 -0.000120015 -0.000149012 0.000119985 1 -0.00513391 0.130127 -0.0232847
FixedParameters: 0 0 0

#Transform 24
Transform: AffineTransform_float_3_3
Parameters: 1 6.99988e-05 0.000149001 -7.00012e-05 1 7.98957e-06 -0.000148999 -8.01043e-06 1 -0.00121762 0.109977 -0.0208635
FixedParameters: 0 0 0

#Transform 25
Transform: AffineTransform_float_3_3
Parameters: 1 0.000113988 0.000149009 -0.000114012 1 7.7983e-05 -0.000148991 -7.8017e-05 1 -0.00107988 0.128805 -0.0123662
FixedParameters: 0 0 0

#Transform 26
Transform: AffineTransform_float_3_3
Parameters: 1 -1.2367e-08 0.000149 -1.2367e-08 1 8.3e-05 -0.000149 -8.3e-05 1 0.000652401 0.0891595 -0.0194577
FixedParameters: 0 0 0

#Transform 27
Transform: AffineTransform_float_3_3
Parameters: 1 -3.8233e-08 0.000221 -3.8233e-08 1 0.000173 -0.000221 -0.000173 1 -0.00853352 0.0541744 -0.0100676
FixedParameters: 0 0 0

#Transform 28
Transform: AffineTransform_float_3_3
Parameters: 1 -3.6366e-08 0.000319 -3.6366e-08 1 0.000114 -0.000319 -0.000114 1 -0.00311566 0.0220477 -0.00928097
FixedParameters: 0 0 0

#Transform 29
Transform: AffineTransform_float_3_3
Parameters: 1 7.80074e-05 0.000148996 -7.79925e-05 1 -5.00116e-05 -0.000149004 4.99884e-05 1 -0.0011331 0.026129 -0.00318212
FixedParameters: 0 0 0

#Transform 30
Transform: AffineTransform_float_3_3
Parameters: 1 8.70125e-05 0.000148993 -8.69875e-05 1 -8.4013e-05 -0.000149007 8.3987e-05 1 -0.00101154 0.0486479 -0.00565081
FixedParameters: 0 0 0

#Transform 31
Transform: AffineTransform_float_3_3
Parameters: 1 -2.178e-08 0.000242 -2.178e-08 1 9e-05 -0.000242 -9e-05 1 -0.00906088 0.0244969 -0.00114317
FixedParameters: 0 0 0

#Transform 32
Transform: AffineTransform_float_3_3
Parameters: 1 -1.098e-09 0.000366 -1.098e-09 1 3e-06 -0.000366 -3e-06 1 -0.010915 0.0483471 -0.0031453
FixedParameters: 0 0 0

#Transform 33
Transform: AffineTransform_float_3_3
Parameters: 1 -1.9668e-08 0.000149 -1.9668e-08 1 0.000132 -0.000149 -0.000132 1 -0.0017647 0.0934314 -1.77537e-05
FixedParameters: 0 0 0

#Transform 34
Transform: AffineTransform_float_3_3
Parameters: 1 9.4001e-05 0.000264 -9.39989e-05 1 -4.02482e-06 -0.000264 3.97518e-06 1 -0.00927955 0.0991639 -0.00301881
FixedParameters: 0 0 0

#Transform 35
Transform: AffineTransform_float_3_3
Parameters: 1 -7.67e-08 0.000236 -7.67e-08 1 0.000325 -0.000236 -0.000325 1 -0.00196871 0.0859804 0.00886478
FixedParameters: 0 0 0

#Transform 36
Transform: AffineTransform_float_3_3
Parameters: 1 -1.9404e-08 0.000252 -1.9404e-08 1 7.7e-05 -0.000252 -7.7e-05 1 -0.00411944 0.112795 0.0165135
FixedParameters: 0 0 0

#Transform 37
Transform: AffineTransform_float_3_3
Parameters: 1 0.00013303 0.000148973 -0.00013297 1 -0.00020202 -0.000149027 0.00020198 1 -0.0116976 0.113504 0.00236737
FixedParameters: 0 0 0

#Transform 38
Transform: AffineTransform_float_3_3
Parameters: 1 8.69637e-05 0.000261012 -8.70363e-05 1 0.000138977 -0.000260988 -0.000139023 1 -0.00910265 0.0672158 0.00393767
FixedParameters: 0 0 0

#Transform 39
Transform: AffineTransform_float_3_3
Parameters: 1 6.4011e-05 0.000148995 -6.3989e-05 1 -7.40095e-05 -0.000149005 7.39905e-05 1 -0.00966785 0.0700692 0.000183653
FixedParameters: 0 0 0

#Transform 40
Transform: AffineTransform_float_3_3
Parameters: 1 4.1124e-08 0.000149 4.1124e-08 1 -0.000276 -0.000149 0.000276 1 -0.00377405 0.0923083 -0.00903599
FixedParameters: 0 0 0

#Transform 41
Transform: AffineTransform_float_3_3
Parameters: 1 5.215e-09 0.000149 5.215e-09 1 -3.5e-05 -0.000149 3.5e-05 1 -0.00910056 0.0525415 0.000911704
FixedParameters: 0 0 0

#Transform 42
Transform: AffineTransform_float_3_3
Parameters: 1 -2.7565e-08 0.000149 -2.7565e-08 1 0.000185 -0.000149 -0.000185 1 -0.00948476 0.0472764 -0.000406234
FixedParameters: 0 0 0

#Transform 43
Transform: AffineTransform_float_3_3
Parameters: 1 -2.7738e-08 0.000207 -2.7738e-08 1 0.000134 -0.000207 -0.000134 1 -0.00878275 0.087803 0.00170808
FixedParameters: 0 0 0

#Transform 44
Transform: AffineTransform_float_3_3
Parameters: 1 2.6166e-08 0.000267 2.6166e-08 1 -9.8e-05 -0.000267 9.8e-05 1 -0.0102333 0.0636615 -0.000741422
FixedParameters: 0 0 0

#Transform 45
Transform: AffineTransform_float_3_3
Parameters: 1 0.000121002 9.39979e-05 -0.000120998 1 -1.70114e-05 -9.40021e-05 1.69886e-05 1 -0.00922104 0.0848026 -0.0151236
FixedParameters: 0 0 0

#Transform 46
Transform: AffineTransform_float_3_3
Parameters: 1 6.608e-09 5.6e-05 6.608e-09 1 -0.000118 -5.6e-05 0.000118 1 -0.00908005 0.055014 -0.0224019
FixedParameters: 0 0 0

#Transform 47
Transform: AffineTransform_float_3_3
Parameters: 1 3.129e-09 0.000149 3.129e-09 1 -2.1e-05 -0.000149 2.1e-05 1 -0.00608539 0.112697 -0.0113189
FixedParameters: 0 0 0

#Transform 48
Transform: AffineTransform_float_3_3
Parameters: 1 -6.556e-09 0.000149 -6.556e-09 1 4.4e-05 -0.000149 -4.4e-05 1 -0.00709926 0.0897646 -0.00379061
FixedParameters: 0 0 0

#Transform 49
Transform: AffineTransform_float_3_3
Parameters: 1 0.000171997 1.80255e-05 -0.000172003 1 0.000147997 -1.79745e-05 -0.000148003 1 -0.0097954 0.0750952 -0.00424561
FixedParameters: 0 0 0

#Transform 50
Transform: AffineTransform_float_3_3
Parameters: 1 0.000142986 4.20465e-05 -0.000143014 1 0.000324994 -4.19535e-05 -0.000325006 1 -0.0109892 0.0923339 -0.0082612
FixedParameters: 0 0 0

#Transform 51
Transform: AffineTransform_float_3_3
Parameters: 1 0.000147999 -1.30152e-05 -0.000148001 1 -0.000102998 1.29848e-05 0.000103002 1 -0.0100967 0.119283 -0.0163319
FixedParameters: 0 0 0

#Transform 52
Transform: AffineTransform_float_3_3
Parameters: 1 3.1557e-08 -0.000201 3.1557e-08 1 0.000157 0.000201 -0.000157 1 0.00174638 0.0578544 0.00955643
FixedParameters: 0 0 0

#Transform 53
Transform: AffineTransform_float_3_3
Parameters: 1 0.000131004 -2.89832e-05 -0.000130996 1 0.000128004 2.90168e-05 -0.000127996 1 -0.00314281 0.063048 0.000804116
FixedParameters: 0 0 0

#Transform 54
Transform: AffineTransform_float_3_3
Parameters: 1 0.000133027 0.000148976 -0.000132973 1 -0.00018402 -0.000149024 0.00018398 1 -0.00797185 0.0898773 -0.018384
FixedParameters: 0 0 0

#Transform 55
Transform: AffineTransform_float_3_3
Parameters: 1 0.000140974 -8.20454e-05 -0.000141026 1 -0.000321988 8.19546e-05 0.000322012 1 -0.00880029 0.0725283 -0.00854653
FixedParameters: 0 0 0

#Transform 56
Transform: AffineTransform_float_3_3
Parameters: 1 0.000140976 -7.6044e-05 -0.000141024 1 -0.000311989 7.5956e-05 0.000312011 1 -0.00916206 0.089489 -0.00446558
FixedParameters: 0 0 0

#Transform 57
Transform: AffineTransform_float_3_3
Parameters: 1 0.000128016 2.39119e-05 -0.000127983 1 -0.000688003 -2.40881e-05 0.000687997 1 -0.0102254 0.125907 -0.00149536
FixedParameters: 0 0 0

#Transform 58
Transform: AffineTransform_float_3_3
Parameters: 1 0.000173994 6.40151e-05 -0.000174006 1 8.69889e-05 -6.39849e-05 -8.70111e-05 1 -0.00736407 0.0556443 -0.00141876
FixedParameters: 0 0 0

#Transform 59
Transform: AffineTransform_float_3_3
Parameters: 1 0.000223999 -3.50036e-05 -0.000224001 1 -1.59922e-05 3.49964e-05 1.60078e-05 1 -0.00348007 0.0702331 -0.0147012
FixedParameters: 0 0 0

#Transform 60
Transform: AffineTransform_float_3_3
Parameters: 1 0.000219952 -0.000111095 -0.000220048 1 -0.000431975 0.000110905 0.000432024 1 -0.00615662 0.0962575 -0.0224621
FixedParameters: 0 0 0

#Transform 61
Transform: AffineTransform_float_3_3
Parameters: 1 7.20174e-05 4.89744e-05 -7.19826e-05 1 -0.000355003 -4.90256e-05 0.000354996 1 -0.00475146 0.0957211 -0.0107647
FixedParameters: 0 0 0

#Transform 62
Transform: AffineTransform_float_3_3
Parameters: 1 -4.54428e-07 -0.000468 -4.54428e-07 0.999999 -0.000971 0.000468 0.000971 1 0.00625877 0.215835 -0.0242939
FixedParameters: 0 0 0

#Transform 63
Transform: AffineTransform_float_3_3
Parameters: 1 0.000187323 -0.000679911 -0.000187677 1 0.000475127 0.000680089 -0.000474872 0.999999 0.00663781 -0.0202577 -0.00963248
FixedParameters: 0 0 0

#Transform 64
Transform: AffineTransform_float_3_3
Parameters: 0.999999 0.000400486 -0.00058967 -0.000400514 0.999999 0.000825236 0.000589331 -0.000824764 1 -0.00170345 0.0445635 -0.0247715
FixedParameters: 0 0 0

#Transform 65
Transform: AffineTransform_float_3_3
Parameters: 0.999999 0.000366152 -0.000668916 -0.000365847 1 0.000228245 0.000669083 -0.000227755 1 0.00419602 0.0825594 -0.0396828
FixedParameters: 0 0 0

#Transform 66
Transform: AffineTransform_float_3_3
Parameters: 0.999999 0.000386196 -0.000771901 -0.000385804 1 0.000254298 0.000772097 -0.000253702 0.999999 -0.00442104 0.0860703 -0.00871634
FixedParameters: 0 0 0

#Transform 67
Transform: AffineTransform_float_3_3
Parameters: 0.999999 0.000306007 -0.000674996 -0.000306992 1 1.12072e-05 0.000675003 -1.07934e-05 1 -0.00316875 0.129155 -0.0107278
FixedParameters: 0 0 0

#Transform 68
Transform: AffineTransform_float_3_3
Parameters: 0.999999 0.00027934 -0.000920896 -0.000278661 1 0.000368257 0.000921102 -0.000368743 0.999999 0.000749169 0.107868 -0.0271351
FixedParameters: 0 0 0

#Transform 69
Transform: AffineTransform_float_3_3
Parameters: 1 0.000256489 -0.00106988 -0.000255511 1 0.000457274 0.00107012 -0.000456726 1 0.00732564 0.0708528 -0.0388136
FixedParameters: 0 0 0

#Transform 70
Transform: AffineTransform_float_3_3
Parameters: 1 0.000254604 -0.000981844 -0.000253397 1 0.000615249 0.000981157 -0.000614751 1 0.00355394 0.0733099 -0.0235532
FixedParameters: 0 0 0

#Transform 71
Transform: AffineTransform_float_3_3
Parameters: 1 0.000186592 -0.0011319 -0.000185408 1 0.00052321 0.0011321 -0.000522789 0.999999 0.00854257 0.0905325 -0.0226611
FixedParameters: 0 0 0

#Transform 72
Transform: AffineTransform_float_3_3
Parameters: 1 7.30377e-07 -0.001143 -2.69622e-07 1 0.000639001 0.001143 -0.000639 0.999999 0.0113304 0.0813859 -0.02787
FixedParameters: 0 0 0

#Transform 73
Transform: AffineTransform_float_3_3
Parameters: 1 0.000215617 -0.00117989 -0.000215383 1 0.000523255 0.00118011 -0.000522746 0.999999 0.0104086 0.0702482 -0.0189931
FixedParameters: 0 0 0

#Transform 74
Transform: AffineTransform_float_3_3
Parameters: 1 0.00034817 -0.00114765 -0.000346831 1 0.0010194 0.00114735 -0.0010186 0.999999 0.00672281 0.0732245 -0.0169726
FixedParameters: 0 0 0

#Transform 75
Transform: AffineTransform_float_3_3
Parameters: 1 0.000258574 -0.00113887 -0.000257426 1 0.000504294 0.00113913 -0.000503706 0.999999 0.00727797 0.105029 -0.0410961
FixedParameters: 0 0 0

#Transform 76
Transform: AffineTransform_float_3_3
Parameters: 1 0.000360492 -0.000983821 -0.000360509 1 0.000499355 0.000984181 -0.000499646 1 0.00405325 0.0887875 -0.043766
FixedParameters: 0 0 0

#Transform 77
Transform: AffineTransform_float_3_3
Parameters: 0.999999 0.000309415 -0.0013469 -0.000308585 1 0.000308416 0.0013471 -0.000307583 0.999999 0.00852732 0.0901108 -0.0417101
FixedParameters: 0 0 0

#Transform 78
Transform: AffineTransform_float_3_3
Parameters: 0.999999 0.000301744 -0.00134783 -0.000301256 1 0.000552406 0.00134817 -0.000551594 0.999999 0.0106243 0.0713465 -0.0339313
FixedParameters: 0 0 0

#Transform 79
Transform: AffineTransform_float_3_3
Parameters: 0.999999 0.000240441 -0.00134792 -0.000240559 1 0.000327325 0.00134808 -0.000326676 0.999999 0.0110843 0.0884071 -0.0487919
FixedParameters: 0 0 0

#Transform 80
Transform: AffineTransform_float_3_3
Parameters: 0.999999 0.000418531 -0.00134784 -0.00041847 1 0.000393564 0.00134816 -0.000393436 0.999999 0.00291866 0.118496 -0.0612226
FixedParameters: 0 0 0

#Transform 81
Transform: AffineTransform_float_3_3
Parameters: 1 0.000212544 -0.00108689 -0.000211455 1 0.00050123 0.00108711 -0.000500769 1 0.00592083 0.0772191 -0.0320743
FixedParameters: 0 0 0

#Transform 82
Transform: AffineTransform_float_3_3
Parameters: 0.999999 0.000150338 -0.00134796 -0.000149662 1 0.000251202 0.00134804 -0.000250798 0.999999 0.0131975 0.0860786 -0.0368311
FixedParameters: 0 0 0

#Transform 83
Transform: AffineTransform_float_3_3
Parameters: 0.999999 0.000191798 -0.00134789 -0.000191202 1 0.000592258 0.00134811 -0.000591742 0.999999 0.0161489 0.110729 -0.0303558
FixedParameters: 0 0 0

#Transform 84
Transform: AffineTransform_float_3_3
Parameters: 0.999999 0.000232201 -0.00147381 -0.0002318 0.999999 0.000814342 0.00147419 -0.000814658 0.999998 0.0185724 0.0836944 -0.0255888
FixedParameters: 0 0 0

#Transform 85
Transform: AffineTransform_float_3_3
Parameters: 0.999999 0.000168373 -0.00134783 -0.000166626 1 0.00101923 0.00134817 -0.00101877 0.999998 0.01391 0.079868 -0.0218359
FixedParameters: 0 0 0

#Transform 86
Transform: AffineTransform_float_3_3
Parameters: 0.999999 0.000166401 -0.00152585 -0.000165599 0.999999 0.000918254 0.00152615 -0.000917747 0.999999 0.0158159 0.109783 -0.0200236
FixedParameters: 0 0 0

#Transform 87
Transform: AffineTransform_float_3_3
Parameters: 0.999999 0.0002333 -0.00134778 -0.000231699 0.999999 0.000965312 0.00134822 -0.000964686 0.999998 0.0180238 0.105624 -0.0197055
FixedParameters: 0 0 0

#Transform 88
Transform: AffineTransform_float_3_3
Parameters: 0.999999 0.000211373 -0.00134778 -0.000209626 1 0.00101928 0.00134821 -0.00101872 0.999998 0.0143566 0.0947947 -0.0179125
FixedParameters: 0 0 0

#Transform 89
Transform: AffineTransform_float_3_3
Parameters: 0.999998 0.000171641 -0.00161083 -0.000170358 1 0.00101928 0.00161117 -0.00101873 0.999998 0.0183964 0.108546 -0.0268328
FixedParameters: 0 0 0

#Transform 90
Transform: AffineTransform_float_3_3
Parameters: 0.999999 0.000206386 -0.0014688 -0.000204613 0.999999 0.000944301 0.00146919 -0.000943697 0.999998 0.0166068 0.109267 -0.0194647
FixedParameters: 0 0 0

#Transform 91
Transform: AffineTransform_float_3_3
Parameters: 0.999999 0.000192362 -0.00154683 -0.000191637 0.999999 0.000881298 0.00154717 -0.000880703 0.999999 0.0183131 0.0864759 -0.0303797
FixedParameters: 0 0 0

#Transform 92
Transform: AffineTransform_float_3_3
Parameters: 0.999998 0.000186849 -0.00165379 -0.000185152 1 0.00111831 0.00165321 -0.00111769 0.999998 0.0181753 0.058686 -0.0247715
FixedParameters: 0 0 0

#Transform 93
Transform: AffineTransform_float_3_3
Parameters: 0.999999 0.000156206 -0.00155278 -0.000154796 0.999999 0.00142024 0.00155222 -0.00142076 0.999998 0.0163422 0.0876886 -0.0189771
FixedParameters: 0 0 0

#Transform 94
Transform: AffineTransform_float_3_3
Parameters: 0.999999 2.11166e-06 -0.001776 1.11668e-07 1 0.001189 0.001776 -0.001189 0.999997 0.0264785 0.0910759 -0.0238987
FixedParameters: 0 0 0

#Transform 95
Transform: AffineTransform_float_3_3
Parameters: 0.999998 1.83141e-06 -0.001615 -1.68586e-07 1 0.001134 0.001615 -0.001134 0.999998 0.0262373 0.100035 -0.0162245
FixedParameters: 0 0 0

#Transform 96
Transform: AffineTransform_float_3_3
Parameters: 0.999999 2.76055e-06 -0.001781 -2.39441e-07 0.999999 0.00155 0.001781 -0.00155 0.999997 0.0287099 0.0745123 -0.00970557
FixedParameters: 0 0 0

#Transform 97
Transform: AffineTransform_float_3_3
Parameters: 0.999999 0.000157899 -0.00178983 -0.000156102 1 0.00106128 0.00178917 -0.00106072 0.999998 0.0262084 0.123178 -0.0334145
FixedParameters: 0 0 0

#Transform 98
Transform: AffineTransform_float_3_3
Parameters: 0.999998 0.000147028 -0.00161982 -0.000144971 0.999999 0.00125224 0.00162018 -0.00125176 0.999998 0.0176552 0.120728 -0.0302887
FixedParameters: 0 0 0

#Transform 99
Transform: AffineTransform_float_3_3
Parameters: 0.999999 0.000131739 -0.0018068 -0.000129264 0.999999 0.00151524 0.0018062 -0.00151576 0.999997 0.0284551 0.0796456 -0.0202626
FixedParameters: 0 0 0

#Transform 100
Transform: AffineTransform_float_3_3
Parameters: 0.999998 2.78502e-06 -0.001892 -2.14967e-07 0.999999 0.001472 0.001892 -0.001472 0.999997 0.0274747 0.0873121 -0.009944
FixedParameters: 0 0 0

#Transform 101
Transform: AffineTransform_float_3_3
Parameters: 0.999998 0.000340454 -0.00202942 -0.000337548 0.999999 0.00170169 0.00202958 -0.00170131 0.999997 0.0226918 0.0855167 -0.0180858
FixedParameters: 0 0 0

#Transform 102
Transform: AffineTransform_float_3_3
Parameters: 0.999999 2.54694e-06 -0.00187 -4.53051e-07 0.999999 0.001362 0.00187 -0.001362 0.999998 0.0273977 0.100288 -0.0274873
FixedParameters: 0 0 0

#Transform 103
Transform: AffineTransform_float_3_3
Parameters: 0.999998 0.000174466 -0.00203171 -0.000171534 0.999998 0.00170635 0.0020313 -0.00170565 0.999997 0.0258789 0.0742755 -0.015918
FixedParameters: 0 0 0

#Transform 104
Transform: AffineTransform_float_3_3
Parameters: 0.999998 0.000215773 -0.0020386 -0.000212227 0.999999 0.00185144 0.0020384 -0.00185056 0.999996 0.0269308 0.119382 -0.0174966
FixedParameters: 0 0 0

#Transform 105
Transform: AffineTransform_float_3_3
Parameters: 0.999998 0.000221496 -0.00186971 -0.000218506 0.999999 0.00133441 0.00186929 -0.00133459 0.999998 0.020817 0.146874 -0.0280135
FixedParameters: 0 0 0

#Transform 106
Transform: AffineTransform_float_3_3
Parameters: 0.999998 0.000153421 -0.00159686 -0.000152578 0.999999 0.000890245 0.00159714 -0.000889756 0.999999 0.0206447 0.152762 -0.0209546
FixedParameters: 0 0 0

#Transform 107
Transform: AffineTransform_float_3_3
Parameters: 0.999999 0.000119189 -0.00140382 -0.000116811 0.999999 0.00155916 0.00140418 -0.00155883 0.999998 0.0201051 0.0153981 -0.00275977
FixedParameters: 0 0 0

#Transform 108
Transform: AffineTransform_float_3_3
Parameters: 1 9.6801e-07 -0.000426999 -3.1988e-08 0.999998 0.002267 0.000427001 -0.002267 0.999998 -0.00352998 -0.0572396 0.00253168
FixedParameters: 0 0 0

#Transform 109
Transform: AffineTransform_float_3_3
Parameters: 0.999999 0.000365192 0.000808274 -0.000368811 0.999994 0.0034777 -0.000807722 -0.00347729 0.999993 -0.0280306 -0.0223546 -0.0609398
FixedParameters: 0 0 0

#Transform 110
Transform: AffineTransform_float_3_3
Parameters: 0.999999 0.000894504 0.00109223 -0.000895495 0.999998 0.00137002 -0.00109077 -0.00137098 0.999999 -0.0465936 0.466349 -0.111305
FixedParameters: 0 0 0

#Transform 111
Transform: AffineTransform_float_3_3
Parameters: 0.999999 0.000729973 1.80906e-05 -0.000730026 0.999998 0.00149399 -1.69093e-05 -0.00149401 0.999999 -0.0269075 0.204104 -0.066324
FixedParameters: 0 0 0

#Transform 112
Transform: AffineTransform_float_3_3
Parameters: 0.999999 0.000714075 -3.96733e-05 -0.000713926 0.999998 0.00185803 4.03265e-05 -0.00185797 0.999999 -0.0174026 0.115195 -0.0542034
FixedParameters: 0 0 0

#Transform 113
Transform: AffineTransform_float_3_3
Parameters: 1 0.000602164 -8.18036e-05 -0.000601836 0.999998 0.00198705 8.3196e-05 -0.00198695 0.999998 -0.01176 0.0992357 -0.0519541
FixedParameters: 0 0 0

#Transform 114
Transform: AffineTransform_float_3_3
Parameters: 1 0.000296464 -0.000241432 -0.000296537 0.999998 0.00191907 0.00024157 -0.00191893 0.999998 -0.00611958 0.0611715 -0.0564023
FixedParameters: 0 0 0

#Transform 115
Transform: AffineTransform_float_3_3
Parameters: 1 0.000466382 -0.000215174 -0.000465618 0.999999 0.0017721 0.000215825 -0.0017719 0.999999 -0.0106727 0.0455658 -0.0624223
FixedParameters: 0 0 0

#Transform 116
Transform: AffineTransform_float_3_3
Parameters: 1 0.000400352 -0.000194277 -0.000400649 0.999999 0.00180608 0.000194724 -0.00180592 0.999999 -0.01028 0.0188236 -0.0558848
FixedParameters: 0 0 0

#Transform 117
Transform: AffineTransform_float_3_3
Parameters: 0.999999 0.000459182 -0.000575057 -0.000458817 0.999998 0.00205526 0.000575944 -0.00205474 0.999997 -0.00297775 0.0705537 -0.0500846
FixedParameters: 0 0 0

#Transform 118
Transform: AffineTransform_float_3_3
Parameters: 1 0.000407991 -0.000575299 -0.000407008 0.999999 0.00172124 0.000576701 -0.00172077 0.999999 -0.00583954 0.107058 -0.0566425
FixedParameters: 0 0 0

#Transform 119
Transform: AffineTransform_float_3_3
Parameters: 1 0.00040397 -0.000505226 -0.000403031 0.999998 0.0019182 0.000505774 -0.0019178 0.999998 -0.00894609 0.117327 -0.0496944
FixedParameters: 0 0 0

#Transform 120
Transform: AffineTransform_float_3_3
Parameters: 1 0.000473062 -0.000475947 -0.000471938 0.999998 0.00222923 0.000477053 -0.00222878 0.999998 -0.00633978 0.137936 -0.0335925
FixedParameters: 0 0 0

#Transform 121
Transform: AffineTransform_float_3_3
Parameters: 1 0.000473843 -0.00041103 -0.000473157 0.999998 0.00204919 0.00041197 -0.0020488 0.999998 -0.0179725 0.149676 -0.0508393
FixedParameters: 0 0 0

#Transform 122
Transform: AffineTransform_float_3_3
Parameters: 0.999999 0.00061772 -0.000367793 -0.000617279 0.999998 0.00195523 0.000369207 -0.00195477 0.999998 -0.0126195 0.146107 -0.0751351
FixedParameters: 0 0 0

#Transform 123
Transform: AffineTransform_float_3_3
Parameters: 1 0.00036987 -0.000423241 -0.00036913 0.999998 0.00205416 0.000423759 -0.00205384 0.999998 -0.00917404 0.127344 -0.0675463
FixedParameters: 0 0 0

#Transform 124
Transform: AffineTransform_float_3_3
Parameters: 1 0.000349057 -0.00057536 -0.000347941 0.999999 0.0018372 0.00057664 -0.0018368 0.999998 -0.00699756 0.103675 -0.0633278
FixedParameters: 0 0 0

#Transform 125
Transform: AffineTransform_float_3_3
Parameters: 0.999999 0.000525152 -0.000574949 -0.000523847 0.999998 0.0020033 0.00057605 -0.0020027 0.999998 -0.0143337 0.101009 -0.0738575
FixedParameters: 0 0 0

#Transform 126
Transform: AffineTransform_float_3_3
Parameters: 0.999999 0.000606274 -0.000574659 -0.000605725 0.999998 0.00221435 0.000576342 -0.00221365 0.999998 -0.0113235 0.0936541 -0.0685068
FixedParameters: 0 0 0

#Transform 127
Transform: AffineTransform_float_3_3
Parameters: 0.999999 0.000434464 -0.000680067 -0.000433535 0.999997 0.0021523 0.000680935 -0.0021517 0.999998 -0.007675 0.0723514 -0.0718109
FixedParameters: 0 0 0

#Transform 128
Transform: AffineTransform_float_3_3
Parameters: 0.999999 0.000552251 -0.000630906 -0.000550748 0.999998 0.00198235 0.000632092 -0.00198165 0.999998 -0.0121185 0.0892019 -0.0736986
FixedParameters: 0 0 0

#Transform 129
Transform: AffineTransform_float_3_3
Parameters: 0.999999 0.000558756 -0.000751697 -0.000557242 0.999997 0.00233542 0.000753303 -0.00233458 0.999997 -0.00631422 0.0697462 -0.0606393
FixedParameters: 0 0 0

#Transform 130
Transform: AffineTransform_float_3_3
Parameters: 0.999999 0.000399882 -0.000772028 -0.000398118 0.999997 0.00243631 0.000772972 -0.00243569 0.999996 -0.00488468 0.109367 -0.0519669
FixedParameters: 0 0 0

#Transform 131
Transform: AffineTransform_float_3_3
Parameters: 0.999999 0.000564204 -0.00057482 -0.000562795 0.999997 0.00209232 0.000576179 -0.00209267 0.999997 -0.0129633 0.152572 -0.0754261
FixedParameters: 0 0 0

#Transform 132
Transform: AffineTransform_float_3_3
Parameters: 0.999999 0.000582981 -0.00040459 -0.000582018 0.999997 0.00242124 0.000406411 -0.00242176 0.999997 -0.0119863 0.0901844 -0.0744456
FixedParameters: 0 0 0

#Transform 133
Transform: AffineTransform_float_3_3
Parameters: 0.999999 0.0006054 -0.000574527 -0.000603598 0.999997 0.00243535 0.000576471 -0.00243465 0.999997 -0.0122042 0.129229 -0.0616862
FixedParameters: 0 0 0

#Transform 134
Transform: AffineTransform_float_3_3
Parameters: 1 0.000628538 -0.000762735 -0.000627461 0.999998 0.00201548 0.000764266 -0.00201452 0.999997 -0.00690375 0.134554 -0.0735612
FixedParameters: 0 0 0

#Transform 135
Transform: AffineTransform_float_3_3
Parameters: 0.999999 0.000384804 -0.000799133 -0.000382196 0.999998 0.00225731 0.000799864 -0.00225669 0.999997 -0.000120039 0.098581 -0.0629672
FixedParameters: 0 0 0

#Transform 136
Transform: AffineTransform_float_3_3
Parameters: 0.999999 0.000384191 -0.00102618 -0.000382809 0.999997 0.00213439 0.00102682 -0.00213461 0.999997 0.0090962 0.160718 -0.0526453
FixedParameters: 0 0 0

#Transform 137
Transform: AffineTransform_float_3_3
Parameters: 1 0.000474054 -0.000911936 -0.000471946 0.999998 0.00225143 0.000913065 -0.00225057 0.999997 0.00275457 0.135446 -0.0472438
FixedParameters: 0 0 0

#Transform 138
Transform: AffineTransform_float_3_3
Parameters: 0.999999 0.000433937 -0.000723842 -0.000432063 0.999997 0.00267332 0.000725158 -0.00267369 0.999996 -0.000884811 0.0541717 -0.0482892
FixedParameters: 0 0 0

#Transform 139
Transform: AffineTransform_float_3_3
Parameters: 0.999999 0.000468066 -0.000841854 -0.000465934 0.999997 0.00245239 0.000843145 -0.00245261 0.999996 0.00731564 0.110894 -0.0572196
FixedParameters: 0 0 0

#Transform 140
Transform: AffineTransform_float_3_3
Parameters: 1 0.000474328 -0.000883756 -0.000472673 0.999997 0.00263142 0.000885248 -0.00263158 0.999996 0.00615049 0.108666 -0.0441611
FixedParameters: 0 0 0

#Transform 141
Transform: AffineTransform_float_3_3
Parameters: 0.999999 0.000473988 -0.000754755 -0.000472012 0.999997 0.00263136 0.000756245 -0.00263164 0.999997 -0.000890413 0.0916842 -0.0443444
FixedParameters: 0 0 0

#Transform 142
Transform: AffineTransform_float_3_3
Parameters: 0.999999 0.000473738 -0.000659756 -0.000472262 0.999997 0.00263131 0.000661245 -0.00263169 0.999997 -0.00529555 0.108642 -0.0361336
FixedParameters: 0 0 0

#Transform 143
Transform: AffineTransform_float_3_3
Parameters: 0.999999 0.000354233 -0.000848071 -0.000351765 0.999996 0.0026313 0.000849929 -0.0026317 0.999996 -0.00101019 0.135413 -0.0430974
FixedParameters: 0 0 0

#Transform 144
Transform: AffineTransform_float_3_3
Parameters: 1 0.000366507 -0.000952039 -0.000363494 0.999997 0.00263135 0.00095296 -0.00263165 0.999996 0.00434206 0.129193 -0.0496773
FixedParameters: 0 0 0

#Transform 145
Transform: AffineTransform_float_3_3
Parameters: 0.999999 0.00047438 -0.000837656 -0.000472622 0.999996 0.0028384 0.000838344 -0.0028386 0.999995 -0.00348107 0.126739 -0.0505593
FixedParameters: 0 0 0

#Transform 146
Transform: AffineTransform_float_3_3
Parameters: 1 0.000474686 -0.000919619 -0.000472313 0.999995 0.00291844 0.000921383 -0.00291856 0.999996 -0.00224654 0.12765 -0.0557036
FixedParameters: 0 0 0

#Transform 147
Transform: AffineTransform_float_3_3
Parameters: 1 0.000473533 -0.000820117 -0.000472466 0.999998 0.00186839 0.000821884 -0.00186761 0.999998 -0.00231503 0.14489 -0.0763382
FixedParameters: 0 0 0

#Transform 148
Transform: AffineTransform_float_3_3
Parameters: 0.999999 0.000473653 -0.000767982 -0.000472346 0.999997 0.00215236 0.000769018 -0.00215164 0.999998 -0.00500249 0.125361 -0.0684681
FixedParameters: 0 0 0

#Transform 149
Transform: AffineTransform_float_3_3
Parameters: 1 0.000474793 -0.00111682 -0.000472207 0.999997 0.00249953 0.00111818 -0.00249947 0.999997 0.0104309 0.0768724 -0.0631234
FixedParameters: 0 0 0

#Transform 150
Transform: AffineTransform_float_3_3
Parameters: 1 0.000390483 -0.00105408 -0.000387517 0.999997 0.00235541 0.00105492 -0.00235459 0.999996 0.0121581 0.118544 -0.0589189
FixedParameters: 0 0 0

#Transform 151
Transform: AffineTransform_float_3_3
Parameters: 1 0.000474118 -0.000910901 -0.000471882 0.999997 0.00232443 0.000912099 -0.00232357 0.999997 -0.00017202 0.0880003 -0.0671458
FixedParameters: 0 0 0

#Transform 152
Transform: AffineTransform_float_3_3
Parameters: 1 0.000474256 -0.000951879 -0.000472743 0.999997 0.00236945 0.000953123 -0.00236855 0.999996 0.00149243 0.102073 -0.0637418
FixedParameters: 0 0 0

#Transform 153
Transform: AffineTransform_float_3_3
Parameters: 1 0.000474337 -0.000980874 -0.000472664 0.999997 0.00238046 0.000982128 -0.00238053 0.999996 0.00765574 0.10584 -0.0616823
FixedParameters: 0 0 0

#Transform 154
Transform: AffineTransform_float_3_3
Parameters: 1 0.000474314 -0.00101292 -0.000472686 0.999998 0.00228348 0.00101408 -0.00228252 0.999997 -0.000515894 0.129064 -0.0654653
FixedParameters: 0 0 0

#Transform 155
Transform: AffineTransform_float_3_3
Parameters: 1 0.000309425 -0.000979238 -0.000307576 0.999997 0.0024753 0.000979765 -0.0024747 0.999997 0.00430981 0.127746 -0.0640745
FixedParameters: 0 0 0

#Transform 156
Transform: AffineTransform_float_3_3
Parameters: 0.999999 0.000474549 -0.0009277 -0.000472453 0.999996 0.00274544 0.0009283 -0.00274556 0.999996 0.00124793 0.125866 -0.0590284
FixedParameters: 0 0 0

#Transform 157
Transform: AffineTransform_float_3_3
Parameters: 0.999999 0.000473514 -0.000574756 -0.000472485 0.999997 0.00263227 0.000576246 -0.00263173 0.999997 -0.00507627 0.108819 -0.0582912
FixedParameters: 0 0 0

#Transform 158
Transform: AffineTransform_float_3_3
Parameters: 1 0.000470557 0.000343983 -0.000472443 0.999991 0.00420684 -0.000342015 -0.00420716 0.999991 -0.0280594 -0.144806 -0.0773845
FixedParameters: 0 0 0

#Transform 159
Transform: AffineTransform_float_3_3
Parameters: 1 0.000417772 0.00103971 -0.000421225 0.999991 0.00406956 -0.00103729 -0.00407044 0.999991 -0.0399502 0.228854 -0.136148
FixedParameters: 0 0 0

#Transform 160
Transform: AffineTransform_float_3_3
Parameters: 1 0.000239863 5.9554e-05 -0.000240138 0.999998 0.00230899 -5.94457e-05 -0.00230902 0.999998 -0.00282618 0.434302 -0.0504189
FixedParameters: 0 0 0

#Transform 161
Transform: AffineTransform_float_3_3
Parameters: 1 2.30067e-05 -0.000480953 -2.19932e-05 0.999998 0.00209301 0.000481047 -0.00209299 0.999997 0.0155519 0.197769 3.42386e-05
FixedParameters: 0 0 0

#Transform 162
Transform: AffineTransform_float_3_3
Parameters: 1 -0.00025794 -2.56158e-05 0.000258059 0.999997 0.00238699 2.43841e-05 -0.00238701 0.999997 0.0166571 0.12354 0.030663
FixedParameters: 0 0 0

#Transform 163
Transform: AffineTransform_float_3_3
Parameters: 1 -3.53735e-05 -0.000262085 3.66263e-05 0.999997 0.00239099 0.000261913 -0.00239101 0.999997 0.00866531 0.0969954 0.0147268
FixedParameters: 0 0 0

#Transform 164
Transform: AffineTransform_float_3_3
Parameters: 1 -0.000184021 -0.000431419 0.000184978 0.999998 0.00227092 0.000430581 -0.00227108 0.999998 0.0209176 0.0454499 0.013113
FixedParameters: 0 0 0

#Transform 165
Transform: AffineTransform_float_3_3
Parameters: 1 -3.49724e-05 -0.000431085 3.60274e-05 0.999997 0.00238399 0.000430915 -0.00238402 0.999997 0.0185754 0.0318602 0.0182224
FixedParameters: 0 0 0

#Transform 166
Transform: AffineTransform_float_3_3
Parameters: 1 -0.00022391 -0.000431567 0.000225089 0.999997 0.0025279 0.000430432 -0.0025281 0.999996 0.0218744 0.0746432 0.0179074
FixedParameters: 0 0 0

#Transform 167
Transform: AffineTransform_float_3_3
Parameters: 1 -0.00014491 -0.000431368 0.000146089 0.999997 0.00252794 0.000430632 -0.00252806 0.999996 0.020001 0.10093 0.00104205
FixedParameters: 0 0 0

#Transform 168
Transform: AffineTransform_float_3_3
Parameters: 1 -3.53401e-05 -0.00026109 3.56597e-05 0.999997 0.00252799 0.000260911 -0.00252801 0.999997 0.0130158 0.124066 0.000458104
FixedParameters: 0 0 0

#Transform 169
Transform: AffineTransform_float_3_3
Parameters: 1 -3.50435e-05 -0.000431079 3.59563e-05 0.999997 0.00221898 0.000430921 -0.00221902 0.999998 0.0158759 0.213963 -0.00514681
FixedParameters: 0 0 0

#Transform 170
Transform: AffineTransform_float_3_3
Parameters: 1 -0.00022397 -0.000431536 0.000225029 0.999997 0.0023879 0.000430464 -0.0023881 0.999997 0.0191908 0.177347 -0.00185167
FixedParameters: 0 0 0

#Transform 171
Transform: AffineTransform_float_3_3
Parameters: 1 -0.000182935 -0.000431453 0.000183064 0.999997 0.00246892 0.000430549 -0.00246908 0.999997 0.0183916 0.166451 -0.0195661
FixedParameters: 0 0 0

#Transform 172
Transform: AffineTransform_float_3_3
Parameters: 1 -0.00018778 -0.000431533 0.000188219 0.999996 0.00282892 0.000430469 -0.00282908 0.999996 0.0206243 0.161865 -0.0069378
FixedParameters: 0 0 0

#Transform 173
Transform: AffineTransform_float_3_3
Parameters: 1 -3.48422e-05 -0.000431095 3.61575e-05 0.999997 0.00268599 0.000430905 -0.00268602 0.999997 0.0159781 0.163197 -0.0247247
FixedParameters: 0 0 0

#Transform 174
Transform: AffineTransform_float_3_3
Parameters: 1 -0.000196851 -0.000431526 0.000198148 0.999997 0.00266492 0.000430474 -0.00266509 0.999997 0.0195904 0.129087 -0.0204208
FixedParameters: 0 0 0

#Transform 175
Transform: AffineTransform_float_3_3
Parameters: 1 -0.000241746 -0.000431704 0.000243255 0.999995 0.00290689 0.000431294 -0.0029071 0.999995 0.0202264 0.0976433 -0.0176883
FixedParameters: 0 0 0

#Transform 176
Transform: AffineTransform_float_3_3
Parameters: 1 -0.000260827 -0.000431711 0.000262174 0.999997 0.00271889 0.000431289 -0.00271911 0.999996 0.0228378 0.0897913 -0.0267073
FixedParameters: 0 0 0

#Transform 177
Transform: AffineTransform_float_3_3
Parameters: 0.999999 -0.000472664 -0.000764449 0.000474335 0.999995 0.00305864 0.000762552 -0.00305936 0.999995 0.0165659 -0.0968652 -0.0859627
FixedParameters: 0 0 0

#Transform 178
Transform: AffineTransform_float_3_3
Parameters: 1 -4.47235e-05 0.000298893 4.42763e-05 0.999997 0.00242001 -0.000299108 -0.00241999 0.999997 0.00217227 0.276118 -0.0648796
FixedParameters: 0 0 0

#Transform 179
Transform: AffineTransform_float_3_3
Parameters: 0.999999 -3.04272e-05 0.00123997 2.85727e-05 1 0.00115104 -0.00124003 -0.00115096 0.999998 -0.00767208 0.201276 0.00704406
FixedParameters: 0 0 0

#Transform 180
Transform: AffineTransform_float_3_3
Parameters: 0.999999 -0.00021943 0.000899652 0.000218569 0.999998 0.0015892 -0.000900349 -0.0015898 0.999999 -1.33058e-05 0.225182 0.0164528
FixedParameters: 0 0 0

#Transform 181
Transform: AffineTransform_float_3_3
Parameters: 0.999999 -0.000284675 0.000899471 0.000283325 0.999998 0.00186226 -0.000899529 -0.00186174 0.999998 -0.00267269 0.139084 0.00136537
FixedParameters: 0 0 0

#Transform 182
Transform: AffineTransform_float_3_3
Parameters: 0.999999 -0.000282037 0.000899363 0.000279964 0.999998 0.00226425 -0.000899636 -0.00226375 0.999997 0.00371344 0.121797 -0.014981
FixedParameters: 0 0 0

#Transform 183
Transform: AffineTransform_float_3_3
Parameters: 1 -0.000259933 0.000899444 0.000258068 0.999997 0.00214823 -0.000899557 -0.00214777 0.999998 0.00462848 0.0927844 -0.01719
FixedParameters: 0 0 0

#Transform 184
Transform: AffineTransform_float_3_3
Parameters: 0.999999 -0.000289729 0.000763346 0.000288272 0.999998 0.00226422 -0.000763654 -0.00226378 0.999997 0.00667964 0.109385 -0.0145785
FixedParameters: 0 0 0

#Transform 185
Transform: AffineTransform_float_3_3
Parameters: 1 -0.000240046 0.000477476 0.000238955 0.999997 0.00219011 -0.000477525 -0.00218989 0.999998 0.010724 0.124591 -0.0121024
FixedParameters: 0 0 0

#Transform 186
Transform: AffineTransform_float_3_3
Parameters: 0.999999 -0.000399409 0.000589047 0.000397592 0.999997 0.00238923 -0.000589952 -0.00238977 0.999997 0.00905815 0.0910689 -0.0116603
FixedParameters: 0 0 0

#Transform 187
Transform: AffineTransform_float_3_3
Parameters: 1 -0.00026111 0.000497419 0.000259891 0.999998 0.00223013 -0.000497581 -0.00222987 0.999998 0.0100707 0.148003 -0.0145845
FixedParameters: 0 0 0

#Transform 188
Transform: AffineTransform_float_3_3
Parameters: 1 -0.000260071 0.000497441 0.000258929 0.999997 0.00215313 -0.000497558 -0.00215287 0.999997 0.00847102 0.0914294 -0.0160054
FixedParameters: 0 0 0

#Transform 189
Transform: AffineTransform_float_3_3
Parameters: 1 -0.000237035 0.000497508 0.000235966 0.999998 0.00207912 -0.000497491 -0.00207888 0.999997 0.00326851 0.147384 -0.0136731
FixedParameters: 0 0 0

#Transform 190
Transform: AffineTransform_float_3_3
Parameters: 1 -0.000227951 0.000497565 0.00022705 0.999998 0.00191011 -0.000497435 -0.00190989 0.999998 0.00223749 0.149502 -0.0269392
FixedParameters: 0 0 0

#Transform 191
Transform: AffineTransform_float_3_3
Parameters: 1 -0.00023538 0.000657507 0.000233618 0.999998 0.00209915 -0.000658491 -0.00209884 0.999997 0.000655103 0.161497 -0.017627
FixedParameters: 0 0 0

#Transform 192
Transform: AffineTransform_float_3_3
Parameters: 1 -0.000299389 0.000625337 0.000297611 0.999997 0.00222019 -0.000625662 -0.00221981 0.999998 0.00838552 0.126787 -0.0151045
FixedParameters: 0 0 0

#Transform 193
Transform: AffineTransform_float_3_3
Parameters: 1 -0.000274105 0.000497393 0.000272896 0.999998 0.00222014 -0.000497607 -0.00221987 0.999998 0.0069593 0.12687 -0.0301967
FixedParameters: 0 0 0

#Transform 194
Transform: AffineTransform_float_3_3
Parameters: 1 -0.000392927 0.000417129 0.000392073 0.999997 0.00222016 -0.000417872 -0.00221984 0.999998 0.00908926 0.162615 -0.0216049
FixedParameters: 0 0 0

#Transform 195
Transform: AffineTransform_float_3_3
Parameters: 1 -0.000214911 0.000497608 0.000214091 0.999999 0.00182911 -0.000497393 -0.00182989 0.999998 0.0085649 0.124402 -0.027755
FixedParameters: 0 0 0

#Transform 196
Transform: AffineTransform_float_3_3
Parameters: 1 -0.000214314 0.000141525 0.000213685 0.999997 0.00221603 -0.000142474 -0.00221597 0.999997 0.0137853 0.1039 -0.0111029
FixedParameters: 0 0 0

#Transform 197
Transform: AffineTransform_float_3_3
Parameters: 1 -0.000214004 1.52021e-06 0.000213997 0.999998 0.002242 -1.47979e-06 -0.002242 0.999998 0.0146429 0.13645 -0.00942368
FixedParameters: 0 0 0

#Transform 198
Transform: AffineTransform_float_3_3
Parameters: 1 -0.000214004 1.49731e-06 0.000213997 0.999997 0.002349 -1.50268e-06 -0.002349 0.999997 0.0100606 0.119333 -0.0147897
FixedParameters: 0 0 0

#Transform 199
Transform: AffineTransform_float_3_3
Parameters: 1 -0.000214004 1.50844e-06 0.000213997 0.999998 0.002297 -1.49156e-06 -0.002297 0.999998 0.0129835 0.133494 -0.015819
FixedParameters: 0 0 0

#Transform 200
Transform: AffineTransform_float_3_3
Parameters: 1 -0.000214355 0.000148489 0.000213644 0.999997 0.00238703 -0.00014951 -0.00238697 0.999997 0.0128082 0.142155 -0.00974355
FixedParameters: 0 0 0

#Transform 201
Transform: AffineTransform_float_3_3
Parameters: 1 -0.000214004 1.51871e-06 0.000213997 0.999998 0.002249 -1.48128e-06 -0.002249 0.999998 0.0137855 0.171255 0.000756774
FixedParameters: 0 0 0

#Transform 202
Transform: AffineTransform_float_3_3
Parameters: 1 -0.000338586 0.000252215 0.000338414 0.999997 0.00232109 -0.000252786 -0.00232092 0.999998 0.0134313 0.152014 -0.00112253
FixedParameters: 0 0 0

#Transform 203
Transform: AffineTransform_float_3_3
Parameters: 1 -0.000214004 1.48425e-06 0.000213997 0.999997 0.00241 -1.51574e-06 -0.00241 0.999997 0.0133304 0.138925 -0.00666994
FixedParameters: 0 0 0

#Transform 204
Transform: AffineTransform_float_3_3
Parameters: 1 -0.000214004 1.46735e-06 0.000213997 0.999997 0.002489 -1.53264e-06 -0.002489 0.999997 0.0158575 0.129157 -0.0121279
FixedParameters: 0 0 0

#Transform 205
Transform: AffineTransform_float_3_3
Parameters: 1 -0.000392298 0.000151228 0.000391702 0.999998 0.00196806 -0.000151771 -0.00196794 0.999998 0.0155673 0.139141 -0.00645464
FixedParameters: 0 0 0

#Transform 206
Transform: AffineTransform_float_3_3
Parameters: 1 -0.000214004 1.55381e-06 0.000213997 0.999998 0.002085 -1.44619e-06 -0.002085 0.999998 0.0163009 0.192645 -0.0201499
FixedParameters: 0 0 0

#Transform 207
Transform: AffineTransform_float_3_3
Parameters: 1 -0.000287386 0.000172358 0.000287615 0.999998 0.00223505 -0.000172643 -0.00223495 0.999998 0.00842826 0.0713407 -0.0117772
FixedParameters: 0 0 0

#Transform 208
Transform: AffineTransform_float_3_3
Parameters: 1 -0.000414635 0.000312159 0.000414366 0.999998 0.00203013 -0.000312842 -0.00203087 0.999998 0.0132812 0.152714 -0.0219876
FixedParameters: 0 0 0

#Transform 209
Transform: AffineTransform_float_3_3
Parameters: 1 -0.000364903 0.000414206 0.000364095 0.999997 0.00217815 -0.000415794 -0.00217785 0.999997 0.0105226 0.111547 -0.0172797
FixedParameters: 0 0 0

#Transform 210
Transform: AffineTransform_float_3_3
Parameters: 1 -0.0003408 0.000328171 0.0003402 0.999997 0.00243611 -0.00032883 -0.00243589 0.999997 0.0112655 0.123669 -0.0218126
FixedParameters: 0 0 0

#Transform 211
Transform: AffineTransform_float_3_3
Parameters: 1 -0.000401072 0.000426996 0.000399928 0.999997 0.00250717 -0.000428004 -0.00250683 0.999997 0.0139128 0.128378 -0.0334244
FixedParameters: 0 0 0

#Transform 212
Transform: AffineTransform_float_3_3
Parameters: 1 -0.000215187 0.000531521 0.000213814 0.999997 0.00223211 -0.000531479 -0.00223189 0.999998 0.00925904 0.169404 -0.027931
FixedParameters: 0 0 0

#Transform 213
Transform: AffineTransform_float_3_3
Parameters: 1 -0.000279928 0.000369298 0.000279072 0.999997 0.0025121 -0.000369702 -0.0025119 0.999997 0.0103023 0.165953 -0.0259483
FixedParameters: 0 0 0

#Transform 214
Transform: AffineTransform_float_3_3
Parameters: 1 -0.000214293 0.000105406 0.000213708 0.999996 0.00277302 -0.000105593 -0.00277298 0.999996 0.00735084 0.125662 -0.0208781
FixedParameters: 0 0 0

#Transform 215
Transform: AffineTransform_float_3_3
Parameters: 1 -0.000146761 0.000324657 0.000146239 0.999997 0.00234105 -0.000325343 -0.00234195 0.999997 0.00965015 0.148925 -0.0260316
FixedParameters: 0 0 0

#Transform 216
Transform: AffineTransform_float_3_3
Parameters: 1 -0.000214818 0.00032446 0.00021418 0.999997 0.00252007 -0.000325541 -0.00251993 0.999997 0.00689806 0.128861 -0.00802687
FixedParameters: 0 0 0

#Transform 217
Transform: AffineTransform_float_3_3
Parameters: 1 -0.000215656 0.00063544 0.000214342 0.999996 0.00260514 -0.000636561 -0.00260486 0.999997 0.00652903 0.117211 -0.0154606
FixedParameters: 0 0 0

#Transform 218
Transform: AffineTransform_float_3_3
Parameters: 1 -0.000215638 0.000576389 0.000214363 0.999996 0.00284112 -0.000576611 -0.00284088 0.999996 0.00711229 0.0975619 -0.0268208
FixedParameters: 0 0 0

#Transform 219
Transform: AffineTransform_float_3_3
Parameters: 1 -0.000215628 0.000572389 0.000214373 0.999996 0.00284212 -0.000572611 -0.00284188 0.999996 0.00760952 0.133117 -0.034621
FixedParameters: 0 0 0

#Transform 220
Transform: AffineTransform_float_3_3
Parameters: 1 -0.000214867 0.000324428 0.000214132 0.999997 0.00267007 -0.000325573 -0.00266993 0.999997 0.0112425 0.154192 -0.0268115
FixedParameters: 0 0 0

#Transform 221
Transform: AffineTransform_float_3_3
Parameters: 1 -0.000215363 0.000530448 0.000213638 0.999996 0.00256811 -0.00053055 -0.00256788 0.999996 0.00898695 0.128538 -0.028238
FixedParameters: 0 0 0

#Transform 222
Transform: AffineTransform_float_3_3
Parameters: 1 -0.00021496 0.000324366 0.000214038 0.999995 0.00295707 -0.000325634 -0.00295693 0.999995 0.00734056 0.145495 -0.0201541
FixedParameters: 0 0 0

#Transform 223
Transform: AffineTransform_float_3_3
Parameters: 1 -0.000214939 0.00032438 0.000214059 0.999996 0.00289107 -0.00032562 -0.00289093 0.999996 0.0086449 0.179124 -0.0215884
FixedParameters: 0 0 0

#Transform 224
Transform: AffineTransform_float_3_3
Parameters: 1 -0.00021535 0.000597515 0.000213649 0.999998 0.00225913 -0.000598484 -0.00225887 0.999998 0.00746175 0.126841 -0.0358747
FixedParameters: 0 0 0

#Transform 225
Transform: AffineTransform_float_3_3
Parameters: 1 -0.000346932 0.00048934 0.000346068 0.999998 0.00190417 -0.00048966 -0.00190383 0.999998 0.00484961 0.140605 -0.0245725
FixedParameters: 0 0 0

#Transform 226
Transform: AffineTransform_float_3_3
Parameters: 0.999999 -0.00021518 0.000727652 0.000213819 0.999998 0.00162216 -0.000728348 -0.00162184 0.999999 0.00193438 0.152053 -0.025311
FixedParameters: 0 0 0

#Transform 227
Transform: AffineTransform_float_3_3
Parameters: 0.999999 -0.000215693 0.000788539 0.000214307 0.999997 0.00214717 -0.000788462 -0.00214683 0.999998 0.000602553 0.10803 -0.010616
FixedParameters: 0 0 0

#Transform 228
Transform: AffineTransform_float_3_3
Parameters: 0.999999 -0.000215624 0.000725519 0.000214377 0.999997 0.00223816 -0.000725482 -0.00223784 0.999997 0.0046832 0.126422 -0.0161095
FixedParameters: 0 0 0

#Transform 229
Transform: AffineTransform_float_3_3
Parameters: 1 -0.000215412 0.00063052 0.000214587 0.999998 0.00223814 -0.000631482 -0.00223787 0.999998 0.00479752 0.144039 -0.0255254
FixedParameters: 0 0 0

#Transform 230
Transform: AffineTransform_float_3_3
Parameters: 1 -0.000215579 0.00066549 0.00021442 0.999997 0.00237214 -0.00066651 -0.00237186 0.999997 0.00437959 0.149378 -0.0231158
FixedParameters: 0 0 0

#Transform 231
Transform: AffineTransform_float_3_3
Parameters: 1 -0.000214811 0.000324464 0.000214187 0.999997 0.00249807 -0.000325536 -0.00249793 0.999997 0.00974776 0.140685 -0.0196463
FixedParameters: 0 0 0

#Transform 232
Transform: AffineTransform_float_3_3
Parameters: 1 -0.000215151 0.000470475 0.000213848 0.999997 0.0024451 -0.000471524 -0.0024449 0.999997 0.00845069 0.162466 -0.0211991
FixedParameters: 0 0 0

#Transform 233
Transform: AffineTransform_float_3_3
Parameters: 1 -0.000215059 0.000442487 0.000213942 0.999997 0.0023921 -0.000442513 -0.00239191 0.999997 0.00718081 0.163129 -0.0251261
FixedParameters: 0 0 0

#Transform 234
Transform: AffineTransform_float_3_3
Parameters: 1 -0.000215214 0.00051049 0.000213785 0.999997 0.00237711 -0.00051151 -0.00237689 0.999997 0.00893995 0.116921 -0.022465
FixedParameters: 0 0 0

#Transform 235
Transform: AffineTransform_float_3_3
Parameters: 1 -0.000380845 0.000324008 0.000380154 0.999996 0.00260612 -0.000324992 -0.00260587 0.999996 0.00953069 0.123231 -0.0176211
FixedParameters: 0 0 0

#Transform 236
Transform: AffineTransform_float_3_3
Parameters: 1 -0.00037576 0.000324121 0.00037524 0.999997 0.00234112 -0.000324879 -0.00234088 0.999997 0.0146507 0.154981 -0.0228214
FixedParameters: 0 0 0

#Transform 237
Transform: AffineTransform_float_3_3
Parameters: 1 -0.0002153 0.000555498 0.000213702 0.999997 0.00233812 -0.000555501 -0.00233888 0.999997 0.00543788 0.16805 -0.0235645
FixedParameters: 0 0 0

#Transform 238
Transform: AffineTransform_float_3_3
Parameters: 1 -0.000359001 0.000391083 0.000357999 0.999996 0.00255714 -0.000391916 -0.00255686 0.999996 0.0106067 0.0900867 -0.0266394
FixedParameters: 0 0 0

#Transform 239
Transform: AffineTransform_float_3_3
Parameters: 1 -0.000314801 0.000324224 0.0003142 0.999997 0.0024671 -0.000324776 -0.0024679 0.999997 0.00784524 0.118179 -0.0203705
FixedParameters: 0 0 0

#Transform 240
Transform: AffineTransform_float_3_3
Parameters: 1 -0.000214807 0.000324467 0.000214192 0.999997 0.00248507 -0.000325533 -0.00248493 0.999997 0.0120459 0.13501 -0.0199426
FixedParameters: 0 0 0

#Transform 241
Transform: AffineTransform_float_3_3
Parameters: 1 -0.000214961 0.000375451 0.00021404 0.999996 0.00255708 -0.000375548 -0.00255692 0.999996 0.0115 0.128327 -0.0226115
FixedParameters: 0 0 0

#Transform 242
Transform: AffineTransform_float_3_3
Parameters: 1 -0.000314918 0.00032411 0.000314082 0.999996 0.0028301 -0.00032489 -0.0028299 0.999996 0.0107352 0.138213 -0.013375
FixedParameters: 0 0 0

#Transform 243
Transform: AffineTransform_float_3_3
Parameters: 1 -0.000214836 0.000324448 0.000214162 0.999996 0.00257607 -0.000325553 -0.00257593 0.999996 0.00823435 0.171341 -0.0222428
FixedParameters: 0 0 0

#Transform 244
Transform: AffineTransform_float_3_3
Parameters: 1 -0.000385038 0.000395993 0.000383962 0.999996 0.00261815 -0.000397006 -0.00261784 0.999996 0.00447032 0.171274 -0.029687
FixedParameters: 0 0 0

#Transform 245
Transform: AffineTransform_float_3_3
Parameters: 1 -0.000214937 0.000324381 0.000214061 0.999996 0.00288707 -0.000325619 -0.00288693 0.999996 0.0119217 0.114059 -0.0127161
FixedParameters: 0 0 0

#Transform 246
Transform: AffineTransform_float_3_3
Parameters: 1 -0.000294825 0.000324252 0.000293176 0.999996 0.00254109 -0.000324746 -0.0025409 0.999996 0.0114717 0.160278 -0.0278134
FixedParameters: 0 0 0

#Transform 247
Transform: AffineTransform_float_3_3
Parameters: 1 -0.000309262 0.000445126 0.000307738 0.999996 0.00283214 -0.000445873 -0.00283286 0.999996 0.00958545 0.148388 -0.0239365
FixedParameters: 0 0 0

#Transform 248
Transform: AffineTransform_float_3_3
Parameters: 1 -0.000387921 0.0003239 0.000387078 0.999996 0.00284013 -0.000325101 -0.00283987 0.999996 0.0104771 0.11121 -0.0238356
FixedParameters: 0 0 0

#Transform 249
Transform: AffineTransform_float_3_3
Parameters: 1 -0.000215253 0.000500463 0.000213748 0.999997 0.00250311 -0.000500536 -0.00250289 0.999996 0.00744884 0.129827 -0.0215997
FixedParameters: 0 0 0

#Transform 250
Transform: AffineTransform_float_3_3
Parameters: 1 -0.000382841 0.000324009 0.000382159 0.999996 0.00259212 -0.000324991 -0.00259187 0.999996 0.0123843 0.149635 -0.0228021
FixedParameters: 0 0 0

#Transform 251
Transform: AffineTransform_float_3_3
Parameters: 1 -0.000377219 0.000503088 0.000375781 0.999997 0.00242119 -0.000503911 -0.00242181 0.999997 0.00969413 0.151949 -0.0179641
FixedParameters: 0 0 0

#Transform 252
Transform: AffineTransform_float_3_3
Parameters: 1 -0.000356014 0.000384062 0.000354986 0.999997 0.00263814 -0.000384938 -0.00263787 0.999997 0.00959259 0.123283 -0.00703038
FixedParameters: 0 0 0

#Transform 253
Transform: AffineTransform_float_3_3
Parameters: 1 -0.000214598 0.000324606 0.000214402 0.999999 0.00184007 -0.000325395 -0.00183993 0.999999 0.0108909 0.136787 -0.0371848
FixedParameters: 0 0 0

#Transform 254
Transform: AffineTransform_float_3_3
Parameters: 1 -0.000215072 0.000502542 0.000213929 0.999997 0.00213211 -0.000502457 -0.00213189 0.999997 0.004568 0.124657 -0.0321485
FixedParameters: 0 0 0

#Transform 255
Transform: AffineTransform_float_3_3
Parameters: 1 -0.000621274 0.000946511 0.000619724 0.999997 0.00240159 -0.000948491 -0.00240041 0.999996 0.00804067 0.0303354 -0.0279025
FixedParameters: 0 0 0

#Transform 256
Transform: AffineTransform_float_3_3
Parameters: 0.999998 -0.000627116 0.00187831 0.000619888 0.999991 0.00431717 -0.00188069 -0.00431683 0.999989 -0.0153098 -0.0900094 -0.0388743
FixedParameters: 0 0 0

#Transform 257
Transform: AffineTransform_float_3_3
Parameters: 1 -0.000179196 0.0011405 0.000175805 0.999996 0.0028022 -0.0011405 -0.0028018 0.999996 -0.00482785 0.516495 -0.0607684
FixedParameters: 0 0 0

#Transform 258
Transform: AffineTransform_float_3_3
Parameters: 1 -8.66695e-05 0.000428865 8.63302e-05 0.999999 0.00156104 -0.000429135 -0.00156096 0.999998 0.00444519 0.353072 -0.0283599
FixedParameters: 0 0 0

#Transform 259
Transform: AffineTransform_float_3_3
Parameters: 1 -6.1889e-05 0.000534898 6.11107e-05 0.999998 0.00166203 -0.000535102 -0.00166197 0.999998 6.66217e-06 0.209592 -0.0323253
FixedParameters: 0 0 0

#Transform 260
Transform: AffineTransform_float_3_3
Parameters: 1 -0.000143069 0.000484686 0.00014193 0.999997 0.00220507 -0.000485314 -0.00220493 0.999998 0.00166781 0.108347 -0.043167
FixedParameters: 0 0 0

#Transform 261
Transform: AffineTransform_float_3_3
Parameters: 1 -0.000205709 0.00033056 0.00020429 0.999997 0.00214407 -0.000331439 -0.00214393 0.999997 0.00686977 0.102275 -0.0557395
FixedParameters: 0 0 0

#Transform 262
Transform: AffineTransform_float_3_3
Parameters: 1 -0.000105661 0.000398825 0.000105339 0.999998 0.00165704 -0.000399175 -0.00165696 0.999998 0.00343564 0.0468686 -0.0739358
FixedParameters: 0 0 0

#Transform 263
Transform: AffineTransform_float_3_3
Parameters: 1 -0.00010584 0.000359754 0.00010516 0.999998 0.00233304 -0.000360246 -0.00233296 0.999997 0.00382726 0.0251131 -0.0607306
FixedParameters: 0 0 0

#Transform 264
Transform: AffineTransform_float_3_3
Parameters: 1 6.85372e-05 0.000206155 -6.84625e-05 0.999998 0.00224599 -0.000205847 -0.00224602 0.999998 0.00556072 0.129141 -0.0519057
FixedParameters: 0 0 0

#Transform 265
Transform: AffineTransform_float_3_3
Parameters: 1 -6.44839e-05 0.000205849 6.35157e-05 0.999997 0.00235001 -0.00020615 -0.00234999 0.999997 0.00353693 0.0883734 -0.0499
FixedParameters: 0 0 0

#Transform 266
Transform: AffineTransform_float_3_3
Parameters: 1 6.86431e-05 0.000206119 -6.83567e-05 0.999998 0.00173198 -0.000205882 -0.00173201 0.999998 -0.000106521 0.164697 -0.055274
FixedParameters: 0 0 0

#Transform 267
Transform: AffineTransform_float_3_3
Parameters: 1 6.82828e-05 0.000394125 -6.8717e-05 0.999999 0.00181997 -0.000393876 -0.00182003 0.999999 -0.00169423 0.236744 -0.0448356
FixedParameters: 0 0 0

#Transform 268
Transform: AffineTransform_float_3_3
Parameters: 1 -5.43505e-05 0.000205908 5.46493e-05 0.999998 0.00170201 -0.000206093 -0.00170199 0.999998 0.00514011 0.26413 -0.0457296
FixedParameters: 0 0 0

#Transform 269
Transform: AffineTransform_float_3_3
Parameters: 1 -0.000157402 0.000205693 0.000157597 0.999998 0.00195503 -0.000206309 -0.00195497 0.999998 0.00606079 0.17108 -0.0256618
FixedParameters: 0 0 0

#Transform 270
Transform: AffineTransform_float_3_3
Parameters: 1 -0.000139404 0.000205727 0.000138595 0.999998 0.00196303 -0.000206272 -0.00196297 0.999998 0.0053942 0.186209 -0.0355382
FixedParameters: 0 0 0

#Transform 271
Transform: AffineTransform_float_3_3
Parameters: 1 -0.000154438 0.000205672 0.000153561 0.999997 0.00212803 -0.000206327 -0.00212797 0.999997 0.00955838 0.136227 -0.0395723
FixedParameters: 0 0 0

#Transform 272
Transform: AffineTransform_float_3_3
Parameters: 1 -0.000173699 0.000305604 0.000173303 0.999998 0.00228505 -0.000305397 -0.00228495 0.999998 0.0123557 0.132032 -0.0337268
FixedParameters: 0 0 0

#Transform 273
Transform: AffineTransform_float_3_3
Parameters: 1 6.85949e-05 0.000206135 -6.84049e-05 0.999998 0.00196599 -0.000205866 -0.00196601 0.999998 0.0111055 0.135367 -0.0357096
FixedParameters: 0 0 0

#Transform 274
Transform: AffineTransform_float_3_3
Parameters: 1 6.86077e-05 0.000206131 -6.83921e-05 0.999998 0.00190399 -0.00020587 -0.00190401 0.999998 0.0162061 0.136141 -0.0331888
FixedParameters: 0 0 0

#Transform 275
Transform: AffineTransform_float_3_3
Parameters: 1 -0.000206881 0.000417564 0.000206118 0.999998 0.00210909 -0.000418435 -0.00210891 0.999997 0.0149615 0.105697 -0.0325262
FixedParameters: 0 0 0

#Transform 276
Transform: AffineTransform_float_3_3
Parameters: 1 -0.000191706 0.000348613 0.000191295 0.999998 0.00202407 -0.000348388 -0.00202393 0.999998 0.0136998 0.134849 -0.034059
FixedParameters: 0 0 0

#Transform 277
Transform: AffineTransform_float_3_3
Parameters: 1 -0.000203443 0.000205562 0.000203558 0.999997 0.00215404 -0.000205439 -0.00215396 0.999997 0.00888121 0.129461 -0.0270495
FixedParameters: 0 0 0

#Transform 278
Transform: AffineTransform_float_3_3
Parameters: 1 -0.000144454 0.000205682 0.000144545 0.999997 0.00220803 -0.00020632 -0.00220797 0.999998 0.0130817 0.17198 -0.0339276
FixedParameters: 0 0 0

#Transform 279
Transform: AffineTransform_float_3_3
Parameters: 1 -0.000217827 0.00036651 0.000217172 0.999998 0.00225408 -0.000367491 -0.00225392 0.999998 0.0114864 0.174399 -0.026773
FixedParameters: 0 0 0

#Transform 280
Transform: AffineTransform_float_3_3
Parameters: 1 -0.000227814 0.000346466 0.000227187 0.999997 0.00234708 -0.000346534 -0.00234692 0.999997 0.0100295 0.151397 -0.0296404
FixedParameters: 0 0 0

#Transform 281
Transform: AffineTransform_float_3_3
Parameters: 1 -0.000307374 0.000205441 0.000306626 0.999999 0.00182006 -0.000205558 -0.00181994 0.999999 0.00976368 0.17755 -0.0331786
FixedParameters: 0 0 0

#Transform 282
Transform: AffineTransform_float_3_3
Parameters: 1 -0.000262287 0.000143476 0.000261712 0.999998 0.00199904 -0.000144523 -0.00199896 0.999998 0.0112916 0.192541 -0.0298217
FixedParameters: 0 0 0

#Transform 283
Transform: AffineTransform_float_3_3
Parameters: 1 -0.000227461 0.000205491 0.000226541 0.999998 0.00223805 -0.000205507 -0.00223795 0.999997 0.0170163 0.118557 -0.0253768
FixedParameters: 0 0 0

#Transform 284
Transform: AffineTransform_float_3_3
Parameters: 1 -0.000255459 0.00020543 0.000254542 0.999998 0.00223305 -0.000205569 -0.00223295 0.999997 0.0167993 0.138336 -0.0219044
FixedParameters: 0 0 0

#Transform 285
Transform: AffineTransform_float_3_3
Parameters: 1 -0.000236051 2.55296e-05 0.000235948 0.999998 0.00199301 -2.64703e-05 -0.00199299 0.999998 0.0215011 0.146295 -0.0407871
FixedParameters: 0 0 0

#Transform 286
Transform: AffineTransform_float_3_3
Parameters: 1 -0.00026617 7.94316e-05 0.000266828 0.999997 0.00213602 -8.05701e-05 -0.00213598 0.999997 0.0159302 0.144433 -0.0265977
FixedParameters: 0 0 0

#Transform 287
Transform: AffineTransform_float_3_3
Parameters: 1 -0.000168993 -3.3478e-06 0.000169006 0.999998 0.002058 2.65219e-06 -0.002058 0.999998 0.0204323 0.113301 -0.0404057
FixedParameters: 0 0 0

#Transform 288
Transform: AffineTransform_float_3_3
Parameters: 1 -0.000225872 -6.24638e-05 0.000226127 0.999998 0.00205299 6.15359e-05 -0.00205301 0.999998 0.0160476 0.12957 -0.0457521
FixedParameters: 0 0 0

#Transform 289
Transform: AffineTransform_float_3_3
Parameters: 1 -0.000130261 0.000150775 0.000129739 0.999999 0.00172902 -0.000151224 -0.00172898 0.999998 0.012449 0.151172 -0.0527124
FixedParameters: 0 0 0

#Transform 290
Transform: AffineTransform_float_3_3
Parameters: 1 -0.000265585 0.000319515 0.000265416 0.999999 0.00183009 -0.000319486 -0.00182992 0.999999 0.0157106 0.166609 -0.0472728
FixedParameters: 0 0 0

#Transform 291
Transform: AffineTransform_float_3_3
Parameters: 1 -0.000286524 0.00020527 0.000285476 0.999996 0.00255106 -0.000205729 -0.00255094 0.999996 0.0173702 0.133396 -0.0227445
FixedParameters: 0 0 0

#Transform 292
Transform: AffineTransform_float_3_3
Parameters: 1 -0.000273073 3.54392e-05 0.000272925 0.999998 0.00205401 -3.65607e-05 -0.00205399 0.999998 0.0198307 0.209963 -0.0429449
FixedParameters: 0 0 0

#Transform 293
Transform: AffineTransform_float_3_3
Parameters: 1 -0.000278897 -3.97255e-05 0.000279103 0.999996 0.00260099 3.92742e-05 -0.00260101 0.999996 0.0206388 0.116897 -0.0128068
FixedParameters: 0 0 0

#Transform 294
Transform: AffineTransform_float_3_3
Parameters: 1 -0.000382964 -1.68376e-05 0.000383036 0.999997 0.00218699 1.61623e-05 -0.002187 0.999997 0.0223722 0.192948 -0.0104753
FixedParameters: 0 0 0

#Transform 295
Transform: AffineTransform_float_3_3
Parameters: 1 -0.00032644 0.000205301 0.00032656 0.999997 0.00214107 -0.0002057 -0.00214093 0.999997 0.0185661 0.175461 -0.0198787
FixedParameters: 0 0 0

#Transform 296
Transform: AffineTransform_float_3_3
Parameters: 1 -0.000383487 0.000205092 0.000383513 0.999997 0.00236908 -0.000205909 -0.00236892 0.999997 0.0178399 0.12777 -0.0269759
FixedParameters: 0 0 0

#Transform 297
Transform: AffineTransform_float_3_3
Parameters: 1 -0.000192603 -0.000224342 0.000193397 0.999999 0.00177396 0.000223658 -0.00177304 0.999999 0.00997142 0.35278 -0.033538
FixedParameters: 0 0 0

#Transform 298
Transform: AffineTransform_float_3_3
Parameters: 1 -0.000319499 0.000205225 0.000318501 0.999997 0.00242907 -0.000205774 -0.00242893 0.999997 0.0150379 0.00361302 -0.00788193
FixedParameters: 0 0 0

#Transform 299
Transform: AffineTransform_float_3_3
Parameters: 1 -0.000220904 -4.34909e-05 0.000221095 0.999997 0.00222199 4.25088e-05 -0.00222201 0.999997 0.0106209 0.089676 -0.00949514
FixedParameters: 0 0 0

#Transform 300
Transform: AffineTransform_float_3_3
Parameters: 1 -0.00033404 1.82768e-05 0.000333958 0.999997 0.002165 -1.97231e-05 -0.00216499 0.999997 0.0205936 0.10547 -0.00668546
FixedParameters: 0 0 0

#Transform 301
Transform: AffineTransform_float_3_3
Parameters: 1 -0.000372083 3.30766e-05 0.000371917 0.999997 0.00248201 -3.39232e-05 -0.00248199 0.999997 0.0205675 0.173202 -0.00605537
FixedParameters: 0 0 0

#Transform 302
Transform: AffineTransform_float_3_3
Parameters: 1 -0.000330133 5.31818e-05 0.000329868 0.999997 0.00247902 -5.38179e-05 -0.00247898 0.999997 0.0192363 0.208684 -0.019801
FixedParameters: 0 0 0

#Transform 303
Transform: AffineTransform_float_3_3
Parameters: 1 -0.000217181 6.23715e-05 0.00021782 0.999996 0.00289501 -6.26308e-05 -0.00289499 0.999996 0.0163781 0.1771 -0.0270035
FixedParameters: 0 0 0

#Transform 304
Transform: AffineTransform_float_3_3
Parameters: 1 -0.00026777 -8.27466e-05 0.000267228 0.999996 0.00278698 8.12556e-05 -0.00278702 0.999996 0.025735 0.220283 -0.0381787
FixedParameters: 0 0 0

#Transform 305
Transform: AffineTransform_float_3_3
Parameters: 1 -0.000265092 3.53138e-05 0.000264908 0.999996 0.00258901 -3.5686e-05 -0.00258899 0.999996 0.0218035 0.181932 -0.0402986
FixedParameters: 0 0 0

#Transform 306
Transform: AffineTransform_float_3_3
Parameters: 1 -0.00027274 -0.000123575 0.000273258 0.999997 0.00210597 0.000122425 -0.00210603 0.999998 0.028973 0.155314 -0.04152
FixedParameters: 0 0 0

#Transform 307
Transform: AffineTransform_float_3_3
Parameters: 1 -0.000178491 -0.000223408 0.000178508 0.999998 0.00228096 0.000222593 -0.00228104 0.999998 0.0272403 0.178973 -0.0533429
FixedParameters: 0 0 0

#Transform 308
Transform: AffineTransform_float_3_3
Parameters: 1 -0.00021134 -0.000258541 0.000212661 0.999996 0.00255494 0.000258457 -0.00255505 0.999996 0.0289437 0.0911314 -0.0408356
FixedParameters: 0 0 0

#Transform 309
Transform: AffineTransform_float_3_3
Parameters: 1 -0.000211082 -0.000326595 0.000211919 0.999996 0.00281193 0.000326405 -0.00281207 0.999996 0.0225128 0.0872884 -0.0350301
FixedParameters: 0 0 0

#Transform 310
Transform: AffineTransform_float_3_3
Parameters: 1 -0.000475939 -0.000423196 0.00047706 0.999996 0.0025108 0.000421804 -0.0025102 0.999997 0.0288926 0.140469 -0.0235063
FixedParameters: 0 0 0
