#Insight Transform File V1.0
#Transform 0
Transform: AffineTransform_float_3_3
Parameters: 1 0.00033754 0.000468612 -0.00033646 1 -0.00115116 -0.000469388 0.00115084 0.999999 0.00370768 -0.021226 -0.0687548
FixedParameters: 0 0 0

#Transform 1
Transform: AffineTransform_float_3_3
Parameters: 1 0.000339373 0.000422701 -0.000339627 0.999999 -0.000882143 -0.000422299 0.000881856 0.999999 -0.00169053 -0.0244824 -0.0621556
FixedParameters: 0 0 0

#Transform 2
Transform: AffineTransform_float_3_3
Parameters: 1 0.000499184 0.000182496 -0.000498816 1 -0.00100909 -0.000182503 0.00100891 1 -0.00806484 0.0254584 -0.054264
FixedParameters: 0 0 0

#Transform 3
Transform: AffineTransform_float_3_3
Parameters: 1 0.000585 -5.1597e-07 -0.000585001 1 -0.000882 4.84029e-07 0.000882 0.999999 -0.0108075 -0.0210108 -0.0514634
FixedParameters: 0 0 0

#Transform 4
Transform: AffineTransform_float_3_3
Parameters: 1 0.000539 -3.99938e-07 -0.000539 0.999999 -0.000741999 -3.99938e-07 0.000741999 0.999999 -0.0154872 -0.00968767 -0.0401159
FixedParameters: 0 0 0

#Transform 5
Transform: AffineTransform_float_3_3
Parameters: 1 0.000555 -5.55555e-07 -0.000555001 1 -0.001001 4.44444e-07 0.001001 0.999999 -0.00796946 0.0149393 -0.0449927
FixedParameters: 0 0 0

#Transform 6
Transform: AffineTransform_float_3_3
Parameters: 1 0.000584 -5.15088e-07 -0.000584001 1 -0.000882 4.84911e-07 0.000882 0.999999 -0.0106907 -0.0386595 -0.070493
FixedParameters: 0 0 0

#Transform 7
Transform: AffineTransform_float_3_3
Parameters: 1 0.000625 -6.175e-07 -0.000625001 1 -0.000988 3.82499e-07 0.000988 0.999999 -0.0153848 -0.0251223 -0.0491248
FixedParameters: 0 0 0

#Transform 8
Transform: AffineTransform_float_3_3
Parameters: 1 0.000436 -3.84552e-07 -0.000436 1 -0.000882 -3.84552e-07 0.000882 0.999999 -0.00804735 -0.0260019 -0.0588404
FixedParameters: 0 0 0

#Transform 9
Transform: AffineTransform_float_3_3
Parameters: 1 0.000204 -2.32764e-07 -0.000204 1 -0.001141 -2.32764e-07 0.001141 1 -0.00374386 -0.00505202 -0.0502836
FixedParameters: 0 0 0

#Transform 10
Transform: AffineTransform_float_3_3
Parameters: 1 2.56067e-07 0.000233 2.56067e-07 1 -0.001099 -0.000233 0.001099 1 0.00459772 -0.0221809 -0.0582775
FixedParameters: 0 0 0

#Transform 11
Transform: AffineTransform_float_3_3
Parameters: 1 0.000244225 0.000254785 -0.000243776 0.999999 -0.000882061 -0.000254215 0.000881937 0.999999 0.0035023 -0.0229283 -0.0543969
FixedParameters: 0 0 0

#Transform 12
Transform: AffineTransform_float_3_3
Parameters: 1 0.000248212 0.000240781 -0.000247787 0.999999 -0.000882059 -0.000241219 0.000881939 0.999999 0.00681148 -0.0135718 -0.0473303
FixedParameters: 0 0 0

#Transform 13
Transform: AffineTransform_float_3_3
Parameters: 1 0.000338401 0.000412671 -0.000337599 1 -0.00097214 -0.000412328 0.000971861 1 0.00181074 0.000995313 -0.0564965
FixedParameters: 0 0 0

#Transform 14
Transform: AffineTransform_float_3_3
Parameters: 1 0.000235238 0.000269792 -0.000234763 0.999999 -0.000882063 -0.000269207 0.000881936 0.999999 -0.00752367 0.00721903 -0.0375016
FixedParameters: 0 0 0

#Transform 15
Transform: AffineTransform_float_3_3
Parameters: 1 0.000279458 0.000519754 -0.000279541 0.999999 -0.000882145 -0.000520247 0.000881855 1 -0.00664503 -0.00516559 -0.0183913
FixedParameters: 0 0 0

#Transform 16
Transform: AffineTransform_float_3_3
Parameters: 1 1.34664e-07 0.000248 1.34664e-07 1 -0.000543 -0.000248 0.000543 1 8.20007e-05 -0.00444361 -0.0115411
FixedParameters: 0 0 0

#Transform 17
Transform: AffineTransform_float_3_3
Parameters: 1 0.000278091 0.00020988 -0.000277909 1 -0.000431058 -0.00021012 0.000431941 1 -0.00532713 -0.00584491 -0.00929023
FixedParameters: 0 0 0

#Transform 18
Transform: AffineTransform_float_3_3
Parameters: 1 0.000231 -9.9561e-08 -0.000231 1 -0.000431 -9.9561e-08 0.000431 1 -0.00426871 0.0234845 -0.00878465
FixedParameters: 0 0 0

#Transform 19
Transform: AffineTransform_float_3_3
Parameters: 1 -2.5338e-08 -8.2e-05 -2.5338e-08 1 -0.000309 8.2e-05 0.000309 1 0.00102005 0.0249176 -0.00622535
FixedParameters: 0 0 0

#Transform 20
Transform: AffineTransform_float_3_3
Parameters: 1 -0.00015 -3.24e-08 0.00015 1 0.000216 -3.24e-08 -0.000216 1 0.00273882 0.00270221 0.00313383
FixedParameters: 0 0 0

#Transform 21
Transform: AffineTransform_float_3_3
Parameters: 1 -0.000129 -3.1347e-08 0.000129 1 0.000243 -3.1347e-08 -0.000243 1 0.00241691 0.00237473 0.00363913
FixedParameters: 0 0 0

#Transform 22
Transform: AffineTransform_float_3_3
Parameters: 1 -3.39113e-05 0.000267011 3.30886e-05 1 -0.000331991 -0.000266989 0.000332009 1 0.00202983 0.0193651 -0.0132064
FixedParameters: 0 0 0

#Transform 23
Transform: AffineTransform_float_3_3
Parameters: 1 -4.2e-05 1.6548e-08 4.2e-05 1 -0.000394 1.6548e-08 0.000394 1 0.000754414 0.0145211 -0.00150027
FixedParameters: 0 0 0

#Transform 24
Transform: AffineTransform_float_3_3
Parameters: 1 -3.2e-05 6.496e-09 3.2e-05 1 -0.000203 6.496e-09 0.000203 1 0.000602303 0.00748314 0.00742574
FixedParameters: 0 0 0

#Transform 25
Transform: AffineTransform_float_3_3
Parameters: 1 -4.3e-05 1.2857e-08 4.3e-05 1 -0.000299 1.2857e-08 0.000299 1 0.0008507 0.00865857 0.0104312
FixedParameters: 0 0 0

#Transform 26
Transform: AffineTransform_float_3_3
Parameters: 1 -5.8e-05 1.856e-08 5.8e-05 1 -0.00032 1.856e-08 0.00032 1 0.00104348 0.0225948 0.0100058
FixedParameters: 0 0 0

#Transform 27
Transform: AffineTransform_float_3_3
Parameters: 1 -3.5e-05 1.5435e-08 3.5e-05 1 -0.000441 1.5435e-08 0.000441 1 -0.0071599 0.0166236 0.0252951
FixedParameters: 0 0 0

#Transform 28
Transform: AffineTransform_float_3_3
Parameters: 1 -3.94148e-06 0.000163001 4.05852e-06 1 -0.000358999 -0.000162999 0.000359001 1 -0.00470887 0.0092488 0.0263189
FixedParameters: 0 0 0

#Transform 29
Transform: AffineTransform_float_3_3
Parameters: 1 -9e-06 2.763e-09 9e-06 1 -0.000307 2.763e-09 0.000307 1 0.000221312 0.0134878 0.00284034
FixedParameters: 0 0 0

#Transform 30
Transform: AffineTransform_float_3_3
Parameters: 1 -3.49475e-05 0.000171011 3.50525e-05 1 -0.000306994 -0.000170989 0.000307006 1 -0.0046003 0.0190881 0.018067
FixedParameters: 0 0 0

#Transform 31
Transform: AffineTransform_float_3_3
Parameters: 1 -9.2e-05 2.8244e-08 9.2e-05 1 -0.000307 2.8244e-08 0.000307 1 0.00177589 0.0276197 0.0115617
FixedParameters: 0 0 0

#Transform 32
Transform: AffineTransform_float_3_3
Parameters: 1 1.9e-05 -7.106e-09 -1.9e-05 1 -0.000374 -7.106e-09 0.000374 1 -0.000318457 0.0241547 0.00206201
FixedParameters: 0 0 0

#Transform 33
Transform: AffineTransform_float_3_3
Parameters: 1 5e-06 -1.535e-09 -5e-06 1 -0.000307 -1.535e-09 0.000307 1 -2.91975e-05 0.00870206 0.00319688
FixedParameters: 0 0 0

#Transform 34
Transform: AffineTransform_float_3_3
Parameters: 1 -0.000172915 0.000333044 0.000173086 1 -0.000256942 -0.000332956 0.000256058 1 -0.000883085 0.00847371 -0.00298702
FixedParameters: 0 0 0

#Transform 35
Transform: AffineTransform_float_3_3
Parameters: 1 -0.00015188 0.000391047 0.00015112 1 -0.000306941 -0.000390954 0.000307059 1 0.00908082 0.0091467 -0.00234059
FixedParameters: 0 0 0

#Transform 36
Transform: AffineTransform_float_3_3
Parameters: 1 -3.68104e-05 0.000414017 3.71896e-05 1 -0.000457985 -0.000413983 0.000458015 1 0.00815011 0.0105645 -0.0109699
FixedParameters: 0 0 0

#Transform 37
Transform: AffineTransform_float_3_3
Parameters: 1 -7.88213e-05 0.000385037 7.81786e-05 1 -0.00046397 -0.000384964 0.00046403 1 0.00726853 0.0108175 -0.0124775
FixedParameters: 0 0 0

#Transform 38
Transform: AffineTransform_float_3_3
Parameters: 1 -0.000261891 0.00035408 0.000261109 1 -0.000306908 -0.00035392 0.000307093 1 0.00745485 0.00943914 -0.0178757
FixedParameters: 0 0 0

#Transform 39
Transform: AffineTransform_float_3_3
Parameters: 1 -0.000219907 0.000304067 0.000219093 1 -0.000306933 -0.000303933 0.000307067 1 0.00767031 0.00933283 -0.0177425
FixedParameters: 0 0 0

#Transform 40
Transform: AffineTransform_float_3_3
Parameters: 1 -3.38981e-05 0.00033201 3.41019e-05 1 -0.000306989 -0.000331989 0.000307011 1 0.00146348 0.00663084 -0.00522777
FixedParameters: 0 0 0

#Transform 41
Transform: AffineTransform_float_3_3
Parameters: 1 -7.70267e-05 0.000280993 7.79733e-05 1 9.50219e-05 -0.000281007 -9.49784e-05 1 0.00645984 0.0212877 0.00382479
FixedParameters: 0 0 0

#Transform 42
Transform: AffineTransform_float_3_3
Parameters: 1 4.99396e-06 0.000183 -5.00604e-06 1 3.29991e-05 -0.000183 -3.30009e-05 1 0.00238596 0.01685 0.00919131
FixedParameters: 0 0 0

#Transform 43
Transform: AffineTransform_float_3_3
Parameters: 1 -0.000156 -6.6768e-08 0.000156 1 0.000428 -6.6768e-08 -0.000428 1 0.00292256 0.0189467 0.0468895
FixedParameters: 0 0 0

#Transform 44
Transform: AffineTransform_float_3_3
Parameters: 1 8.4e-05 2.5704e-08 -8.4e-05 1 0.000306 2.5704e-08 -0.000306 1 -0.00160493 0.0252182 0.047316
FixedParameters: 0 0 0

#Transform 45
Transform: AffineTransform_float_3_3
Parameters: 1 3.6985e-05 0.000295002 -3.7015e-05 1 5.09891e-05 -0.000294998 -5.10109e-05 1 -0.00431402 0.0595474 0.0391251
FixedParameters: 0 0 0

#Transform 46
Transform: AffineTransform_float_3_3
Parameters: 1 0.000222992 0.000237008 -0.000223008 1 3.39471e-05 -0.000236992 -3.40528e-05 1 -0.00697977 0.0371108 0.0356723
FixedParameters: 0 0 0

#Transform 47
Transform: AffineTransform_float_3_3
Parameters: 1 0.000343969 0.000445024 -0.000344031 1 6.98469e-05 -0.000444976 -7.01531e-05 1 -0.0116822 0.0185804 0.0391028
FixedParameters: 0 0 0

#Transform 48
Transform: AffineTransform_float_3_3
Parameters: 1 0.000286965 0.000360028 -0.000287036 1 9.88967e-05 -0.000359972 -9.81033e-05 1 -0.00677968 0.0109319 0.0210122
FixedParameters: 0 0 0

#Transform 49
Transform: AffineTransform_float_3_3
Parameters: 1 0.000317976 0.000452016 -0.000318023 1 5.18562e-05 -0.000451983 -5.21437e-05 1 -0.0113764 0.0113361 0.0199113
FixedParameters: 0 0 0

#Transform 50
Transform: AffineTransform_float_3_3
Parameters: 1 0.000258024 0.000411985 -0.000257976 1 -5.91063e-05 -0.000412015 5.88937e-05 1 -0.00657292 0.0129019 0.0179526
FixedParameters: 0 0 0

#Transform 51
Transform: AffineTransform_float_3_3
Parameters: 1 0.000445011 0.00048799 -0.000444989 1 -2.22172e-05 -0.00048801 2.27828e-05 1 -0.00781677 0.0119655 0.0133609
FixedParameters: 0 0 0

#Transform 52
Transform: AffineTransform_float_3_3
Parameters: 0.999999 0.000423945 0.00056804 -0.000424054 1 9.57591e-05 -0.000567959 -9.62408e-05 1 -0.00681876 0.010607 0.0182429
FixedParameters: 0 0 0

#Transform 53
Transform: AffineTransform_float_3_3
Parameters: 1 0.000296049 0.000439967 -0.000295951 1 -0.00011213 -0.000440033 0.00011187 1 -0.000898456 0.0182219 0.0135957
FixedParameters: 0 0 0

#Transform 54
Transform: AffineTransform_float_3_3
Parameters: 1 0.000296125 0.000439916 -0.000295875 1 -0.00028413 -0.000440084 0.00028387 1 -0.00225711 0.0265421 -0.000308536
FixedParameters: 0 0 0

#Transform 55
Transform: AffineTransform_float_3_3
Parameters: 1 0.000223953 0.000587018 -0.000224047 1 7.98685e-05 -0.000586982 -8.01315e-05 1 -0.00208453 0.0112958 0.000699796
FixedParameters: 0 0 0

#Transform 56
Transform: AffineTransform_float_3_3
Parameters: 1 0.000295942 0.000512034 -0.000296058 1 0.000113848 -0.000511966 -0.000114152 1 5.52761e-08 0.00665212 0.0113838
FixedParameters: 0 0 0

#Transform 57
Transform: AffineTransform_float_3_3
Parameters: 1 0.000295912 0.000619042 -0.000296088 1 0.000142817 -0.000618958 -0.000142183 1 -0.00432503 0.0214551 0.0144843
FixedParameters: 0 0 0

#Transform 58
Transform: AffineTransform_float_3_3
Parameters: 1 0.000295946 0.000440036 -0.000296054 1 0.00012287 -0.000439963 -0.00012313 1 -0.00209191 0.0166958 0.0181384
FixedParameters: 0 0 0

#Transform 59
Transform: AffineTransform_float_3_3
Parameters: 1 0.000295809 0.000440128 -0.00029619 1 0.00043287 -0.000439872 -0.00043313 1 -0.004255 -0.0043233 0.0297962
FixedParameters: 0 0 0

#Transform 60
Transform: AffineTransform_float_3_3
Parameters: 1 0.000295924 0.000440051 -0.000296076 1 0.00017287 -0.000439949 -0.00017313 1 -0.00394631 0.00995779 0.010405
FixedParameters: 0 0 0

#Transform 61
Transform: AffineTransform_float_3_3
Parameters: 1 0.000295867 0.000440089 -0.000296132 1 0.00030087 -0.000439911 -0.00030113 1 -0.00225692 0.0161028 0.0230533
FixedParameters: 0 0 0

#Transform 62
Transform: AffineTransform_float_3_3
Parameters: 1 0.000295933 0.000539037 -0.000296067 1 0.00012484 -0.000538963 -0.000125159 1 0.0017744 0.0176013 0.0195212
FixedParameters: 0 0 0

#Transform 63
Transform: AffineTransform_float_3_3
Parameters: 1 0.000295958 0.000440028 -0.000296042 1 9.58697e-05 -0.000439972 -9.51302e-05 1 0.00206446 0.0109438 0.00920025
FixedParameters: 0 0 0

#Transform 64
Transform: AffineTransform_float_3_3
Parameters: 1 0.000295776 0.00044015 -0.000296224 1 0.000508869 -0.000439849 -0.00050913 1 -0.00560872 0.0181623 0.0334804
FixedParameters: 0 0 0

#Transform 65
Transform: AffineTransform_float_3_3
Parameters: 1 0.000295954 0.000440031 -0.000296047 1 0.00010587 -0.000439969 -0.00010513 1 -0.0107362 0.0271581 0.0377556
FixedParameters: 0 0 0

#Transform 66
Transform: AffineTransform_float_3_3
Parameters: 0.999999 0.000295891 0.000699046 -0.000296109 1 0.000155793 -0.000698953 -0.000156207 0.999999 -0.00478061 0.0316983 0.0262752
FixedParameters: 0 0 0

#Transform 67
Transform: AffineTransform_float_3_3
Parameters: 0.999999 0.000295809 0.000713079 -0.000296191 1 0.000267789 -0.00071292 -0.000268211 0.999999 0.0062758 0.00253418 0.00993038
FixedParameters: 0 0 0

#Transform 68
Transform: AffineTransform_float_3_3
Parameters: 0.999999 0.000295959 0.000684017 -0.00029604 1 5.87975e-05 -0.000683982 -5.92024e-05 1 0.0122976 0.0113494 0.0222053
FixedParameters: 0 0 0

#Transform 69
Transform: AffineTransform_float_3_3
Parameters: 0.999999 0.000212927 0.000732021 -0.000213072 1 9.8844e-05 -0.000731978 -9.91559e-05 0.999999 0.00619622 0.0235816 0.0228378
FixedParameters: 0 0 0

#Transform 70
Transform: AffineTransform_float_3_3
Parameters: 1 0.000295793 0.000605101 -0.000296207 1 0.000342821 -0.000604898 -0.000342179 1 0.00289377 0.00794747 0.0150245
FixedParameters: 0 0 0

#Transform 71
Transform: AffineTransform_float_3_3
Parameters: 0.999999 0.000295833 0.000733067 -0.000296166 1 0.000226783 -0.000732932 -0.000227217 0.999999 0.00104341 0.00929417 0.00811431
FixedParameters: 0 0 0

#Transform 72
Transform: AffineTransform_float_3_3
Parameters: 0.999999 0.000295841 0.000822056 -0.000296158 1 0.000192757 -0.000821942 -0.000193243 0.999999 0.00167026 0.0183878 0.0243095
FixedParameters: 0 0 0

#Transform 73
Transform: AffineTransform_float_3_3
Parameters: 0.999999 0.000295849 0.000840053 -0.000296152 1 0.000180751 -0.000839946 -0.000180248 0.999999 0.00748487 0.0390819 0.0240404
FixedParameters: 0 0 0

#Transform 74
Transform: AffineTransform_float_3_3
Parameters: 0.999999 0.000295866 0.000840047 -0.000296134 1 0.000159751 -0.000839952 -0.000159249 0.999999 0.00597671 0.0190765 0.0285216
FixedParameters: 0 0 0

#Transform 75
Transform: AffineTransform_float_3_3
Parameters: 0.999999 0.000295789 0.000840074 -0.000296211 1 0.000250751 -0.000839925 -0.000251248 0.999999 0.00457738 0.0138551 0.0204448
FixedParameters: 0 0 0

#Transform 76
Transform: AffineTransform_float_3_3
Parameters: 0.999999 0.000295867 0.000748052 -0.000296134 1 0.000178778 -0.000747947 -0.000178221 0.999999 0.00635104 0.0195062 0.0160403
FixedParameters: 0 0 0

#Transform 77
Transform: AffineTransform_float_3_3
Parameters: 0.999999 0.000295832 0.000840059 -0.000296169 1 0.000200751 -0.00083994 -0.000200248 0.999999 0.00981315 0.0275236 0.0248689
FixedParameters: 0 0 0

#Transform 78
Transform: AffineTransform_float_3_3
Parameters: 1 0.000295567 0.00104812 -0.000296433 1 0.00041269 -0.00104788 -0.00041331 1 0.00454897 0.0043571 0.0282288
FixedParameters: 0 0 0

#Transform 79
Transform: AffineTransform_float_3_3
Parameters: 0.999999 0.000295572 0.00084015 -0.000296427 1 0.000508751 -0.000839848 -0.000509248 0.999999 0.00615437 0.00592857 0.0232183
FixedParameters: 0 0 0

#Transform 80
Transform: AffineTransform_float_3_3
Parameters: 1 0.000295565 0.000953136 -0.000296435 1 0.000456718 -0.000952866 -0.000456282 1 0.00197825 0.016564 0.0291679
FixedParameters: 0 0 0

#Transform 81
Transform: AffineTransform_float_3_3
Parameters: 0.999999 0.000295664 0.000840118 -0.000296336 1 0.000399751 -0.000839881 -0.000400248 0.999999 0.00788091 0.0238457 0.0282641
FixedParameters: 0 0 0

#Transform 82
Transform: AffineTransform_float_3_3
Parameters: 1 0.000295768 0.000840082 -0.000296233 1 0.000276751 -0.000839918 -0.000276248 0.999999 0.00584323 0.0215351 0.0334805
FixedParameters: 0 0 0

#Transform 83
Transform: AffineTransform_float_3_3
Parameters: 0.999999 0.000295839 0.000943049 -0.00029616 1 0.000169721 -0.000943949 -0.000170279 0.999999 0.0107145 0.0263567 0.0341012
FixedParameters: 0 0 0

#Transform 84
Transform: AffineTransform_float_3_3
Parameters: 0.999999 0.0001637 0.000840058 -0.0001643 1 0.000356862 -0.000839941 -0.000357137 0.999999 0.00723222 0.0264645 0.0350117
FixedParameters: 0 0 0

#Transform 85
Transform: AffineTransform_float_3_3
Parameters: 0.999999 0.000295572 0.00084015 -0.000296427 1 0.000508751 -0.000839848 -0.000509248 0.999999 0.0058661 0.0199621 0.0417674
FixedParameters: 0 0 0

#Transform 86
Transform: AffineTransform_float_3_3
Parameters: 1 -4.44687e-05 0.000661968 4.45313e-05 0.999999 0.000708029 -0.000662031 -0.00070797 0.999999 0.0117349 0.0175296 0.0609961
FixedParameters: 0 0 0

#Transform 87
Transform: AffineTransform_float_3_3
Parameters: 1 -1.0407e-05 0.00042799 9.59296e-06 0.999999 0.000951004 -0.000428009 -0.000950996 1 0.0101307 0.0417199 0.0608242
FixedParameters: 0 0 0

#Transform 88
Transform: AffineTransform_float_3_3
Parameters: 1 -2.52077e-05 0.000201974 2.47923e-05 1 0.00102801 -0.000202026 -0.001028 1 0.00257696 0.0246891 0.0813339
FixedParameters: 0 0 0

#Transform 89
Transform: AffineTransform_float_3_3
Parameters: 1 0.000326488 0.000498336 -0.000326512 1 0.00102784 -0.000497665 -0.00102816 1 -0.0058022 0.0349434 0.0781745
FixedParameters: 0 0 0

#Transform 90
Transform: AffineTransform_float_3_3
Parameters: 1 0.00042257 0.000418435 -0.00042343 1 0.00102782 -0.000417565 -0.00102818 1 -0.00821003 0.0457137 0.0808715
FixedParameters: 0 0 0

#Transform 91
Transform: AffineTransform_float_3_3
Parameters: 1 0.000493893 0.000152346 -0.000494106 0.999999 0.000699924 -0.000151654 -0.000700075 0.999999 -0.0105999 0.0426756 0.0772254
FixedParameters: 0 0 0

#Transform 92
Transform: AffineTransform_float_3_3
Parameters: 1 0.000425625 0.000504316 -0.000425375 0.999999 0.000743785 -0.000503683 -0.000744214 0.999999 -0.00818178 0.0268238 0.058923
FixedParameters: 0 0 0

#Transform 93
Transform: AffineTransform_float_3_3
Parameters: 1 0.000544484 0.000840335 -0.000544516 0.999999 0.000613543 -0.000839667 -0.000614458 1 -0.0185404 0.00404622 0.055638
FixedParameters: 0 0 0

#Transform 94
Transform: AffineTransform_float_3_3
Parameters: 0.999999 0.000302621 0.000659174 -0.000303378 1 0.0005738 -0.000658826 -0.0005742 1 -0.00906004 0.0360165 0.0610543
FixedParameters: 0 0 0

#Transform 95
Transform: AffineTransform_float_3_3
Parameters: 0.999999 0.000111388 0.000747092 -0.000111612 0.999999 0.000819917 -0.000746909 -0.000819083 1 -0.00289098 0.0220023 0.0597815
FixedParameters: 0 0 0

#Transform 96
Transform: AffineTransform_float_3_3
Parameters: 0.999999 0.00031541 0.000751248 -0.000316589 0.999999 0.000784762 -0.000750752 -0.000785237 1 -0.000968305 0.021901 0.0649178
FixedParameters: 0 0 0

#Transform 97
Transform: AffineTransform_float_3_3
Parameters: 0.999999 0.000195398 0.00084014 -0.000195601 0.999999 0.000715836 -0.00083986 -0.000716164 1 -0.00669662 0.0523677 0.0728409
FixedParameters: 0 0 0

#Transform 98
Transform: AffineTransform_float_3_3
Parameters: 0.999999 2.94472e-05 0.00084002 -2.95527e-05 1 0.000657976 -0.000839981 -0.000658025 1 0.00323747 0.0378273 0.0564354
FixedParameters: 0 0 0

#Transform 99
Transform: AffineTransform_float_3_3
Parameters: 0.999999 -0.00015438 0.00083993 0.00015462 1 0.00045213 -0.000840069 -0.00045187 0.999999 0.00661182 0.0304337 0.0651275
FixedParameters: 0 0 0

#Transform 100
Transform: AffineTransform_float_3_3
Parameters: 0.999999 5.74691e-05 0.000840037 -5.85308e-05 1 0.000631951 -0.000839963 -0.000632049 1 -0.000236727 0.0289448 0.0785897
FixedParameters: 0 0 0

#Transform 101
Transform: AffineTransform_float_3_3
Parameters: 0.999999 9.14732e-05 0.000840058 -9.25266e-05 1 0.000626923 -0.000839942 -0.000627077 1 -0.00488908 0.0422482 0.0762972
FixedParameters: 0 0 0

#Transform 102
Transform: AffineTransform_float_3_3
Parameters: 0.999999 0.000105408 0.000840075 -0.000105593 0.999999 0.000705912 -0.000839926 -0.000705089 1 0.00185575 0.0329794 0.0595095
FixedParameters: 0 0 0

#Transform 103
Transform: AffineTransform_float_3_3
Parameters: 0.999999 4.41364e-05 0.000840046 -4.48635e-05 1 0.00102796 -0.000839954 -0.00102804 0.999999 0.00288507 0.0196799 0.0654452
FixedParameters: 0 0 0

#Transform 104
Transform: AffineTransform_float_3_3
Parameters: 0.999999 -0.000154583 0.000839893 0.000154417 0.999999 0.00069413 -0.000840107 -0.00069387 1 0.0065964 0.0403829 0.0593162
FixedParameters: 0 0 0

#Transform 105
Transform: AffineTransform_float_3_3
Parameters: 0.999999 -0.000154686 0.000992893 0.000154315 0.999999 0.000690154 -0.000993107 -0.000690847 1 0.00475081 0.024286 0.0689214
FixedParameters: 0 0 0

#Transform 106
Transform: AffineTransform_float_3_3
Parameters: 0.999999 4.37587e-06 0.000840003 -4.62411e-06 0.999999 0.000742996 -0.000839997 -0.000743004 1 -0.000234748 0.0337519 0.0713692
FixedParameters: 0 0 0

#Transform 107
Transform: AffineTransform_float_3_3
Parameters: 0.999999 -0.000154863 0.000839841 0.000154136 1 0.00102813 -0.000840159 -0.00102787 0.999999 0.00661368 0.0202613 0.0654835
FixedParameters: 0 0 0

#Transform 108
Transform: AffineTransform_float_3_3
Parameters: 0.999999 5.03573e-05 0.000779042 -5.16426e-05 0.999999 0.00082496 -0.000778958 -0.000825039 1 0.00349309 0.0387859 0.0689071
FixedParameters: 0 0 0

#Transform 109
Transform: AffineTransform_float_3_3
Parameters: 0.999999 8.04547e-05 0.000840052 -8.15451e-05 1 0.000648932 -0.000839947 -0.000649068 1 0.0022115 0.044258 0.063627
FixedParameters: 0 0 0

#Transform 110
Transform: AffineTransform_float_3_3
Parameters: 0.999999 0.000163551 0.0007331 -0.000163448 1 0.00061188 -0.0007329 -0.00061212 0.999999 -0.00246107 0.0491042 0.0611285
FixedParameters: 0 0 0

#Transform 111
Transform: AffineTransform_float_3_3
Parameters: 0.999999 0.00013743 0.0007851 -0.00013857 0.999999 0.000725892 -0.0007849 -0.000726108 1 0.0018409 0.0478595 0.0632241
FixedParameters: 0 0 0

#Transform 112
Transform: AffineTransform_float_3_3
Parameters: 0.999999 0.000271578 0.000840137 -0.000272421 1 0.000501772 -0.000839863 -0.000502228 1 -0.00894891 0.0502116 0.0585328
FixedParameters: 0 0 0

#Transform 113
Transform: AffineTransform_float_3_3
Parameters: 1 0.0004239 0.000444095 -0.0004241 1 0.000224812 -0.000443904 -0.000225188 1 -0.0151888 0.0612497 0.068231
FixedParameters: 0 0 0

#Transform 114
Transform: AffineTransform_float_3_3
Parameters: 0.999999 0.000488796 0.000571174 -0.000489204 1 0.000356721 -0.000570825 -0.000357279 1 -0.0201505 0.0410723 0.0655636
FixedParameters: 0 0 0

#Transform 115
Transform: AffineTransform_float_3_3
Parameters: 0.999999 0.000504766 0.000525224 -0.000505233 1 0.000444735 -0.000524775 -0.000445265 1 -0.0183805 0.022013 0.0554883
FixedParameters: 0 0 0

#Transform 116
Transform: AffineTransform_float_3_3
Parameters: 1 0.000472892 0.000524097 -0.000473108 1 0.000205752 -0.000523902 -0.000206248 1 -0.0172733 0.0485671 0.0479686
FixedParameters: 0 0 0

#Transform 117
Transform: AffineTransform_float_3_3
Parameters: 1 0.000431792 0.000523172 -0.000431208 1 0.000397774 -0.000522828 -0.000398226 1 -0.0231618 0.0424564 0.0546196
FixedParameters: 0 0 0

#Transform 118
Transform: AffineTransform_float_3_3
Parameters: 0.999999 8.97009e-05 0.000840031 -8.9299e-05 1 0.000355925 -0.000839968 -0.000356075 0.999999 -0.000856542 0.0245344 0.0502541
FixedParameters: 0 0 0

#Transform 119
Transform: AffineTransform_float_3_3
Parameters: 0.999999 0.000260698 0.000840093 -0.000261301 1 0.00035878 -0.000839906 -0.000359219 0.999999 -0.00110551 0.031233 0.053032
FixedParameters: 0 0 0

#Transform 120
Transform: AffineTransform_float_3_3
Parameters: 0.999999 0.000209765 0.000840058 -0.000210235 1 0.000279823 -0.000839941 -0.000280176 0.999999 -0.000168086 0.042859 0.0412616
FixedParameters: 0 0 0

#Transform 121
Transform: AffineTransform_float_3_3
Parameters: 0.999999 8.07479e-05 0.000840024 -8.02519e-05 1 0.000299933 -0.000839975 -0.000300068 0.999999 0.00699142 0.04888 0.0428449
FixedParameters: 0 0 0

#Transform 122
Transform: AffineTransform_float_3_3
Parameters: 0.999999 -0.000154436 0.000924927 0.000154563 1 0.000472143 -0.000925073 -0.000471858 1 0.00554252 0.0481072 0.0388766
FixedParameters: 0 0 0

#Transform 123
Transform: AffineTransform_float_3_3
Parameters: 0.999999 -0.000154196 0.000951967 0.000153804 1 0.000206146 -0.000952031 -0.000205853 0.999999 0.00523788 0.0342793 0.0302355
FixedParameters: 0 0 0

#Transform 124
Transform: AffineTransform_float_3_3
Parameters: 0.999999 7.48269e-05 0.000840015 -7.5173e-05 1 0.000205937 -0.000839984 -0.000206063 0.999999 -0.00253825 0.0468823 0.0469934
FixedParameters: 0 0 0

#Transform 125
Transform: AffineTransform_float_3_3
Parameters: 0.999999 6.18698e-05 0.000840009 -6.21302e-05 1 0.000154948 -0.00083999 -0.000155052 0.999999 0.00258236 0.0521157 0.0354042
FixedParameters: 0 0 0

#Transform 126
Transform: AffineTransform_float_3_3
Parameters: 0.999999 -0.000154173 0.000839968 0.000153827 1 0.000206129 -0.000840031 -0.00020587 0.999999 0.00657053 0.0342717 0.0166814
FixedParameters: 0 0 0

#Transform 127
Transform: AffineTransform_float_3_3
Parameters: 0.999999 5.18269e-05 0.00084001 -5.2173e-05 1 0.000205956 -0.000839989 -0.000206044 0.999999 0.00272346 0.0313835 0.0142382
FixedParameters: 0 0 0

#Transform 128
Transform: AffineTransform_float_3_3
Parameters: 0.999999 -2.06216e-06 0.000839999 1.93784e-06 1 7.40016e-05 -0.00084 -7.39983e-05 0.999999 0.00372693 0.0532222 0.0185295
FixedParameters: 0 0 0

#Transform 129
Transform: AffineTransform_float_3_3
Parameters: 0.999999 -0.000154088 0.000839983 0.000153912 1 0.000105129 -0.000840016 -0.000104871 0.999999 0.00658105 0.0397924 0.0302104
FixedParameters: 0 0 0

#Transform 130
Transform: AffineTransform_float_3_3
Parameters: 0.999999 -0.000154204 0.000988967 0.000153796 1 0.000206152 -0.000989031 -0.000205847 0.999999 0.0048048 0.0342814 0.0312649
FixedParameters: 0 0 0

#Transform 131
Transform: AffineTransform_float_3_3
Parameters: 0.999999 -0.000154126 0.000967979 0.000153874 1 0.000130149 -0.000968019 -0.000129851 0.999999 0.0050316 0.0351895 0.0349596
FixedParameters: 0 0 0

#Transform 132
Transform: AffineTransform_float_3_3
Parameters: 0.999999 -0.000154117 0.000839978 0.000153883 1 0.000139129 -0.000840021 -0.000138871 0.999999 0.00657154 0.0591103 0.035531
FixedParameters: 0 0 0

#Transform 133
Transform: AffineTransform_float_3_3
Parameters: 0.999999 -0.000153943 0.00084001 0.000154057 1 -6.78706e-05 -0.000839989 6.81293e-05 0.999999 0.00658474 0.0456658 0.0356873
FixedParameters: 0 0 0

#Transform 134
Transform: AffineTransform_float_3_3
Parameters: 0.999999 -9.20671e-05 0.000839992 9.19327e-05 1 8.00772e-05 -0.000840007 -7.99227e-05 0.999999 0.00546045 0.0574142 0.0344317
FixedParameters: 0 0 0

#Transform 135
Transform: AffineTransform_float_3_3
Parameters: 0.999999 0.00018708 0.000732979 -0.000186921 1 -0.000108137 -0.00073302 0.000108863 0.999999 -0.000745683 0.0612174 0.0312462
FixedParameters: 0 0 0

#Transform 136
Transform: AffineTransform_float_3_3
Parameters: 0.999999 0.000210983 0.000694005 -0.000211017 1 2.48536e-05 -0.000693994 -2.51464e-05 1 -0.00624756 0.0594809 0.0509194
FixedParameters: 0 0 0

#Transform 137
Transform: AffineTransform_float_3_3
Parameters: 1 0.000101013 0.000316996 -0.000100987 1 -4.2032e-05 -0.000317004 4.1968e-05 1 -0.00335551 0.052828 0.04347
FixedParameters: 0 0 0

#Transform 138
Transform: AffineTransform_float_3_3
Parameters: 0.999999 0.000314266 0.000634868 -0.000314733 1 -0.0004202 -0.000635132 0.0004198 0.999999 -0.00773781 0.0646584 0.0414217
FixedParameters: 0 0 0

#Transform 139
Transform: AffineTransform_float_3_3
Parameters: 1 0.00027323 0.000504876 -0.00027277 1 -0.000455138 -0.000505124 0.000454862 1 -0.012765 0.0652224 0.0287606
FixedParameters: 0 0 0

#Transform 140
Transform: AffineTransform_float_3_3
Parameters: 1 0.000158271 0.000456906 -0.000158729 1 -0.000593072 -0.000457094 0.000592927 0.999999 -0.0112605 0.0672544 0.0307115
FixedParameters: 0 0 0

#Transform 141
Transform: AffineTransform_float_3_3
Parameters: 1 0.000312303 0.000366742 -0.000311696 0.999999 -0.000827114 -0.000367258 0.000826885 0.999999 -0.0196599 0.0878284 0.0317468
FixedParameters: 0 0 0

#Transform 142
Transform: AffineTransform_float_3_3
Parameters: 1 0.000102078 0.000208962 -0.000101922 1 -0.000373021 -0.000209038 0.000373979 1 -0.00671467 0.0544815 0.0147414
FixedParameters: 0 0 0

#Transform 143
Transform: AffineTransform_float_3_3
Parameters: 1 0.000199171 0.000268873 -0.000198829 1 -0.000636053 -0.000269126 0.000635946 1 -0.009268 0.0675582 0.0197063
FixedParameters: 0 0 0

#Transform 144
Transform: AffineTransform_float_3_3
Parameters: 1 0.000164125 0.0002059 -0.000163874 1 -0.000609034 -0.0002061 0.000608966 1 -0.00791317 0.0673559 0.00385678
FixedParameters: 0 0 0

#Transform 145
Transform: AffineTransform_float_3_3
Parameters: 1 0.000132139 0.000332945 -0.000131861 1 -0.000417044 -0.000333055 0.000416956 1 -0.00379286 0.0384568 0.00715906
FixedParameters: 0 0 0

#Transform 146
Transform: AffineTransform_float_3_3
Parameters: 1 9.40785e-05 0.000190961 -9.39215e-05 1 -0.000411018 -0.000191039 0.000410982 1 -0.00636766 0.0541838 0.00754344
FixedParameters: 0 0 0

#Transform 147
Transform: AffineTransform_float_3_3
Parameters: 1 3.13152e-05 0.000366973 -3.06847e-05 0.999999 -0.000859011 -0.000367026 0.000858988 0.999999 -0.00163938 0.0780509 -0.00112994
FixedParameters: 0 0 0

#Transform 148
Transform: AffineTransform_float_3_3
Parameters: 1 0.000152192 0.000468938 -0.000151808 1 -0.000409071 -0.000469062 0.000408929 1 -0.00573468 0.0539719 0.00452172
FixedParameters: 0 0 0

#Transform 149
Transform: AffineTransform_float_3_3
Parameters: 1 -0.000153656 0.000421125 0.000154343 0.999999 -0.000815934 -0.000420874 0.000816064 0.999999 0.00150399 0.0722093 -0.000556656
FixedParameters: 0 0 0

#Transform 150
Transform: AffineTransform_float_3_3
Parameters: 1 -1.76759e-05 0.000608009 1.83241e-05 1 -0.000532989 -0.00060799 0.000533011 0.999999 0.00224082 0.0318754 -0.0144524
FixedParameters: 0 0 0

#Transform 151
Transform: AffineTransform_float_3_3
Parameters: 1 7.83442e-05 0.000633957 -7.86557e-05 1 -0.00054305 -0.000634042 0.00054295 0.999999 -0.00408886 0.0362566 0.00724663
FixedParameters: 0 0 0

#Transform 152
Transform: AffineTransform_float_3_3
Parameters: 1 -1.67508e-06 0.000594001 2.32492e-06 1 -0.000546998 -0.000593999 0.000547001 0.999999 -0.00254392 0.0709474 0.00191524
FixedParameters: 0 0 0

#Transform 153
Transform: AffineTransform_float_3_3
Parameters: 1 -0.000153871 0.000471042 0.000154129 1 -0.000272927 -0.000470958 0.000273072 1 0.00445138 0.0680594 -0.000745244
FixedParameters: 0 0 0

#Transform 154
Transform: AffineTransform_float_3_3
Parameters: 1 -0.000153913 0.000459029 0.000154087 1 -0.000189929 -0.000458971 0.000190071 1 0.00652425 0.0515937 -0.00255849
FixedParameters: 0 0 0

#Transform 155
Transform: AffineTransform_float_3_3
Parameters: 1 -0.000153645 0.000505108 0.000154356 0.999999 -0.000702922 -0.000505892 0.000702077 0.999999 0.00942226 0.119628 -0.00118286
FixedParameters: 0 0 0

#Transform 156
Transform: AffineTransform_float_3_3
Parameters: 0.999999 -0.000482245 0.000840433 0.000482755 1 -0.000897595 -0.000840567 0.000898406 0.999999 0.0190442 0.0741438 -0.0115261
FixedParameters: 0 0 0

#Transform 157
Transform: AffineTransform_float_3_3
Parameters: 1 -0.000519729 0.000974144 0.000519271 1 -0.000277494 -0.000974855 0.000278507 0.999999 0.0194344 0.00690193 -0.001968
FixedParameters: 0 0 0

#Transform 158
Transform: AffineTransform_float_3_3
Parameters: 0.999999 -0.000241607 0.000756125 0.000242393 1 -0.000519817 -0.000755873 0.000520182 0.999999 0.010162 0.0158764 0.000936513
FixedParameters: 0 0 0

#Transform 159
Transform: AffineTransform_float_3_3
Parameters: 0.999999 -1.75632e-05 0.000840009 1.84368e-05 1 -0.000519984 -0.00083999 0.000520015 0.999999 0.00177317 0.0592825 0.00237328
FixedParameters: 0 0 0

#Transform 160
Transform: AffineTransform_float_3_3
Parameters: 1 -2.56843e-05 0.000607013 2.53156e-05 1 -0.000519984 -0.000606987 0.000520015 0.999999 0.00354622 0.0151616 -0.0143551
FixedParameters: 0 0 0

#Transform 161
Transform: AffineTransform_float_3_3
Parameters: 1 -0.000138586 0.000545105 0.000138414 0.999999 -0.000758924 -0.000544895 0.000759075 0.999999 0.0082486 0.0747204 -0.0184787
FixedParameters: 0 0 0

#Transform 162
Transform: AffineTransform_float_3_3
Parameters: 0.999999 -0.000288615 0.00073915 0.000289384 1 -0.000519786 -0.000738849 0.000520213 0.999999 0.0181859 0.0677414 -0.0146758
FixedParameters: 0 0 0

#Transform 163
Transform: AffineTransform_float_3_3
Parameters: 1 -0.000116543 0.000574093 0.000116457 0.999999 -0.000795933 -0.000573907 0.000796066 0.999999 0.0119593 0.0723536 -0.0193
FixedParameters: 0 0 0

#Transform 164
Transform: AffineTransform_float_3_3
Parameters: 1 -0.000157442 0.000652135 0.000158559 0.999999 -0.000856897 -0.000651865 0.000856103 1 0.00161444 0.0932256 0.00123311
FixedParameters: 0 0 0

#Transform 165
Transform: AffineTransform_float_3_3
Parameters: 0.999999 -0.000379396 0.0007663 0.000380604 0.999999 -0.000788709 -0.0007657 0.000788291 1 0.0101588 0.0820741 -0.00283404
FixedParameters: 0 0 0

#Transform 166
Transform: AffineTransform_float_3_3
Parameters: 0.999999 -0.000419456 0.000840271 0.000419543 0.999999 -0.000646648 -0.000839729 0.000647353 1 0.00816582 0.0715108 -0.000911536
FixedParameters: 0 0 0

#Transform 167
Transform: AffineTransform_float_3_3
Parameters: 0.999999 -0.000399525 0.000735258 0.000400475 0.999999 -0.000646705 -0.000734741 0.000646293 0.999999 0.00685914 0.075538 -0.00187338
FixedParameters: 0 0 0

#Transform 168
Transform: AffineTransform_float_3_3
Parameters: 0.999999 -0.000318331 0.000753283 0.00031867 0.999999 -0.00088876 -0.000753717 0.00088824 1 0.0137669 0.0658713 -0.0214372
FixedParameters: 0 0 0

#Transform 169
Transform: AffineTransform_float_3_3
Parameters: 0.999999 -0.000376418 0.000840261 0.000376581 0.999999 -0.000691684 -0.00083974 0.000692316 1 0.0105852 0.0603559 -0.0150213
FixedParameters: 0 0 0

#Transform 170
Transform: AffineTransform_float_3_3
Parameters: 0.999999 -0.000588605 0.000759305 0.000588394 0.999999 -0.000519553 -0.000759693 0.000520447 0.999999 0.00971637 0.0599898 0.00285527
FixedParameters: 0 0 0

#Transform 171
Transform: AffineTransform_float_3_3
Parameters: 0.999999 -0.000588611 0.000746305 0.000588387 0.999999 -0.000519561 -0.000745693 0.000520439 0.999999 0.00664397 0.08155 0.0181706
FixedParameters: 0 0 0

#Transform 172
Transform: AffineTransform_float_3_3
Parameters: 1 -0.00058869 0.000775236 0.00058831 0.999999 -0.000399544 -0.000774765 0.000400456 0.999999 0.00838079 0.0864419 0.020312
FixedParameters: 0 0 0

#Transform 173
Transform: AffineTransform_float_3_3
Parameters: 0.999999 -0.000486586 0.000705285 0.000487413 0.999999 -0.000586656 -0.000704713 0.000587343 0.999999 0.0104815 0.0910003 0.0170173
FixedParameters: 0 0 0

#Transform 174
Transform: AffineTransform_float_3_3
Parameters: 1 -0.000588563 0.000840306 0.000588437 0.999999 -0.000519505 -0.000839694 0.000520494 0.999999 0.00971744 0.083498 0.0121782
FixedParameters: 0 0 0

#Transform 175
Transform: AffineTransform_float_3_3
Parameters: 0.999999 -0.000588737 0.000504306 0.000588262 0.999999 -0.000519703 -0.000504694 0.000520297 0.999999 0.0104837 0.0829901 0.00505018
FixedParameters: 0 0 0

#Transform 176
Transform: AffineTransform_float_3_3
Parameters: 1 -0.000588326 0.000840473 0.000588674 0.999999 -0.000801506 -0.000840529 0.000802495 1 0.00628557 0.0689251 0.01283
FixedParameters: 0 0 0

#Transform 177
Transform: AffineTransform_float_3_3
Parameters: 0.999999 -0.00049746 0.000636421 0.000497539 0.999999 -0.000847683 -0.000635578 0.000848316 0.999999 0.00392134 0.0692748 0.0123997
FixedParameters: 0 0 0

#Transform 178
Transform: AffineTransform_float_3_3
Parameters: 0.999999 -0.000588677 0.00048739 0.000588322 0.999999 -0.000662713 -0.00048661 0.000663286 0.999999 0.0044033 0.0672384 0.016269
FixedParameters: 0 0 0

#Transform 179
Transform: AffineTransform_float_3_3
Parameters: 0.999999 -0.000588626 0.000718305 0.000588373 0.999999 -0.000519577 -0.000717693 0.000520422 0.999999 0.00679432 0.0655451 0.0182687
FixedParameters: 0 0 0

#Transform 180
Transform: AffineTransform_float_3_3
Parameters: 0.999999 -0.000441581 0.000673274 0.000442419 0.999999 -0.000621702 -0.000673724 0.000622297 0.999999 0.00442394 0.0843646 0.0166223
FixedParameters: 0 0 0

#Transform 181
Transform: AffineTransform_float_3_3
Parameters: 1 -0.000477473 0.000840299 0.000478527 0.999999 -0.000626598 -0.0008397 0.000627401 0.999999 0.00387645 0.0878179 0.0159386
FixedParameters: 0 0 0

#Transform 182
Transform: AffineTransform_float_3_3
Parameters: 0.999999 -0.000333615 0.000625205 0.000334385 1 -0.000615791 -0.000624794 0.000616208 0.999999 -0.00377941 0.090712 0.0167086
FixedParameters: 0 0 0

#Transform 183
Transform: AffineTransform_float_3_3
Parameters: 0.999999 -0.000279563 0.000840145 0.000279437 1 -0.000519765 -0.000839854 0.000520235 0.999999 -0.00608583 0.0668223 0.0178708
FixedParameters: 0 0 0

#Transform 184
Transform: AffineTransform_float_3_3
Parameters: 0.999999 -0.000343653 0.000667178 0.000344347 1 -0.00051977 -0.000666821 0.000520229 0.999999 0.00361452 0.0648895 0.00442737
FixedParameters: 0 0 0

#Transform 185
Transform: AffineTransform_float_3_3
Parameters: 0.999999 -0.000363654 0.000665189 0.000364345 1 -0.000519758 -0.00066481 0.000520242 0.999999 0.0039666 0.0898888 0.00291838
FixedParameters: 0 0 0

#Transform 186
Transform: AffineTransform_float_3_3
Parameters: 1 -0.000588563 0.000840306 0.000588437 0.999999 -0.000519505 -0.000839694 0.000520494 0.999999 0.00582326 0.0655504 -0.00656887
FixedParameters: 0 0 0

#Transform 187
Transform: AffineTransform_float_3_3
Parameters: 0.999999 -0.00039467 0.000634205 0.000395329 1 -0.000519749 -0.000633794 0.00052025 0.999999 0.00490636 0.0768072 -0.00602771
FixedParameters: 0 0 0

#Transform 188
Transform: AffineTransform_float_3_3
Parameters: 1 -0.000295471 0.000840187 0.000296529 1 -0.000629751 -0.000839814 0.000630249 1 -0.00474407 0.0918786 -0.00848226
FixedParameters: 0 0 0

#Transform 189
Transform: AffineTransform_float_3_3
Parameters: 1 -0.000224621 0.000451188 0.000224378 0.999999 -0.000838898 -0.000450812 0.000839101 0.999999 0.00396692 0.0793749 -0.0113218
FixedParameters: 0 0 0

#Transform 190
Transform: AffineTransform_float_3_3
Parameters: 0.999999 -0.000377265 0.000696399 0.000377735 1 -0.00105574 -0.000695601 0.00105626 0.999999 0.00386686 0.0716282 -0.0208016
FixedParameters: 0 0 0

#Transform 191
Transform: AffineTransform_float_3_3
Parameters: 1 -0.000465506 0.000461499 0.000465495 1 -0.00107079 -0.000461502 0.00107022 1 0.00388622 0.0693972 -0.00720188
FixedParameters: 0 0 0

#Transform 192
Transform: AffineTransform_float_3_3
Parameters: 1 -0.000220354 0.000610234 0.000221646 0.999999 -0.00105886 -0.000609766 0.00105913 1 0.00198039 0.0742826 -0.01578
FixedParameters: 0 0 0

#Transform 193
Transform: AffineTransform_float_3_3
Parameters: 1 -0.000395459 0.000538397 0.000396541 0.999999 -0.00100379 -0.000538602 0.00100421 1 0.00603766 0.0708104 -0.028035
FixedParameters: 0 0 0

#Transform 194
Transform: AffineTransform_float_3_3
Parameters: 1 -0.000272491 0.000487285 0.000272509 1 -0.00104487 -0.000486716 0.00104513 1 0.00439401 0.0587932 -0.0322163
FixedParameters: 0 0 0

#Transform 195
Transform: AffineTransform_float_3_3
Parameters: 1 2.24536e-05 0.000436977 -2.25464e-05 1 -0.00103801 -0.000437024 0.00103799 1 -0.00547846 0.0825099 -0.0273083
FixedParameters: 0 0 0

#Transform 196
Transform: AffineTransform_float_3_3
Parameters: 1 9.32109e-06 0.000361992 -8.6789e-06 0.999999 -0.000887002 -0.000362008 0.000886996 0.999999 -0.00966678 0.0805924 -0.0331319
FixedParameters: 0 0 0

#Transform 197
Transform: AffineTransform_float_3_3
Parameters: 1 0.000192311 0.000349829 -0.000192689 0.999999 -0.000889067 -0.000350171 0.000888932 0.999999 -0.0175184 0.0801964 -0.0331811
FixedParameters: 0 0 0

#Transform 198
Transform: AffineTransform_float_3_3
Parameters: 1 0.000333281 0.000279666 -0.000332719 1 -0.00100409 -0.000280334 0.00100391 1 -0.0197773 0.0812844 -0.0350414
FixedParameters: 0 0 0

#Transform 199
Transform: AffineTransform_float_3_3
Parameters: 1 6.4127e-05 0.000143943 -6.38729e-05 0.999999 -0.000882009 -0.000144056 0.00088199 0.999999 -0.0107316 0.0804181 -0.0265412
FixedParameters: 0 0 0

#Transform 200
Transform: AffineTransform_float_3_3
Parameters: 1 0.000137137 0.000179896 -0.000136863 0.999999 -0.000761024 -0.000180104 0.000760975 0.999999 -0.0167159 0.0787007 -0.0156222
FixedParameters: 0 0 0

#Transform 201
Transform: AffineTransform_float_3_3
Parameters: 1 -3.40881e-05 -0.000109973 3.39119e-05 0.999999 -0.000801003 0.000110027 0.000800996 0.999999 -0.00961145 0.0992658 -0.0126871
FixedParameters: 0 0 0

#Transform 202
Transform: AffineTransform_float_3_3
Parameters: 1 0.000100931 -0.000110063 -0.000101069 1 -0.000624989 0.000109937 0.000625011 1 -0.0121805 0.0923845 0.00774137
FixedParameters: 0 0 0

#Transform 203
Transform: AffineTransform_float_3_3
Parameters: 1 0.000177909 -0.000110148 -0.000178091 0.999999 -0.00082998 0.000109852 0.000829019 0.999999 -0.0135945 0.0948103 -0.0121248
FixedParameters: 0 0 0

#Transform 204
Transform: AffineTransform_float_3_3
Parameters: 1 0.00034789 -0.000110347 -0.000348111 1 -0.000996962 0.000110653 0.000997039 0.999999 -0.0253143 0.109024 -0.0152354
FixedParameters: 0 0 0

#Transform 205
Transform: AffineTransform_float_3_3
Parameters: 1 7.6056e-05 6.49344e-05 -7.59438e-05 0.999999 -0.000863004 -6.50655e-05 0.000862994 0.999999 -0.0137736 0.100997 -0.000480775
FixedParameters: 0 0 0

#Transform 206
Transform: AffineTransform_float_3_3
Parameters: 1 0.000190097 9.7812e-05 -0.000189903 0.999999 -0.000989018 -9.81878e-05 0.00098898 0.999999 -0.0245992 0.102166 -0.00754488
FixedParameters: 0 0 0

#Transform 207
Transform: AffineTransform_float_3_3
Parameters: 1 0.000307881 -0.000110334 -0.00030812 1 -0.00108297 0.000110666 0.00108303 1 -0.0158622 0.0937804 -0.0167595
FixedParameters: 0 0 0

#Transform 208
Transform: AffineTransform_float_3_3
Parameters: 1 0.00029713 0.000127699 -0.00029687 1 -0.00101304 -0.000128301 0.00101296 1 -0.0185379 0.0811575 -0.0160173
FixedParameters: 0 0 0

#Transform 209
Transform: AffineTransform_float_3_3
Parameters: 1 0.000535892 -0.000110524 -0.000536108 1 -0.000976941 0.000110476 0.000977059 0.999999 -0.0201066 0.081533 -0.00598095
FixedParameters: 0 0 0

#Transform 210
Transform: AffineTransform_float_3_3
Parameters: 1 0.000367903 -0.000110325 -0.000368097 0.999999 -0.000882959 0.000109675 0.00088304 0.999999 -0.0169683 0.0808014 -0.00739998
FixedParameters: 0 0 0

#Transform 211
Transform: AffineTransform_float_3_3
Parameters: 1 0.000375924 -0.000110259 -0.000376075 0.999999 -0.000687958 0.000109741 0.000688041 1 -0.0171563 0.0595242 -0.014227
FixedParameters: 0 0 0

#Transform 212
Transform: AffineTransform_float_3_3
Parameters: 1 0.00042593 -0.000110268 -0.000426069 0.999999 -0.000629953 0.000109732 0.000630046 1 -0.0180114 0.0500967 -0.00843769
FixedParameters: 0 0 0

#Transform 213
Transform: AffineTransform_float_3_3
Parameters: 1 0.000258996 -8.13468e-06 -0.000259004 1 -0.000519998 7.86532e-06 0.000520002 1 -0.0163076 0.049138 -0.00676769
FixedParameters: 0 0 0

#Transform 214
Transform: AffineTransform_float_3_3
Parameters: 1 0.000312932 -0.000189113 -0.000313068 1 -0.000360941 0.000188887 0.000361059 1 -0.015029 0.0679984 -0.00325469
FixedParameters: 0 0 0

#Transform 215
Transform: AffineTransform_float_3_3
Parameters: 1 0.000258985 -0.000170023 -0.000259015 1 -8.9956e-05 0.000169977 9.0044e-05 1 -0.0143159 0.0704219 0.0016298
FixedParameters: 0 0 0

#Transform 216
Transform: AffineTransform_float_3_3
Parameters: 1 -8.47878e-05 -0.000390046 8.52125e-05 1 0.000544967 0.000389954 -0.000544033 1 -0.018214 0.0763213 0.056584
FixedParameters: 0 0 0

#Transform 217
Transform: AffineTransform_float_3_3
Parameters: 0.999999 -0.000454232 -0.000562621 0.000454768 0.999999 0.00136574 0.000562379 -0.00136626 0.999999 -0.0132686 0.0670481 0.0972226
FixedParameters: 0 0 0

#Transform 218
Transform: AffineTransform_float_3_3
Parameters: 1 -0.000359496 -0.000363499 0.000360505 0.999999 0.00138787 0.0003635 -0.00138813 0.999999 -0.0209553 0.104899 0.0957753
FixedParameters: 0 0 0

#Transform 219
Transform: AffineTransform_float_3_3
Parameters: 1 -0.000298905 -0.000110256 0.000299094 0.999999 0.000857966 0.000109743 -0.000858032 0.999999 -0.0243416 0.107256 0.0805017
FixedParameters: 0 0 0

#Transform 220
Transform: AffineTransform_float_3_3
Parameters: 1 3.50827e-05 -0.000109974 -3.49173e-05 0.999999 0.000752003 0.000110026 -0.000751996 0.999999 -0.0288076 0.0942814 0.0645533
FixedParameters: 0 0 0

#Transform 221
Transform: AffineTransform_float_3_3
Parameters: 1 0.000295064 -0.000109828 -0.000294936 1 0.000582032 0.000110172 -0.000581967 1 -0.0331003 0.0932598 0.0592732
FixedParameters: 0 0 0

#Transform 222
Transform: AffineTransform_float_3_3
Parameters: 1 0.000148073 -0.000109902 -0.000147927 1 0.000661016 0.000110098 -0.000660983 1 -0.0292016 0.0645142 0.0628931
FixedParameters: 0 0 0

#Transform 223
Transform: AffineTransform_float_3_3
Parameters: 1 8.19285e-05 0.000123048 -8.20714e-05 1 0.00058099 -0.000122952 -0.00058101 1 -0.0311174 0.0563993 0.0388369
FixedParameters: 0 0 0

#Transform 224
Transform: AffineTransform_float_3_3
Parameters: 1 -1.01556e-07 0.000234 -1.01556e-07 1 0.000434 -0.000234 -0.000434 1 -0.0289154 0.0682274 0.0516932
FixedParameters: 0 0 0
