#Insight Transform File V1.0
#Transform 0
Transform: AffineTransform_float_3_3
Parameters: 1 1.28271e-07 0.000299 1.28271e-07 1 -0.000429 -0.000299 0.000429 1 -0.00356205 -0.00254054 0.0122036
FixedParameters: 0 0 0

#Transform 1
Transform: AffineTransform_float_3_3
Parameters: 1 8.6346e-08 0.000117 8.6346e-08 0.999999 -0.000738 -0.000117 0.000738 0.999999 -0.00350422 0.00882882 0.00755376
FixedParameters: 0 0 0

#Transform 2
Transform: AffineTransform_float_3_3
Parameters: 1 1.42358e-07 0.000158 1.42358e-07 0.999999 -0.000900999 -0.000158 0.000900999 0.999999 -0.0018998 0.0167979 0.00377031
FixedParameters: 0 0 0

#Transform 3
Transform: AffineTransform_float_3_3
Parameters: 1 3.92438e-07 0.000478 3.92438e-07 0.999999 -0.000820999 -0.000478 0.000820999 0.999999 -0.00493095 -0.0130001 0.011407
FixedParameters: 0 0 0

#Transform 4
Transform: AffineTransform_float_3_3
Parameters: 1 3.38004e-07 0.000369 3.38004e-07 0.999999 -0.000915999 -0.000369 0.000915999 0.999999 -0.0110002 0.0243296 -0.0041695
FixedParameters: 0 0 0

#Transform 5
Transform: AffineTransform_float_3_3
Parameters: 1 7.53919e-05 0.000477938 -7.56084e-05 0.999999 -0.000819036 -0.000478062 0.000819963 0.999999 -0.0109009 0.0200669 0.00312683
FixedParameters: 0 0 0

#Transform 6
Transform: AffineTransform_float_3_3
Parameters: 1 8.81275e-05 0.000341967 -8.78728e-05 1 -0.00037203 -0.000342033 0.00037297 1 -0.00967571 -0.0506907 0.00989559
FixedParameters: 0 0 0

#Transform 7
Transform: AffineTransform_float_3_3
Parameters: 1 6.32383e-05 0.000349957 -6.27616e-05 1 -0.000681022 -0.000350043 0.000680978 0.999999 -0.00605576 -0.00829153 0.00177208
FixedParameters: 0 0 0

#Transform 8
Transform: AffineTransform_float_3_3
Parameters: 1 7.23491e-05 0.000381934 -7.16508e-05 0.999999 -0.000914027 -0.000382065 0.000913972 0.999999 -0.00492189 0.028008 0.0021182
FixedParameters: 0 0 0

#Transform 9
Transform: AffineTransform_float_3_3
Parameters: 1 3.6089e-07 0.000478 3.6089e-07 0.999999 -0.000754999 -0.000478 0.000754999 0.999999 -0.00937842 -0.0232022 0.0062236
FixedParameters: 0 0 0

#Transform 10
Transform: AffineTransform_float_3_3
Parameters: 1 2.40434e-07 0.000478 2.40434e-07 1 -0.000503 -0.000478 0.000503 1 -0.00811901 0.00950028 0.00919272
FixedParameters: 0 0 0

#Transform 11
Transform: AffineTransform_float_3_3
Parameters: 1 1.95708e-07 0.000282 1.95708e-07 1 -0.000694 -0.000282 0.000694 0.999999 0.00126722 0.0351657 0.00644926
FixedParameters: 0 0 0

#Transform 12
Transform: AffineTransform_float_3_3
Parameters: 1 -6.51951e-08 -5.9e-05 -6.51951e-08 1 -0.001105 5.9e-05 0.001105 1 0.00536382 0.0137651 0.0149978
FixedParameters: 0 0 0

#Transform 13
Transform: AffineTransform_float_3_3
Parameters: 1 1.34082e-07 0.000191 1.34082e-07 1 -0.000702 -0.000191 0.000702 0.999999 0.00231394 -0.0411919 0.00647473
FixedParameters: 0 0 0

#Transform 14
Transform: AffineTransform_float_3_3
Parameters: 1 0.000187109 0.000142857 -0.000186891 0.999999 -0.000763026 -0.000143143 0.000762973 0.999999 -0.0126817 0.0233482 0.00559119
FixedParameters: 0 0 0

#Transform 15
Transform: AffineTransform_float_3_3
Parameters: 1 -9.29661e-08 -8.6e-05 -9.29661e-08 1 -0.001081 8.6e-05 0.001081 1 -0.00182428 0.0780945 0.000944589
FixedParameters: 0 0 0

#Transform 16
Transform: AffineTransform_float_3_3
Parameters: 1 9.8024e-05 0.000137983 -9.7976e-05 1 -0.000174014 -0.000138017 0.000173986 1 -0.0101053 -0.0551178 -0.00979208
FixedParameters: 0 0 0

#Transform 17
Transform: AffineTransform_float_3_3
Parameters: 1 1.472e-09 -4.6e-05 1.472e-09 1 3.2e-05 4.6e-05 -3.2e-05 1 -0.00465652 -0.0365561 -0.0148067
FixedParameters: 0 0 0

#Transform 18
Transform: AffineTransform_float_3_3
Parameters: 1 0.000150042 0.000218971 -0.000149958 1 -0.000193033 -0.000219029 0.000192967 1 -0.0076264 0.0375052 -0.0102235
FixedParameters: 0 0 0

#Transform 19
Transform: AffineTransform_float_3_3
Parameters: 1 0.000167976 0.000168024 -0.000168024 1 0.000140972 -0.000167976 -0.000141028 1 -0.00725573 -0.0307177 0.00266837
FixedParameters: 0 0 0

#Transform 20
Transform: AffineTransform_float_3_3
Parameters: 1 1.602e-08 -8.9e-05 1.602e-08 1 0.00018 8.9e-05 -0.00018 1 -0.00327553 -0.00969753 0.00261585
FixedParameters: 0 0 0

#Transform 21
Transform: AffineTransform_float_3_3
Parameters: 1 7.10035e-05 4.39943e-05 -7.09965e-05 1 -8.00031e-05 -4.40057e-05 7.99969e-05 1 -0.00623113 0.0244581 -0.00797959
FixedParameters: 0 0 0

#Transform 22
Transform: AffineTransform_float_3_3
Parameters: 1 1.6317e-08 0.000111 1.6317e-08 1 -0.000147 -0.000111 0.000147 1 0.00330709 0.0228849 -0.00546438
FixedParameters: 0 0 0

#Transform 23
Transform: AffineTransform_float_3_3
Parameters: 1 6.4255e-08 0.000355 6.4255e-08 1 -0.000181 -0.000355 0.000181 1 0.000357679 -0.00245579 0.000502559
FixedParameters: 0 0 0

#Transform 24
Transform: AffineTransform_float_3_3
Parameters: 1 2.38522e-07 0.000478 2.38522e-07 1 -0.000499 -0.000478 0.000499 1 -0.00108813 0.0296588 -0.0161674
FixedParameters: 0 0 0

#Transform 25
Transform: AffineTransform_float_3_3
Parameters: 0.999999 -0.000184121 0.00155398 0.000184879 1 7.82874e-05 -0.00155401 -7.7714e-05 0.999999 -0.0185475 -0.0120768 -0.0699226
FixedParameters: 0 0 0

#Transform 26
Transform: AffineTransform_float_3_3
Parameters: 0.999999 2.00561e-07 0.001531 2.00561e-07 1 -0.000131 -0.001531 0.000131 0.999999 -0.0181885 0.00726892 -0.111584
FixedParameters: 0 0 0

#Transform 27
Transform: AffineTransform_float_3_3
Parameters: 1 4.995e-07 0.00111 4.995e-07 1 -0.00045 -0.00111 0.00045 1 -0.00880781 -0.0246027 -0.0940691
FixedParameters: 0 0 0

#Transform 28
Transform: AffineTransform_float_3_3
Parameters: 1 -0.00014764 0.00111005 0.00014736 1 -0.000323837 -0.00110995 0.000324164 1 -0.00636508 -0.000357526 -0.0839811
FixedParameters: 0 0 0

#Transform 29
Transform: AffineTransform_float_3_3
Parameters: 1 -0.00011099 0.0011101 0.00011201 0.999999 -0.000909876 -0.0011099 0.000910123 0.999999 -0.0116351 0.00650762 -0.0760453
FixedParameters: 0 0 0

#Transform 30
Transform: AffineTransform_float_3_3
Parameters: 0.999994 -0.00041378 0.00323585 0.000428219 0.999991 -0.00439464 -0.00323415 0.00439636 0.999985 -0.0367721 -0.0527703 -0.0469571
FixedParameters: 0 0 0

#Transform 31
Transform: AffineTransform_float_3_3
Parameters: 0.999999 4.6329e-05 0.00125099 -4.5671e-05 1 -0.000263057 -0.00125101 0.000262942 0.999999 -0.0236844 -0.0017593 -0.0539379
FixedParameters: 0 0 0

#Transform 32
Transform: AffineTransform_float_3_3
Parameters: 0.999998 1.19912e-05 0.00187998 -8.00871e-06 0.999997 -0.00212302 -0.00188002 0.00212298 0.999996 -0.0302136 0.0607569 -0.0610472
FixedParameters: 0 0 0

#Transform 33
Transform: AffineTransform_float_3_3
Parameters: 0.999998 8.63205e-05 0.00159477 -8.26787e-05 0.999997 -0.00270914 -0.00159523 0.00270887 0.999995 -0.0324066 0.0316303 -0.0194674
FixedParameters: 0 0 0

#Transform 34
Transform: AffineTransform_float_3_3
Parameters: 0.999999 -6.97765e-05 0.00135617 7.22267e-05 0.999997 -0.00237791 -0.00135683 0.0023771 0.999997 -0.01622 0.0805995 -0.00282244
FixedParameters: 0 0 0

#Transform 35
Transform: AffineTransform_float_3_3
Parameters: 0.999999 1.05792e-05 0.00153798 -7.42074e-06 0.999998 -0.00167701 -0.00153801 0.00167699 0.999998 -0.0140698 0.0148018 0.00801577
FixedParameters: 0 0 0

#Transform 36
Transform: AffineTransform_float_3_3
Parameters: 0.999999 -0.000121179 0.00141824 0.000123821 0.999998 -0.00198983 -0.00141776 0.00198917 0.999997 -0.0104909 0.0382878 -0.0144263
FixedParameters: 0 0 0

#Transform 37
Transform: AffineTransform_float_3_3
Parameters: 1 -0.000119543 0.00115926 0.000121457 0.999997 -0.00211986 -0.00115875 0.00212014 0.999997 -0.00751886 0.0278931 -0.034381
FixedParameters: 0 0 0

#Transform 38
Transform: AffineTransform_float_3_3
Parameters: 1 1.00251e-05 0.00111698 -7.97486e-06 0.999999 -0.00181301 -0.00111702 0.00181299 0.999997 -0.00911584 -0.0300105 -0.0140138
FixedParameters: 0 0 0

#Transform 39
Transform: AffineTransform_float_3_3
Parameters: 0.999999 -0.000200239 0.00154436 0.000202762 0.999999 -0.00178769 -0.00154464 0.00178831 0.999997 -0.0219909 -0.0403677 -0.056566
FixedParameters: 0 0 0

#Transform 40
Transform: AffineTransform_float_3_3
Parameters: 1 8.23803e-06 0.001102 -7.76197e-06 1 -0.000216009 -0.001102 0.000215991 1 -0.0320706 -0.0889754 -0.136463
FixedParameters: 0 0 0

#Transform 41
Transform: AffineTransform_float_3_3
Parameters: 1 -0.000108462 0.00110205 0.000109538 1 -0.00048788 -0.00110195 0.00048812 1 -0.0237992 0.0895123 -0.129225
FixedParameters: 0 0 0

#Transform 42
Transform: AffineTransform_float_3_3
Parameters: 0.999999 9.64348e-06 0.00154899 -7.3565e-06 1 -0.00106101 -0.00154901 0.00106099 0.999998 -0.0176601 0.170326 -0.0929281
FixedParameters: 0 0 0

#Transform 43
Transform: AffineTransform_float_3_3
Parameters: 0.999999 -6.78164e-05 0.00110207 6.91835e-05 1 -0.00107392 -0.00110193 0.00107408 0.999999 -0.0103422 0.0584479 -0.0447503
FixedParameters: 0 0 0

#Transform 44
Transform: AffineTransform_float_3_3
Parameters: 1 -0.000143164 0.00101212 0.000143836 0.999999 -0.000825855 -0.00101188 0.000826145 0.999999 -0.00825328 0.0349877 -0.0370503
FixedParameters: 0 0 0

#Transform 45
Transform: AffineTransform_float_3_3
Parameters: 0.999999 -0.000149362 0.000947101 0.000149638 1 -0.000673859 -0.000946899 0.000673142 1 0.00152632 -0.0097582 -0.0402669
FixedParameters: 0 0 0

#Transform 46
Transform: AffineTransform_float_3_3
Parameters: 0.999999 -0.000222166 0.000866214 0.000222835 0.999999 -0.000963807 -0.000866786 0.000963193 0.999999 -0.0086593 -0.0364225 -0.042302
FixedParameters: 0 0 0

#Transform 47
Transform: AffineTransform_float_3_3
Parameters: 0.999999 -0.000194531 0.000708128 0.000195469 1 -0.000661861 -0.00070787 0.000662137 0.999999 -0.00890797 -0.0219905 -0.0300339
FixedParameters: 0 0 0

#Transform 48
Transform: AffineTransform_float_3_3
Parameters: 1 -0.000219724 0.000512118 0.000219275 1 -0.000537888 -0.000511882 0.000538112 0.999999 -0.00380636 0.00696156 -0.0230905
FixedParameters: 0 0 0

#Transform 49
Transform: AffineTransform_float_3_3
Parameters: 1 -6.87785e-05 0.000663023 6.92214e-05 1 -0.000333954 -0.000662977 0.000334046 0.999999 -0.0110576 -0.00787029 -0.0316263
FixedParameters: 0 0 0

#Transform 50
Transform: AffineTransform_float_3_3
Parameters: 1 -5.68747e-05 0.00070001 5.71253e-05 1 -0.00017896 -0.000699989 0.00017904 0.999999 -0.0132034 0.0198627 -0.030399
FixedParameters: 0 0 0

#Transform 51
Transform: AffineTransform_float_3_3
Parameters: 0.999999 -0.00020761 0.000703115 0.000208389 1 -0.000553853 -0.000702884 0.000554146 0.999999 -0.00805741 0.0753706 -0.036613
FixedParameters: 0 0 0

#Transform 52
Transform: AffineTransform_float_3_3
Parameters: 0.999999 -0.000200732 0.000960056 0.000201268 1 -0.000278807 -0.000959944 0.000279193 1 -0.00970091 0.048433 -0.0317
FixedParameters: 0 0 0

#Transform 53
Transform: AffineTransform_float_3_3
Parameters: 0.999999 -0.000239679 0.000745103 0.000239321 1 -0.000430822 -0.000745896 0.000431179 0.999999 -0.00780346 0.118279 -0.0366489
FixedParameters: 0 0 0

#Transform 54
Transform: AffineTransform_float_3_3
Parameters: 0.999999 -0.000142789 0.00097803 0.000143211 1 -0.00021586 -0.000977968 0.00021614 0.999999 -0.0108915 -0.0608935 -0.0360343
FixedParameters: 0 0 0

#Transform 55
Transform: AffineTransform_float_3_3
Parameters: 0.999999 -1.22288e-06 0.000737999 7.77124e-07 1 0.000302001 -0.000738 -0.000301999 0.999999 -0.00777525 -0.0342153 -0.030745
FixedParameters: 0 0 0

#Transform 56
Transform: AffineTransform_float_3_3
Parameters: 1 -0.000149146 0.000336935 0.000148854 1 0.00043405 -0.000337065 -0.00043395 1 0.00340071 0.131308 -0.0234584
FixedParameters: 0 0 0

#Transform 57
Transform: AffineTransform_float_3_3
Parameters: 1 -0.000121071 9.99139e-05 0.000120929 0.999999 0.000711012 -0.000100086 -0.000710988 0.999999 0.00390859 0.0730269 -0.0424593
FixedParameters: 0 0 0

#Transform 58
Transform: AffineTransform_float_3_3
Parameters: 1 -0.000145736 0.000408738 0.000144265 0.999999 0.00180006 -0.00040826 -0.00179994 0.999999 -0.00823977 -0.2026 -0.0305562
FixedParameters: 0 0 0

#Transform 59
Transform: AffineTransform_float_3_3
Parameters: 1 0.000116755 0.00022113 -0.000117245 1 0.00110997 -0.00022087 -0.00111003 1 -0.00813198 -0.0383983 -0.0531337
FixedParameters: 0 0 0

#Transform 60
Transform: AffineTransform_float_3_3
Parameters: 1 3.38598e-05 0.000100048 -3.41402e-05 0.999999 0.001402 -9.99522e-05 -0.001402 0.999999 -0.00783188 -0.019963 -0.0575958
FixedParameters: 0 0 0

#Transform 61
Transform: AffineTransform_float_3_3
Parameters: 1 -0.000114483 0.00030682 0.000113517 0.999999 0.00157303 -0.000307179 -0.00157296 0.999998 -0.00682034 0.0553548 -0.0421796
FixedParameters: 0 0 0

#Transform 62
Transform: AffineTransform_float_3_3
Parameters: 1 -8.65085e-05 0.000247823 8.64932e-05 0.999998 0.00205102 -0.000247178 -0.00205098 0.999998 -0.00714261 0.0474376 -0.0505995
FixedParameters: 0 0 0

#Transform 63
Transform: AffineTransform_float_3_3
Parameters: 1 2.80437e-05 0.00045006 -2.89562e-05 0.999997 0.00212499 -0.000449939 -0.00212501 0.999997 -0.0155998 0.0484172 -0.0639548
FixedParameters: 0 0 0

#Transform 64
Transform: AffineTransform_float_3_3
Parameters: 1 0.000166972 0.000542318 -0.00016803 0.999998 0.00189691 -0.000542682 -0.00189609 0.999998 -0.00848105 0.0679516 -0.0742666
FixedParameters: 0 0 0

#Transform 65
Transform: AffineTransform_float_3_3
Parameters: 1 0.000166923 0.000677266 -0.000168077 0.999998 0.00159189 -0.000676733 -0.00159111 0.999998 -0.0139927 0.0495951 -0.0581226
FixedParameters: 0 0 0

#Transform 66
Transform: AffineTransform_float_3_3
Parameters: 1 0.000167215 0.000542242 -0.000167785 0.999999 0.00144791 -0.000541757 -0.00144809 0.999999 -0.0176323 0.00375016 -0.0622959
FixedParameters: 0 0 0

#Transform 67
Transform: AffineTransform_float_3_3
Parameters: 1 2.11067e-05 0.000542035 -2.18932e-05 0.999998 0.00164799 -0.000541964 -0.00164801 0.999998 -0.0120708 -0.00352081 -0.0320692
FixedParameters: 0 0 0

#Transform 68
Transform: AffineTransform_float_3_3
Parameters: 1 0.000167061 0.00054229 -0.000167941 0.999998 0.00173291 -0.00054271 -0.00173209 0.999999 -0.0132746 -0.0147364 -0.0257019
FixedParameters: 0 0 0

#Transform 69
Transform: AffineTransform_float_3_3
Parameters: 1 -0.000163124 0.000541663 0.000162875 0.999998 0.00207409 -0.000542339 -0.00207391 0.999997 -0.00452884 -0.0422206 -0.020023
FixedParameters: 0 0 0

#Transform 70
Transform: AffineTransform_float_3_3
Parameters: 1 -0.000119698 0.00048883 0.000118302 0.999999 0.00142706 -0.000489169 -0.00142694 0.999999 -0.00863623 0.0212748 -0.0307993
FixedParameters: 0 0 0

#Transform 71
Transform: AffineTransform_float_3_3
Parameters: 1 0.000117389 0.000542133 -0.000117611 1 0.00112794 -0.000541868 -0.00112806 0.999999 -0.0144142 -0.00667259 -0.036023
FixedParameters: 0 0 0

#Transform 72
Transform: AffineTransform_float_3_3
Parameters: 1 -0.000235535 0.00117289 0.000234465 1 0.000456275 -0.00117311 -0.000455724 0.999999 -0.0138907 0.0111654 -0.0328402
FixedParameters: 0 0 0

#Transform 73
Transform: AffineTransform_float_3_3
Parameters: 1 -4.49048e-05 0.00122 4.50951e-05 1 -7.79451e-05 -0.00122 7.80549e-05 1 -0.0305079 0.0356463 -0.0952246
FixedParameters: 0 0 0

#Transform 74
Transform: AffineTransform_float_3_3
Parameters: 0.999999 0.00030266 0.00130939 -0.000300341 0.999998 -0.0020314 -0.00130961 0.00203061 0.999997 -0.0244933 0.0973211 -0.0533502
FixedParameters: 0 0 0

#Transform 75
Transform: AffineTransform_float_3_3
Parameters: 0.999998 -0.00126826 0.00106085 0.00125774 0.999953 0.00961635 -0.00107314 -0.00961465 0.999953 0.00305719 0.129706 -0.0418071
FixedParameters: 0 0 0

#Transform 76
Transform: AffineTransform_float_3_3
Parameters: 0.999998 -0.00210361 0.000744958 0.00208939 0.999816 0.0191006 -0.000785052 -0.0190994 0.999818 0.00911658 0.106524 -0.110285
FixedParameters: 0 0 0

#Transform 77
Transform: AffineTransform_float_3_3
Parameters: 0.999998 -0.00201746 0.000574172 0.00200555 0.999811 0.0192992 -0.000612818 -0.0192978 0.999813 0.0101323 -0.0608579 -0.0986311
FixedParameters: 0 0 0

#Transform 78
Transform: AffineTransform_float_3_3
Parameters: 0.999998 -0.00184833 0.00100524 0.00182967 0.999819 0.0189049 -0.00103977 -0.0189021 0.999821 0.00521404 -0.0857824 -0.113001
FixedParameters: 0 0 0

#Transform 79
Transform: AffineTransform_float_3_3
Parameters: 0.999998 -0.00183105 0.000455004 0.00182195 0.999815 0.0191589 -0.000489996 -0.0191581 0.999817 0.00824393 0.0198779 -0.0956574
FixedParameters: 0 0 0

#Transform 80
Transform: AffineTransform_float_3_3
Parameters: 0.999998 -0.00182152 0.000596938 0.00181048 0.999823 0.0187581 -0.000631071 -0.0187569 0.999824 0.00759812 -0.160437 -0.106667
FixedParameters: 0 0 0

#Transform 81
Transform: AffineTransform_float_3_3
Parameters: 0.999998 -0.00184026 0.000468005 0.00183174 0.999816 0.0190629 -0.000503009 -0.0190621 0.999818 0.0124208 0.025376 -0.0917964
FixedParameters: 0 0 0

#Transform 82
Transform: AffineTransform_float_3_3
Parameters: 0.999999 -0.00161886 0.000710202 0.00160514 0.999816 0.0191052 -0.000740801 -0.0191038 0.999817 0.00970161 -0.0629215 -0.111923
FixedParameters: 0 0 0

#Transform 83
Transform: AffineTransform_float_3_3
Parameters: 0.999998 -0.00151018 0.000576519 0.00149881 0.999819 0.0189279 -0.000605477 -0.0189271 0.99982 0.0047994 0.0330996 -0.119248
FixedParameters: 0 0 0

#Transform 84
Transform: AffineTransform_float_3_3
Parameters: 0.999999 -0.00150558 0.00033468 0.00149842 0.999821 0.0188495 -0.000363309 -0.0188495 0.999823 0.00222528 0.0787201 -0.117024
FixedParameters: 0 0 0

#Transform 85
Transform: AffineTransform_float_3_3
Parameters: 0.999998 -0.00157 0.000352143 0.00156301 0.999817 0.0190586 -0.000381857 -0.0190574 0.999819 0.0055675 0.0638874 -0.110914
FixedParameters: 0 0 0

#Transform 86
Transform: AffineTransform_float_3_3
Parameters: 0.999999 -0.00152657 0.000124803 0.00152443 0.999828 0.0184852 -0.000153205 -0.0184848 0.999829 0.00798677 0.061688 -0.125225
FixedParameters: 0 0 0

#Transform 87
Transform: AffineTransform_float_3_3
Parameters: 0.999999 -0.00153042 0.000336006 0.00152358 0.999831 0.0183285 -0.000363986 -0.0183285 0.999832 0.00759835 0.035556 -0.112939
FixedParameters: 0 0 0

#Transform 88
Transform: AffineTransform_float_3_3
Parameters: 0.999999 -0.00152457 1.72633e-05 0.00152444 0.999834 0.0181951 -4.47446e-05 -0.018195 0.999835 0.00915855 0.0635964 -0.108378
FixedParameters: 0 0 0

#Transform 89
Transform: AffineTransform_float_3_3
Parameters: 1 -0.0011891 0.000157058 0.0011859 0.999828 0.0184752 -0.00017894 -0.0184748 0.99983 -0.0045522 -0.0814339 -0.128883
FixedParameters: 0 0 0

#Transform 90
Transform: AffineTransform_float_3_3
Parameters: 0.999999 -0.00152611 0.0001023 0.00152388 0.999834 0.0181622 -0.000130698 -0.0181618 0.999835 0.00498663 -0.180121 -0.143951
FixedParameters: 0 0 0

#Transform 91
Transform: AffineTransform_float_3_3
Parameters: 0.999998 -0.00142313 0.00101506 0.00140488 0.999844 0.0176385 -0.00103994 -0.0176376 0.999844 -0.0216893 -0.518795 -0.191269
FixedParameters: 0 0 0

#Transform 92
Transform: AffineTransform_float_3_3
Parameters: 0.999998 -0.000434767 -0.00152252 0.000457226 0.999893 0.0146333 0.00151547 -0.0146337 0.999892 0.04833 0.0212326 0.215497
FixedParameters: 0 0 0

#Transform 93
Transform: AffineTransform_float_3_3
Parameters: 0.999995 0.000158369 -0.00335541 -0.000120638 0.999934 0.0114315 0.0033566 -0.0114315 0.999929 0.121857 0.12995 -0.204261
FixedParameters: 0 0 0

#Transform 94
Transform: AffineTransform_float_3_3
Parameters: 0.999995 0.000613687 -0.00316511 -0.000577314 0.999933 0.0115789 0.0031719 -0.0115771 0.999928 0.0725192 0.331663 -0.345368
FixedParameters: 0 0 0

#Transform 95
Transform: AffineTransform_float_3_3
Parameters: 1 0.000576721 2.91708e-05 -0.000577277 0.999942 0.010697 -2.28262e-05 -0.010697 0.999943 -0.0827076 0.200181 0.0241863
FixedParameters: 0 0 0

#Transform 96
Transform: AffineTransform_float_3_3
Parameters: 0.999999 0.000180585 -0.000754918 -0.000175414 0.999981 0.00606913 0.000756079 -0.00606986 0.999982 -0.00442507 0.558895 -0.188937
FixedParameters: 0 0 0

#Transform 97
Transform: AffineTransform_float_3_3
Parameters: 0.999999 0.000457149 -0.00125979 -0.000450849 0.999988 0.00487757 0.00126221 -0.00487643 0.999988 -0.00899935 -0.0258578 -0.180002
FixedParameters: 0 0 0

#Transform 98
Transform: AffineTransform_float_3_3
Parameters: 0.999999 0.000616891 -0.00143749 -0.000611107 0.999992 0.00409488 0.00144051 -0.00409412 0.99999 -0.0135961 -0.210456 -0.200055
FixedParameters: 0 0 0

#Transform 99
Transform: AffineTransform_float_3_3
Parameters: 1 1.41396e-05 -7.19727e-05 -1.38604e-05 0.999998 0.001939 7.2027e-05 -0.001939 0.999998 0.0154506 -0.262326 -0.0275541
FixedParameters: 0 0 0

#Transform 100
Transform: AffineTransform_float_3_3
Parameters: 1 -0.00012138 -0.00044417 0.000122619 0.999999 0.00139495 0.000443829 -0.00139505 0.999999 0.0296606 -0.184913 -0.000831239
FixedParameters: 0 0 0

#Transform 101
Transform: AffineTransform_float_3_3
Parameters: 0.999999 0.000473068 -0.00147143 -0.000464929 0.999985 0.00547869 0.00147457 -0.00547831 0.999984 0.0155303 -0.564074 -0.0631943
FixedParameters: 0 0 0

#Transform 102
Transform: AffineTransform_float_3_3
Parameters: 0.999997 0.000930968 -0.0019514 -0.000917034 0.999974 0.0071468 0.0019576 -0.00714519 0.999972 -0.00332968 -0.136668 -0.252936
FixedParameters: 0 0 0

#Transform 103
Transform: AffineTransform_float_3_3
Parameters: 0.999998 0.00140537 -0.00179014 -0.00139364 0.999979 0.00633451 0.00179886 -0.00633149 0.999979 -0.0117973 0.527537 -0.25687
FixedParameters: 0 0 0

#Transform 104
Transform: AffineTransform_float_3_3
Parameters: 0.999998 0.0010944 -0.00160799 -0.0010866 0.999989 0.00459676 0.00161301 -0.00459524 0.999988 0.0179485 0.52047 -0.212652
FixedParameters: 0 0 0

#Transform 105
Transform: AffineTransform_float_3_3
Parameters: 0.999999 0.000913176 -0.00127544 -0.000911824 0.999998 0.00170516 0.00127756 -0.00170484 0.999997 0.0520996 0.692204 -0.028646
FixedParameters: 0 0 0

#Transform 106
Transform: AffineTransform_float_3_3
Parameters: 0.999999 0.000722441 -0.0013643 -0.000723559 0.999999 -0.000409013 0.0013647 0.000409986 0.999999 0.0518845 0.31337 -0.0694145
FixedParameters: 0 0 0

#Transform 107
Transform: AffineTransform_float_3_3
Parameters: 0.999998 0.000505493 -0.00189514 -0.000506507 1 -0.000267041 0.00189487 0.000267958 0.999998 0.0725288 0.105366 -0.0264225
FixedParameters: 0 0 0

#Transform 108
Transform: AffineTransform_float_3_3
Parameters: 0.999998 0.000451705 -0.00191007 -0.000452295 1 -0.000154136 0.00190993 0.000154863 0.999998 0.0756847 -0.175736 -0.0139101
FixedParameters: 0 0 0

#Transform 109
Transform: AffineTransform_float_3_3
Parameters: 0.999999 0.000513978 -0.00177601 -0.000514022 1 -1.20871e-05 0.00177599 1.29128e-05 0.999999 0.0642368 -0.378955 -0.0396284
FixedParameters: 0 0 0

#Transform 110
Transform: AffineTransform_float_3_3
Parameters: 0.999999 0.000509953 -0.00172502 -0.000510048 1 -2.71202e-05 0.00172499 2.78797e-05 0.999999 0.0701934 -0.293507 -0.0573465
FixedParameters: 0 0 0

#Transform 111
Transform: AffineTransform_float_3_3
Parameters: 0.999999 0.000406952 -0.00177601 -0.000407049 1 -2.72771e-05 0.00177599 2.77228e-05 0.999999 0.0662175 -0.151339 -0.0560066
FixedParameters: 0 0 0

#Transform 112
Transform: AffineTransform_float_3_3
Parameters: 0.999999 0.00043115 -0.00177596 -0.00043085 1 8.47653e-05 0.00177604 -8.42344e-05 0.999999 0.0740534 -0.0556956 -0.0558474
FixedParameters: 0 0 0

#Transform 113
Transform: AffineTransform_float_3_3
Parameters: 0.999998 0.000431484 -0.0020479 -0.000430516 1 0.000236882 0.0020481 -0.000236117 0.999998 0.0799362 0.153743 -0.0742414
FixedParameters: 0 0 0

#Transform 114
Transform: AffineTransform_float_3_3
Parameters: 0.999998 0.000629517 -0.00183182 -0.000628482 1 0.000283152 0.00183218 -0.000281847 0.999999 0.0726923 0.219089 -0.0804001
FixedParameters: 0 0 0

#Transform 115
Transform: AffineTransform_float_3_3
Parameters: 0.999998 0.000409169 -0.00186174 -0.000407832 0.999999 0.00062776 0.00186126 -0.000627239 0.999998 0.0822325 0.248492 -0.0512497
FixedParameters: 0 0 0

#Transform 116
Transform: AffineTransform_float_3_3
Parameters: 0.999998 0.000470408 -0.00193066 -0.000469589 0.999999 0.000730908 0.00193134 -0.000729093 0.999998 0.0806258 0.236559 -0.040268
FixedParameters: 0 0 0

#Transform 117
Transform: AffineTransform_float_3_3
Parameters: 0.999997 0.000363117 -0.00218781 -0.000361883 1 0.000510793 0.00218819 -0.000510207 0.999998 0.0866068 0.171662 -0.0452603
FixedParameters: 0 0 0

#Transform 118
Transform: AffineTransform_float_3_3
Parameters: 0.999997 0.000313833 -0.00218788 -0.000312168 1 0.000380684 0.00218812 -0.000380314 0.999997 0.0828945 0.0359059 -0.045759
FixedParameters: 0 0 0

#Transform 119
Transform: AffineTransform_float_3_3
Parameters: 0.999997 0.000213974 -0.0021329 -0.000213027 1 0.000456455 0.0021331 -0.000456544 0.999997 0.0867432 -0.00460712 -0.0379042
FixedParameters: 0 0 0

#Transform 120
Transform: AffineTransform_float_3_3
Parameters: 0.999998 0.000214272 -0.00207887 -0.000212728 1 0.000612443 0.00207813 -0.000611556 0.999997 0.0854548 -0.0918513 -0.0390355
FixedParameters: 0 0 0

#Transform 121
Transform: AffineTransform_float_3_3
Parameters: 0.999999 0.000333612 -0.0017757 -0.000332387 0.999999 0.000908591 0.0017763 -0.000907408 0.999998 0.0806341 -0.122032 -0.0419223
FixedParameters: 0 0 0

#Transform 122
Transform: AffineTransform_float_3_3
Parameters: 0.999999 0.000214047 -0.000794718 -0.000212953 0.999999 0.00131717 0.000795281 -0.00131683 0.999999 0.0694104 -0.0587971 -0.0621315
FixedParameters: 0 0 0

#Transform 123
Transform: AffineTransform_float_3_3
Parameters: 0.999999 0.000214458 -0.00131076 -0.000212542 1 0.00111228 0.00131124 -0.00111172 0.999998 0.0780926 0.00427882 -0.0454965
FixedParameters: 0 0 0

#Transform 124
Transform: AffineTransform_float_3_3
Parameters: 0.999999 4.62017e-05 -0.00139896 -4.47982e-05 0.999999 0.000859063 0.00139904 -0.000858936 0.999998 0.0831514 0.0171553 -0.0461743
FixedParameters: 0 0 0

#Transform 125
Transform: AffineTransform_float_3_3
Parameters: 0.999999 0.000214405 -0.0014628 -0.000212595 0.999999 0.000960312 0.00146321 -0.000960687 0.999999 0.0828021 0.12643 -0.0358936
FixedParameters: 0 0 0

#Transform 126
Transform: AffineTransform_float_3_3
Parameters: 0.999999 9.59569e-05 -0.00152394 -9.50428e-05 1 0.000628145 0.00152406 -0.000627854 0.999998 0.084243 0.130778 -0.0435707
FixedParameters: 0 0 0

#Transform 127
Transform: AffineTransform_float_3_3
Parameters: 0.999999 0.000104432 -0.0014569 -0.000102569 0.999999 0.00098215 0.0014571 -0.000982849 0.999999 0.0801581 0.108613 -0.0365612
FixedParameters: 0 0 0

#Transform 128
Transform: AffineTransform_float_3_3
Parameters: 0.999999 0.000214478 -0.00140878 -0.000212522 0.999999 0.0010493 0.00140922 -0.0010487 0.999999 0.0829713 0.125384 -0.0156882
FixedParameters: 0 0 0

#Transform 129
Transform: AffineTransform_float_3_3
Parameters: 0.999999 0.000214562 -0.00145977 -0.000212438 1 0.00107031 0.00146023 -0.00106969 0.999999 0.0806134 0.0859255 0.0018287
FixedParameters: 0 0 0

#Transform 130
Transform: AffineTransform_float_3_3
Parameters: 1 0.000635802 -0.00079436 -0.000635199 1 0.00100851 0.000795642 -0.0010085 0.999999 0.0538224 -0.435578 -0.0370254
FixedParameters: 0 0 0

#Transform 131
Transform: AffineTransform_float_3_3
Parameters: 0.999998 0.00165567 -0.00103013 -0.00165632 0.999998 -0.0012863 0.00102787 0.0012887 0.999998 0.0282604 0.0778968 -0.11889
FixedParameters: 0 0 0

#Transform 132
Transform: AffineTransform_float_3_3
Parameters: 0.999997 0.001021 -0.00232932 -0.001024 0.999998 -0.00128562 0.00232868 0.00128838 0.999997 0.0781425 0.608372 -0.0728568
FixedParameters: 0 0 0

#Transform 133
Transform: AffineTransform_float_3_3
Parameters: 0.999999 0.000637602 -0.00166115 -0.000637398 1 -0.000238941 0.00166085 0.000240059 0.999998 0.069137 0.0701029 -0.0593965
FixedParameters: 0 0 0

#Transform 134
Transform: AffineTransform_float_3_3
Parameters: 0.999999 0.000517025 -0.00173499 -0.000516975 1 1.4897e-05 0.00173501 -1.4103e-05 0.999999 0.0787906 0.0918445 -0.0395252
FixedParameters: 0 0 0

#Transform 135
Transform: AffineTransform_float_3_3
Parameters: 0.999997 0.000302205 -0.00214197 -0.000301796 1 9.56466e-05 0.00214203 -9.53529e-05 0.999997 0.0872298 -0.0527102 -0.0361613
FixedParameters: 0 0 0

#Transform 136
Transform: AffineTransform_float_3_3
Parameters: 0.999997 0.0004911 -0.00230698 -0.000490902 1 4.31326e-05 0.00230702 -4.28671e-05 0.999998 0.0860189 -0.029757 -0.0535756
FixedParameters: 0 0 0

#Transform 137
Transform: AffineTransform_float_3_3
Parameters: 0.999997 0.00044096 -0.00264984 -0.00044004 1 0.000363167 0.00264916 -0.000361833 0.999997 0.0908762 -0.0678841 -0.0646802
FixedParameters: 0 0 0

#Transform 138
Transform: AffineTransform_float_3_3
Parameters: 0.999997 0.000305103 -0.00242461 -0.000301899 0.999999 0.00127974 0.00242439 -0.00127926 0.999996 0.0905087 -0.0506274 -0.0363283
FixedParameters: 0 0 0

#Transform 139
Transform: AffineTransform_float_3_3
Parameters: 0.999996 0.000305516 -0.00253558 -0.000302484 0.999999 0.00138677 0.00253642 -0.00138623 0.999996 0.0919296 -0.00743976 -0.0401064
FixedParameters: 0 0 0

#Transform 140
Transform: AffineTransform_float_3_3
Parameters: 0.999996 0.000305247 -0.00253761 -0.000302754 0.999999 0.00127977 0.00253739 -0.00127923 0.999996 0.0919586 0.0757928 -0.0228182
FixedParameters: 0 0 0

#Transform 141
Transform: AffineTransform_float_3_3
Parameters: 0.999997 0.000305241 -0.00266563 -0.000302761 0.999999 0.00121581 0.00266537 -0.00121519 0.999995 0.0965249 0.0838182 -0.0235166
FixedParameters: 0 0 0

#Transform 142
Transform: AffineTransform_float_3_3
Parameters: 0.999997 0.000305367 -0.00263061 -0.000302635 0.999999 0.0012798 0.00263039 -0.0012792 0.999995 0.102 0.0974837 -0.0142434
FixedParameters: 0 0 0

#Transform 143
Transform: AffineTransform_float_3_3
Parameters: 0.999996 0.000231394 -0.00286465 -0.000227608 0.999999 0.00153366 0.00286435 -0.00153334 0.999994 0.107266 0.118212 -0.00495042
FixedParameters: 0 0 0

#Transform 144
Transform: AffineTransform_float_3_3
Parameters: 0.999996 0.000305381 -0.00276963 -0.000302619 0.999999 0.00122084 0.00277037 -0.00122016 0.999996 0.101323 0.107648 -0.020919
FixedParameters: 0 0 0

#Transform 145
Transform: AffineTransform_float_3_3
Parameters: 0.999997 0.000305238 -0.00269664 -0.000302764 0.999999 0.00120082 0.00269637 -0.00120018 0.999995 0.0937635 0.0476527 -0.0237133
FixedParameters: 0 0 0

#Transform 146
Transform: AffineTransform_float_3_3
Parameters: 0.999996 0.000132935 -0.00278977 -0.000128066 0.999999 0.00176937 0.00278923 -0.00176864 0.999995 0.109107 0.0228832 -0.00207849
FixedParameters: 0 0 0

#Transform 147
Transform: AffineTransform_float_3_3
Parameters: 0.999995 0.000170894 -0.00293477 -0.000167107 0.999999 0.0013265 0.00293522 -0.0013265 0.999995 0.109551 0.0258625 -0.0145503
FixedParameters: 0 0 0

#Transform 148
Transform: AffineTransform_float_3_3
Parameters: 0.999995 7.68559e-05 -0.0029549 -7.31433e-05 0.999999 0.00130522 0.0029551 -0.00130478 0.999995 0.112757 -0.0217751 -0.0187113
FixedParameters: 0 0 0

#Transform 149
Transform: AffineTransform_float_3_3
Parameters: 0.999995 9.81331e-05 -0.0029339 -9.4869e-05 1 0.00106728 0.0029341 -0.00106772 0.999995 0.115252 -0.00671475 -0.0251869
FixedParameters: 0 0 0

#Transform 150
Transform: AffineTransform_float_3_3
Parameters: 0.999995 7.02218e-05 -0.0029299 -6.67775e-05 0.999999 0.0014412 0.0029301 -0.0014408 0.999994 0.113579 -0.00847159 -0.000317488
FixedParameters: 0 0 0

#Transform 151
Transform: AffineTransform_float_3_3
Parameters: 0.999996 4.2614e-05 -0.00290995 -3.93885e-05 0.999999 0.00124112 0.00291005 -0.00124188 0.999995 0.11272 0.0416784 -0.0129823
FixedParameters: 0 0 0

#Transform 152
Transform: AffineTransform_float_3_3
Parameters: 0.999996 0.000238101 -0.00280174 -0.0002349 1 0.00110666 0.00280226 -0.00110634 0.999996 0.103892 0.0661436 -0.0124585
FixedParameters: 0 0 0

#Transform 153
Transform: AffineTransform_float_3_3
Parameters: 0.999996 -0.000115315 -0.00284515 0.000118684 0.999999 0.00129467 0.00284485 -0.00129533 0.999995 0.114625 0.0683627 -0.00884142
FixedParameters: 0 0 0

#Transform 154
Transform: AffineTransform_float_3_3
Parameters: 0.999997 9.79599e-05 -0.00271986 -9.4042e-05 0.999999 0.00145526 0.00272014 -0.00145574 0.999995 0.109282 0.0455504 -0.0144025
FixedParameters: 0 0 0

#Transform 155
Transform: AffineTransform_float_3_3
Parameters: 0.999996 0.000159946 -0.00282678 -0.000156053 0.999999 0.00139645 0.00282722 -0.00139555 0.999995 0.112568 0.0792368 -0.014739
FixedParameters: 0 0 0

#Transform 156
Transform: AffineTransform_float_3_3
Parameters: 0.999996 0.000132076 -0.00281486 -0.000129923 1 0.00109337 0.00281514 -0.00109263 0.999995 0.110195 0.0658464 -0.0146061
FixedParameters: 0 0 0

#Transform 157
Transform: AffineTransform_float_3_3
Parameters: 0.999996 0.000192051 -0.00278272 -0.00018795 0.999999 0.00145553 0.00278328 -0.00145547 0.999995 0.106616 0.0354238 -0.00182025
FixedParameters: 0 0 0

#Transform 158
Transform: AffineTransform_float_3_3
Parameters: 0.999996 0.000272796 -0.00272572 -0.000270205 1 0.00102574 0.00272628 -0.00102526 0.999996 0.099241 0.00833431 -0.0168746
FixedParameters: 0 0 0

#Transform 159
Transform: AffineTransform_float_3_3
Parameters: 0.999996 0.00030772 -0.0028107 -0.000305282 1 0.000967862 0.0028103 -0.000967139 0.999995 0.105731 0.0512283 -0.00999081
FixedParameters: 0 0 0

#Transform 160
Transform: AffineTransform_float_3_3
Parameters: 0.999995 0.000224061 -0.00295169 -0.000219937 0.999999 0.00137665 0.0029523 -0.00137534 0.999994 0.110494 -0.00289411 0.00430185
FixedParameters: 0 0 0

#Transform 161
Transform: AffineTransform_float_3_3
Parameters: 0.999995 0.00027677 -0.00311223 -0.000268228 0.999996 0.00281885 0.00311277 -0.00281715 0.999991 0.110755 0.000195294 -0.0351047
FixedParameters: 0 0 0

#Transform 162
Transform: AffineTransform_float_3_3
Parameters: 0.999994 0.000451008 -0.0032649 -0.000442993 0.999997 0.00245246 0.00326609 -0.00245154 0.999991 0.0987207 0.0514761 -0.180983
FixedParameters: 0 0 0

#Transform 163
Transform: AffineTransform_float_3_3
Parameters: 0.999995 0.000207911 -0.00322056 -0.000201089 0.999997 0.00214566 0.00322144 -0.00214534 0.999993 0.102162 0.0213983 -0.160211
FixedParameters: 0 0 0

#Transform 164
Transform: AffineTransform_float_3_3
Parameters: 0.999994 0.000269216 -0.00324341 -0.000261786 0.999998 0.00222486 0.00324359 -0.00222414 0.999993 0.101412 0.0336512 -0.14679
FixedParameters: 0 0 0

#Transform 165
Transform: AffineTransform_float_3_3
Parameters: 0.999995 0.000224719 -0.00308045 -0.00021628 0.999997 0.00250568 0.00308155 -0.00250532 0.999992 0.100172 0.0268013 -0.13162
FixedParameters: 0 0 0

#Transform 166
Transform: AffineTransform_float_3_3
Parameters: 0.999995 0.000191626 -0.00337352 -0.000183371 0.999996 0.00255763 0.00337448 -0.00255637 0.999991 0.106484 0.00185127 -0.134889
FixedParameters: 0 0 0

#Transform 167
Transform: AffineTransform_float_3_3
Parameters: 0.999995 0.000231939 -0.00333446 -0.000224063 0.999997 0.00238076 0.00333454 -0.00238024 0.999991 0.105186 0.056827 -0.150745
FixedParameters: 0 0 0

#Transform 168
Transform: AffineTransform_float_3_3
Parameters: 0.999995 7.22227e-05 -0.00321582 -6.37761e-05 0.999996 0.00255722 0.00321617 -0.00255678 0.999991 0.104438 0.0315459 -0.162931
FixedParameters: 0 0 0

#Transform 169
Transform: AffineTransform_float_3_3
Parameters: 0.999995 0.000329481 -0.00333017 -0.000320519 0.999996 0.00254708 0.00333083 -0.00254592 0.999991 0.101377 -0.0193612 -0.176728
FixedParameters: 0 0 0

#Transform 170
Transform: AffineTransform_float_3_3
Parameters: 0.999994 0.000274837 -0.00329035 -0.000267164 0.999997 0.00238189 0.00329064 -0.00238111 0.999992 0.10191 0.0364497 -0.174902
FixedParameters: 0 0 0

#Transform 171
Transform: AffineTransform_float_3_3
Parameters: 0.999994 0.000300299 -0.00337927 -0.000291702 0.999997 0.002456 0.00337973 -0.002455 0.999992 0.102491 -0.0151841 -0.179919
FixedParameters: 0 0 0

#Transform 172
Transform: AffineTransform_float_3_3
Parameters: 0.999995 0.00034019 -0.00333518 -0.00033181 0.999997 0.00245612 0.00333583 -0.00245488 0.999992 0.101335 0.0386429 -0.199722
FixedParameters: 0 0 0

#Transform 173
Transform: AffineTransform_float_3_3
Parameters: 0.999995 0.000317831 -0.00333526 -0.00031017 0.999997 0.00234805 0.00333574 -0.00234695 0.999991 0.101725 0.030928 -0.204236
FixedParameters: 0 0 0

#Transform 174
Transform: AffineTransform_float_3_3
Parameters: 0.999993 0.000297109 -0.00370928 -0.000288891 0.999997 0.00245609 0.00370972 -0.00245491 0.99999 0.106482 -0.000919911 -0.202762
FixedParameters: 0 0 0

#Transform 175
Transform: AffineTransform_float_3_3
Parameters: 0.999993 0.00040574 -0.0035459 -0.000396259 0.999996 0.00274742 0.0035471 -0.00274558 0.99999 0.102918 0.0647019 -0.225505
FixedParameters: 0 0 0

#Transform 176
Transform: AffineTransform_float_3_3
Parameters: 0.999997 0.000504302 -0.00266481 -0.000497697 0.999997 0.00236533 0.00266618 -0.00236366 0.999993 0.0806247 0.0414412 -0.238002
FixedParameters: 0 0 0

#Transform 177
Transform: AffineTransform_float_3_3
Parameters: 0.999997 0.000384357 -0.00242416 -0.000379643 0.999998 0.00220993 0.00242484 -0.00220907 0.999994 0.0817647 0.00486158 -0.225667
FixedParameters: 0 0 0

#Transform 178
Transform: AffineTransform_float_3_3
Parameters: 0.999997 0.000239427 -0.00213251 -0.000234573 0.999998 0.0020755 0.00213349 -0.00207549 0.999995 0.088778 0.0169299 -0.199452
FixedParameters: 0 0 0

#Transform 179
Transform: AffineTransform_float_3_3
Parameters: 0.999998 0.000344964 -0.00184545 -0.000342036 0.999998 0.00160563 0.00184655 -0.00160537 0.999997 0.0752222 -0.0310133 -0.266338
FixedParameters: 0 0 0

#Transform 180
Transform: AffineTransform_float_3_3
Parameters: 0.999993 0.000783707 -0.00359685 -0.000783293 0.999999 0.000197819 0.00359716 -0.000195182 0.999994 0.0625316 0.0871135 -0.469714
FixedParameters: 0 0 0

#Transform 181
Transform: AffineTransform_float_3_3
Parameters: 0.999999 -0.000398317 -0.0013482 0.000398682 1 0.000505463 0.0013478 -0.000506537 0.999999 0.0771853 0.0325134 -0.185559
FixedParameters: 0 0 0

#Transform 182
Transform: AffineTransform_float_3_3
Parameters: 0.999999 -0.000372938 -0.000812028 0.000373062 1 7.66971e-05 0.000811971 -7.63028e-05 0.999999 0.0828191 0.0915613 -0.0955037
FixedParameters: 0 0 0

#Transform 183
Transform: AffineTransform_float_3_3
Parameters: 1 -0.000172618 -0.000641102 0.000173381 1 0.000594889 0.000640897 -0.00059511 0.999999 0.0773596 0.0729989 -0.0253437
FixedParameters: 0 0 0

#Transform 184
Transform: AffineTransform_float_3_3
Parameters: 0.999999 -0.000223446 -0.000990125 0.000223553 1 0.000558779 0.000989875 -0.000559222 1 0.0927251 0.113308 -0.0137788
FixedParameters: 0 0 0

#Transform 185
Transform: AffineTransform_float_3_3
Parameters: 0.999999 -0.000195126 -0.000883193 0.000195875 0.999999 0.000989827 0.000883806 -0.000989172 0.999999 0.0885526 0.0305582 -0.0209537
FixedParameters: 0 0 0

#Transform 186
Transform: AffineTransform_float_3_3
Parameters: 0.999999 -0.000222361 -0.00125029 0.000224638 0.999999 0.00131072 0.00124971 -0.00131128 0.999999 0.0920015 0.0368354 -0.0481469
FixedParameters: 0 0 0

#Transform 187
Transform: AffineTransform_float_3_3
Parameters: 0.999999 -0.000141415 -0.000830271 0.000143586 0.999998 0.00190888 0.000830727 -0.00190912 0.999998 0.0871941 0.0353547 -0.0357853
FixedParameters: 0 0 0

#Transform 188
Transform: AffineTransform_float_3_3
Parameters: 1 7.8507e-05 -0.000468915 -7.8493e-05 1 0.00108104 0.000469085 -0.00108096 1 0.0710784 0.0889115 -0.0527162
FixedParameters: 0 0 0

#Transform 189
Transform: AffineTransform_float_3_3
Parameters: 1 -4.57863e-05 -0.000661085 4.72135e-05 0.999999 0.00183597 0.000660914 -0.00183603 0.999998 0.0754982 -0.019933 -0.0318789
FixedParameters: 0 0 0

#Transform 190
Transform: AffineTransform_float_3_3
Parameters: 0.999999 -4.54287e-05 -0.000830087 4.75711e-05 0.999998 0.00189296 0.000829911 -0.00189304 0.999998 0.0775542 0.0924167 -0.0248613
FixedParameters: 0 0 0

#Transform 191
Transform: AffineTransform_float_3_3
Parameters: 0.999999 -4.53642e-05 -0.000769098 4.76355e-05 0.999997 0.00212696 0.000768901 -0.00212704 0.999998 0.0768044 0.03968 -0.0476394
FixedParameters: 0 0 0

#Transform 192
Transform: AffineTransform_float_3_3
Parameters: 1 0.000134005 -0.000384651 -0.000132996 0.999996 0.00261305 0.000384349 -0.00261295 0.999997 0.0691595 -0.0805567 -0.0677084
FixedParameters: 0 0 0

#Transform 193
Transform: AffineTransform_float_3_3
Parameters: 0.999999 0.000307936 -0.000829283 -0.000306062 0.999997 0.00233426 0.000830716 -0.00233375 0.999997 0.0715945 0.0156088 -0.0852063
FixedParameters: 0 0 0

#Transform 194
Transform: AffineTransform_float_3_3
Parameters: 0.999999 0.000230261 -0.000829375 -0.000227737 0.999997 0.00272519 0.000830623 -0.00272481 0.999996 0.0729382 0.0714343 -0.107181
FixedParameters: 0 0 0

#Transform 195
Transform: AffineTransform_float_3_3
Parameters: 0.999999 0.000368455 -0.000828913 -0.000365544 0.999995 0.0029603 0.000830085 -0.00295969 0.999996 0.0706312 0.0737649 -0.111614
FixedParameters: 0 0 0

#Transform 196
Transform: AffineTransform_float_3_3
Parameters: 0.999999 0.000104479 -0.000829691 -0.00010152 0.999995 0.00298708 0.000830307 -0.00298691 0.999995 0.0750914 0.0671865 -0.117913
FixedParameters: 0 0 0

#Transform 197
Transform: AffineTransform_float_3_3
Parameters: 1 0.000126894 -0.00101864 -0.000124104 0.999996 0.00284113 0.00101936 -0.00284087 0.999996 0.0768268 0.102644 -0.0919911
FixedParameters: 0 0 0

#Transform 198
Transform: AffineTransform_float_3_3
Parameters: 0.999999 0.000128709 -0.00090962 -0.000125289 0.999995 0.00297811 0.000910377 -0.00297788 0.999995 0.0756017 0.0389062 -0.0961798
FixedParameters: 0 0 0

#Transform 199
Transform: AffineTransform_float_3_3
Parameters: 1 -4.45977e-05 -0.00057711 4.6402e-05 0.999997 0.00242997 0.000576889 -0.00243003 0.999997 0.0745342 0.0446015 -0.0935918
FixedParameters: 0 0 0

#Transform 200
Transform: AffineTransform_float_3_3
Parameters: 1 -0.000147982 -0.000614246 0.000149019 0.999998 0.00165791 0.000614753 -0.00165809 0.999998 0.0889811 0.0429038 -0.00173162
FixedParameters: 0 0 0

#Transform 201
Transform: AffineTransform_float_3_3
Parameters: 1 -4.49364e-05 -0.000585083 4.60635e-05 0.999999 0.00181797 0.000584917 -0.00181803 0.999998 0.0867255 0.0135416 0.00428321
FixedParameters: 0 0 0

#Transform 202
Transform: AffineTransform_float_3_3
Parameters: 1 -4.48274e-05 -0.000437122 4.61723e-05 0.999997 0.00268298 0.000436878 -0.00268302 0.999997 0.0796517 -0.0131878 0.000340308
FixedParameters: 0 0 0

#Transform 203
Transform: AffineTransform_float_3_3
Parameters: 1 -4.45055e-05 -0.000516131 4.64941e-05 0.999996 0.00289597 0.000515867 -0.00289602 0.999995 0.0865051 0.0386031 -0.0134053
FixedParameters: 0 0 0

#Transform 204
Transform: AffineTransform_float_3_3
Parameters: 1 -4.45503e-05 -0.000559118 4.64493e-05 0.999996 0.00259297 0.000558882 -0.00259303 0.999997 0.0847976 0.0561806 -0.0184784
FixedParameters: 0 0 0

#Transform 205
Transform: AffineTransform_float_3_3
Parameters: 1 -4.47064e-05 -0.000487121 4.62933e-05 0.999997 0.00265598 0.000486879 -0.00265602 0.999997 0.0812206 0.0461672 -0.0174999
FixedParameters: 0 0 0

#Transform 206
Transform: AffineTransform_float_3_3
Parameters: 1 -0.00020256 -0.000556527 0.000204439 0.999996 0.00258989 0.000555473 -0.00258911 0.999997 0.0767989 0.0877551 -0.0185267
FixedParameters: 0 0 0

#Transform 207
Transform: AffineTransform_float_3_3
Parameters: 1 -4.51826e-05 -0.00033811 4.68171e-05 0.999997 0.00241798 0.000337888 -0.00241802 0.999997 0.081309 0.0860595 -0.0220035
FixedParameters: 0 0 0

#Transform 208
Transform: AffineTransform_float_3_3
Parameters: 1 -4.44195e-05 -0.000544131 4.65801e-05 0.999996 0.00290497 0.000543867 -0.00290502 0.999995 0.0827172 0.0503205 -0.0132817
FixedParameters: 0 0 0

#Transform 209
Transform: AffineTransform_float_3_3
Parameters: 0.999999 -4.36534e-05 -0.000830126 4.63462e-05 0.999996 0.00282696 0.000829872 -0.00282704 0.999995 0.0847736 0.0658848 -0.0138293
FixedParameters: 0 0 0

#Transform 210
Transform: AffineTransform_float_3_3
Parameters: 1 -4.41942e-05 -0.000634128 4.68054e-05 0.999996 0.00284797 0.000633869 -0.00284803 0.999995 0.0751571 0.0440173 -0.0138825
FixedParameters: 0 0 0

#Transform 211
Transform: AffineTransform_float_3_3
Parameters: 1 -0.000216126 -0.00059868 0.000217875 0.999995 0.00313187 0.00059832 -0.00313213 0.999995 0.0871114 0.0142573 -0.013617
FixedParameters: 0 0 0

#Transform 212
Transform: AffineTransform_float_3_3
Parameters: 1 -4.43963e-05 -0.000609119 4.66033e-05 0.999997 0.00263297 0.00060888 -0.00263303 0.999997 0.0869889 0.0498097 -0.0334851
FixedParameters: 0 0 0

#Transform 213
Transform: AffineTransform_float_3_3
Parameters: 0.999999 -4.38376e-05 -0.000830117 4.6162e-05 0.999996 0.00260496 0.000829882 -0.00260504 0.999997 0.0861447 0.0310077 -0.031303
FixedParameters: 0 0 0

#Transform 214
Transform: AffineTransform_float_3_3
Parameters: 0.999999 -4.35903e-05 -0.00083013 4.64093e-05 0.999996 0.00290296 0.000829869 -0.00290304 0.999996 0.0870494 0.0212051 -0.0123647
FixedParameters: 0 0 0

#Transform 215
Transform: AffineTransform_float_3_3
Parameters: 0.999999 -4.37156e-05 -0.000830123 4.6284e-05 0.999996 0.00275196 0.000829875 -0.00275204 0.999996 0.0871306 0.0718647 -0.0130354
FixedParameters: 0 0 0

#Transform 216
Transform: AffineTransform_float_3_3
Parameters: 0.999999 -4.36692e-05 -0.000830125 4.63304e-05 0.999996 0.00280796 0.000829873 -0.00280804 0.999995 0.087877 0.0611192 -0.0140604
FixedParameters: 0 0 0

#Transform 217
Transform: AffineTransform_float_3_3
Parameters: 1 -4.2886e-05 -0.00100914 4.61136e-05 0.999995 0.00308595 0.00100886 -0.00308604 0.999994 0.0908865 0.0448054 -0.00893039
FixedParameters: 0 0 0

#Transform 218
Transform: AffineTransform_float_3_3
Parameters: 1 -4.30915e-05 -0.00101313 4.69081e-05 0.999996 0.00287095 0.00101287 -0.00287105 0.999996 0.0923831 0.0645078 -0.00425849
FixedParameters: 0 0 0

#Transform 219
Transform: AffineTransform_float_3_3
Parameters: 0.999999 -4.35862e-05 -0.000907119 4.64133e-05 0.999996 0.00266096 0.000906879 -0.00266104 0.999996 0.087811 0.0828715 -0.0083336
FixedParameters: 0 0 0

#Transform 220
Transform: AffineTransform_float_3_3
Parameters: 0.999999 0.000173307 -0.000829521 -0.000170692 0.999996 0.00278014 0.000830477 -0.00278086 0.999996 0.073829 0.00229911 0.000428395
FixedParameters: 0 0 0

#Transform 221
Transform: AffineTransform_float_3_3
Parameters: 0.999999 2.30251e-05 -0.000952953 -2.09748e-05 0.999997 0.00212502 0.000953047 -0.00212498 0.999998 0.088308 0.135802 0.00508
FixedParameters: 0 0 0

#Transform 222
Transform: AffineTransform_float_3_3
Parameters: 0.999999 -0.000620287 0.00141513 0.000615713 0.999995 0.00302788 -0.00141687 -0.00302713 0.999995 0.0724656 0.181496 -0.231783
FixedParameters: 0 0 0

#Transform 223
Transform: AffineTransform_float_3_3
Parameters: 0.999999 1.31873e-05 0.00178906 -1.98124e-05 0.999992 0.00380797 -0.00178894 -0.00380803 0.999991 0.0284457 -0.173995 -0.352842
FixedParameters: 0 0 0

#Transform 224
Transform: AffineTransform_float_3_3
Parameters: 0.999998 -8.96066e-05 0.00197767 8.23917e-05 0.999992 0.00384617 -0.00197833 -0.00384583 0.99999 0.0450743 -0.0583213 -0.182322
FixedParameters: 0 0 0

#Transform 225
Transform: AffineTransform_float_3_3
Parameters: 0.999998 1.18136e-05 0.00192307 -2.01903e-05 0.999991 0.00425697 -0.00192393 -0.00425703 0.999989 0.0440393 -0.0015844 -0.163276
FixedParameters: 0 0 0

#Transform 226
Transform: AffineTransform_float_3_3
Parameters: 0.999998 -0.000203482 0.00162008 0.00019652 0.99999 0.00461633 -0.00162092 -0.00461668 0.999988 0.0537004 0.0528009 -0.158422
FixedParameters: 0 0 0

#Transform 227
Transform: AffineTransform_float_3_3
Parameters: 0.999999 1.25591e-05 0.00155508 -2.04405e-05 0.999988 0.00478497 -0.00155492 -0.00478502 0.999988 0.0484292 0.0465104 -0.189571
FixedParameters: 0 0 0

#Transform 228
Transform: AffineTransform_float_3_3
Parameters: 1 1.46206e-05 0.00120808 -2.03791e-05 0.99999 0.00445298 -0.00120792 -0.00445302 0.99999 0.0524124 0.0877722 -0.20404
FixedParameters: 0 0 0

#Transform 229
Transform: AffineTransform_float_3_3
Parameters: 0.999999 1.26631e-05 0.00156008 -2.03365e-05 0.999989 0.00470297 -0.00155992 -0.00470302 0.999987 0.0456032 0.0677665 -0.208119
FixedParameters: 0 0 0

#Transform 230
Transform: AffineTransform_float_3_3
Parameters: 0.999999 1.28896e-05 0.00153708 -2.011e-05 0.99999 0.00462598 -0.00153692 -0.00462603 0.999988 0.0485672 0.0687557 -0.19103
FixedParameters: 0 0 0

#Transform 231
Transform: AffineTransform_float_3_3
Parameters: 0.999999 1.4691e-05 0.00125807 -2.03128e-05 0.999991 0.00421998 -0.00125893 -0.00422002 0.999991 0.0518327 0.10052 -0.174402
FixedParameters: 0 0 0

#Transform 232
Transform: AffineTransform_float_3_3
Parameters: 0.999999 -0.000185276 0.000980201 0.000180724 0.999991 0.00436118 -0.000980797 -0.00436082 0.99999 0.0650061 -0.0254396 -0.158331
FixedParameters: 0 0 0

#Transform 233
Transform: AffineTransform_float_3_3
Parameters: 0.999999 -0.000144261 0.000757385 0.000140736 0.99999 0.0043041 -0.000758612 -0.00430389 0.99999 0.0605181 -0.00312557 -0.154027
FixedParameters: 0 0 0

#Transform 234
Transform: AffineTransform_float_3_3
Parameters: 0.999999 -0.000125303 0.000771471 0.000121699 0.999991 0.0042801 -0.000771528 -0.00427991 0.999991 0.0600808 -0.0288448 -0.15237
FixedParameters: 0 0 0

#Transform 235
Transform: AffineTransform_float_3_3
Parameters: 0.999999 1.6294e-05 0.000810083 -1.97056e-05 0.99999 0.00457499 -0.000809918 -0.00457502 0.999989 0.0572435 -0.0257342 -0.147908
FixedParameters: 0 0 0

#Transform 236
Transform: AffineTransform_float_3_3
Parameters: 0.999999 1.62535e-05 0.000869078 -1.97461e-05 0.99999 0.00431098 -0.000868923 -0.00431102 0.999991 0.0565764 0.0187394 -0.148558
FixedParameters: 0 0 0

#Transform 237
Transform: AffineTransform_float_3_3
Parameters: 0.999999 1.6612e-05 0.000750082 -2.03876e-05 0.99999 0.00451698 -0.000749915 -0.00451701 0.999989 0.0557834 0.0475086 -0.156568
FixedParameters: 0 0 0

#Transform 238
Transform: AffineTransform_float_3_3
Parameters: 1 -8.78565e-05 0.000583577 8.51414e-05 0.999988 0.00489305 -0.000584423 -0.00489295 0.999988 0.0617323 0.00145812 -0.160888
FixedParameters: 0 0 0

#Transform 239
Transform: AffineTransform_float_3_3
Parameters: 1 1.74179e-05 0.000584083 -1.95817e-05 0.99999 0.00442099 -0.000583919 -0.00442101 0.99999 0.0599243 0.069799 -0.15874
FixedParameters: 0 0 0

#Transform 240
Transform: AffineTransform_float_3_3
Parameters: 1 1.73175e-05 0.000584086 -1.96821e-05 0.99999 0.00459299 -0.000583916 -0.00459301 0.99999 0.059925 0.0456708 -0.156834
FixedParameters: 0 0 0

#Transform 241
Transform: AffineTransform_float_3_3
Parameters: 1 1.73116e-05 0.000584086 -1.9688e-05 0.99999 0.00460299 -0.000583916 -0.00460301 0.999989 0.0599354 0.0104088 -0.154905
FixedParameters: 0 0 0

#Transform 242
Transform: AffineTransform_float_3_3
Parameters: 1 0.000193055 0.000411917 -0.000194941 0.999989 0.00472692 -0.000410083 -0.00472708 0.999988 0.0507252 0.0367 -0.146637
FixedParameters: 0 0 0

#Transform 243
Transform: AffineTransform_float_3_3
Parameters: 1 1.90363e-05 0.000241078 -1.99634e-05 0.999992 0.003998 -0.000240922 -0.003998 0.999992 0.0639863 0.051544 -0.142473
FixedParameters: 0 0 0

#Transform 244
Transform: AffineTransform_float_3_3
Parameters: 1 1.88853e-05 0.000275079 -2.01144e-05 0.999992 0.00405299 -0.000274921 -0.004053 0.999991 0.0635803 -0.00767905 -0.159799
FixedParameters: 0 0 0

#Transform 245
Transform: AffineTransform_float_3_3
Parameters: 1 7.935e-05 0.000601356 -8.26528e-05 0.999991 0.00440795 -0.000601641 -0.00440805 0.99999 0.0586451 -0.0120019 -0.153823
FixedParameters: 0 0 0

#Transform 246
Transform: AffineTransform_float_3_3
Parameters: 1 1.93855e-05 0.000148082 -1.96142e-05 0.999992 0.004151 -0.00014792 -0.00415101 0.999992 0.0651305 0.032461 -0.152428
FixedParameters: 0 0 0

#Transform 247
Transform: AffineTransform_float_3_3
Parameters: 1 1.93998e-05 0.00014808 -1.95998e-05 0.999992 0.004054 -0.000147922 -0.004054 0.999992 0.0712649 0.00549879 -0.153302
FixedParameters: 0 0 0

#Transform 248
Transform: AffineTransform_float_3_3
Parameters: 0.999999 1.66912e-05 0.000741082 -2.03084e-05 0.99999 0.00446499 -0.000740916 -0.00446501 0.99999 0.0581052 0.028759 -0.145631
FixedParameters: 0 0 0

#Transform 249
Transform: AffineTransform_float_3_3
Parameters: 1 1.75599e-05 0.000560082 -2.04441e-05 0.999991 0.00435699 -0.000560916 -0.00435701 0.999991 0.0652944 0.0499838 -0.140048
FixedParameters: 0 0 0

#Transform 250
Transform: AffineTransform_float_3_3
Parameters: 0.999999 1.69194e-05 0.00070708 -2.00802e-05 0.99999 0.00435699 -0.000706919 -0.00435701 0.999991 0.0585318 0.0498529 -0.138543
FixedParameters: 0 0 0

#Transform 251
Transform: AffineTransform_float_3_3
Parameters: 1 -9.75489e-05 0.000610598 9.44536e-05 0.999992 0.00417306 -0.000610399 -0.00417294 0.999991 0.0672133 0.0524472 -0.144179
FixedParameters: 0 0 0

#Transform 252
Transform: AffineTransform_float_3_3
Parameters: 1 -0.00011811 0.000679467 0.000114892 0.99999 0.00457608 -0.000679533 -0.00457592 0.99999 0.0656632 0.0311797 -0.154459
FixedParameters: 0 0 0

#Transform 253
Transform: AffineTransform_float_3_3
Parameters: 0.999999 1.64846e-05 0.000768083 -1.95149e-05 0.999989 0.00457699 -0.000767919 -0.00457701 0.999989 0.0577955 0.0276628 -0.151722
FixedParameters: 0 0 0

#Transform 254
Transform: AffineTransform_float_3_3
Parameters: 1 1.7474e-05 0.000611078 -1.95257e-05 0.999992 0.00413399 -0.000610925 -0.00413401 0.999992 0.0645578 0.070339 -0.14261
FixedParameters: 0 0 0

#Transform 255
Transform: AffineTransform_float_3_3
Parameters: 1 1.72436e-05 0.000611084 -1.9756e-05 0.99999 0.00451099 -0.000610917 -0.00451101 0.999989 0.0596841 0.00447431 -0.140064
FixedParameters: 0 0 0

#Transform 256
Transform: AffineTransform_float_3_3
Parameters: 1 1.70615e-05 0.000611089 -1.99381e-05 0.999989 0.00480899 -0.000610911 -0.00480901 0.999989 0.0596862 -0.00445701 -0.137875
FixedParameters: 0 0 0

#Transform 257
Transform: AffineTransform_float_3_3
Parameters: 1 9.01613e-05 0.000397422 -9.18414e-05 0.99999 0.00462897 -0.000397579 -0.00462904 0.999989 0.0609424 0.0368674 -0.140029
FixedParameters: 0 0 0

#Transform 258
Transform: AffineTransform_float_3_3
Parameters: 1 1.71727e-05 0.000611086 -1.98269e-05 0.99999 0.00462699 -0.000610915 -0.00462701 0.999989 0.0622507 0.0206163 -0.144446
FixedParameters: 0 0 0

#Transform 259
Transform: AffineTransform_float_3_3
Parameters: 1 1.67272e-05 0.000691086 -2.02771e-05 0.999989 0.00473598 -0.000691911 -0.00473601 0.999988 0.0586742 0.0254204 -0.134427
FixedParameters: 0 0 0

#Transform 260
Transform: AffineTransform_float_3_3
Parameters: 0.999999 1.62627e-05 0.000781087 -1.97369e-05 0.999988 0.00478499 -0.000780914 -0.00478501 0.999988 0.0576545 0.0351872 -0.125185
FixedParameters: 0 0 0

#Transform 261
Transform: AffineTransform_float_3_3
Parameters: 1 1.7265e-05 0.000611083 -1.97347e-05 0.99999 0.00447599 -0.000610918 -0.00447601 0.99999 0.0640562 0.0619497 -0.141739
FixedParameters: 0 0 0

#Transform 262
Transform: AffineTransform_float_3_3
Parameters: 1 1.68842e-05 0.000611094 -2.01153e-05 0.999987 0.00509899 -0.000610905 -0.00509901 0.999987 0.0596723 0.023825 -0.146805
FixedParameters: 0 0 0

#Transform 263
Transform: AffineTransform_float_3_3
Parameters: 1 8.28834e-05 0.00061143 -8.61144e-05 0.999987 0.00509895 -0.000610569 -0.00509905 0.999987 0.0564851 0.0277377 -0.138344
FixedParameters: 0 0 0

#Transform 264
Transform: AffineTransform_float_3_3
Parameters: 1 1.71489e-05 0.000611087 -1.98507e-05 0.999989 0.00466599 -0.000610914 -0.00466601 0.999989 0.059682 0.0533578 -0.146712
FixedParameters: 0 0 0

#Transform 265
Transform: AffineTransform_float_3_3
Parameters: 1 9.94876e-05 0.000535473 -0.000101515 0.999989 0.00469395 -0.000535529 -0.00469405 0.999989 0.0591483 0.0166901 -0.148674
FixedParameters: 0 0 0

#Transform 266
Transform: AffineTransform_float_3_3
Parameters: 1 1.85703e-05 0.000300092 -2.04293e-05 0.999988 0.00476499 -0.000299906 -0.004765 0.999988 0.0655019 0.005637 -0.150196
FixedParameters: 0 0 0

#Transform 267
Transform: AffineTransform_float_3_3
Parameters: 1 1.91934e-05 0.000164096 -1.98062e-05 0.999988 0.004917 -0.000163905 -0.004917 0.999988 0.0649802 0.0398922 -0.154067
FixedParameters: 0 0 0

#Transform 268
Transform: AffineTransform_float_3_3
Parameters: 1 0.000132985 0.000214632 -0.000134016 0.999989 0.00473497 -0.000214368 -0.00473503 0.999989 0.0624255 0.0312764 -0.155629
FixedParameters: 0 0 0

#Transform 269
Transform: AffineTransform_float_3_3
Parameters: 1 1.87105e-05 0.000269093 -2.02939e-05 0.999989 0.004793 -0.000269906 -0.00479301 0.999989 0.0636605 0.02394 -0.156642
FixedParameters: 0 0 0

#Transform 270
Transform: AffineTransform_float_3_3
Parameters: 1 0.000146124 0.000168763 -0.000146878 0.999987 0.00520498 -0.000168238 -0.00520503 0.999987 0.0660445 0.00763791 -0.146278
FixedParameters: 0 0 0

#Transform 271
Transform: AffineTransform_float_3_3
Parameters: 1 2.04676e-05 -9.28982e-05 -1.95319e-05 0.999988 0.00503101 9.30995e-05 -0.005031 0.999988 0.0730086 0.0550753 -0.147452
FixedParameters: 0 0 0

#Transform 272
Transform: AffineTransform_float_3_3
Parameters: 1 8.74463e-05 0.000116418 -8.85516e-05 0.999988 0.00476399 -0.000115579 -0.00476401 0.999988 0.0673945 0.0442889 -0.151581
FixedParameters: 0 0 0

#Transform 273
Transform: AffineTransform_float_3_3
Parameters: 1 2.01185e-05 -2.28964e-05 -1.9881e-05 0.999986 0.005162 2.31029e-05 -0.005162 0.999986 0.0671773 0.0148171 -0.140495
FixedParameters: 0 0 0

#Transform 274
Transform: AffineTransform_float_3_3
Parameters: 1 2.04694e-05 -9.28978e-05 -1.95301e-05 0.999987 0.00505 9.30998e-05 -0.00505 0.999987 0.070629 0.0353775 -0.134582
FixedParameters: 0 0 0

#Transform 275
Transform: AffineTransform_float_3_3
Parameters: 1 8.80301e-05 -5.54206e-06 -8.79676e-05 0.999987 0.00520301 6.45779e-06 -0.005203 0.999987 0.0657895 0.0333375 -0.139633
FixedParameters: 0 0 0

#Transform 276
Transform: AffineTransform_float_3_3
Parameters: 1 1.97523e-05 4.91004e-05 -2.02472e-05 0.999987 0.00505 -4.88984e-05 -0.00505 0.999987 0.0697056 0.0353862 -0.148506
FixedParameters: 0 0 0

#Transform 277
Transform: AffineTransform_float_3_3
Parameters: 1 2.05129e-05 -9.28882e-05 -1.94865e-05 0.999985 0.005518 9.31089e-05 -0.005518 0.999985 0.0679849 0.00687601 -0.139696
FixedParameters: 0 0 0

#Transform 278
Transform: AffineTransform_float_3_3
Parameters: 1 2.04869e-05 -9.2894e-05 -1.95126e-05 0.999987 0.005238 9.31035e-05 -0.005238 0.999987 0.0679802 0.0331078 -0.137113
FixedParameters: 0 0 0

#Transform 279
Transform: AffineTransform_float_3_3
Parameters: 1 1.95776e-05 7.71085e-05 -2.04218e-05 0.999985 0.005482 -7.68892e-05 -0.005482 0.999985 0.0638191 0.0302085 -0.146039
FixedParameters: 0 0 0

#Transform 280
Transform: AffineTransform_float_3_3
Parameters: 1 0.000163388 0.000294899 -0.000164607 0.999985 0.00547595 -0.000293103 -0.00547605 0.999985 0.0587951 0.0228294 -0.150583
FixedParameters: 0 0 0

#Transform 281
Transform: AffineTransform_float_3_3
Parameters: 1 1.9232e-05 0.000144105 -1.97727e-05 0.999986 0.00533099 -0.000144897 -0.005331 0.999986 0.0651407 0.0258693 -0.142275
FixedParameters: 0 0 0

#Transform 282
Transform: AffineTransform_float_3_3
Parameters: 1 9.34643e-05 -9.25333e-05 -9.25384e-05 0.999988 0.00500501 9.24643e-05 -0.00500499 0.999987 0.0668035 0.0357905 -0.132498
FixedParameters: 0 0 0

#Transform 283
Transform: AffineTransform_float_3_3
Parameters: 1 2.04585e-05 -9.29002e-05 -1.9541e-05 0.999988 0.004933 9.30975e-05 -0.004933 0.999988 0.0679751 0.0540509 -0.131449
FixedParameters: 0 0 0

#Transform 284
Transform: AffineTransform_float_3_3
Parameters: 1 8.31369e-05 -0.000218571 -8.18662e-05 0.999987 0.00519602 0.000218428 -0.00519598 0.999986 0.0683933 0.0334864 -0.13277
FixedParameters: 0 0 0

#Transform 285
Transform: AffineTransform_float_3_3
Parameters: 1 2.1148e-05 -0.000212889 -1.98514e-05 0.999986 0.00539101 0.00021311 -0.005391 0.999986 0.0694241 0.0314133 -0.125262
FixedParameters: 0 0 0

#Transform 286
Transform: AffineTransform_float_3_3
Parameters: 1 2.08868e-05 -0.000161888 -2.01126e-05 0.999985 0.005476 0.000162113 -0.005476 0.999985 0.0687867 0.0303381 -0.127293
FixedParameters: 0 0 0

#Transform 287
Transform: AffineTransform_float_3_3
Parameters: 1 2.0509e-05 -9.28891e-05 -1.94904e-05 0.999985 0.005476 9.31081e-05 -0.005476 0.999985 0.0679847 0.0450869 -0.129315
FixedParameters: 0 0 0

#Transform 288
Transform: AffineTransform_float_3_3
Parameters: 1 2.0509e-05 -9.28891e-05 -1.94904e-05 0.999985 0.005476 9.31081e-05 -0.005476 0.999985 0.0679841 0.0357692 -0.125042
FixedParameters: 0 0 0

#Transform 289
Transform: AffineTransform_float_3_3
Parameters: 1 2.04881e-05 -9.28937e-05 -1.95114e-05 0.999986 0.005251 9.31038e-05 -0.005251 0.999986 0.0679938 0.0146245 -0.137382
FixedParameters: 0 0 0

#Transform 290
Transform: AffineTransform_float_3_3
Parameters: 1 7.88475e-05 -0.000154571 -7.71558e-05 0.999985 0.00547401 0.000154425 -0.00547499 0.999985 0.0677725 0.00710972 -0.137836
FixedParameters: 0 0 0

#Transform 291
Transform: AffineTransform_float_3_3
Parameters: 1 0.000109095 0.000173572 -0.000110902 0.999987 0.00522398 -0.000172423 -0.00522302 0.999987 0.0632637 0.0441224 -0.1416
FixedParameters: 0 0 0

#Transform 292
Transform: AffineTransform_float_3_3
Parameters: 1 0.000249939 0.000192387 -0.000251065 0.999984 0.00553595 -0.000191613 -0.00553604 0.999984 0.051006 0.0531456 -0.133265
FixedParameters: 0 0 0

#Transform 293
Transform: AffineTransform_float_3_3
Parameters: 1 1.95314e-05 9.30996e-05 -1.94681e-05 0.999988 0.005036 -9.29032e-05 -0.00503601 0.999988 0.0639084 0.0208068 -0.117798
FixedParameters: 0 0 0

#Transform 294
Transform: AffineTransform_float_3_3
Parameters: 1 0.000130976 0.00038769 -0.000133026 0.999987 0.00522495 -0.00038731 -0.00522505 0.999987 0.0608747 0.0364399 -0.115352
FixedParameters: 0 0 0

#Transform 295
Transform: AffineTransform_float_3_3
Parameters: 1 0.000159292 0.000320854 -0.000161709 0.999986 0.00533095 -0.000320142 -0.00533105 0.999985 0.0583741 0.0376708 -0.124878
FixedParameters: 0 0 0

#Transform 296
Transform: AffineTransform_float_3_3
Parameters: 1 0.000164873 0.00036796 -0.000167127 0.999983 0.00578694 -0.000367039 -0.00578706 0.999983 0.0608685 0.0321604 -0.136021
FixedParameters: 0 0 0

#Transform 297
Transform: AffineTransform_float_3_3
Parameters: 1 1.80491e-05 0.000367101 -1.99503e-05 0.999986 0.00531499 -0.000366899 -0.00531501 0.999986 0.0673059 0.0240341 -0.123623
FixedParameters: 0 0 0

#Transform 298
Transform: AffineTransform_float_3_3
Parameters: 1 9.16542e-05 0.000246505 -9.23485e-05 0.999985 0.00546498 -0.000246499 -0.00546502 0.999985 0.0697969 0.0362707 -0.128547
FixedParameters: 0 0 0

#Transform 299
Transform: AffineTransform_float_3_3
Parameters: 1 0.000111417 0.000292608 -0.00011258 0.999986 0.00541697 -0.000291394 -0.00541704 0.999986 0.066066 0.0502695 -0.133103
FixedParameters: 0 0 0

#Transform 300
Transform: AffineTransform_float_3_3
Parameters: 1 1.89535e-05 0.000200102 -2.00459e-05 0.999987 0.005231 -0.000199898 -0.00523101 0.999987 0.0684459 0.0365269 -0.123676
FixedParameters: 0 0 0

#Transform 301
Transform: AffineTransform_float_3_3
Parameters: 1 1.93812e-05 0.000574021 -1.96187e-05 0.999999 0.00107799 -0.000573979 -0.00107801 1 0.0688051 0.0596502 0.0423348
FixedParameters: 0 0 0

#Transform 302
Transform: AffineTransform_float_3_3
Parameters: 0.999999 2.00389e-05 0.001342 -1.99611e-05 1 -2.90268e-05 -0.001342 2.89731e-05 0.999999 0.0641906 0.0644982 0.0964284
FixedParameters: 0 0 0

#Transform 303
Transform: AffineTransform_float_3_3
Parameters: 1 7.56861e-05 0.000587912 -7.53137e-05 1 -0.00116705 -0.000588088 0.00116696 0.999999 0.0722682 0.0993082 0.0794001
FixedParameters: 0 0 0

#Transform 304
Transform: AffineTransform_float_3_3
Parameters: 1 8.51996e-05 0.000235928 -8.58011e-05 0.999999 -0.00084602 -0.000235073 0.000845979 0.999999 0.0821913 0.0965608 0.074086
FixedParameters: 0 0 0

#Transform 305
Transform: AffineTransform_float_3_3
Parameters: 1 1.98859e-05 0.000324007 -2.0114e-05 1 0.000351993 -0.000323993 -0.000352006 1 0.0732214 0.0764012 0.087169
FixedParameters: 0 0 0

#Transform 306
Transform: AffineTransform_float_3_3
Parameters: 1 2.00609e-05 0.000207994 -1.99391e-05 1 -0.000293004 -0.000208006 0.000292996 1 0.0743949 0.199467 0.0840237
FixedParameters: 0 0 0

#Transform 307
Transform: AffineTransform_float_3_3
Parameters: 1 0.000165938 0.000390026 -0.000166062 1 0.000158935 -0.000389974 -0.000159065 1 0.0600866 0.00903247 0.0874291
FixedParameters: 0 0 0

#Transform 308
Transform: AffineTransform_float_3_3
Parameters: 1 0.000137959 0.000208027 -0.000138041 1 0.000198971 -0.000207973 -0.000199029 1 0.0677177 0.0706706 0.0757407
FixedParameters: 0 0 0

#Transform 309
Transform: AffineTransform_float_3_3
Parameters: 1 0.000244955 0.000324034 -0.000245045 1 0.000138921 -0.000323966 -0.000139079 1 0.0625194 0.0730395 0.0663082
FixedParameters: 0 0 0

#Transform 310
Transform: AffineTransform_float_3_3
Parameters: 1 0.00027688 0.000460072 -0.00027712 1 0.000260872 -0.000459928 -0.000261127 1 0.0535966 0.0698606 0.058326
FixedParameters: 0 0 0

#Transform 311
Transform: AffineTransform_float_3_3
Parameters: 1 0.000219878 0.000437061 -0.000219121 1 0.000277904 -0.000436939 -0.000278096 1 0.0582049 0.0584426 0.0406422
FixedParameters: 0 0 0

#Transform 312
Transform: AffineTransform_float_3_3
Parameters: 1 0.000253799 0.000208245 -0.000254202 1 0.000966947 -0.000208754 -0.000967053 0.999999 0.0619474 0.0773888 0.0440434
FixedParameters: 0 0 0

#Transform 313
Transform: AffineTransform_float_3_3
Parameters: 1 0.000218512 -0.000184395 -0.000218489 0.999996 0.00277004 0.000184606 -0.00276996 0.999996 0.0660552 0.104129 0.0705307
FixedParameters: 0 0 0

#Transform 314
Transform: AffineTransform_float_3_3
Parameters: 0.999999 -0.000452854 -0.000807199 0.000461144 0.999936 0.0113666 0.00080181 -0.0113674 0.999935 0.0827658 0.101927 0.091867
FixedParameters: 0 0 0

#Transform 315
Transform: AffineTransform_float_3_3
Parameters: 1 -0.000639951 -0.00102562 0.000652054 0.999931 0.0117913 0.00101838 -0.0117917 0.99993 0.0885367 0.087021 0.0677667
FixedParameters: 0 0 0

#Transform 316
Transform: AffineTransform_float_3_3
Parameters: 1 -0.000226496 -0.000570807 0.000230505 0.999968 0.00790286 0.000569196 -0.00790213 0.999968 0.0637265 0.0590221 -0.00343222
FixedParameters: 0 0 0

#Transform 317
Transform: AffineTransform_float_3_3
Parameters: 1 -0.000167777 -0.000626147 0.000172222 0.999977 0.0067509 0.000624851 -0.00675111 0.999977 0.0759159 0.0574656 0.0376807
FixedParameters: 0 0 0

#Transform 318
Transform: AffineTransform_float_3_3
Parameters: 1 -0.000241289 -0.000518742 0.000245713 0.999975 0.00716588 0.000517253 -0.00716513 0.999974 0.0709595 0.0385029 0.067634
FixedParameters: 0 0 0

#Transform 319
Transform: AffineTransform_float_3_3
Parameters: 0.999999 -0.000134168 -0.000802996 0.000140832 0.999973 0.00726789 0.000801998 -0.00726711 0.999974 0.0774483 0.189351 0.0570888
FixedParameters: 0 0 0

#Transform 320
Transform: AffineTransform_float_3_3
Parameters: 0.999999 -0.00107001 0.00142889 0.00105499 0.999944 0.0104615 -0.00144012 -0.0104595 0.999945 0.076592 0.235047 -0.17089
FixedParameters: 0 0 0

#Transform 321
Transform: AffineTransform_float_3_3
Parameters: 1 -0.00078843 0.0007068 0.000781569 0.999945 0.0104506 -0.000715207 -0.0104504 0.999945 0.0707366 -0.265665 -0.393731
FixedParameters: 0 0 0

#Transform 322
Transform: AffineTransform_float_3_3
Parameters: 1 -0.000207582 0.000407194 0.000203419 0.999961 0.00877808 -0.000408801 -0.00877791 0.999962 0.0393492 -0.0516859 -0.240393
FixedParameters: 0 0 0

#Transform 323
Transform: AffineTransform_float_3_3
Parameters: 0.999999 -0.000460876 0.00066899 0.000455124 0.999962 0.00875732 -0.000673011 -0.0087567 0.999962 0.0518946 0.0500456 -0.203615
FixedParameters: 0 0 0

#Transform 324
Transform: AffineTransform_float_3_3
Parameters: 1 -0.000378787 0.000555767 0.00037421 0.999963 0.00858921 -0.000559235 -0.00858879 0.999963 0.0432727 0.0966005 -0.222436
FixedParameters: 0 0 0

#Transform 325
Transform: AffineTransform_float_3_3
Parameters: 1 -0.000314716 0.000316321 0.000312287 0.999964 0.00854911 -0.000318681 -0.00854891 0.999964 0.0453443 0.18824 -0.241756
FixedParameters: 0 0 0

#Transform 326
Transform: AffineTransform_float_3_3
Parameters: 0.999999 -0.000124176 0.000791908 0.000116823 0.999959 0.00905509 -0.00079309 -0.0090549 0.999958 0.0322516 0.148872 -0.272998
FixedParameters: 0 0 0

#Transform 327
Transform: AffineTransform_float_3_3
Parameters: 0.999997 -0.000732929 0.00199674 0.00072407 0.99999 0.00446845 -0.00200025 -0.00446754 0.999988 0.0395669 0.0713664 -0.0545999
FixedParameters: 0 0 0

#Transform 328
Transform: AffineTransform_float_3_3
Parameters: 0.999994 -0.00118092 0.00305287 0.00117808 0.999999 0.000958601 -0.00305413 -0.000955398 0.999995 0.0464291 0.041648 0.153283
FixedParameters: 0 0 0

#Transform 329
Transform: AffineTransform_float_3_3
Parameters: 0.999995 -0.00118462 0.00299378 0.00117938 0.999997 0.00187854 -0.00299622 -0.00187446 0.999994 0.0566161 0.0347693 0.149141
FixedParameters: 0 0 0

#Transform 330
Transform: AffineTransform_float_3_3
Parameters: 0.999996 -0.00118536 0.00280332 0.00117965 0.999996 0.00226732 -0.00280568 -0.00226468 0.999993 0.0588566 0.0407951 0.154436
FixedParameters: 0 0 0

#Transform 331
Transform: AffineTransform_float_3_3
Parameters: 0.999995 -0.00106533 0.00273154 0.00105867 0.999997 0.0023169 -0.00273446 -0.0023141 0.999993 0.0601375 0.0621931 0.161293
FixedParameters: 0 0 0

#Transform 332
Transform: AffineTransform_float_3_3
Parameters: 0.999995 -0.00101059 0.00280828 0.0010024 0.999996 0.00270483 -0.00281072 -0.00270117 0.999993 0.0596171 0.0481181 0.164802
FixedParameters: 0 0 0

#Transform 333
Transform: AffineTransform_float_3_3
Parameters: 0.999996 -0.000902101 0.00260289 0.000895901 0.999997 0.00234334 -0.00260511 -0.00234166 0.999994 0.0594897 0.0997709 0.14535
FixedParameters: 0 0 0

#Transform 334
Transform: AffineTransform_float_3_3
Parameters: 0.999998 -0.000824751 0.00212917 0.000820251 0.999997 0.00223075 -0.00213084 -0.00222925 0.999995 0.0588856 0.0623483 0.141763
FixedParameters: 0 0 0

#Transform 335
Transform: AffineTransform_float_3_3
Parameters: 0.999999 -0.000814574 0.00147603 0.000811427 0.999996 0.0024202 -0.00147797 -0.0024188 0.999996 0.0692498 0.185932 0.145436
FixedParameters: 0 0 0

#Transform 336
Transform: AffineTransform_float_3_3
Parameters: 0.999998 -0.000793187 0.00175812 0.00078881 0.999997 0.00238139 -0.00176088 -0.00237961 0.999995 0.0681514 0.0888901 0.130821
FixedParameters: 0 0 0

#Transform 337
Transform: AffineTransform_float_3_3
Parameters: 0.999999 -0.00076215 0.00161505 0.000758851 0.999997 0.00256823 -0.00161695 -0.00256677 0.999996 0.0668515 0.146704 0.129003
FixedParameters: 0 0 0

#Transform 338
Transform: AffineTransform_float_3_3
Parameters: 0.999998 -0.000764466 0.00183014 0.000760533 0.999996 0.0024404 -0.00183186 -0.0024386 0.999996 0.064455 0.0575558 0.117606
FixedParameters: 0 0 0

#Transform 339
Transform: AffineTransform_float_3_3
Parameters: 0.999998 -0.00071975 0.00173103 0.00071425 0.999996 0.00274324 -0.00173297 -0.00274176 0.999994 0.064725 0.0475239 0.114462
FixedParameters: 0 0 0

#Transform 340
Transform: AffineTransform_float_3_3
Parameters: 0.999998 -0.000821318 0.00179112 0.000815681 0.999994 0.00352447 -0.00179489 -0.00352353 0.999992 0.0657504 0.0741261 0.112458
FixedParameters: 0 0 0

#Transform 341
Transform: AffineTransform_float_3_3
Parameters: 0.999998 -0.000901424 0.00171464 0.000894575 0.999992 0.00374354 -0.00171836 -0.00374245 0.999991 0.07103 0.066157 0.109848
FixedParameters: 0 0 0

#Transform 342
Transform: AffineTransform_float_3_3
Parameters: 0.999998 -0.000891823 0.00172148 0.000885174 0.999992 0.00396053 -0.00172552 -0.00395847 0.99999 0.0677748 0.0558025 0.113564
FixedParameters: 0 0 0

#Transform 343
Transform: AffineTransform_float_3_3
Parameters: 0.999998 -0.000959276 0.00164035 0.000952727 0.999992 0.00382157 -0.00164365 -0.00382043 0.999992 0.0740307 0.0825328 0.11125
FixedParameters: 0 0 0

#Transform 344
Transform: AffineTransform_float_3_3
Parameters: 0.999999 -0.000874856 0.00130676 0.000870143 0.999992 0.00371214 -0.00131024 -0.00371086 0.999993 0.072362 0.0888652 0.107121
FixedParameters: 0 0 0

#Transform 345
Transform: AffineTransform_float_3_3
Parameters: 0.999999 -0.000917826 0.00160411 0.000911173 0.99999 0.00425147 -0.00160789 -0.00424953 0.999989 0.0695296 0.0634702 0.108881
FixedParameters: 0 0 0

#Transform 346
Transform: AffineTransform_float_3_3
Parameters: 0.999998 -0.000803251 0.00141647 0.000796746 0.99999 0.00440814 -0.00142053 -0.00440687 0.99999 0.074735 0.0748393 0.107476
FixedParameters: 0 0 0

#Transform 347
Transform: AffineTransform_float_3_3
Parameters: 0.999999 -0.00084578 0.00130628 0.000840218 0.99999 0.0044181 -0.00131073 -0.0044179 0.99999 0.0718291 0.0946883 0.10369
FixedParameters: 0 0 0

#Transform 348
Transform: AffineTransform_float_3_3
Parameters: 0.999999 -0.000818628 0.00130649 0.00081337 0.999991 0.00430207 -0.00131051 -0.00430093 0.99999 0.0771895 0.096167 0.118858
FixedParameters: 0 0 0

#Transform 349
Transform: AffineTransform_float_3_3
Parameters: 0.999998 -0.000780104 0.00145474 0.000773894 0.999991 0.00419213 -0.00145826 -0.00419087 0.99999 0.06898 0.0681283 0.115636
FixedParameters: 0 0 0

#Transform 350
Transform: AffineTransform_float_3_3
Parameters: 0.999999 -0.000859395 0.00152542 0.000852607 0.999991 0.00418831 -0.00152858 -0.00418669 0.99999 0.0694661 0.082998 0.11683
FixedParameters: 0 0 0

#Transform 351
Transform: AffineTransform_float_3_3
Parameters: 0.999999 -0.000846812 0.00130625 0.000841184 0.99999 0.0044441 -0.00131075 -0.0044429 0.99999 0.0719022 0.0637796 0.122364
FixedParameters: 0 0 0

#Transform 352
Transform: AffineTransform_float_3_3
Parameters: 0.999998 -0.000802662 0.00156961 0.000795339 0.99999 0.00424125 -0.00157239 -0.00423974 0.99999 0.0705261 0.0590801 0.118113
FixedParameters: 0 0 0

#Transform 353
Transform: AffineTransform_float_3_3
Parameters: 0.999999 -0.000903495 0.0014971 0.000896502 0.99999 0.00433335 -0.0015019 -0.00433165 0.999989 0.0705106 0.0452982 0.119985
FixedParameters: 0 0 0

#Transform 354
Transform: AffineTransform_float_3_3
Parameters: 0.999999 -0.000959091 0.00152719 0.000952911 0.999991 0.00398346 -0.00153081 -0.00398254 0.999991 0.0711306 0.0880915 0.113763
FixedParameters: 0 0 0

#Transform 355
Transform: AffineTransform_float_3_3
Parameters: 0.999998 -0.000926701 0.00130668 0.000922297 0.999993 0.00359421 -0.00131032 -0.00359279 0.999992 0.073265 0.0872591 0.10194
FixedParameters: 0 0 0

#Transform 356
Transform: AffineTransform_float_3_3
Parameters: 0.999999 -0.000788077 0.00156145 0.000780922 0.99999 0.00452723 -0.00156555 -0.00452577 0.999988 0.0756631 0.0516446 0.13108
FixedParameters: 0 0 0

#Transform 357
Transform: AffineTransform_float_3_3
Parameters: 0.999999 -0.000656921 0.00130704 0.000651077 0.999989 0.00452685 -0.00130996 -0.00452514 0.999989 0.0686127 0.0600309 0.131773
FixedParameters: 0 0 0

#Transform 358
Transform: AffineTransform_float_3_3
Parameters: 0.999999 -0.000868489 0.00130637 0.000863507 0.999991 0.00419713 -0.00131064 -0.00419587 0.999991 0.0777058 0.09593 0.108615
FixedParameters: 0 0 0

#Transform 359
Transform: AffineTransform_float_3_3
Parameters: 0.999999 -0.000743144 0.00130652 0.000736853 0.999988 0.00469697 -0.00131048 -0.00469603 0.999988 0.0700586 0.0829023 0.123725
FixedParameters: 0 0 0

#Transform 360
Transform: AffineTransform_float_3_3
Parameters: 0.999999 -0.000653815 0.00172506 0.000646185 0.999989 0.00452712 -0.00172794 -0.00452588 0.999989 0.0636387 0.0657789 0.132934
FixedParameters: 0 0 0

#Transform 361
Transform: AffineTransform_float_3_3
Parameters: 0.999999 -0.000740332 0.00105497 0.000736668 0.999992 0.00410078 -0.00105803 -0.00409922 0.999991 0.073046 0.0968315 0.0848825
FixedParameters: 0 0 0

#Transform 362
Transform: AffineTransform_float_3_3
Parameters: 0.999998 -0.000657508 0.00150561 0.00065249 0.999993 0.00365599 -0.0015084 -0.00365501 0.999992 0.0663812 0.102563 0.056035
FixedParameters: 0 0 0

#Transform 363
Transform: AffineTransform_float_3_3
Parameters: 0.999998 -0.000675758 0.00177745 0.000669243 0.999992 0.0038002 -0.00177956 -0.0037988 0.999991 0.0662431 0.0637607 0.036148
FixedParameters: 0 0 0

#Transform 364
Transform: AffineTransform_float_3_3
Parameters: 1 -0.000648142 0.000944171 0.00064486 0.99999 0.00437961 -0.000946834 -0.00437939 0.99999 0.0728104 0.0453554 -0.0219953
FixedParameters: 0 0 0

#Transform 365
Transform: AffineTransform_float_3_3
Parameters: 0.999999 -0.000634435 0.00117408 0.000629566 0.999989 0.00462374 -0.00117692 -0.00462326 0.999988 0.0754509 0.0557365 0.00813535
FixedParameters: 0 0 0

#Transform 366
Transform: AffineTransform_float_3_3
Parameters: 0.999999 -0.000612446 0.000585451 0.000609555 0.999991 0.00417036 -0.000587547 -0.00416964 0.999991 0.0764591 0.0611347 -0.0043774
FixedParameters: 0 0 0

#Transform 367
Transform: AffineTransform_float_3_3
Parameters: 1 -0.000203903 -0.000639672 0.000206097 0.999994 0.00327887 0.000639328 -0.00327913 0.999995 0.0650043 0.0694296 -0.259103
FixedParameters: 0 0 0

#Transform 368
Transform: AffineTransform_float_3_3
Parameters: 1 -1.22637e-05 -0.00107604 1.47362e-05 0.999997 0.00254299 0.00107597 -0.00254301 0.999996 0.0543588 0.159882 -0.392747
FixedParameters: 0 0 0

#Transform 369
Transform: AffineTransform_float_3_3
Parameters: 1 -0.000296958 -1.48672e-05 0.000297042 0.999995 0.00291999 1.41327e-05 -0.00292 0.999995 0.0668942 -0.0129198 -0.101812
FixedParameters: 0 0 0

#Transform 370
Transform: AffineTransform_float_3_3
Parameters: 1 -0.000297116 4.32089e-05 0.000296885 0.999997 0.00266302 -4.37908e-05 -0.00266299 0.999997 0.0693889 0.0103624 -0.0822421
FixedParameters: 0 0 0

#Transform 371
Transform: AffineTransform_float_3_3
Parameters: 1 -0.000296434 -0.000214784 0.000296567 0.999997 0.00264094 0.000214218 -0.00264107 0.999997 0.0700448 0.0297583 -0.068643
FixedParameters: 0 0 0

#Transform 372
Transform: AffineTransform_float_3_3
Parameters: 1 -0.000296595 -0.000143838 0.000296406 0.999996 0.00282496 0.000143163 -0.00282504 0.999996 0.0752297 0.0504743 -0.0844967
FixedParameters: 0 0 0

#Transform 373
Transform: AffineTransform_float_3_3
Parameters: 1 -0.000297081 2.7121e-05 0.000296919 0.999995 0.00295901 -2.78787e-05 -0.00295899 0.999995 0.0708968 0.0484286 -0.0772398
FixedParameters: 0 0 0

#Transform 374
Transform: AffineTransform_float_3_3
Parameters: 1 -0.000485412 -0.000215332 0.000485588 0.999996 0.0027419 0.00021367 -0.00274111 0.999996 0.0816472 0.108289 -0.0671
FixedParameters: 0 0 0

#Transform 375
Transform: AffineTransform_float_3_3
Parameters: 1 -0.000585365 -0.000215731 0.000585636 0.999996 0.00295587 0.00021427 -0.00295613 0.999995 0.0834131 0.0941589 -0.089208
FixedParameters: 0 0 0

#Transform 376
Transform: AffineTransform_float_3_3
Parameters: 1 -0.000177867 -4.94826e-05 0.000178135 0.999997 0.00271199 4.95171e-05 -0.00271201 0.999997 0.073337 0.0855913 -0.0989889
FixedParameters: 0 0 0

#Transform 377
Transform: AffineTransform_float_3_3
Parameters: 1 -0.00026057 -0.000214523 0.000261429 0.999998 0.00200594 0.000213476 -0.00200606 0.999998 0.0822408 0.097362 -0.0527706
FixedParameters: 0 0 0

#Transform 378
Transform: AffineTransform_float_3_3
Parameters: 1 -0.000411573 -0.00021482 0.000412427 0.999998 0.00199091 0.000214179 -0.00199109 0.999998 0.0853237 0.103804 -0.0403977
FixedParameters: 0 0 0

#Transform 379
Transform: AffineTransform_float_3_3
Parameters: 1 -0.000397161 6.19783e-05 0.000396839 0.999996 0.00257302 -6.30212e-05 -0.00257297 0.999996 0.0764185 0.0636648 -0.043982
FixedParameters: 0 0 0

#Transform 380
Transform: AffineTransform_float_3_3
Parameters: 1 -0.000402949 0.000346901 0.000402051 0.999996 0.00273114 -0.000348099 -0.00273086 0.999996 0.0757839 0.0326292 -0.02909
FixedParameters: 0 0 0

#Transform 381
Transform: AffineTransform_float_3_3
Parameters: 1 -0.000545837 -8.40634e-05 0.000546162 0.999998 0.00194795 8.29362e-05 -0.00194805 0.999998 0.0873816 0.146659 -0.0368165
FixedParameters: 0 0 0

#Transform 382
Transform: AffineTransform_float_3_3
Parameters: 1 -0.000182527 0.000297677 0.000181474 0.999999 0.00177006 -0.000297322 -0.00176995 0.999999 0.0644382 -0.0492559 -0.0579517
FixedParameters: 0 0 0

#Transform 383
Transform: AffineTransform_float_3_3
Parameters: 1 -0.000281701 -0.000214393 0.000282298 0.999999 0.00139494 0.000213606 -0.00139506 0.999999 0.077068 0.0577271 -0.0630248
FixedParameters: 0 0 0

#Transform 384
Transform: AffineTransform_float_3_3
Parameters: 1 -0.000285254 0.000135466 0.000284747 0.999998 0.00187404 -0.000135534 -0.00187396 0.999998 0.0707827 0.0336444 -0.0807962
FixedParameters: 0 0 0

#Transform 385
Transform: AffineTransform_float_3_3
Parameters: 1 -0.000285403 0.000221482 0.000285596 0.999999 0.00181706 -0.000222519 -0.00181694 0.999999 0.0658901 0.105659 -0.203718
FixedParameters: 0 0 0

#Transform 386
Transform: AffineTransform_float_3_3
Parameters: 0.999999 -0.000699374 0.00130573 0.000696625 0.999998 0.00181791 -0.00130727 -0.00181709 0.999998 0.060833 0.124114 -0.217802
FixedParameters: 0 0 0

#Transform 387
Transform: AffineTransform_float_3_3
Parameters: 0.999999 -0.00045813 0.000577105 0.00045687 0.999998 0.00195626 -0.000577895 -0.00195674 0.999998 0.0669885 0.0697108 -0.174927
FixedParameters: 0 0 0

#Transform 388
Transform: AffineTransform_float_3_3
Parameters: 1 -0.000285684 0.000368471 0.000285317 0.999998 0.00185511 -0.00036853 -0.0018549 0.999998 0.05626 0.0875418 -0.155477
FixedParameters: 0 0 0

#Transform 389
Transform: AffineTransform_float_3_3
Parameters: 1 -0.000285688 0.000368467 0.000285312 0.999998 0.00186711 -0.000368533 -0.0018669 0.999998 0.060522 0.0704349 -0.155274
FixedParameters: 0 0 0

#Transform 390
Transform: AffineTransform_float_3_3
Parameters: 1 -0.000472636 -0.000197871 0.000472364 0.999998 0.00184191 0.00019713 -0.00184209 0.999999 0.0661618 0.0427722 -0.158049
FixedParameters: 0 0 0

#Transform 391
Transform: AffineTransform_float_3_3
Parameters: 1 0.000152397 -0.000362254 -0.000153602 0.999998 -0.00166394 0.000361745 0.00166405 0.999998 0.0297415 0.193984 -0.554622
FixedParameters: 0 0 0

#Transform 392
Transform: AffineTransform_float_3_3
Parameters: 1 -0.00044865 0.000917154 0.00045135 0.999996 -0.00256359 -0.000915846 0.00256441 0.999997 0.05184 -0.0145306 -0.00600442
FixedParameters: 0 0 0

#Transform 393
Transform: AffineTransform_float_3_3
Parameters: 0.999999 -0.000318671 0.000994072 0.000322328 0.999995 -0.00334968 -0.000992925 0.00335032 0.999994 0.0593746 0.000383006 -0.0123682
FixedParameters: 0 0 0

#Transform 394
Transform: AffineTransform_float_3_3
Parameters: 0.999999 -0.00039086 0.000722162 0.000392139 0.999995 -0.00296572 -0.00072084 0.00296528 0.999996 0.0658015 0.0976965 -0.0166558
FixedParameters: 0 0 0

#Transform 395
Transform: AffineTransform_float_3_3
Parameters: 0.999999 -0.000449185 0.000722132 0.000450815 0.999996 -0.00251567 -0.000720868 0.00251532 0.999996 0.0674578 0.083948 -0.0112006
FixedParameters: 0 0 0

#Transform 396
Transform: AffineTransform_float_3_3
Parameters: 1 -0.000450274 0.000322017 0.000450726 0.999998 -0.00225686 -0.000320984 0.00225715 0.999998 0.0721777 0.107623 -0.0140475
FixedParameters: 0 0 0

#Transform 397
Transform: AffineTransform_float_3_3
Parameters: 1 -0.000358887 0.000508786 0.000360113 0.999998 -0.00218882 -0.000508213 0.00218918 0.999997 0.0690247 0.126769 -0.0134544
FixedParameters: 0 0 0

#Transform 398
Transform: AffineTransform_float_3_3
Parameters: 1 -0.000450412 0.000267992 0.000451589 0.999998 -0.00219988 -0.000267007 0.00220012 0.999998 0.0747999 0.136651 -0.0129262
FixedParameters: 0 0 0

#Transform 399
Transform: AffineTransform_float_3_3
Parameters: 1 -0.000353429 0.00028072 0.000353571 0.999998 -0.0020359 -0.000280281 0.0020361 0.999998 0.0795648 0.109814 -0.00380785
FixedParameters: 0 0 0

#Transform 400
Transform: AffineTransform_float_3_3
Parameters: 1 -0.000450612 0.000247707 0.000451388 0.999998 -0.00156789 -0.000247292 0.00156811 0.999998 0.0809882 0.092774 0.0123848
FixedParameters: 0 0 0

#Transform 401
Transform: AffineTransform_float_3_3
Parameters: 1 -0.000450633 0.000208794 0.000451368 0.999999 -0.00176191 -0.000208205 0.0017621 0.999999 0.0830694 0.110238 -0.00255144
FixedParameters: 0 0 0

#Transform 402
Transform: AffineTransform_float_3_3
Parameters: 1 -0.000450662 0.000212718 0.000451338 0.999998 -0.0015919 -0.000212282 0.00159209 0.999998 0.0849015 0.0897407 0.00731653
FixedParameters: 0 0 0

#Transform 403
Transform: AffineTransform_float_3_3
Parameters: 1 -0.000450543 0.000320644 0.000451456 0.999999 -0.00142786 -0.000319356 0.00142714 0.999999 0.0769983 0.0563096 0.0174764
FixedParameters: 0 0 0

#Transform 404
Transform: AffineTransform_float_3_3
Parameters: 1 -0.000450455 0.00033673 0.000451543 0.999998 -0.00161985 -0.000335269 0.00162015 0.999998 0.0815708 0.0769967 0.0157743
FixedParameters: 0 0 0

#Transform 405
Transform: AffineTransform_float_3_3
Parameters: 1 -0.000450657 0.000204757 0.000451344 0.999999 -0.00167891 -0.000204242 0.00167909 0.999998 0.0833169 0.0684453 0.0140883
FixedParameters: 0 0 0

#Transform 406
Transform: AffineTransform_float_3_3
Parameters: 1 -0.000451002 -1.38619e-06 0.000450998 0.999999 -0.001361 1.61381e-06 0.001361 0.999999 0.0846383 0.0628562 0.0225583
FixedParameters: 0 0 0

#Transform 407
Transform: AffineTransform_float_3_3
Parameters: 1 -0.000450942 5.0524e-05 0.000451059 0.999999 -0.00116198 -5.04759e-05 0.00116202 1 0.0864554 0.0762662 0.0144594
FixedParameters: 0 0 0

#Transform 408
Transform: AffineTransform_float_3_3
Parameters: 1 -0.00045106 -5.75291e-05 0.000450939 1 -0.00104403 5.84708e-05 0.00104397 1 0.0890894 0.115712 0.0151948
FixedParameters: 0 0 0

#Transform 409
Transform: AffineTransform_float_3_3
Parameters: 1 -0.000450931 6.15069e-05 0.000451069 1 -0.00112397 -6.1493e-05 0.00112403 1 0.0860112 0.0994632 0.00558646
FixedParameters: 0 0 0

#Transform 410
Transform: AffineTransform_float_3_3
Parameters: 1 -0.000451073 -6.85215e-05 0.000450928 1 -0.00106103 6.84785e-05 0.00106097 1 0.089361 0.0870176 0.00699674
FixedParameters: 0 0 0

#Transform 411
Transform: AffineTransform_float_3_3
Parameters: 1 -0.000451056 -6.15904e-05 0.000450944 1 -0.000908028 6.24094e-05 0.000907972 0.999999 0.0885364 0.0969272 0.00942992
FixedParameters: 0 0 0

#Transform 412
Transform: AffineTransform_float_3_3
Parameters: 1 -0.000451228 -0.000249589 0.000450772 1 -0.000910113 0.000250411 0.000910887 0.999999 0.0871439 0.103514 0.00206646
FixedParameters: 0 0 0

#Transform 413
Transform: AffineTransform_float_3_3
Parameters: 1 -0.000451195 -0.000249647 0.000450804 0.999999 -0.000782112 0.000250352 0.000781887 0.999999 0.0855225 0.0715284 -0.00262618
FixedParameters: 0 0 0

#Transform 414
Transform: AffineTransform_float_3_3
Parameters: 0.999999 -4.07481e-05 -0.000890011 4.02518e-05 1 0.000282964 0.000889988 -0.000283036 0.999999 0.0666501 0.0878031 -0.0827261
FixedParameters: 0 0 0

#Transform 415
Transform: AffineTransform_float_3_3
Parameters: 0.999999 -0.000180614 -0.0012612 0.000181387 1 0.00109977 0.0012608 -0.00109923 0.999998 0.0732734 0.05893 -0.051699
FixedParameters: 0 0 0

#Transform 416
Transform: AffineTransform_float_3_3
Parameters: 1 -0.000188081 -0.00108616 0.00018892 0.999999 0.000846795 0.00108584 -0.000846204 0.999999 0.0766282 0.0202635 -0.023889
FixedParameters: 0 0 0

#Transform 417
Transform: AffineTransform_float_3_3
Parameters: 1 -0.000301253 -0.00106621 0.000301747 0.999999 0.000700679 0.00106579 -0.000701321 0.999999 0.0846169 0.0538068 -0.0167511
FixedParameters: 0 0 0

#Transform 418
Transform: AffineTransform_float_3_3
Parameters: 1 -0.000298524 -0.000959149 0.000298477 1 0.000496714 0.000958853 -0.000496287 1 0.0874722 0.0949506 -0.0258885
FixedParameters: 0 0 0

#Transform 419
Transform: AffineTransform_float_3_3
Parameters: 0.999999 5.06915e-05 -0.000793019 -5.13084e-05 1 -0.000388959 0.00079298 0.00038904 0.999999 0.0678443 0.083976 -0.0420206
FixedParameters: 0 0 0

#Transform 420
Transform: AffineTransform_float_3_3
Parameters: 1 -0.000139247 -0.0003429 0.000138754 0.999999 -0.000719047 0.0003421 0.000718952 0.999999 0.0754727 0.128953 -0.0131792
FixedParameters: 0 0 0

#Transform 421
Transform: AffineTransform_float_3_3
Parameters: 1 -0.000318116 -0.000406909 0.000317884 1 -0.000285129 0.00040709 0.00028487 1 0.0837637 0.0843653 0.012867
FixedParameters: 0 0 0

#Transform 422
Transform: AffineTransform_float_3_3
Parameters: 1 -0.000257201 -0.000406873 0.000256799 1 -0.000493104 0.000407127 0.000493895 1 0.081918 0.11147 -0.00505541
FixedParameters: 0 0 0

#Transform 423
Transform: AffineTransform_float_3_3
Parameters: 1 -0.000334056 -0.000347946 0.000333944 1 -0.000161116 0.000348054 0.000160884 1 0.0835972 0.0873176 -0.00384539
FixedParameters: 0 0 0

#Transform 424
Transform: AffineTransform_float_3_3
Parameters: 1 -0.000451079 -0.000209831 0.000450921 1 -0.000375095 0.000209169 0.000375906 1 0.086157 0.0876864 -0.00219316
FixedParameters: 0 0 0

#Transform 425
Transform: AffineTransform_float_3_3
Parameters: 1 -0.000336008 -1.48071e-05 0.000335991 1 -0.000574005 1.51929e-05 0.000573995 1 0.0818842 0.0943584 -0.0117357
FixedParameters: 0 0 0

#Transform 426
Transform: AffineTransform_float_3_3
Parameters: 1 -0.000451195 -0.000406784 0.000450805 1 -0.000479183 0.000407216 0.000478816 1 0.0901987 0.0933969 -0.00909926
FixedParameters: 0 0 0

#Transform 427
Transform: AffineTransform_float_3_3
Parameters: 1 -0.000294998 -0.000407001 0.000295002 1 4.87993e-06 0.000406998 -5.12006e-06 1 0.0867244 0.0582207 -0.000908007
FixedParameters: 0 0 0

#Transform 428
Transform: AffineTransform_float_3_3
Parameters: 1 -0.000285969 -0.000487018 0.000286032 1 6.48607e-05 0.000486982 -6.41393e-05 1 0.0864554 0.0574577 0.00644956
FixedParameters: 0 0 0

#Transform 429
Transform: AffineTransform_float_3_3
Parameters: 1 -0.00045101 -0.000406988 0.000450989 1 -2.61835e-05 0.000407012 2.58164e-05 1 0.0899023 0.0918626 -0.00145306
FixedParameters: 0 0 0

#Transform 430
Transform: AffineTransform_float_3_3
Parameters: 1 -0.000289111 -0.000593946 0.000288889 1 -0.000187172 0.000594054 0.000186828 1 0.0880577 0.0933606 0.00978153
FixedParameters: 0 0 0

#Transform 431
Transform: AffineTransform_float_3_3
Parameters: 0.999999 -0.000338094 -0.000707955 0.000337906 1 -0.000133239 0.000708045 0.000132761 0.999999 0.0940767 0.0752088 0.00861553
FixedParameters: 0 0 0

#Transform 432
Transform: AffineTransform_float_3_3
Parameters: 0.999999 -0.000365911 -0.000706046 0.000366089 1 0.000125742 0.000705953 -0.000126258 0.999999 0.0952748 0.0821309 0.00199267
FixedParameters: 0 0 0

#Transform 433
Transform: AffineTransform_float_3_3
Parameters: 1 -0.000266027 -0.000627988 0.000265973 1 -4.3167e-05 0.000628011 4.28329e-05 1 0.0940304 0.093485 -0.00979688
FixedParameters: 0 0 0

#Transform 434
Transform: AffineTransform_float_3_3
Parameters: 0.999999 -0.000323182 -0.000892934 0.000322818 1 -0.000203288 0.000893065 0.000203711 0.999999 0.0970182 0.0903154 -0.0109428
FixedParameters: 0 0 0

#Transform 435
Transform: AffineTransform_float_3_3
Parameters: 0.999999 -0.000352835 -0.000760076 0.000353165 1 0.000217732 0.000759923 -0.000217268 0.999999 0.0935872 0.0680694 0.000909998
FixedParameters: 0 0 0

#Transform 436
Transform: AffineTransform_float_3_3
Parameters: 0.999999 -0.000450903 -0.00086105 0.000451096 1 0.000111612 0.000860949 -0.000112388 0.999999 0.0978446 0.072142 -0.00672943
FixedParameters: 0 0 0

#Transform 437
Transform: AffineTransform_float_3_3
Parameters: 0.999999 -0.000260892 -0.000871032 0.000261108 1 0.000123773 0.000870967 -0.000124227 0.999999 0.096141 0.0867487 -0.00645673
FixedParameters: 0 0 0

#Transform 438
Transform: AffineTransform_float_3_3
Parameters: 0.999999 -0.000224087 -0.000836976 0.000224913 1 -0.000104188 0.000837023 0.000103812 0.999999 0.0903487 0.0740861 -0.0124365
FixedParameters: 0 0 0

#Transform 439
Transform: AffineTransform_float_3_3
Parameters: 0.999999 -0.000221884 -0.000989025 0.000222115 1 0.00011678 0.000988973 -0.000117219 0.999999 0.0945215 0.0486774 -0.00750753
FixedParameters: 0 0 0

#Transform 440
Transform: AffineTransform_float_3_3
Parameters: 1 -0.000292699 -0.00102709 0.000293301 1 0.000292699 0.00102691 -0.000293301 1 0.0949352 0.0636363 -0.00341717
FixedParameters: 0 0 0

#Transform 441
Transform: AffineTransform_float_3_3
Parameters: 1 -0.000271729 -0.00108407 0.000272271 1 0.000249705 0.00108393 -0.000250295 1 0.096787 0.0756538 -0.00382445
FixedParameters: 0 0 0

#Transform 442
Transform: AffineTransform_float_3_3
Parameters: 0.999999 -0.000248866 -0.00120503 0.000249134 1 0.0001107 0.00120497 -0.0001113 1 0.0969912 0.0868999 -0.00963853
FixedParameters: 0 0 0

#Transform 443
Transform: AffineTransform_float_3_3
Parameters: 0.999999 6.66818e-05 -0.00132397 -6.53181e-05 1 0.000515087 0.00132403 -0.000514912 0.999999 0.0953982 0.0599892 -0.00801156
FixedParameters: 0 0 0

#Transform 444
Transform: AffineTransform_float_3_3
Parameters: 0.999999 -0.000450167 -0.00144326 0.000450832 0.999999 0.00057635 0.00144374 -0.00057765 0.999999 0.10894 0.0853764 -0.0141136
FixedParameters: 0 0 0

#Transform 445
Transform: AffineTransform_float_3_3
Parameters: 0.999999 -9.57379e-05 -0.00155608 9.72633e-05 0.999999 0.00081185 0.00155592 -0.00081115 0.999999 0.100025 0.0919955 -0.0134967
FixedParameters: 0 0 0

#Transform 446
Transform: AffineTransform_float_3_3
Parameters: 1 -0.000137128 -0.00111711 0.000137873 0.999999 0.000781846 0.00111689 -0.000781153 0.999999 0.0850705 0.0742378 -0.0192564
FixedParameters: 0 0 0

#Transform 447
Transform: AffineTransform_float_3_3
Parameters: 0.999999 -0.000160079 -0.00127512 0.000160922 0.999999 0.000722795 0.00127488 -0.000722204 0.999999 0.0991501 0.0643213 -0.0119922
FixedParameters: 0 0 0

#Transform 448
Transform: AffineTransform_float_3_3
Parameters: 0.999998 -0.000159769 -0.00161112 0.00016123 0.999999 0.000763741 0.00161088 -0.000764258 0.999999 0.102576 0.0991882 -0.0104971
FixedParameters: 0 0 0

#Transform 449
Transform: AffineTransform_float_3_3
Parameters: 0.999999 -0.000330086 -0.00139222 0.000330913 0.999999 0.00065554 0.00139178 -0.00065646 0.999999 0.100253 0.065378 -0.000915383
FixedParameters: 0 0 0

#Transform 450
Transform: AffineTransform_float_3_3
Parameters: 0.999999 -0.000350807 -0.0014063 0.000352192 0.999999 0.000847505 0.0014057 -0.000848493 0.999998 0.0967628 0.0590423 0.00647059
FixedParameters: 0 0 0

#Transform 451
Transform: AffineTransform_float_3_3
Parameters: 0.999998 -0.000415984 -0.00165251 0.000418016 0.999999 0.00121931 0.00165249 -0.00122069 0.999998 0.100039 0.066577 -0.00035836
FixedParameters: 0 0 0

#Transform 452
Transform: AffineTransform_float_3_3
Parameters: 0.999998 -0.000313208 -0.00175632 0.00031479 1 0.00101945 0.00175568 -0.00102055 0.999998 0.10331 0.0818121 -0.0149352
FixedParameters: 0 0 0

#Transform 453
Transform: AffineTransform_float_3_3
Parameters: 0.999998 -0.000253663 -0.0016622 0.000255337 0.999999 0.000804577 0.00166179 -0.000804423 0.999999 0.101008 0.0679323 -0.00876049
FixedParameters: 0 0 0

#Transform 454
Transform: AffineTransform_float_3_3
Parameters: 0.999998 -0.00038125 -0.0016874 0.00038275 1 0.00103736 0.0016866 -0.00103765 0.999998 0.103927 0.0659135 0.00400081
FixedParameters: 0 0 0

#Transform 455
Transform: AffineTransform_float_3_3
Parameters: 0.999999 -0.000254683 -0.00184032 0.000257316 0.999999 0.00125853 0.00183968 -0.00125947 0.999997 0.102877 0.0945651 0.00116598
FixedParameters: 0 0 0

#Transform 456
Transform: AffineTransform_float_3_3
Parameters: 0.999999 -0.000359823 -0.00172646 0.000362176 0.999999 0.00126038 0.00172554 -0.00126162 0.999997 0.102813 0.0726934 -0.00512943
FixedParameters: 0 0 0
