#Insight Transform File V1.0
#Transform 0
Transform: AffineTransform_float_3_3
Parameters: 1 0.000168974 -8.10534e-05 -0.000169026 1 -0.000315986 8.09466e-05 0.000316014 1 -0.00956764 -0.0764756 -0.00501588
FixedParameters: 0 0 0

#Transform 1
Transform: AffineTransform_float_3_3
Parameters: 1 0.000222 -6.7488e-08 -0.000222 1 -0.000304 -6.7488e-08 0.000304 1 -0.0115991 -0.0760841 -0.0181835
FixedParameters: 0 0 0

#Transform 2
Transform: AffineTransform_float_3_3
Parameters: 1 0.000395951 -5.23682e-05 -0.000396048 0.999999 -0.000929978 5.16317e-05 0.00093002 0.999999 -0.00595674 -0.0578975 -0.0239777
FixedParameters: 0 0 0

#Transform 3
Transform: AffineTransform_float_3_3
Parameters: 1 0.000172 -1.25044e-07 -0.000172 0.999999 -0.000727 -1.25044e-07 0.000727 0.999999 -0.0109111 -0.0710376 -0.0081005
FixedParameters: 0 0 0

#Transform 4
Transform: AffineTransform_float_3_3
Parameters: 1 0.000176954 -8.40957e-05 -0.000177045 1 -0.000540985 8.39042e-05 0.000541015 1 -0.0100589 -0.0971533 -0.0115191
FixedParameters: 0 0 0

#Transform 5
Transform: AffineTransform_float_3_3
Parameters: 1 0.000226 -1.09836e-07 -0.000226 1 -0.000486 -1.09836e-07 0.000486 1 -0.0124605 -0.106294 -0.013612
FixedParameters: 0 0 0

#Transform 6
Transform: AffineTransform_float_3_3
Parameters: 1 3.0912e-08 5.6e-05 3.0912e-08 1 -0.000552 -5.6e-05 0.000552 1 -0.000667954 -0.0667507 0.0151089
FixedParameters: 0 0 0

#Transform 7
Transform: AffineTransform_float_3_3
Parameters: 1 0.000159 -7.8546e-08 -0.000159 1 -0.000494 -7.8546e-08 0.000494 1 -0.00265833 -0.0879294 0.0113158
FixedParameters: 0 0 0

#Transform 8
Transform: AffineTransform_float_3_3
Parameters: 1 0.000133 -9.31e-09 -0.000133 1 -7e-05 -9.31e-09 7e-05 1 -0.00950573 -0.100487 0.0145075
FixedParameters: 0 0 0

#Transform 9
Transform: AffineTransform_float_3_3
Parameters: 1 0.000224 -3.2032e-08 -0.000224 1 -0.000143 -3.2032e-08 0.000143 1 -0.0122947 -0.0751422 0.000964821
FixedParameters: 0 0 0

#Transform 10
Transform: AffineTransform_float_3_3
Parameters: 1 9.8e-05 -4.0082e-08 -9.8e-05 1 -0.000409 -4.0082e-08 0.000409 1 -0.0016036 -0.0764206 -0.0104064
FixedParameters: 0 0 0

#Transform 11
Transform: AffineTransform_float_3_3
Parameters: 1 0.000133 -9.31e-09 -0.000133 1 -7e-05 -9.31e-09 7e-05 1 -0.00215297 -0.0722809 0.0117504
FixedParameters: 0 0 0

#Transform 12
Transform: AffineTransform_float_3_3
Parameters: 1 0 0 0 1 -9.5e-05 0 9.5e-05 1 0 -0.0604755 -0.000342432
FixedParameters: 0 0 0

#Transform 13
Transform: AffineTransform_float_3_3
Parameters: 1 0 0 0 1 4.2e-05 0 -4.2e-05 1 -0.005639 -0.0777646 0.00089117
FixedParameters: 0 0 0

#Transform 14
Transform: AffineTransform_float_3_3
Parameters: 1 0 0 0 1 6.6e-05 0 -6.6e-05 1 0.00115 -0.0780318 8.44272e-05
FixedParameters: 0 0 0

#Transform 15
Transform: AffineTransform_float_3_3
Parameters: 1 -1.0944e-08 0.000144 -1.0944e-08 1 7.6e-05 -0.000144 -7.6e-05 1 -0.000839219 -0.0432918 -0.000132382
FixedParameters: 0 0 0

#Transform 16
Transform: AffineTransform_float_3_3
Parameters: 1 0 0 0 1 -6.8e-05 0 6.8e-05 1 -0.002056 -0.104629 -0.00216801
FixedParameters: 0 0 0

#Transform 17
Transform: AffineTransform_float_3_3
Parameters: 1 6.8e-05 1.6048e-08 -6.8e-05 1 0.000236 1.6048e-08 -0.000236 1 -0.00100072 -0.115154 -0.00869532
FixedParameters: 0 0 0

#Transform 18
Transform: AffineTransform_float_3_3
Parameters: 1 0 0 0 1 -0.000121 0 0.000121 1 0.001232 -0.0825973 0.00502433
FixedParameters: 0 0 0

#Transform 19
Transform: AffineTransform_float_3_3
Parameters: 1 0 0 0 1 -4.5e-05 0 4.5e-05 1 -0.000285 -0.0610444 -0.00166407
FixedParameters: 0 0 0

#Transform 20
Transform: AffineTransform_float_3_3
Parameters: 1 0 0 0 1 0.000121 0 -0.000121 1 -0.002215 0.00126298 0.00233852
FixedParameters: 0 0 0

#Transform 21
Transform: AffineTransform_float_3_3
Parameters: 1 0 0 0 1 -5.7e-05 0 5.7e-05 1 -0.002944 -0.0997228 -0.0022717
FixedParameters: 0 0 0

#Transform 22
Transform: AffineTransform_float_3_3
Parameters: 1 -4.888e-08 0.00013 -4.888e-08 1 0.000376 -0.00013 -0.000376 1 -0.00917743 -0.10772 0.00438074
FixedParameters: 0 0 0

#Transform 23
Transform: AffineTransform_float_3_3
Parameters: 1 -2.9898e-08 0.000151 -2.9898e-08 1 0.000198 -0.000151 -0.000198 1 -0.00462207 -0.0822431 0.00149834
FixedParameters: 0 0 0

#Transform 24
Transform: AffineTransform_float_3_3
Parameters: 1 0 0 0 1 0.000376 0 -0.000376 1 -0.007218 -0.061802 0.00479876
FixedParameters: 0 0 0

#Transform 25
Transform: AffineTransform_float_3_3
Parameters: 1 0 0 0 1 0.000376 0 -0.000376 1 -0.002874 -0.084246 0.00480719
FixedParameters: 0 0 0

#Transform 26
Transform: AffineTransform_float_3_3
Parameters: 1 0 0 0 1 0.000376 0 -0.000376 1 -0.007567 -0.084246 0.00480719
FixedParameters: 0 0 0

#Transform 27
Transform: AffineTransform_float_3_3
Parameters: 1 0 0 0 1 0.000376 0 -0.000376 1 -0.004148 -0.084246 0.00480719
FixedParameters: 0 0 0

#Transform 28
Transform: AffineTransform_float_3_3
Parameters: 1 -0.00017 -6.392e-08 0.00017 1 0.000376 -6.392e-08 -0.000376 1 -0.000336847 -0.0701413 0.0115869
FixedParameters: 0 0 0

#Transform 29
Transform: AffineTransform_float_3_3
Parameters: 1 -6.5274e-08 0.000129 -6.5274e-08 1 0.000506 -0.000129 -0.000506 1 -0.00927682 -0.0712833 -0.000900133
FixedParameters: 0 0 0

#Transform 30
Transform: AffineTransform_float_3_3
Parameters: 1 -3.6356e-08 0.000149 -3.6356e-08 1 0.000244 -0.000149 -0.000244 1 -0.0079169 -0.0539522 -0.00804293
FixedParameters: 0 0 0

#Transform 31
Transform: AffineTransform_float_3_3
Parameters: 1 0 0 0 1 6.2e-05 0 -6.2e-05 1 -2.9e-05 -0.0443494 0.0188728
FixedParameters: 0 0 0

#Transform 32
Transform: AffineTransform_float_3_3
Parameters: 1 0 0 0 1 0.00052 0 -0.00052 1 -0.001704 -0.0624536 0.0296792
FixedParameters: 0 0 0

#Transform 33
Transform: AffineTransform_float_3_3
Parameters: 1 -1.8422e-08 6.1e-05 -1.8422e-08 1 0.000302 -6.1e-05 -0.000302 1 -0.00164291 -0.0620067 0.0228038
FixedParameters: 0 0 0

#Transform 34
Transform: AffineTransform_float_3_3
Parameters: 1 7e-05 2.114e-08 -7e-05 1 0.000302 2.114e-08 -0.000302 1 -0.00290585 -0.0762804 0.0276708
FixedParameters: 0 0 0

#Transform 35
Transform: AffineTransform_float_3_3
Parameters: 1 8.6e-05 1.7458e-08 -8.6e-05 1 0.000203 1.7458e-08 -0.000203 1 -0.00144295 -0.0643326 0.0265969
FixedParameters: 0 0 0

#Transform 36
Transform: AffineTransform_float_3_3
Parameters: 1 0 0 0 1 0.000132 0 -0.000132 1 0.000554 -0.0911222 0.0102386
FixedParameters: 0 0 0

#Transform 37
Transform: AffineTransform_float_3_3
Parameters: 1 0 0 0 1 0.000318 0 -0.000318 1 0.000854 -0.0475932 0.0132778
FixedParameters: 0 0 0

#Transform 38
Transform: AffineTransform_float_3_3
Parameters: 1 5.2e-05 -9.308e-09 -5.2e-05 1 -0.000179 -9.308e-09 0.000179 1 -0.00231698 -0.0192513 0.00501206
FixedParameters: 0 0 0

#Transform 39
Transform: AffineTransform_float_3_3
Parameters: 1 1.33955e-07 0.000365 1.33955e-07 1 -0.000367 -0.000365 0.000367 1 -0.00127532 0.0268639 0.0306221
FixedParameters: 0 0 0

#Transform 40
Transform: AffineTransform_float_3_3
Parameters: 1 -5.2884e-08 0.000226 -5.2884e-08 1 0.000234 -0.000226 -0.000234 1 0.000292433 -0.255778 0.0275808
FixedParameters: 0 0 0

#Transform 41
Transform: AffineTransform_float_3_3
Parameters: 1 0 0 0 1 6.1e-05 0 -6.1e-05 1 0.000166 -0.103638 0.00754356
FixedParameters: 0 0 0

#Transform 42
Transform: AffineTransform_float_3_3
Parameters: 1 0.000127115 0.000156907 -0.000126885 0.999999 -0.00073002 -0.000157093 0.00072998 0.999999 -0.0101016 -0.0493194 -0.0109049
FixedParameters: 0 0 0

#Transform 43
Transform: AffineTransform_float_3_3
Parameters: 1 0.000171667 0.000403717 -0.000171333 0.999998 -0.00165107 -0.000404283 0.00165093 0.999998 -0.00743105 -0.0182086 -0.0091512
FixedParameters: 0 0 0

#Transform 44
Transform: AffineTransform_float_3_3
Parameters: 1 0.0002464 0.000632844 -0.0002456 1 -0.000631155 -0.000633155 0.000631844 0.999999 -0.0100294 0.00115182 0.0501711
FixedParameters: 0 0 0

#Transform 45
Transform: AffineTransform_float_3_3
Parameters: 1 0.000294449 0.000632791 -0.000294551 0.999999 -0.000709186 -0.000633209 0.000708813 0.999999 -0.00496179 -0.0153288 0.0314951
FixedParameters: 0 0 0

#Transform 46
Transform: AffineTransform_float_3_3
Parameters: 0.999999 0.000416555 0.000632635 -0.000416444 0.999999 -0.000877264 -0.000633365 0.000876736 1 -0.00928945 -0.0441343 0.0388861
FixedParameters: 0 0 0

#Transform 47
Transform: AffineTransform_float_3_3
Parameters: 1 0.000250549 0.000632783 -0.00024945 0.999999 -0.000868158 -0.000633217 0.000867842 1 -0.00430875 -0.0345862 0.0609789
FixedParameters: 0 0 0

#Transform 48
Transform: AffineTransform_float_3_3
Parameters: 1 0.000154354 0.000632913 -0.000153646 1 -0.000559097 -0.000633086 0.000559902 0.999999 -0.000853115 -0.0630104 0.0660374
FixedParameters: 0 0 0

#Transform 49
Transform: AffineTransform_float_3_3
Parameters: 0.999999 0.000208499 0.000834876 -0.0002075 1 -0.000598174 -0.000835124 0.000597826 1 -0.00503652 -0.048896 0.0647331
FixedParameters: 0 0 0

#Transform 50
Transform: AffineTransform_float_3_3
Parameters: 1 0.000155371 0.000632909 -0.000155629 1 -0.000586098 -0.000633091 0.000585901 0.999999 -0.00170573 -0.0604164 0.0594818
FixedParameters: 0 0 0

#Transform 51
Transform: AffineTransform_float_3_3
Parameters: 0.999999 3.51072e-07 0.000735999 3.51072e-07 1 -0.000477 -0.000735999 0.000477 0.999999 0.00668579 -0.0576353 0.0510669
FixedParameters: 0 0 0

#Transform 52
Transform: AffineTransform_float_3_3
Parameters: 1 0.000145181 0.000632958 -0.000144819 1 -0.000286092 -0.000633041 0.000285908 1 0.00550556 -0.0810913 0.0683526
FixedParameters: 0 0 0

#Transform 53
Transform: AffineTransform_float_3_3
Parameters: 0.999999 0.000157215 0.000700952 -0.000157785 1 -0.000306111 -0.000701048 0.00030689 0.999999 -0.00222063 -0.0527668 0.0723146
FixedParameters: 0 0 0

#Transform 54
Transform: AffineTransform_float_3_3
Parameters: 1 0.000107293 0.00063295 -0.000107707 1 -0.000463068 -0.00063305 0.000462932 0.999999 -0.001916 -0.023471 0.0675927
FixedParameters: 0 0 0

#Transform 55
Transform: AffineTransform_float_3_3
Parameters: 0.999999 0.00034536 0.000773839 -0.000344639 1 -0.000466267 -0.00077416 0.000465733 0.999999 -0.00605911 -0.02426 0.0671221
FixedParameters: 0 0 0

#Transform 56
Transform: AffineTransform_float_3_3
Parameters: 1 0.000247227 0.000632911 -0.000246773 1 -0.000358156 -0.000633088 0.000358843 0.999999 -0.00523716 -0.0386088 0.0658168
FixedParameters: 0 0 0

#Transform 57
Transform: AffineTransform_float_3_3
Parameters: 0.999999 0.000206452 0.000695865 -0.000206547 1 -0.000650143 -0.000696134 0.000649856 0.999999 -0.00265098 -0.0466594 0.064253
FixedParameters: 0 0 0

#Transform 58
Transform: AffineTransform_float_3_3
Parameters: 1 0.000159363 0.000632908 -0.000159637 1 -0.000574101 -0.000633091 0.000573899 0.999999 0.00517629 -0.0192744 0.0657235
FixedParameters: 0 0 0

#Transform 59
Transform: AffineTransform_float_3_3
Parameters: 1 0.000182425 0.000632877 -0.000181574 1 -0.000672115 -0.000633122 0.000671884 0.999999 0.000618157 -0.0252372 0.0640843
FixedParameters: 0 0 0

#Transform 60
Transform: AffineTransform_float_3_3
Parameters: 1 0.000208562 0.000632815 -0.000208437 0.999999 -0.000889132 -0.000633186 0.000888868 1 0.00440241 -0.0390795 0.0605778
FixedParameters: 0 0 0

#Transform 61
Transform: AffineTransform_float_3_3
Parameters: 1 0.00026143 0.000541792 -0.000260569 0.999999 -0.000794141 -0.000542207 0.000793858 0.999999 0.00456815 -0.0636761 0.0573005
FixedParameters: 0 0 0

#Transform 62
Transform: AffineTransform_float_3_3
Parameters: 1 0.000133252 0.000632947 -0.000132747 1 -0.000399084 -0.000633053 0.000398916 0.999999 0.00567839 -0.0363718 0.068697
FixedParameters: 0 0 0

#Transform 63
Transform: AffineTransform_float_3_3
Parameters: 1 0.000137405 0.0005569 -0.000136595 0.999999 -0.000727076 -0.000557099 0.000726923 0.999999 0.00646976 -0.0213998 0.0635162
FixedParameters: 0 0 0

#Transform 64
Transform: AffineTransform_float_3_3
Parameters: 1 0.000287383 0.000571807 -0.000287617 0.999999 -0.000670164 -0.000572192 0.000669835 0.999999 -0.00215117 -0.0489598 0.0614665
FixedParameters: 0 0 0

#Transform 65
Transform: AffineTransform_float_3_3
Parameters: 1 0.000310409 0.000509751 -0.000309591 0.999999 -0.000802157 -0.000510248 0.000801841 0.999999 -0.00140327 -0.0322397 0.0783607
FixedParameters: 0 0 0

#Transform 66
Transform: AffineTransform_float_3_3
Parameters: 1 0.000195332 0.000508872 -0.000195667 1 -0.000653099 -0.000509128 0.0006529 0.999999 0.00557428 -0.0336039 0.072576
FixedParameters: 0 0 0

#Transform 67
Transform: AffineTransform_float_3_3
Parameters: 0.999999 0.000345495 0.000632729 -0.000344505 0.999999 -0.000782218 -0.000633269 0.000781781 0.999999 -0.00283245 -0.0261259 0.0599563
FixedParameters: 0 0 0

#Transform 68
Transform: AffineTransform_float_3_3
Parameters: 1 0.000218594 0.000632795 -0.000218405 0.999999 -0.000939138 -0.000633205 0.000938862 1 0.00270507 -0.0114972 0.0465324
FixedParameters: 0 0 0

#Transform 69
Transform: AffineTransform_float_3_3
Parameters: 1 0.000397526 0.000540614 -0.000397474 1 -0.000973216 -0.000540387 0.000972786 1 0.00241048 -0.0149101 0.0594532
FixedParameters: 0 0 0

#Transform 70
Transform: AffineTransform_float_3_3
Parameters: 1 0.000485371 0.00047462 -0.000484628 0.999999 -0.00078223 -0.000475379 0.000781769 0.999999 -0.00480924 -0.0413174 0.0627357
FixedParameters: 0 0 0

#Transform 71
Transform: AffineTransform_float_3_3
Parameters: 0.999999 0.000379448 0.000632731 -0.000379551 0.999999 -0.00070924 -0.000633269 0.000708759 0.999999 0.00168326 -0.0267122 0.0635448
FixedParameters: 0 0 0

#Transform 72
Transform: AffineTransform_float_3_3
Parameters: 1 0.000345501 0.000541681 -0.000345501 1 -0.000923188 -0.00054132 0.000923814 1 0.0032658 -0.0439241 0.0388256
FixedParameters: 0 0 0

#Transform 73
Transform: AffineTransform_float_3_3
Parameters: 1 0.000399298 0.000539779 -0.000399702 1 -0.000553216 -0.000539221 0.000552785 0.999999 -0.00634552 0.000305934 0.0341505
FixedParameters: 0 0 0

#Transform 74
Transform: AffineTransform_float_3_3
Parameters: 1 0.000292105 0.000632951 -0.000291895 1 -0.000165185 -0.000633048 0.000165815 1 -0.00284854 -0.0245853 0.0477919
FixedParameters: 0 0 0

#Transform 75
Transform: AffineTransform_float_3_3
Parameters: 1 0.000273165 0.000632928 -0.000272835 1 -0.000261173 -0.000633071 0.000260827 1 -0.003365 -0.0339827 0.0608987
FixedParameters: 0 0 0

#Transform 76
Transform: AffineTransform_float_3_3
Parameters: 0.999999 0.000341202 0.00063289 -0.000340797 1 -0.000320216 -0.000633109 0.000319784 0.999999 0.0023107 -0.052887 0.0598724
FixedParameters: 0 0 0

#Transform 77
Transform: AffineTransform_float_3_3
Parameters: 1 0.000189278 0.000632917 -0.000189722 1 -0.00043912 -0.000633083 0.00043888 0.999999 0.00372034 -0.0309801 0.0579228
FixedParameters: 0 0 0

#Transform 78
Transform: AffineTransform_float_3_3
Parameters: 0.999999 0.000500298 0.000725794 -0.000499702 1 -0.000410363 -0.000726205 0.000410637 0.999999 -0.007536 -0.0276856 0.0582089
FixedParameters: 0 0 0

#Transform 79
Transform: AffineTransform_float_3_3
Parameters: 0.999999 0.000377268 0.00063284 -0.000376731 1 -0.000424238 -0.000633159 0.000423761 0.999999 -0.00364376 -0.0271847 0.0611587
FixedParameters: 0 0 0

#Transform 80
Transform: AffineTransform_float_3_3
Parameters: 1 0.000322225 0.000580875 -0.000321774 1 -0.000388187 -0.000581125 0.000387813 1 0.00407159 -0.0157755 0.0497336
FixedParameters: 0 0 0

#Transform 81
Transform: AffineTransform_float_3_3
Parameters: 0.999999 0.000401258 0.000844877 -0.000400742 1 -0.000305339 -0.000845122 0.000305661 0.999999 -0.000153501 -0.0285395 0.0486873
FixedParameters: 0 0 0

#Transform 82
Transform: AffineTransform_float_3_3
Parameters: 0.999999 0.000567232 0.000553763 -0.000566768 1 -0.000418314 -0.000554237 0.000418686 1 -0.00946016 -0.0277918 0.0586554
FixedParameters: 0 0 0

#Transform 83
Transform: AffineTransform_float_3_3
Parameters: 0.999999 0.000402414 0.000632736 -0.000401586 0.999999 -0.000654254 -0.000633263 0.000654745 0.999999 -0.00437437 0.0129687 0.0771287
FixedParameters: 0 0 0

#Transform 84
Transform: AffineTransform_float_3_3
Parameters: 1 0.000188461 0.000632863 -0.000188539 0.999999 -0.000728119 -0.000633137 0.00072788 0.999999 0.00513976 -0.0415312 0.077764
FixedParameters: 0 0 0

#Transform 85
Transform: AffineTransform_float_3_3
Parameters: 1 0.000222078 0.000632972 -0.000221922 1 -0.00012314 -0.000633027 0.000123859 1 -0.000947688 -0.0343179 0.0695644
FixedParameters: 0 0 0

#Transform 86
Transform: AffineTransform_float_3_3
Parameters: 0.999999 0.000222919 0.000989017 -0.000223081 1 8.17794e-05 -0.000988981 -8.22205e-05 0.999999 -0.00539195 -0.0256662 0.0641864
FixedParameters: 0 0 0

#Transform 87
Transform: AffineTransform_float_3_3
Parameters: 1 0.000253234 0.00098194 -0.000252766 1 -0.000238248 -0.00098206 0.000237751 0.999999 -0.00439618 -0.025351 0.0666423
FixedParameters: 0 0 0

#Transform 88
Transform: AffineTransform_float_3_3
Parameters: 1 8.51311e-08 0.001051 8.51311e-08 1 -8.1e-05 -0.001051 8.1e-05 1 -0.00222075 -0.033313 0.0655884
FixedParameters: 0 0 0

#Transform 89
Transform: AffineTransform_float_3_3
Parameters: 1 0.000221775 0.00105105 -0.000222226 1 0.000214767 -0.00105095 -0.000214233 1 4.815e-05 -0.0312203 0.0865515
FixedParameters: 0 0 0

#Transform 90
Transform: AffineTransform_float_3_3
Parameters: 0.999999 0.000228938 0.000741019 -0.000229061 1 8.28303e-05 -0.000740981 -8.31696e-05 0.999999 -0.00352509 -0.0240857 0.0736609
FixedParameters: 0 0 0

#Transform 91
Transform: AffineTransform_float_3_3
Parameters: 1 0.000171873 0.000682032 -0.000172127 1 0.000185883 -0.000681968 -0.000186117 1 -0.00219599 -0.000172492 0.0828255
FixedParameters: 0 0 0

#Transform 92
Transform: AffineTransform_float_3_3
Parameters: 1 0.000167911 0.000607024 -0.000168089 1 0.000145898 -0.000606975 -0.000146102 1 0.00721308 0.00036171 0.0802817
FixedParameters: 0 0 0

#Transform 93
Transform: AffineTransform_float_3_3
Parameters: 1 0.000223063 0.000448968 -0.000222937 1 -0.0001411 -0.000449031 0.0001409 1 0.00811024 0.00346265 0.0694461
FixedParameters: 0 0 0

#Transform 94
Transform: AffineTransform_float_3_3
Parameters: 1 0.000175954 0.000449018 -0.000176046 1 0.000101921 -0.000448982 -0.000102079 1 0.00418859 -0.0307505 0.0663006
FixedParameters: 0 0 0

#Transform 95
Transform: AffineTransform_float_3_3
Parameters: 1 0.000145052 0.000584987 -0.000144948 1 -8.80848e-05 -0.000585013 8.89151e-05 1 0.00783735 -0.0386498 0.082914
FixedParameters: 0 0 0

#Transform 96
Transform: AffineTransform_float_3_3
Parameters: 1 0.000172133 0.000448949 -0.000171867 1 -0.000297077 -0.000449051 0.000296923 1 0.00886696 -0.0364376 0.0529325
FixedParameters: 0 0 0

#Transform 97
Transform: AffineTransform_float_3_3
Parameters: 1 0.000268994 0.000548002 -0.000269005 1 9.85258e-06 -0.000547997 -1.01474e-05 1 0.00616123 -0.0223925 0.0707917
FixedParameters: 0 0 0

#Transform 98
Transform: AffineTransform_float_3_3
Parameters: 1 0.000319994 0.000576003 -0.000320006 1 1.08157e-05 -0.000575996 -1.11843e-05 1 0.00508162 -0.000830238 0.0711794
FixedParameters: 0 0 0

#Transform 99
Transform: AffineTransform_float_3_3
Parameters: 1 0.000189058 0.000448975 -0.000188942 1 -0.000130085 -0.000449024 0.000129915 1 0.00280323 -0.00349168 0.0627144
FixedParameters: 0 0 0

#Transform 100
Transform: AffineTransform_float_3_3
Parameters: 1 0.000240041 0.000448978 -0.000239959 1 -9.21077e-05 -0.000449022 9.18922e-05 1 0.00614753 -0.00254351 0.0658668
FixedParameters: 0 0 0

#Transform 101
Transform: AffineTransform_float_3_3
Parameters: 1 0.000290878 0.000811044 -0.000291122 1 0.000149764 -0.000810957 -0.000150236 0.999999 -0.00308362 -0.00924703 0.0747979
FixedParameters: 0 0 0

#Transform 102
Transform: AffineTransform_float_3_3
Parameters: 0.999999 0.00034624 0.000657873 -0.00034576 1 -0.000365227 -0.000658126 0.000364772 0.999999 0.00394655 0.0175891 0.0625569
FixedParameters: 0 0 0

#Transform 103
Transform: AffineTransform_float_3_3
Parameters: 1 0.000316061 0.000448957 -0.000316939 1 -0.000136142 -0.000449043 0.000135858 1 0.000905048 -0.015118 0.0681708
FixedParameters: 0 0 0

#Transform 104
Transform: AffineTransform_float_3_3
Parameters: 0.999999 0.000360916 0.000622048 -0.000361083 1 0.000133775 -0.000621951 -0.000134224 1 0.00401364 -0.0143109 0.0688325
FixedParameters: 0 0 0

#Transform 105
Transform: AffineTransform_float_3_3
Parameters: 1 0.00032115 0.000448893 -0.00032085 1 -0.000334144 -0.000449107 0.000333856 1 0.00671976 -0.0421441 0.0492463
FixedParameters: 0 0 0

#Transform 106
Transform: AffineTransform_float_3_3
Parameters: 0.999999 0.000366404 0.00070579 -0.000366595 1 -0.000573259 -0.00070621 0.000572741 0.999999 -0.00324489 -0.0150149 0.0607011
FixedParameters: 0 0 0

#Transform 107
Transform: AffineTransform_float_3_3
Parameters: 0.999999 0.000180145 0.000753965 -0.000180854 1 -0.000193136 -0.000754034 0.000192864 0.999999 0.000723762 -0.0522929 0.0552718
FixedParameters: 0 0 0

#Transform 108
Transform: AffineTransform_float_3_3
Parameters: 0.999999 0.00029628 0.000847901 -0.000296719 1 -0.000331252 -0.000848098 0.000330749 0.999999 0.00247924 -0.0511175 0.0609818
FixedParameters: 0 0 0

#Transform 109
Transform: AffineTransform_float_3_3
Parameters: 0.999999 0.000284269 0.000812905 -0.000283731 1 -0.000331231 -0.000813093 0.000330769 0.999999 0.0031326 -0.000353102 0.0625459
FixedParameters: 0 0 0

#Transform 110
Transform: AffineTransform_float_3_3
Parameters: 0.999999 0.000238269 0.000812921 -0.000237731 1 -0.000331193 -0.000812078 0.000330806 0.999999 0.00391165 -0.000512014 0.0575518
FixedParameters: 0 0 0

#Transform 111
Transform: AffineTransform_float_3_3
Parameters: 1 0.000302014 0.000629993 -0.000301986 1 -2.21902e-05 -0.000630006 2.18097e-05 1 0.00490721 -0.0099542 0.0619079
FixedParameters: 0 0 0

#Transform 112
Transform: AffineTransform_float_3_3
Parameters: 1 0.000154937 0.000634015 -0.000155063 1 9.99017e-05 -0.000633984 -0.000100098 1 0.00114967 -0.0204012 0.0696396
FixedParameters: 0 0 0

#Transform 113
Transform: AffineTransform_float_3_3
Parameters: 1 0.000359484 0.00100283 -0.000358515 1 -0.00048336 -0.00100317 0.00048264 1 -0.00564183 0.0123543 0.0795806
FixedParameters: 0 0 0

#Transform 114
Transform: AffineTransform_float_3_3
Parameters: 1 0.000325146 0.00110166 -0.000323854 1 -0.00104036 -0.00110234 0.00103964 0.999999 -0.00102461 0.00746055 0.075764
FixedParameters: 0 0 0

#Transform 115
Transform: AffineTransform_float_3_3
Parameters: 0.999999 0.000274525 0.000933553 -0.000272476 0.999998 -0.00163325 -0.000933446 0.00163274 0.999998 0.00197071 0.0237937 0.0864908
FixedParameters: 0 0 0

#Transform 116
Transform: AffineTransform_float_3_3
Parameters: 1 0.000449011 1.46525e-05 -0.000448989 0.999999 -0.000774006 -1.43475e-05 0.000773993 0.999999 -0.000657594 -0.0650345 0.10345
FixedParameters: 0 0 0

#Transform 117
Transform: AffineTransform_float_3_3
Parameters: 1 0.000390788 0.000395222 -0.000390212 0.999998 -0.00199315 -0.000395778 0.00199285 0.999998 0.0061291 0.0116706 0.106484
FixedParameters: 0 0 0

#Transform 118
Transform: AffineTransform_float_3_3
Parameters: 1 0.000370568 0.000410488 -0.000370433 0.999999 -0.00138315 -0.000410513 0.00138285 0.999999 0.000258834 -0.0322785 0.0967178
FixedParameters: 0 0 0

#Transform 119
Transform: AffineTransform_float_3_3
Parameters: 0.999999 0.000366903 0.000673509 -0.000366098 0.999999 -0.00134025 -0.000673491 0.00134075 0.999999 -0.00188543 -0.0318825 0.0784642
FixedParameters: 0 0 0

#Transform 120
Transform: AffineTransform_float_3_3
Parameters: 1 0.000151487 0.00061688 -0.000151514 0.999999 -0.000789093 -0.000616119 0.000788906 0.999999 0.00762344 0.00839913 0.0764467
FixedParameters: 0 0 0

#Transform 121
Transform: AffineTransform_float_3_3
Parameters: 1 0.000493014 0.000356981 -0.000492986 1 -3.9176e-05 -0.000357019 3.8824e-05 1 -0.0082826 0.054598 0.0659436
FixedParameters: 0 0 0

#Transform 122
Transform: AffineTransform_float_3_3
Parameters: 0.999999 0.000753119 0.000410781 -0.00075288 0.999999 -0.000290309 -0.000410218 0.000289691 1 -0.00776624 -0.0127203 0.103362
FixedParameters: 0 0 0

#Transform 123
Transform: AffineTransform_float_3_3
Parameters: 0.999999 0.000603585 0.00127578 -0.000600415 0.999998 -0.00202677 -0.00127622 0.00202523 0.999997 -0.00910819 0.0205149 0.120687
FixedParameters: 0 0 0

#Transform 124
Transform: AffineTransform_float_3_3
Parameters: 0.999999 0.000470253 0.00136623 -0.000467748 0.999999 -0.00164864 -0.00136677 0.00164836 0.999997 -0.00466562 0.0082744 0.145412
FixedParameters: 0 0 0

#Transform 125
Transform: AffineTransform_float_3_3
Parameters: 0.999999 0.000583206 0.00108135 -0.000581794 0.999999 -0.00111563 -0.00108165 0.00111437 0.999999 -0.00312888 -0.0124482 0.139697
FixedParameters: 0 0 0

#Transform 126
Transform: AffineTransform_float_3_3
Parameters: 1 0.000583026 0.00102642 -0.000581974 1 -0.000999598 -0.00102758 0.000998402 0.999999 -0.0048782 0.000522361 0.11859
FixedParameters: 0 0 0

#Transform 127
Transform: AffineTransform_float_3_3
Parameters: 1 0.000418885 0.00102664 -0.000418114 0.999999 -0.000862429 -0.00102736 0.00086157 0.999999 -0.00189778 -0.000669203 0.116262
FixedParameters: 0 0 0

#Transform 128
Transform: AffineTransform_float_3_3
Parameters: 1 0.000394026 0.00102661 -0.000392974 1 -0.000999404 -0.00102739 0.000998596 0.999999 -0.0077 0.00343677 0.111368
FixedParameters: 0 0 0

#Transform 129
Transform: AffineTransform_float_3_3
Parameters: 1 0.000475026 0.00102653 -0.000473974 1 -0.000999488 -0.00102747 0.000998513 0.999999 -0.00575964 0.0141061 0.11761
FixedParameters: 0 0 0

#Transform 130
Transform: AffineTransform_float_3_3
Parameters: 1 0.000482787 0.000962606 -0.000482212 0.999999 -0.000818464 -0.000963395 0.000817535 0.999999 -0.00222047 -0.0398067 0.0956199
FixedParameters: 0 0 0

#Transform 131
Transform: AffineTransform_float_3_3
Parameters: 1 0.000583123 0.000940305 -0.000581878 0.999999 -0.00119355 -0.000940695 0.00119345 0.999999 -0.00355521 -0.0176547 0.0887913
FixedParameters: 0 0 0

#Transform 132
Transform: AffineTransform_float_3_3
Parameters: 1 0.000583449 0.00102618 -0.000581552 0.999999 -0.0014116 -0.00102682 0.0014114 0.999999 -0.00452961 0.0241663 0.107711
FixedParameters: 0 0 0

#Transform 133
Transform: AffineTransform_float_3_3
Parameters: 1 0.000422094 0.00102655 -0.000420906 1 -0.00106543 -0.00102745 0.00106457 0.999999 -0.00199376 -0.00792628 0.0963049
FixedParameters: 0 0 0

#Transform 134
Transform: AffineTransform_float_3_3
Parameters: 1 0.000399114 0.00102657 -0.000397886 1 -0.00108541 -0.00102743 0.00108459 0.999999 -0.00629805 -0.0232653 0.0768974
FixedParameters: 0 0 0

#Transform 135
Transform: AffineTransform_float_3_3
Parameters: 1 0.000583021 0.00102642 -0.00058198 1 -0.000993598 -0.00102758 0.000993402 0.999999 -0.00455259 -0.00416514 0.0926282
FixedParameters: 0 0 0

#Transform 136
Transform: AffineTransform_float_3_3
Parameters: 1 0.000582956 0.000961422 -0.000581046 1 -0.00099356 -0.000961578 0.00099344 0.999999 -0.00377431 0.0108758 0.0978689
FixedParameters: 0 0 0

#Transform 137
Transform: AffineTransform_float_3_3
Parameters: 1 0.000430602 0.00102675 -0.000429398 0.999999 -0.000586441 -0.00102725 0.000585558 1 -0.00205603 0.0242559 0.103335
FixedParameters: 0 0 0

#Transform 138
Transform: AffineTransform_float_3_3
Parameters: 1 0.000400684 0.00102673 -0.000400317 0.999999 -0.000665411 -0.00102727 0.000665589 1 -0.00605441 0.00391739 0.0997053
FixedParameters: 0 0 0

#Transform 139
Transform: AffineTransform_float_3_3
Parameters: 1 0.000412517 0.000951777 -0.000412483 1 -0.000543393 -0.000952225 0.000542608 1 -0.000980474 -0.0301624 0.101379
FixedParameters: 0 0 0

#Transform 140
Transform: AffineTransform_float_3_3
Parameters: 1 0.000326115 0.000951961 -0.000325885 1 -0.00012131 -0.000952039 0.00012069 0.999999 -0.00630298 0.0130511 0.10284
FixedParameters: 0 0 0

#Transform 141
Transform: AffineTransform_float_3_3
Parameters: 1 0.000351417 0.00102686 -0.000351583 1 -0.000406361 -0.00102714 0.000405639 1 -0.0098957 0.0388134 0.0910422
FixedParameters: 0 0 0

#Transform 142
Transform: AffineTransform_float_3_3
Parameters: 0.999999 0.00058196 0.000664034 -0.000581039 1 5.86142e-05 -0.000663965 -5.93864e-05 1 -0.000273948 -0.0303252 0.101969
FixedParameters: 0 0 0

#Transform 143
Transform: AffineTransform_float_3_3
Parameters: 1 0.000336881 0.000617065 -0.000337119 1 0.000192792 -0.000616935 -0.000193208 1 -0.00272513 -0.0198346 0.119429
FixedParameters: 0 0 0

#Transform 144
Transform: AffineTransform_float_3_3
Parameters: 0.999999 0.000397785 0.000726117 -0.000398215 1 0.000295711 -0.000725882 -0.000296289 0.999999 -0.0045996 0.00807615 0.106419
FixedParameters: 0 0 0

#Transform 145
Transform: AffineTransform_float_3_3
Parameters: 0.999999 0.000398953 0.000791023 -0.000399046 1 5.86843e-05 -0.000790976 -5.93156e-05 0.999999 -0.00758017 0.00293015 0.0986638
FixedParameters: 0 0 0

#Transform 146
Transform: AffineTransform_float_3_3
Parameters: 0.999999 0.000427142 0.0006099 -0.000426858 1 -0.00023326 -0.000610099 0.000232739 1 -0.00466879 0.0444464 0.0736415
FixedParameters: 0 0 0

#Transform 147
Transform: AffineTransform_float_3_3
Parameters: 0.999999 0.000429064 0.000609955 -0.000428936 1 -0.000105262 -0.000610045 0.000105738 1 -0.00479243 -0.00946764 0.0916997
FixedParameters: 0 0 0

#Transform 148
Transform: AffineTransform_float_3_3
Parameters: 1 0.000582421 0.000866717 -0.000581579 0.999999 -0.000485504 -0.000867283 0.000485495 0.999999 -0.0139897 -0.0470255 0.0945342
FixedParameters: 0 0 0

#Transform 149
Transform: AffineTransform_float_3_3
Parameters: 0.999999 0.000582538 0.000609486 -0.000581462 1 -0.000882355 -0.000610513 0.000881645 1 0.000366136 0.0436006 0.125518
FixedParameters: 0 0 0

#Transform 150
Transform: AffineTransform_float_3_3
Parameters: 1 0.000582711 0.000889536 -0.00058129 0.999999 -0.000798517 -0.000889465 0.000798482 1 -0.00616129 0.080133 0.093553
FixedParameters: 0 0 0

#Transform 151
Transform: AffineTransform_float_3_3
Parameters: 1 0.000360882 0.00101469 -0.000360119 0.999999 -0.000868366 -0.00101531 0.000868634 0.999999 -0.0036906 -0.00390276 0.0426463
FixedParameters: 0 0 0

#Transform 152
Transform: AffineTransform_float_3_3
Parameters: 0.999999 0.000320559 0.00178872 -0.000318439 0.999999 -0.000872571 -0.00178928 0.000871428 0.999998 -0.0128289 -0.0962798 0.0680812
FixedParameters: 0 0 0

#Transform 153
Transform: AffineTransform_float_3_3
Parameters: 0.999996 0.000472615 0.00251132 -0.000469384 0.999999 -0.00144018 -0.00251168 0.00143882 0.999996 -0.0197728 -0.0144178 0.112018
FixedParameters: 0 0 0

#Transform 154
Transform: AffineTransform_float_3_3
Parameters: 0.999997 0.000370216 0.00241851 -0.000367785 0.999999 -0.00132989 -0.00241849 0.00132911 0.999996 -0.0169849 -0.0153937 0.135565
FixedParameters: 0 0 0

#Transform 155
Transform: AffineTransform_float_3_3
Parameters: 0.999998 0.000282746 0.00231367 -0.000280256 1 -0.00118665 -0.00231333 0.00118635 0.999996 -0.0143454 0.0189105 0.120877
FixedParameters: 0 0 0

#Transform 156
Transform: AffineTransform_float_3_3
Parameters: 0.999998 0.000308784 0.00186871 -0.000307217 1 -0.000954576 -0.00186929 0.000954425 0.999998 -0.00966314 0.0486316 0.0969682
FixedParameters: 0 0 0

#Transform 157
Transform: AffineTransform_float_3_3
Parameters: 0.999998 0.000336296 0.00186859 -0.000333705 0.999999 -0.00122863 -0.00186841 0.00122837 0.999998 -0.0131976 0.0470183 0.0763773
FixedParameters: 0 0 0

#Transform 158
Transform: AffineTransform_float_3_3
Parameters: 0.999998 0.000369152 0.00186858 -0.000366849 1 -0.00115169 -0.00186842 0.00115131 0.999997 -0.0136815 0.0333639 0.0914703
FixedParameters: 0 0 0

#Transform 159
Transform: AffineTransform_float_3_3
Parameters: 0.999998 0.000583694 0.00186847 -0.000581307 1 -0.000907088 -0.00186853 0.000905911 0.999998 -0.0141683 0.00476004 0.0985808
FixedParameters: 0 0 0

#Transform 160
Transform: AffineTransform_float_3_3
Parameters: 1 0.000252883 0.00118081 -0.000252116 0.999999 -0.000748298 -0.00118119 0.000747702 0.999999 -0.000836332 0.0269478 0.087197
FixedParameters: 0 0 0

#Transform 161
Transform: AffineTransform_float_3_3
Parameters: 0.999999 0.000213507 0.00132076 -0.000211494 1 -0.00114028 -0.00132124 0.00114072 0.999999 -0.00180671 -0.0140489 0.0909051
FixedParameters: 0 0 0

#Transform 162
Transform: AffineTransform_float_3_3
Parameters: 0.999999 0.000290814 0.00148365 -0.000289186 0.999999 -0.00122243 -0.00148435 0.00122257 0.999998 -0.00299507 -0.000549498 0.0875764
FixedParameters: 0 0 0

#Transform 163
Transform: AffineTransform_float_3_3
Parameters: 0.999998 0.000237322 0.00173068 -0.000234678 0.999999 -0.00134241 -0.00173031 0.00134159 0.999997 -0.00429563 0.000953271 0.084073
FixedParameters: 0 0 0

#Transform 164
Transform: AffineTransform_float_3_3
Parameters: 0.999998 0.000287774 0.00157668 -0.000286227 1 -0.00112445 -0.00157732 0.00112455 0.999998 -0.00363555 -0.02332 0.0890737
FixedParameters: 0 0 0

#Transform 165
Transform: AffineTransform_float_3_3
Parameters: 0.999998 0.000254046 0.00157667 -0.000251954 0.999999 -0.0012974 -0.00157733 0.0012976 0.999998 -0.00542274 -0.0320878 0.100351
FixedParameters: 0 0 0

#Transform 166
Transform: AffineTransform_float_3_3
Parameters: 0.999998 0.000209635 0.00157678 -0.000208366 1 -0.00103633 -0.00157722 0.00103667 0.999998 -0.00466694 0.00426381 0.100544
FixedParameters: 0 0 0

#Transform 167
Transform: AffineTransform_float_3_3
Parameters: 0.999999 0.000313531 0.00152669 -0.000312468 1 -0.00100348 -0.00152731 0.00100252 0.999999 -0.00585191 0.0159991 0.101137
FixedParameters: 0 0 0

#Transform 168
Transform: AffineTransform_float_3_3
Parameters: 0.999999 0.000336114 0.0012667 -0.000335887 0.999999 -0.000879426 -0.0012663 0.000879575 0.999999 -0.00323305 0.0272638 0.103961
FixedParameters: 0 0 0

#Transform 169
Transform: AffineTransform_float_3_3
Parameters: 0.999999 0.000294291 0.0012667 -0.00029271 1 -0.00101937 -0.0012663 0.00101863 0.999998 -0.00245768 0.0214376 0.0765885
FixedParameters: 0 0 0

#Transform 170
Transform: AffineTransform_float_3_3
Parameters: 0.999999 0.000245707 0.00146672 -0.000244293 1 -0.00116436 -0.00146629 0.00116364 0.999998 -0.00394952 0.0335077 0.0768552
FixedParameters: 0 0 0

#Transform 171
Transform: AffineTransform_float_3_3
Parameters: 0.999998 0.000339547 0.00159867 -0.000338453 1 -0.000968543 -0.00159833 0.000967459 0.999999 -0.00707069 0.0407264 0.0828477
FixedParameters: 0 0 0

#Transform 172
Transform: AffineTransform_float_3_3
Parameters: 0.999998 0.000450494 0.00155057 -0.000449507 1 -0.000963699 -0.00155043 0.000963304 0.999999 -0.00838085 0.0203251 0.0774704
FixedParameters: 0 0 0

#Transform 173
Transform: AffineTransform_float_3_3
Parameters: 0.999998 0.000325797 0.00157363 -0.000324203 1 -0.00114151 -0.00157437 0.00114149 0.999998 -0.00370574 0.0161272 0.0725266
FixedParameters: 0 0 0

#Transform 174
Transform: AffineTransform_float_3_3
Parameters: 0.999999 0.000344214 0.00151972 -0.000342786 0.999999 -0.000798521 -0.00152027 0.000798477 0.999998 -0.00622929 -0.0227831 0.0873631
FixedParameters: 0 0 0

#Transform 175
Transform: AffineTransform_float_3_3
Parameters: 0.999998 0.000358769 0.00154959 -0.000357231 1 -0.00114156 -0.00155041 0.00114145 0.999998 -0.00619539 -0.0132657 0.0825216
FixedParameters: 0 0 0

#Transform 176
Transform: AffineTransform_float_3_3
Parameters: 0.999998 0.000487252 0.00156761 -0.000485748 0.999999 -0.000798763 -0.00156739 0.000798237 0.999999 -0.00943146 -0.000831722 0.0867657
FixedParameters: 0 0 0

#Transform 177
Transform: AffineTransform_float_3_3
Parameters: 0.999998 0.000372028 0.00169856 -0.000369972 0.999999 -0.00119363 -0.00169944 0.00119337 0.999998 -0.0137084 0.00259442 0.0867494
FixedParameters: 0 0 0

#Transform 178
Transform: AffineTransform_float_3_3
Parameters: 0.999998 0.000449692 0.00159352 -0.000447309 1 -0.00106171 -0.00159348 0.00106129 0.999998 -0.00564436 -0.014494 0.0999718
FixedParameters: 0 0 0

#Transform 179
Transform: AffineTransform_float_3_3
Parameters: 0.999999 0.000389655 0.00151457 -0.000388345 1 -0.00109359 -0.00151443 0.00109241 0.999999 -0.00758003 0.0182517 0.0996555
FixedParameters: 0 0 0

#Transform 180
Transform: AffineTransform_float_3_3
Parameters: 0.999999 0.000308726 0.00153165 -0.000307276 1 -0.00112647 -0.00153135 0.00112653 0.999998 -0.00592857 0.0310972 0.0820392
FixedParameters: 0 0 0

#Transform 181
Transform: AffineTransform_float_3_3
Parameters: 0.999999 0.000342968 0.00175062 -0.000341033 1 -0.0011236 -0.00175138 0.0011234 0.999998 -0.0088984 0.0275022 0.0985498
FixedParameters: 0 0 0

#Transform 182
Transform: AffineTransform_float_3_3
Parameters: 0.999999 0.000483201 0.00126654 -0.000481801 1 -0.000947611 -0.00126646 0.000947389 0.999998 -0.0151538 0.024602 0.0725193
FixedParameters: 0 0 0

#Transform 183
Transform: AffineTransform_float_3_3
Parameters: 0.999999 0.000582458 0.00126679 -0.000581542 1 -0.000361737 -0.00126621 0.000361263 0.999999 -0.0161631 0.0391427 0.0603045
FixedParameters: 0 0 0

#Transform 184
Transform: AffineTransform_float_3_3
Parameters: 0.999998 0.00058257 0.00157779 -0.000581429 1 -0.000361918 -0.00157821 0.000361081 0.999998 -0.0222109 0.0175133 0.0820551
FixedParameters: 0 0 0

#Transform 185
Transform: AffineTransform_float_3_3
Parameters: 0.999999 0.000459914 0.00165275 -0.000459087 0.999999 -0.00055276 -0.00165326 0.000552241 0.999999 -0.0107608 0.0200973 0.0787578
FixedParameters: 0 0 0

#Transform 186
Transform: AffineTransform_float_3_3
Parameters: 0.999998 0.000364183 0.00166774 -0.000362815 0.999999 -0.000710606 -0.00166826 0.000709394 0.999999 -0.00925732 0.0156051 0.0760354
FixedParameters: 0 0 0

#Transform 187
Transform: AffineTransform_float_3_3
Parameters: 0.999998 0.000382952 0.00170379 -0.000382048 1 -0.000558652 -0.00170421 0.000558348 0.999999 -0.0145498 -0.0219557 0.090677
FixedParameters: 0 0 0

#Transform 188
Transform: AffineTransform_float_3_3
Parameters: 0.999999 0.000314794 0.00168385 -0.000314205 1 -0.00047253 -0.00168415 0.000471471 0.999999 -0.00876772 0.014416 0.0897897
FixedParameters: 0 0 0

#Transform 189
Transform: AffineTransform_float_3_3
Parameters: 0.999999 0.000300591 0.00172772 -0.000298408 0.999999 -0.000921517 -0.00172828 0.000920482 0.999998 -0.00899483 0.054676 0.0806473
FixedParameters: 0 0 0

#Transform 190
Transform: AffineTransform_float_3_3
Parameters: 0.999999 0.000314575 0.00126686 -0.000313425 1 -0.000454397 -0.00126614 0.000453602 0.999999 -0.0108107 -0.0175202 0.0889863
FixedParameters: 0 0 0

#Transform 191
Transform: AffineTransform_float_3_3
Parameters: 0.999999 0.000274627 0.00142969 -0.000273372 1 -0.00113839 -0.00143031 0.00113761 0.999999 -0.00786584 0.058988 0.0760981
FixedParameters: 0 0 0

#Transform 192
Transform: AffineTransform_float_3_3
Parameters: 0.999999 0.00025883 0.00145885 -0.000258169 1 -0.000569377 -0.00145915 0.000568623 0.999999 -0.00509561 0.0521126 0.0810804
FixedParameters: 0 0 0

#Transform 193
Transform: AffineTransform_float_3_3
Parameters: 1 0.000337774 0.00114207 -0.000338226 1 0.000197614 -0.00114193 -0.000198386 1 -0.012946 -0.0394489 0.0824943
FixedParameters: 0 0 0

#Transform 194
Transform: AffineTransform_float_3_3
Parameters: 0.999999 0.00025219 0.00126696 -0.000251811 1 -0.000149319 -0.00126704 0.000149681 0.999999 -0.00275136 0.0518368 0.111669
FixedParameters: 0 0 0

#Transform 195
Transform: AffineTransform_float_3_3
Parameters: 0.999999 0.000257829 0.00126704 -0.000258171 1 0.000134673 -0.00126697 -0.000135327 0.999999 -0.00826617 0.0146505 0.115074
FixedParameters: 0 0 0

#Transform 196
Transform: AffineTransform_float_3_3
Parameters: 0.999999 0.000249137 0.00126717 -0.000250863 0.999999 0.000680682 -0.00126683 -0.000681316 0.999999 -0.0105029 -0.00498225 0.113339
FixedParameters: 0 0 0

#Transform 197
Transform: AffineTransform_float_3_3
Parameters: 1 0.000378499 0.00114817 -0.0003795 1 0.000435565 -0.00114784 -0.000436435 0.999999 -0.0111843 0.0841893 0.0927842
FixedParameters: 0 0 0

#Transform 198
Transform: AffineTransform_float_3_3
Parameters: 1 0.000185741 0.00114404 -0.000186258 1 0.000225787 -0.00114396 -0.000226213 1 -0.000348919 -0.0095224 0.0861686
FixedParameters: 0 0 0

#Transform 199
Transform: AffineTransform_float_3_3
Parameters: 1 0.000371735 0.00113209 -0.000372265 1 0.000233579 -0.00113191 -0.000234421 1 -0.00328476 0.00900051 0.0973185
FixedParameters: 0 0 0

#Transform 200
Transform: AffineTransform_float_3_3
Parameters: 0.999999 0.00029245 0.00126713 -0.000292551 1 0.00043463 -0.00126687 -0.000434371 0.999999 -0.00344088 0.0168354 0.0980169
FixedParameters: 0 0 0

#Transform 201
Transform: AffineTransform_float_3_3
Parameters: 0.999999 0.000403619 0.00117313 -0.000403381 1 0.000324527 -0.00117287 -0.000325474 1 -0.0127938 0.0579426 0.0905762
FixedParameters: 0 0 0

#Transform 202
Transform: AffineTransform_float_3_3
Parameters: 0.999999 0.000282411 0.00126713 -0.000283589 1 0.000464641 -0.00126687 -0.000465358 0.999999 -0.00336709 0.032647 0.0896579
FixedParameters: 0 0 0

#Transform 203
Transform: AffineTransform_float_3_3
Parameters: 0.999999 0.000392221 0.00120525 -0.000392779 0.999999 0.000646527 -0.00120475 -0.000646473 0.999999 -0.00437156 0.0288168 0.106426
FixedParameters: 0 0 0

#Transform 204
Transform: AffineTransform_float_3_3
Parameters: 1 0.000338052 0.00111398 -0.000337948 1 -4.73765e-05 -0.00111402 4.66235e-05 1 -0.00255662 0.0233157 0.0861072
FixedParameters: 0 0 0

#Transform 205
Transform: AffineTransform_float_3_3
Parameters: 0.999999 0.0003678 0.00126706 -0.0003682 1 0.000157534 -0.00126694 -0.000158466 0.999999 -0.0122622 0.048135 0.0928609
FixedParameters: 0 0 0

#Transform 206
Transform: AffineTransform_float_3_3
Parameters: 0.999999 0.000301139 0.00126697 -0.00030086 1 -0.000110381 -0.00126703 0.000109619 0.999999 -0.00362254 0.0377078 0.0999004
FixedParameters: 0 0 0

#Transform 207
Transform: AffineTransform_float_3_3
Parameters: 0.999999 0.000321411 0.00126715 -0.000321589 1 0.000464593 -0.00126685 -0.000465408 0.999999 -0.00902408 -0.0192661 0.101456
FixedParameters: 0 0 0

#Transform 208
Transform: AffineTransform_float_3_3
Parameters: 0.999999 0.000381867 0.00126704 -0.000382134 1 0.000105516 -0.00126696 -0.000105484 0.999999 -0.00500573 -0.0104655 0.0837487
FixedParameters: 0 0 0

#Transform 209
Transform: AffineTransform_float_3_3
Parameters: 0.999999 0.000250167 0.00126697 -0.000250833 1 -0.000132318 -0.00126703 0.000131683 0.999999 -0.00285526 0.042006 0.0903911
FixedParameters: 0 0 0

#Transform 210
Transform: AffineTransform_float_3_3
Parameters: 0.999999 0.000196248 0.00126696 -0.000195752 1 -0.000196248 -0.00126704 0.000195752 0.999999 -0.0049856 0.0353624 0.0972155
FixedParameters: 0 0 0

#Transform 211
Transform: AffineTransform_float_3_3
Parameters: 1 0.000288321 0.00102591 -0.00028868 1 -0.000312296 -0.00102609 0.000312704 1 -0.000743471 0.0128077 0.0774887
FixedParameters: 0 0 0

#Transform 212
Transform: AffineTransform_float_3_3
Parameters: 1 0.000244502 0.0011801 -0.000245498 1 0.000421711 -0.0011799 -0.000422289 0.999999 -0.00171888 0.0056576 0.0982086
FixedParameters: 0 0 0

#Transform 213
Transform: AffineTransform_float_3_3
Parameters: 0.999999 0.000266337 0.00126693 -0.000265663 1 -0.000266337 -0.00126707 0.000265663 0.999999 -0.00530726 0.0627449 0.0775521
FixedParameters: 0 0 0

#Transform 214
Transform: AffineTransform_float_3_3
Parameters: 0.999999 0.000390096 0.000876956 -0.000389903 1 -0.000110342 -0.000877042 0.000109658 0.999999 -0.00661454 0.0921204 0.0883102
FixedParameters: 0 0 0

#Transform 215
Transform: AffineTransform_float_3_3
Parameters: 0.999999 0.000362161 0.00126695 -0.000361839 1 -0.000127459 -0.00126705 0.000126541 0.999999 -0.0104519 0.00330601 0.0770126
FixedParameters: 0 0 0

#Transform 216
Transform: AffineTransform_float_3_3
Parameters: 0.999999 0.000290318 0.00126693 -0.000290682 1 -0.000251369 -0.00126707 0.000250632 0.999999 -0.00350819 0.0444807 0.0777324
FixedParameters: 0 0 0

#Transform 217
Transform: AffineTransform_float_3_3
Parameters: 0.999999 0.000581996 0.001267 -0.000582005 1 3.2626e-06 -0.001267 -3.73739e-06 0.999999 -0.015819 -0.011214 0.0819539
FixedParameters: 0 0 0

#Transform 218
Transform: AffineTransform_float_3_3
Parameters: 0.999999 0.000277011 0.001267 -0.00027699 1 -8.35095e-06 -0.001267 8.64903e-06 0.999999 -0.0032941 -0.00266596 0.0992294
FixedParameters: 0 0 0

#Transform 219
Transform: AffineTransform_float_3_3
Parameters: 0.999999 0.00034503 0.00144399 -0.000344971 1 -2.04982e-05 -0.00144401 2.05018e-05 0.999999 -0.00638869 0.0224819 0.0890836
FixedParameters: 0 0 0

#Transform 220
Transform: AffineTransform_float_3_3
Parameters: 0.999999 0.000475911 0.00126703 -0.000476088 1 6.93968e-05 -0.00126697 -7.0603e-05 0.999999 -0.00658237 0.0310078 0.0762371
FixedParameters: 0 0 0

#Transform 221
Transform: AffineTransform_float_3_3
Parameters: 0.999999 0.00058242 0.00126681 -0.00058158 1 -0.000331737 -0.00126619 0.000331263 0.999999 -0.0168955 0.0674247 0.0698918
FixedParameters: 0 0 0

#Transform 222
Transform: AffineTransform_float_3_3
Parameters: 0.999999 0.000582131 0.00126694 -0.000581868 1 -0.000104737 -0.00126706 0.000103263 0.999999 -0.0200128 0.0452488 0.0846076
FixedParameters: 0 0 0

#Transform 223
Transform: AffineTransform_float_3_3
Parameters: 0.999999 0.000582105 0.00119595 -0.000581894 1 -8.8696e-05 -0.00119605 8.73039e-05 1 -0.0145559 0.0152024 0.0812791
FixedParameters: 0 0 0

#Transform 224
Transform: AffineTransform_float_3_3
Parameters: 0.999999 0.000387128 0.00126696 -0.000387872 1 -0.000101492 -0.00126704 0.00010051 0.999999 -0.0153675 0.0267055 0.0853191
FixedParameters: 0 0 0

#Transform 225
Transform: AffineTransform_float_3_3
Parameters: 0.999999 0.000460282 0.00117089 -0.000459717 1 -0.000241539 -0.00117111 0.000240461 1 -0.00515855 0.0315079 0.095614
FixedParameters: 0 0 0

#Transform 226
Transform: AffineTransform_float_3_3
Parameters: 0.999999 0.000465409 0.00126685 -0.000465591 1 -0.00032359 -0.00126615 0.000322411 0.999999 -0.00640811 0.0403881 0.0938925
FixedParameters: 0 0 0

#Transform 227
Transform: AffineTransform_float_3_3
Parameters: 0.999999 0.000581918 0.00116404 -0.000581081 1 6.93237e-05 -0.00116396 -7.06774e-05 1 -0.00710393 -0.0168405 0.100741
FixedParameters: 0 0 0

#Transform 228
Transform: AffineTransform_float_3_3
Parameters: 0.999999 0.000464811 0.00126707 -0.00046519 1 0.000149411 -0.00126693 -0.000149589 0.999999 -0.00636382 0.0216949 0.0986116
FixedParameters: 0 0 0

#Transform 229
Transform: AffineTransform_float_3_3
Parameters: 0.999999 0.000582073 0.00126697 -0.000581927 1 -5.77373e-05 -0.00126703 5.72626e-05 0.999999 -0.00821967 0.062689 0.0806147
FixedParameters: 0 0 0

#Transform 230
Transform: AffineTransform_float_3_3
Parameters: 1 0.000415868 0.00104305 -0.000416132 1 0.000126566 -0.00104295 -0.000126434 0.999999 -0.00304849 -0.0345139 0.0824116
FixedParameters: 0 0 0

#Transform 231
Transform: AffineTransform_float_3_3
Parameters: 1 0.000581679 0.000921202 -0.00058132 1 0.000347464 -0.000920798 -0.000348536 0.999999 -0.00424483 0.0172173 0.106013
FixedParameters: 0 0 0

#Transform 232
Transform: AffineTransform_float_3_3
Parameters: 1 0.000581852 0.000986088 -0.000581149 1 0.000150427 -0.000985913 -0.000150574 0.999999 -0.00505705 0.0195231 0.0867968
FixedParameters: 0 0 0

#Transform 233
Transform: AffineTransform_float_3_3
Parameters: 1 0.000459918 0.000921041 -0.000460082 1 8.85762e-05 -0.000920959 -8.94236e-05 0.999999 -0.0023296 0.0300915 0.0994212
FixedParameters: 0 0 0

#Transform 234
Transform: AffineTransform_float_3_3
Parameters: 0.999999 0.000581721 0.000921175 -0.000581277 1 0.000301465 -0.000920823 -0.000302536 0.999999 -0.00413707 0.0379429 0.105273
FixedParameters: 0 0 0

#Transform 235
Transform: AffineTransform_float_3_3
Parameters: 1 0.000363067 0.00100334 -0.000363933 0.999999 0.000929635 -0.00100366 -0.000930365 0.999999 -0.00173144 0.0313705 0.0909826
FixedParameters: 0 0 0

#Transform 236
Transform: AffineTransform_float_3_3
Parameters: 0.999999 0.00025095 0.000661399 -0.00025205 0.999998 0.00158683 -0.0006616 -0.00158717 0.999998 0.00415434 0.0409435 0.0994553
FixedParameters: 0 0 0

#Transform 237
Transform: AffineTransform_float_3_3
Parameters: 0.999999 0.000208261 0.000705219 -0.000209739 1 0.00104785 -0.000704781 -0.00104815 0.999999 0.00116515 0.0538191 0.0866771
FixedParameters: 0 0 0

#Transform 238
Transform: AffineTransform_float_3_3
Parameters: 0.999999 0.00025713 0.0007473 -0.000257869 1 0.00116381 -0.0007467 -0.00116419 0.999999 -0.00028954 0.0458821 0.117787
FixedParameters: 0 0 0

#Transform 239
Transform: AffineTransform_float_3_3
Parameters: 0.999999 0.000367913 0.000605662 -0.000369088 0.999999 0.00179678 -0.000605338 -0.00179622 0.999998 -0.00637741 -0.0498343 0.116277
FixedParameters: 0 0 0

#Transform 240
Transform: AffineTransform_float_3_3
Parameters: 1 0.000313455 0.000445384 -0.000313545 0.999999 0.00122486 -0.000444616 -0.00122514 0.999999 0.0056887 0.0875991 0.132959
FixedParameters: 0 0 0

#Transform 241
Transform: AffineTransform_float_3_3
Parameters: 1 0.000106371 0.000573117 -0.000107629 1 0.00109794 -0.000572882 -0.00109806 0.999999 0.00757692 0.00956172 0.132937
FixedParameters: 0 0 0

#Transform 242
Transform: AffineTransform_float_3_3
Parameters: 1 0.000106399 0.000382168 -0.000107601 0.999999 0.00157396 -0.000381831 -0.00157404 0.999998 0.00974819 0.0335187 0.121938
FixedParameters: 0 0 0

#Transform 243
Transform: AffineTransform_float_3_3
Parameters: 1 0.000200086 0.000527348 -0.000201913 0.999998 0.00173289 -0.000526651 -0.00173311 0.999999 0.00054122 0.0158144 0.101316
FixedParameters: 0 0 0

#Transform 244
Transform: AffineTransform_float_3_3
Parameters: 1 0.000251193 0.000601338 -0.000251808 0.999999 0.00134285 -0.000601662 -0.00134315 0.999999 0.00488833 0.0258768 0.0923955
FixedParameters: 0 0 0

#Transform 245
Transform: AffineTransform_float_3_3
Parameters: 0.999999 0.000202093 0.000840219 -0.000202908 1 0.00108083 -0.000839781 -0.00108017 0.999999 0.00295207 0.0291393 0.0952597
FixedParameters: 0 0 0

#Transform 246
Transform: AffineTransform_float_3_3
Parameters: 1 0.000266398 0.000418384 -0.000266603 0.999999 0.00143889 -0.000418617 -0.00143911 0.999999 0.00403696 0.0301488 0.1001
FixedParameters: 0 0 0

#Transform 247
Transform: AffineTransform_float_3_3
Parameters: 1 0.000248733 0.000273243 -0.000249268 1 0.000976933 -0.000273757 -0.000977069 1 -0.000687875 0.264441 0.0629276
FixedParameters: 0 0 0

#Transform 248
Transform: AffineTransform_float_3_3
Parameters: 0.999999 0.000257189 0.000706296 -0.00025781 1 0.00114782 -0.000705704 -0.00114818 0.999999 -0.0125916 -0.0938195 0.085946
FixedParameters: 0 0 0

#Transform 249
Transform: AffineTransform_float_3_3
Parameters: 1 0.00029319 0.000577412 -0.000293809 0.999999 0.00140283 -0.000576588 -0.00140317 0.999999 -0.00791073 -0.0968293 0.0852106
FixedParameters: 0 0 0

#Transform 250
Transform: AffineTransform_float_3_3
Parameters: 1 0.000266331 0.000490364 -0.00026667 0.999999 0.00136487 -0.000490636 -0.00136513 0.999999 -0.00356103 -0.00846842 0.072979
FixedParameters: 0 0 0

#Transform 251
Transform: AffineTransform_float_3_3
Parameters: 1 0.000273559 0.000271445 -0.00027344 0.999998 0.00162492 -0.000270556 -0.00162507 0.999998 0.00367031 0.0152642 0.087101
FixedParameters: 0 0 0

#Transform 252
Transform: AffineTransform_float_3_3
Parameters: 1 0.000214753 0.000131405 -0.000215248 0.999998 0.00188397 -0.000131595 -0.00188403 0.999998 0.00981976 0.058889 0.0530434
FixedParameters: 0 0 0

#Transform 253
Transform: AffineTransform_float_3_3
Parameters: 1 0.000374279 0.000437617 -0.000375721 0.999998 0.00164783 -0.000437381 -0.00164716 0.999998 -8.85371e-05 0.0778343 0.04825
FixedParameters: 0 0 0

#Transform 254
Transform: AffineTransform_float_3_3
Parameters: 1 0.000413283 0.000490605 -0.000413717 0.999999 0.0014618 -0.000490395 -0.0014622 0.999999 0.00973435 0.0762355 0.0489397
FixedParameters: 0 0 0

#Transform 255
Transform: AffineTransform_float_3_3
Parameters: 1 0.000379324 0.000435589 -0.000379676 0.999998 0.00155283 -0.000435411 -0.00155316 0.999998 0.00289809 0.0651933 0.072558
FixedParameters: 0 0 0

#Transform 256
Transform: AffineTransform_float_3_3
Parameters: 1 0.000467345 0.000363842 -0.000468655 0.999999 0.00180083 -0.000363157 -0.00180117 0.999999 0.00240221 0.0406115 0.0906021
FixedParameters: 0 0 0

#Transform 257
Transform: AffineTransform_float_3_3
Parameters: 1 0.000266383 0.000409402 -0.000267616 0.999999 0.00150789 -0.000408597 -0.00150811 0.999999 0.00301882 0.0552236 0.0814394
FixedParameters: 0 0 0

#Transform 258
Transform: AffineTransform_float_3_3
Parameters: 1 0.000464243 0.000490717 -0.000464757 0.999998 0.00154377 -0.000490283 -0.00154423 0.999998 -0.00212645 -0.0100026 0.0950187
FixedParameters: 0 0 0

#Transform 259
Transform: AffineTransform_float_3_3
Parameters: 1 0.000305351 0.000490405 -0.00030565 0.999999 0.00132385 -0.000490596 -0.00132415 0.999999 0.000766868 -0.0456749 0.0915427
FixedParameters: 0 0 0

#Transform 260
Transform: AffineTransform_float_3_3
Parameters: 1 0.000321581 0.000321419 -0.000322419 0.999999 0.0013029 -0.00032158 -0.0013031 0.999999 0.00308128 0.0158973 0.0915606
FixedParameters: 0 0 0

#Transform 261
Transform: AffineTransform_float_3_3
Parameters: 1 0.000340386 0.000490427 -0.000341615 0.999999 0.00125283 -0.000490572 -0.00125317 0.999999 0.00184704 0.00900868 0.0902631
FixedParameters: 0 0 0

#Transform 262
Transform: AffineTransform_float_3_3
Parameters: 1 0.000265593 0.000279387 -0.000266406 0.999999 0.00145693 -0.000278612 -0.00145707 0.999999 0.00273029 -0.00210532 0.0905845
FixedParameters: 0 0 0

#Transform 263
Transform: AffineTransform_float_3_3
Parameters: 1 0.000272482 0.000302468 -0.000272517 0.999999 0.00171392 -0.000301533 -0.00171408 0.999999 -0.00011806 0.0484384 0.0983082
FixedParameters: 0 0 0

#Transform 264
Transform: AffineTransform_float_3_3
Parameters: 1 0.000255413 0.000420357 -0.000255586 0.999999 0.00139589 -0.000419644 -0.00139611 0.999999 -0.00247985 0.085382 0.0879575
FixedParameters: 0 0 0

#Transform 265
Transform: AffineTransform_float_3_3
Parameters: 1 0.000470713 0.000308439 -0.000470288 1 0.000931856 -0.000308562 -0.000932146 1 -0.0168893 0.0863432 0.0734806
FixedParameters: 0 0 0

#Transform 266
Transform: AffineTransform_float_3_3
Parameters: 1 0.000424637 0.00027556 -0.000424363 0.999999 0.00131788 -0.000275441 -0.00131812 0.999999 -0.00581889 0.0450702 0.074628
FixedParameters: 0 0 0

#Transform 267
Transform: AffineTransform_float_3_3
Parameters: 1 0.000489593 0.000267745 -0.000490407 0.999998 0.00152187 -0.000267254 -0.00152213 0.999999 -0.010021 0.047519 0.0951489
FixedParameters: 0 0 0

#Transform 268
Transform: AffineTransform_float_3_3
Parameters: 1 0.000497443 0.000490565 -0.000497557 0.999999 0.00113576 -0.000490435 -0.00113624 0.999999 -0.0135204 0.0508093 0.0781328
FixedParameters: 0 0 0

#Transform 269
Transform: AffineTransform_float_3_3
Parameters: 1 0.000419497 0.000330639 -0.000419503 0.999999 0.00152186 -0.000330362 -0.00152214 0.999999 -0.0081789 0.033149 0.0915487
FixedParameters: 0 0 0

#Transform 270
Transform: AffineTransform_float_3_3
Parameters: 1 0.000300503 0.000306487 -0.000301495 0.999998 0.00162091 -0.000305512 -0.00162109 0.999998 -0.00381542 0.00668769 0.0795662
FixedParameters: 0 0 0

#Transform 271
Transform: AffineTransform_float_3_3
Parameters: 1 0.000280585 0.000366319 -0.000281416 1 0.0011349 -0.000366681 -0.0011341 1 -0.00418979 -0.00462433 0.0632208
FixedParameters: 0 0 0

#Transform 272
Transform: AffineTransform_float_3_3
Parameters: 1 0.000377395 0.000490466 -0.000377606 0.999999 0.00123382 -0.000490534 -0.00123419 0.999999 -0.0107636 0.0442443 0.0750486
FixedParameters: 0 0 0

#Transform 273
Transform: AffineTransform_float_3_3
Parameters: 1 0.000414534 0.000312618 -0.000414466 0.999999 0.00149087 -0.000312382 -0.00149113 0.999999 -0.00571428 0.0138067 0.0756228
FixedParameters: 0 0 0

#Transform 274
Transform: AffineTransform_float_3_3
Parameters: 1 0.00010632 0.000490148 -0.000107681 0.999999 0.00138795 -0.000490851 -0.00138805 0.999999 0.00412793 0.0634348 0.109219
FixedParameters: 0 0 0

#Transform 275
Transform: AffineTransform_float_3_3
Parameters: 1 0.00031932 0.000490443 -0.00032068 0.999999 0.00138584 -0.000490556 -0.00138616 0.999999 -0.00255908 0.0726373 0.106104
FixedParameters: 0 0 0

#Transform 276
Transform: AffineTransform_float_3_3
Parameters: 1 0.000496298 0.000490711 -0.000496702 0.999999 0.00143176 -0.000490289 -0.00143224 0.999999 -0.0136084 0.0937668 0.0799192
FixedParameters: 0 0 0

#Transform 277
Transform: AffineTransform_float_3_3
Parameters: 1 0.000511744 0.000305428 -0.000512256 0.999999 0.000836843 -0.000305571 -0.000837156 0.999999 -0.0172235 0.0294472 0.0303588
FixedParameters: 0 0 0

#Transform 278
Transform: AffineTransform_float_3_3
Parameters: 1 0.000397705 0.000490239 -0.000398295 0.999999 0.000601805 -0.00049076 -0.000601195 0.999999 -0.00659578 0.0482196 0.0597985
FixedParameters: 0 0 0

#Transform 279
Transform: AffineTransform_float_3_3
Parameters: 1 0.000421421 0.000490498 -0.00042158 0.999999 0.00118079 -0.000490502 -0.00118121 0.999999 -0.00695334 -0.00207752 0.084061
FixedParameters: 0 0 0

#Transform 280
Transform: AffineTransform_float_3_3
Parameters: 0.999999 0.000424161 0.000630565 -0.000424839 0.999999 0.00133073 -0.000630435 -0.00133127 0.999999 -0.00861024 0.0292781 0.073635
FixedParameters: 0 0 0

#Transform 281
Transform: AffineTransform_float_3_3
Parameters: 1 0.000447661 0.000311488 -0.00044834 1 0.00108986 -0.000311512 -0.00109014 1 -0.0053865 0.0104245 0.0571238
FixedParameters: 0 0 0

#Transform 282
Transform: AffineTransform_float_3_3
Parameters: 1 0.00028137 0.000420422 -0.000282631 0.999999 0.00149988 -0.000420576 -0.00150012 0.999999 -0.00388627 0.0213437 0.0579836
FixedParameters: 0 0 0

#Transform 283
Transform: AffineTransform_float_3_3
Parameters: 1 0.00037629 0.000490545 -0.00037671 0.999999 0.00144682 -0.000490455 -0.00144718 0.999999 -0.00619121 0.0394686 0.0759808
FixedParameters: 0 0 0

#Transform 284
Transform: AffineTransform_float_3_3
Parameters: 1 0.000398264 0.000490598 -0.000398736 0.999999 0.0014998 -0.000490402 -0.00150019 0.999999 -0.00655654 0.0449097 0.0767925
FixedParameters: 0 0 0

#Transform 285
Transform: AffineTransform_float_3_3
Parameters: 1 0.000265819 0.000205234 -0.00026618 0.999999 0.000880945 -0.000204765 -0.000881054 0.999999 -0.00113045 0.0337207 0.0526738
FixedParameters: 0 0 0

#Transform 286
Transform: AffineTransform_float_3_3
Parameters: 1 0.000106494 0.000391138 -0.000107506 0.999999 0.00129496 -0.000390861 -0.00129504 0.999999 0.00145249 0.0361294 0.0672537
FixedParameters: 0 0 0

#Transform 287
Transform: AffineTransform_float_3_3
Parameters: 1 0.00010629 0.000490154 -0.000107711 0.999999 0.00144795 -0.000490844 -0.00144805 0.999999 0.00118815 0.0342944 0.0731734
FixedParameters: 0 0 0

#Transform 288
Transform: AffineTransform_float_3_3
Parameters: 1 0.000184047 0.000489608 -0.000182952 0.999997 -0.00213709 -0.000490392 0.00213691 0.999997 0.000478289 0.0272248 0.0939372
FixedParameters: 0 0 0

#Transform 289
Transform: AffineTransform_float_3_3
Parameters: 1 0.00044779 0.000489277 -0.000447208 0.999998 -0.00161522 -0.000490723 0.00161478 0.999998 -0.00629571 0.0499814 0.0995566
FixedParameters: 0 0 0

#Transform 290
Transform: AffineTransform_float_3_3
Parameters: 0.999999 0.000302482 0.000642773 -0.000302518 0.999999 -0.000749194 -0.000643227 0.000749805 0.999999 -0.00215162 0.0416832 0.132936
FixedParameters: 0 0 0

#Transform 291
Transform: AffineTransform_float_3_3
Parameters: 1 0.000373131 0.0004899 -0.000372869 1 -0.000268183 -0.0004901 0.000267817 1 -0.00355735 0.041111 0.133488
FixedParameters: 0 0 0

#Transform 292
Transform: AffineTransform_float_3_3
Parameters: 0.999999 0.000107335 0.000986964 -0.000107664 1 -0.000340107 -0.000987037 0.000339894 1 -0.00744983 0.0518301 0.102428
FixedParameters: 0 0 0

#Transform 293
Transform: AffineTransform_float_3_3
Parameters: 0.999999 0.000436772 0.00126373 -0.000436227 0.999999 -0.000611552 -0.00126427 0.000610448 0.999999 -0.014143 0.0383776 0.100363
FixedParameters: 0 0 0

#Transform 294
Transform: AffineTransform_float_3_3
Parameters: 1 0.000394241 0.00102753 -0.000392761 0.999999 -0.0012064 -0.00102747 0.0012066 0.999998 -0.00542976 0.067203 0.0981074
FixedParameters: 0 0 0

#Transform 295
Transform: AffineTransform_float_3_3
Parameters: 1 0.000427592 0.00102775 -0.000427408 0.999999 -0.00057644 -0.00102825 0.000575561 1 0.00201053 0.0544173 0.117468
FixedParameters: 0 0 0

#Transform 296
Transform: AffineTransform_float_3_3
Parameters: 1 0.000386193 0.00102793 -0.000385807 1 -0.000188397 -0.00102807 0.000187603 1 -0.00628509 0.0403085 0.0979837
FixedParameters: 0 0 0

#Transform 297
Transform: AffineTransform_float_3_3
Parameters: 1 0.000380061 0.00102798 -0.000379939 1 -5.93906e-05 -0.00102802 5.86093e-05 1 -0.00948166 0.0388107 0.0915648
FixedParameters: 0 0 0

#Transform 298
Transform: AffineTransform_float_3_3
Parameters: 1 0.00042989 0.00112104 -0.00043011 1 9.75179e-05 -0.00112096 -9.8482e-05 1 -0.00989634 0.0411199 0.104172
FixedParameters: 0 0 0

#Transform 299
Transform: AffineTransform_float_3_3
Parameters: 0.999999 0.000445071 0.00120297 -0.000444929 1 -5.95353e-05 -0.00120303 5.84646e-05 1 -0.00484041 0.0562915 0.116409
FixedParameters: 0 0 0

#Transform 300
Transform: AffineTransform_float_3_3
Parameters: 1 0.000379382 0.00102786 -0.000378618 1 -0.000371389 -0.00102814 0.00037161 1 -0.0051288 0.0869417 0.105034
FixedParameters: 0 0 0

#Transform 301
Transform: AffineTransform_float_3_3
Parameters: 0.999999 0.000468383 0.00133087 -0.000467618 1 -0.000287623 -0.00133113 0.000287377 0.999999 -0.0122008 0.0601 0.0942969
FixedParameters: 0 0 0

#Transform 302
Transform: AffineTransform_float_3_3
Parameters: 1 0.000359319 0.0011529 -0.000358682 1 -0.000276414 -0.0011531 0.000276586 1 -0.00489335 0.0494495 0.0971188
FixedParameters: 0 0 0

#Transform 303
Transform: AffineTransform_float_3_3
Parameters: 1 0.000344058 0.00114598 -0.000343941 1 -5.13942e-05 -0.00114602 5.06058e-05 1 -0.0095367 0.0303127 0.0975147
FixedParameters: 0 0 0

#Transform 304
Transform: AffineTransform_float_3_3
Parameters: 0.999999 0.000351753 0.00130407 -0.000352246 1 0.000188541 -0.00130393 -0.000189459 0.999999 -0.013295 0.0616532 0.101287
FixedParameters: 0 0 0

#Transform 305
Transform: AffineTransform_float_3_3
Parameters: 0.999999 0.000361136 0.00144997 -0.000360865 1 -9.35233e-05 -0.00145003 9.34764e-05 0.999999 -0.0133826 0.0555788 0.101447
FixedParameters: 0 0 0

#Transform 306
Transform: AffineTransform_float_3_3
Parameters: 0.999999 0.000476325 0.0015019 -0.000475673 1 -0.000217715 -0.0015021 0.000216285 0.999999 -0.0177483 0.061257 0.0917188
FixedParameters: 0 0 0

#Transform 307
Transform: AffineTransform_float_3_3
Parameters: 0.999999 0.000450181 0.00127394 -0.000450819 1 -0.000142574 -0.00127406 0.000141427 0.999999 -0.0147959 0.0442459 0.0855886
FixedParameters: 0 0 0

#Transform 308
Transform: AffineTransform_float_3_3
Parameters: 0.999999 0.000429087 0.00120197 -0.000428913 1 -7.25156e-05 -0.00120203 7.24843e-05 1 -0.00807904 0.0571786 0.0679866
FixedParameters: 0 0 0

#Transform 309
Transform: AffineTransform_float_3_3
Parameters: 1 0.00042141 0.00109584 -0.00042059 1 -0.000374461 -0.00109616 0.000373538 1 -0.00515651 0.057976 0.0822137
FixedParameters: 0 0 0

#Transform 310
Transform: AffineTransform_float_3_3
Parameters: 0.999999 0.000497679 0.00134875 -0.000497321 0.999999 -0.000503671 -0.00134925 0.000503329 0.999999 -0.0105941 0.0482602 0.0987585
FixedParameters: 0 0 0

#Transform 311
Transform: AffineTransform_float_3_3
Parameters: 0.999999 0.000503507 0.0012808 -0.000503493 1 -0.000395645 -0.0012812 0.000395355 0.999999 -0.017302 0.0470894 0.100752
FixedParameters: 0 0 0

#Transform 312
Transform: AffineTransform_float_3_3
Parameters: 0.999999 0.000599871 0.00141263 -0.000599127 0.999999 -0.000617847 -0.00141337 0.000616153 0.999999 -0.01257 0.0648826 0.104697
FixedParameters: 0 0 0

#Transform 313
Transform: AffineTransform_float_3_3
Parameters: 0.999999 0.000446883 0.00128069 -0.000446117 0.999999 -0.000689572 -0.00128131 0.000689428 0.999999 -0.0085528 0.0799216 0.0946629
FixedParameters: 0 0 0

#Transform 314
Transform: AffineTransform_float_3_3
Parameters: 0.999998 0.000438262 0.00154364 -0.000436736 1 -0.000818676 -0.00154436 0.000817325 0.999999 -0.0112742 0.06608 0.11546
FixedParameters: 0 0 0

#Transform 315
Transform: AffineTransform_float_3_3
Parameters: 0.999999 0.000594201 0.00172359 -0.000592799 0.999999 -0.000697023 -0.00172441 0.000695976 0.999999 -0.0160192 0.0424329 0.111571
FixedParameters: 0 0 0

#Transform 316
Transform: AffineTransform_float_3_3
Parameters: 0.999998 0.000793396 0.00150526 -0.000792603 1 -0.000928195 -0.00150574 0.000926807 0.999999 -0.0167299 0.0299101 0.103572
FixedParameters: 0 0 0

#Transform 317
Transform: AffineTransform_float_3_3
Parameters: 0.999999 0.000794973 0.00164056 -0.000792028 0.999998 -0.0018123 -0.00164144 0.0018107 0.999997 -0.0182284 0.213672 0.103564
FixedParameters: 0 0 0

#Transform 318
Transform: AffineTransform_float_3_3
Parameters: 0.999999 0.000702527 0.00128016 -0.000701472 0.999999 -0.0011939 -0.00128084 0.0011921 0.999999 -0.00497091 -0.0487656 0.112278
FixedParameters: 0 0 0

#Transform 319
Transform: AffineTransform_float_3_3
Parameters: 0.999999 0.00071742 0.00139527 -0.00071558 0.999999 -0.001018 -0.00139573 0.001017 0.999998 -0.0106825 0.0260853 0.0981589
FixedParameters: 0 0 0

#Transform 320
Transform: AffineTransform_float_3_3
Parameters: 0.999999 0.000497089 0.00128058 -0.00049691 0.999999 -0.000850637 -0.00128142 0.000850363 0.999999 -0.00574774 0.0663674 0.0979037
FixedParameters: 0 0 0

#Transform 321
Transform: AffineTransform_float_3_3
Parameters: 0.999999 0.000577956 0.00128057 -0.000577043 0.999999 -0.000746739 -0.00128143 0.00074626 0.999999 -0.00703345 0.0503556 0.103785
FixedParameters: 0 0 0

#Transform 322
Transform: AffineTransform_float_3_3
Parameters: 0.999999 0.000548222 0.00111189 -0.000547777 1 -0.000200609 -0.00111211 0.000199391 1 -0.00460993 0.0468161 0.0960115
FixedParameters: 0 0 0

#Transform 323
Transform: AffineTransform_float_3_3
Parameters: 0.999999 0.000590251 0.000740799 -0.000590748 1 -0.000339438 -0.0007412 0.000338562 0.999999 -0.00103377 0.0866889 0.0723978
FixedParameters: 0 0 0

#Transform 324
Transform: AffineTransform_float_3_3
Parameters: 1 0.000655581 0.00101363 -0.000655419 0.999999 -0.000572665 -0.00101438 0.000572335 1 -0.0114278 0.0741149 0.0788586
FixedParameters: 0 0 0

#Transform 325
Transform: AffineTransform_float_3_3
Parameters: 1 0.000559556 0.0010357 -0.000558443 0.999999 -0.000537579 -0.0010363 0.000536421 1 -0.00679575 0.0758726 0.0842348
FixedParameters: 0 0 0

#Transform 326
Transform: AffineTransform_float_3_3
Parameters: 1 0.000548502 0.00103574 -0.000548498 0.999999 -0.000484568 -0.00103627 0.000484432 1 -0.0038106 0.0451466 0.0947958
FixedParameters: 0 0 0

#Transform 327
Transform: AffineTransform_float_3_3
Parameters: 1 0.000584391 0.00103578 -0.000584609 1 -0.000377606 -0.00103622 0.000377395 1 -0.00442354 0.0546849 0.102441
FixedParameters: 0 0 0

#Transform 328
Transform: AffineTransform_float_3_3
Parameters: 1 0.000525893 0.00103555 -0.000525106 0.999999 -0.000862544 -0.00103645 0.000862455 0.999999 -0.00344467 0.0715708 0.102058
FixedParameters: 0 0 0

#Transform 329
Transform: AffineTransform_float_3_3
Parameters: 1 0.000578557 0.00103569 -0.000578443 0.999999 -0.000537599 -0.00103631 0.000537401 1 -0.00116902 0.0240101 0.123422
FixedParameters: 0 0 0

#Transform 330
Transform: AffineTransform_float_3_3
Parameters: 1 0.000528354 0.00103582 -0.000528645 1 -0.000342548 -0.00103618 0.000341453 1 -0.00353672 0.0377971 0.113635
FixedParameters: 0 0 0

#Transform 331
Transform: AffineTransform_float_3_3
Parameters: 0.999999 0.000508553 0.00122077 -0.000508447 1 -0.000453621 -0.00122023 0.00045238 0.999999 -0.00525682 0.0615008 0.102942
FixedParameters: 0 0 0

#Transform 332
Transform: AffineTransform_float_3_3
Parameters: 1 0.00065304 0.00103535 -0.000651961 1 -0.00100368 -0.00103666 0.00100332 0.999999 -0.00563941 0.0729725 0.0728821
FixedParameters: 0 0 0

#Transform 333
Transform: AffineTransform_float_3_3
Parameters: 0.999999 0.000774155 0.00103588 -0.000773845 0.999999 -0.000149802 -0.00103612 0.000149198 0.999999 -0.0119984 0.0809239 0.0800792
FixedParameters: 0 0 0

#Transform 334
Transform: AffineTransform_float_3_3
Parameters: 1 0.000736709 0.000947227 -0.00073629 0.999999 0.000306303 -0.000946774 -0.000307698 1 -0.00942345 0.0591852 0.0880131
FixedParameters: 0 0 0

#Transform 335
Transform: AffineTransform_float_3_3
Parameters: 0.999999 0.000680879 0.00103608 -0.00068112 1 0.000115294 -0.00103692 -0.000116706 0.999999 -0.00614743 0.0858958 0.11195
FixedParameters: 0 0 0

#Transform 336
Transform: AffineTransform_float_3_3
Parameters: 1 0.000563005 0.000924997 -0.000562995 1 -5.52077e-06 -0.000925003 4.47922e-06 0.999999 -0.0105721 0.0506963 0.128316
FixedParameters: 0 0 0

#Transform 337
Transform: AffineTransform_float_3_3
Parameters: 0.999999 0.000598174 0.000523802 -0.000597826 1 -0.000331313 -0.000524198 0.000331686 1 0.00132676 0.0913032 0.1242
FixedParameters: 0 0 0

#Transform 338
Transform: AffineTransform_float_3_3
Parameters: 1 0.000656964 0.000736033 -0.000657037 1 4.95164e-05 -0.000735968 -4.94835e-05 0.999999 -0.00217955 0.0713343 0.152325
FixedParameters: 0 0 0

#Transform 339
Transform: AffineTransform_float_3_3
Parameters: 1 0.000727939 0.00088805 -0.000728061 0.999999 6.83534e-05 -0.00088795 -6.86464e-05 0.999999 -0.011881 0.0526481 0.128487
FixedParameters: 0 0 0

#Transform 340
Transform: AffineTransform_float_3_3
Parameters: 1 0.00071581 0.000916149 -0.00071619 0.999999 0.000207344 -0.000915851 -0.000207656 0.999999 -0.0116471 0.0537481 0.107667
FixedParameters: 0 0 0

#Transform 341
Transform: AffineTransform_float_3_3
Parameters: 1 0.00065664 0.000916258 -0.000656361 0.999999 0.000393399 -0.000915742 -0.000393601 0.999999 -0.00802308 0.0385915 0.110369
FixedParameters: 0 0 0

#Transform 342
Transform: AffineTransform_float_3_3
Parameters: 1 0.000656997 0.000916002 -0.000657003 1 3.39818e-06 -0.000915998 -3.60181e-06 0.999999 -0.00421233 0.0674723 0.113401
FixedParameters: 0 0 0

#Transform 343
Transform: AffineTransform_float_3_3
Parameters: 0.999999 0.000657157 0.000374724 -0.000656843 0.999999 -0.000419246 -0.000374275 0.000418754 1 -0.00197487 0.0864478 0.0751522
FixedParameters: 0 0 0

#Transform 344
Transform: AffineTransform_float_3_3
Parameters: 0.999999 0.000657259 0.000546687 -0.00065674 0.999999 -0.000475359 -0.000547312 0.00047464 0.999999 0.000127081 0.065875 0.0772382
FixedParameters: 0 0 0

#Transform 345
Transform: AffineTransform_float_3_3
Parameters: 1 0.000656958 0.000834033 -0.000657042 1 5.0452e-05 -0.000833967 -5.05479e-05 0.999999 -0.00390649 0.0494369 0.0850819
FixedParameters: 0 0 0

#Transform 346
Transform: AffineTransform_float_3_3
Parameters: 1 0.00065705 0.00083396 -0.00065695 1 -6.05479e-05 -0.000834039 5.9452e-05 0.999999 -0.00186415 0.049571 0.0925858
FixedParameters: 0 0 0

#Transform 347
Transform: AffineTransform_float_3_3
Parameters: 1 0.000657092 0.000833927 -0.000656907 1 -0.000111548 -0.000834073 0.000110452 0.999999 -0.00613761 0.0617578 0.0884241
FixedParameters: 0 0 0

#Transform 348
Transform: AffineTransform_float_3_3
Parameters: 1 0.000579175 0.000833878 -0.000579825 1 -0.000210483 -0.000834122 0.000209517 0.999999 -0.00209509 0.0631482 0.0951032
FixedParameters: 0 0 0

#Transform 349
Transform: AffineTransform_float_3_3
Parameters: 1 0.000657184 0.00093387 -0.000656816 1 -0.000197613 -0.000934129 0.000196386 0.999999 -0.0140768 0.0712321 0.083883
FixedParameters: 0 0 0

#Transform 350
Transform: AffineTransform_float_3_3
Parameters: 1 0.000657344 0.000833728 -0.000656656 0.999999 -0.000413547 -0.000833271 0.000412452 0.999999 -0.00960307 0.0651763 0.0779999
FixedParameters: 0 0 0

#Transform 351
Transform: AffineTransform_float_3_3
Parameters: 1 0.000657552 0.00097763 -0.000656448 0.999999 -0.000564642 -0.000978371 0.000564357 1 -0.00492427 0.11242 0.109407
FixedParameters: 0 0 0

#Transform 352
Transform: AffineTransform_float_3_3
Parameters: 1 0.000657568 0.000833554 -0.000656433 0.999999 -0.000680548 -0.000833448 0.000680452 1 -0.00327521 0.045977 0.110931
FixedParameters: 0 0 0

#Transform 353
Transform: AffineTransform_float_3_3
Parameters: 0.999999 0.000657217 0.000833828 -0.000656782 1 -0.000260548 -0.00083417 0.000260452 0.999999 -0.00318057 0.0398335 0.114877
FixedParameters: 0 0 0

#Transform 354
Transform: AffineTransform_float_3_3
Parameters: 1 0.00065705 0.00083396 -0.00065695 1 -6.05479e-05 -0.000834039 5.9452e-05 0.999999 -0.00803576 0.0440777 0.0985776
FixedParameters: 0 0 0

#Transform 355
Transform: AffineTransform_float_3_3
Parameters: 0.999999 0.000599143 0.000568849 -0.000599856 1 -0.000252341 -0.000569151 0.000251659 1 0.000682024 0.034491 0.0941886
FixedParameters: 0 0 0

#Transform 356
Transform: AffineTransform_float_3_3
Parameters: 1 0.000657321 0.000833747 -0.000656679 0.999999 -0.000385547 -0.000833253 0.000384452 0.999999 -0.00322834 0.113584 0.112674
FixedParameters: 0 0 0

#Transform 357
Transform: AffineTransform_float_3_3
Parameters: 1 0.000657225 0.00098585 -0.000656775 1 -0.000228647 -0.00098615 0.000228352 0.999999 -0.00239169 0.0835352 0.131807
FixedParameters: 0 0 0

#Transform 358
Transform: AffineTransform_float_3_3
Parameters: 0.999999 0.000657132 0.00109092 -0.000656869 1 -0.000120717 -0.00109108 0.000120283 1 -0.0061715 0.0822755 0.0985134
FixedParameters: 0 0 0

#Transform 359
Transform: AffineTransform_float_3_3
Parameters: 1 0.000657263 0.000833792 -0.000656736 0.999999 -0.000316548 -0.000834207 0.000315452 0.999999 -0.00329494 0.0387863 0.0917326
FixedParameters: 0 0 0

#Transform 360
Transform: AffineTransform_float_3_3
Parameters: 1 0.000573252 0.00105886 -0.000572748 1 -0.000238607 -0.00105914 0.000237393 1 -0.00453111 0.0816515 0.108338
FixedParameters: 0 0 0

#Transform 361
Transform: AffineTransform_float_3_3
Parameters: 0.999999 0.00065751 0.0011167 -0.000656489 0.999999 -0.000457733 -0.0011173 0.000456266 1 -0.00927259 0.0787133 0.109699
FixedParameters: 0 0 0

#Transform 362
Transform: AffineTransform_float_3_3
Parameters: 1 0.000657178 0.000999883 -0.000656823 1 -0.000177657 -0.00100012 0.000177343 0.999999 -0.00516925 0.0518326 0.108428
FixedParameters: 0 0 0

#Transform 363
Transform: AffineTransform_float_3_3
Parameters: 1 0.000595471 0.000833664 -0.000594529 0.999999 -0.000565496 -0.000833337 0.000564504 1 -0.00226798 0.0653933 0.0995119
FixedParameters: 0 0 0

#Transform 364
Transform: AffineTransform_float_3_3
Parameters: 1 0.000486786 0.000996617 -0.000486214 0.999999 -0.000789485 -0.000996384 0.000788515 0.999999 -0.0023806 0.0872173 0.114153
FixedParameters: 0 0 0

#Transform 365
Transform: AffineTransform_float_3_3
Parameters: 1 0.000713502 0.000990639 -0.000713498 0.999999 -0.000506707 -0.000991362 0.000506293 1 -0.00610657 0.0319696 0.105827
FixedParameters: 0 0 0

#Transform 366
Transform: AffineTransform_float_3_3
Parameters: 1 0.00065705 0.00083396 -0.00065695 1 -6.05479e-05 -0.000834039 5.9452e-05 0.999999 -0.00329856 0.0252966 0.0980196
FixedParameters: 0 0 0

#Transform 367
Transform: AffineTransform_float_3_3
Parameters: 0.999999 0.0007249 0.00100936 -0.000724101 1 -0.000890732 -0.00101065 0.000890268 0.999999 -0.00971883 0.102827 0.0896527
FixedParameters: 0 0 0
