#Insight Transform File V1.0
#Transform 0
Transform: AffineTransform_float_3_3
Parameters: 1 8.95552e-05 -0.000638923 -8.94446e-05 0.999999 0.000869057 0.000639078 -0.000868943 1 0.0317444 -0.052287 0.0279345
FixedParameters: 0 0 0

#Transform 1
Transform: AffineTransform_float_3_3
Parameters: 1 6.15648e-07 -0.000583 -3.84351e-07 1 0.001056 0.000583001 -0.001056 1 0.0332562 -0.0530184 0.0217034
FixedParameters: 0 0 0

#Transform 2
Transform: AffineTransform_float_3_3
Parameters: 1 -9.24941e-05 -0.000545086 9.25057e-05 0.999999 0.00092795 0.000544915 -0.000928051 1 0.0319157 -0.0585566 0.0225329
FixedParameters: 0 0 0

#Transform 3
Transform: AffineTransform_float_3_3
Parameters: 1 -5.85083e-05 -0.000449064 5.84916e-05 1 0.00109497 0.000448936 -0.00109503 1 0.0370512 -0.0171251 0.02934
FixedParameters: 0 0 0

#Transform 4
Transform: AffineTransform_float_3_3
Parameters: 1 7.28574e-07 -0.000580999 -2.71425e-07 0.999999 0.001254 0.000581001 -0.001254 0.999999 0.0357192 -0.0531805 0.0224661
FixedParameters: 0 0 0

#Transform 5
Transform: AffineTransform_float_3_3
Parameters: 1 -0.000169215 -0.000651204 0.000170785 1 0.00120589 0.000650794 -0.00120611 0.999999 0.0394091 -0.0584192 0.0220153
FixedParameters: 0 0 0

#Transform 6
Transform: AffineTransform_float_3_3
Parameters: 1 6.61206e-07 -0.000637 -3.38793e-07 0.999999 0.001038 0.000637001 -0.001038 1 0.0417159 -0.0516591 0.0191921
FixedParameters: 0 0 0

#Transform 7
Transform: AffineTransform_float_3_3
Parameters: 1 -2.6675e-08 -0.000485 -2.6675e-08 1 -5.5e-05 0.000485 5.5e-05 1 0.0341982 -0.0488525 0.000599739
FixedParameters: 0 0 0

#Transform 8
Transform: AffineTransform_float_3_3
Parameters: 1 -0.000226077 -0.000238927 0.000225923 1 -0.000322054 0.000239073 0.000321946 1 0.0275499 -0.0522412 -0.0125122
FixedParameters: 0 0 0

#Transform 9
Transform: AffineTransform_float_3_3
Parameters: 1 -0.000165964 -0.000132045 0.000166036 1 0.000272978 0.000131955 -0.000273022 1 0.0290583 -0.0664296 0.00267106
FixedParameters: 0 0 0

#Transform 10
Transform: AffineTransform_float_3_3
Parameters: 1 -1.8585e-08 6.3e-05 -1.8585e-08 1 0.000295 -6.3e-05 -0.000295 1 0.023886 -0.0341991 -0.00192028
FixedParameters: 0 0 0

#Transform 11
Transform: AffineTransform_float_3_3
Parameters: 1 -0.000176965 -0.000108058 0.000177035 1 0.000325981 0.000107942 -0.000326019 1 0.0300691 -0.0485686 -0.0113109
FixedParameters: 0 0 0

#Transform 12
Transform: AffineTransform_float_3_3
Parameters: 1 -0.000427305 0.000327603 0.000426695 1 0.00092914 -0.000328396 -0.00092886 0.999999 0.0249756 -0.0790333 -0.0136399
FixedParameters: 0 0 0

#Transform 13
Transform: AffineTransform_float_3_3
Parameters: 1 -0.000691083 6.20823e-05 0.000690917 0.999999 0.00132804 -6.29176e-05 -0.00132796 0.999999 -0.00586039 -0.0370016 -0.0293882
FixedParameters: 0 0 0

#Transform 14
Transform: AffineTransform_float_3_3
Parameters: 1 -0.000427238 0.000360718 0.000426762 0.999999 0.000659154 -0.000361281 -0.000658845 0.999999 0.00486477 -0.0741572 -0.0257214
FixedParameters: 0 0 0

#Transform 15
Transform: AffineTransform_float_3_3
Parameters: 1 -0.000305088 -0.000256896 0.000304912 1 -0.000342078 0.000257104 0.000341922 1 0.0213914 -0.0170005 0.00408771
FixedParameters: 0 0 0

#Transform 16
Transform: AffineTransform_float_3_3
Parameters: 1 -0.000302936 -0.000199098 0.000303064 1 0.00032194 0.000198902 -0.00032206 1 0.0174646 -0.0375213 -0.00494533
FixedParameters: 0 0 0

#Transform 17
Transform: AffineTransform_float_3_3
Parameters: 1 -0.000159617 -0.000571107 0.000160383 1 0.000670908 0.000570892 -0.000671091 0.999999 0.00480593 -0.0405428 -0.00348093
FixedParameters: 0 0 0

#Transform 18
Transform: AffineTransform_float_3_3
Parameters: 1 1.00845e-05 -0.000555998 -9.91548e-06 1 0.000152006 0.000556001 -0.000151994 1 -0.00316789 -0.0319476 -0.031844
FixedParameters: 0 0 0

#Transform 19
Transform: AffineTransform_float_3_3
Parameters: 1 0.00015505 -0.000335977 -0.00015495 1 0.000150052 0.000336023 -0.000149948 1 0.0040315 -0.0321238 -0.00833274
FixedParameters: 0 0 0

#Transform 20
Transform: AffineTransform_float_3_3
Parameters: 1 -1.09907e-05 -0.000118001 1.10093e-05 1 7.89987e-05 0.000117999 -7.90013e-05 1 -0.0047954 -0.00011216 -0.00274374
FixedParameters: 0 0 0

#Transform 21
Transform: AffineTransform_float_3_3
Parameters: 1 0.000159991 -0.000105014 -0.000160009 1 -8.59832e-05 0.000104986 8.60168e-05 1 -0.0110562 -0.0197061 -0.0156293
FixedParameters: 0 0 0

#Transform 22
Transform: AffineTransform_float_3_3
Parameters: 1 6.00818e-05 0.000321985 -5.99182e-05 1 -0.000254019 -0.000322015 0.000253981 1 -0.00657732 -0.0502685 -0.00395702
FixedParameters: 0 0 0

#Transform 23
Transform: AffineTransform_float_3_3
Parameters: 0.999999 -4.05643e-05 0.00084602 4.14356e-05 1 -0.000514965 -0.000845978 0.000515034 0.999999 -0.000948886 -0.0687075 0.020094
FixedParameters: 0 0 0

#Transform 24
Transform: AffineTransform_float_3_3
Parameters: 0.999999 -0.00033546 0.00062529 0.00033554 0.999999 -0.00086379 -0.00062471 0.00086421 1 0.00650276 -0.016522 0.026362
FixedParameters: 0 0 0

#Transform 25
Transform: AffineTransform_float_3_3
Parameters: 1 -0.000644609 0.000740471 0.00064439 0.999999 0.000822477 -0.00074153 -0.000821522 1 0.0222687 -0.0213969 0.0657337
FixedParameters: 0 0 0

#Transform 26
Transform: AffineTransform_float_3_3
Parameters: 0.999999 -0.00059028 0.0008338 0.000589719 1 0.000337492 -0.000833198 -0.000336508 0.999999 0.0322452 -0.0170547 0.0360003
FixedParameters: 0 0 0

#Transform 27
Transform: AffineTransform_float_3_3
Parameters: 0.999999 -0.000489413 0.000624676 0.000488586 0.999999 0.000661305 -0.000625323 -0.000661694 0.999999 0.0165145 -0.0497375 0.0559721
FixedParameters: 0 0 0

#Transform 28
Transform: AffineTransform_float_3_3
Parameters: 1 -0.000411344 0.000431672 0.000410655 0.999999 0.000798177 -0.000432328 -0.000797822 0.999999 0.0248581 0.0102744 0.0628498
FixedParameters: 0 0 0

#Transform 29
Transform: AffineTransform_float_3_3
Parameters: 0.999999 -0.000443533 0.000624621 0.000443466 0.999999 0.000854277 -0.000625379 -0.000853723 1 0.0244838 0.0223824 0.0665698
FixedParameters: 0 0 0

#Transform 30
Transform: AffineTransform_float_3_3
Parameters: 0.999999 -0.000351689 0.000624612 0.00035131 1 0.00110322 -0.000625388 -0.00110278 0.999999 0.0163899 -0.0422481 0.0707076
FixedParameters: 0 0 0

#Transform 31
Transform: AffineTransform_float_3_3
Parameters: 0.999999 -0.000353586 0.000624669 0.000352413 0.999999 0.00093822 -0.000625331 -0.000937779 1 0.0158531 -0.0403582 0.053426
FixedParameters: 0 0 0

#Transform 32
Transform: AffineTransform_float_3_3
Parameters: 1 -0.000280101 0.000131785 0.000279899 0.999999 0.000767036 -0.000132215 -0.000767963 0.999999 0.0254335 -0.0664294 0.0641439
FixedParameters: 0 0 0

#Transform 33
Transform: AffineTransform_float_3_3
Parameters: 1 -0.000418822 0.000989076 0.000419179 1 -0.000180585 -0.000988924 0.000180414 0.999999 0.0254944 0.0289562 0.100428
FixedParameters: 0 0 0

#Transform 34
Transform: AffineTransform_float_3_3
Parameters: 0.999999 -0.000283871 0.000868042 0.000284129 1 -0.000148753 -0.000867957 0.000148246 0.999999 0.0289669 -0.00238547 0.149047
FixedParameters: 0 0 0

#Transform 35
Transform: AffineTransform_float_3_3
Parameters: 0.999999 -0.000504437 0.000745705 0.000503563 0.999999 0.000585376 -0.000746295 -0.000585624 1 0.033011 -0.023135 0.145112
FixedParameters: 0 0 0

#Transform 36
Transform: AffineTransform_float_3_3
Parameters: 1 -0.000556057 0.000821962 0.000555944 1 6.8457e-05 -0.000822038 -6.85429e-05 0.999999 0.0358146 0.0826999 0.120054
FixedParameters: 0 0 0

#Transform 37
Transform: AffineTransform_float_3_3
Parameters: 0.999999 -0.000335192 0.000826921 0.000334807 1 0.000233277 -0.000827077 -0.000232723 0.999999 0.0304619 -0.0770891 0.125507
FixedParameters: 0 0 0

#Transform 38
Transform: AffineTransform_float_3_3
Parameters: 0.999999 -0.000379094 0.00072695 0.000379905 1 0.000130276 -0.000727049 -0.000129724 0.999999 0.0287632 -0.0341367 0.1161
FixedParameters: 0 0 0

#Transform 39
Transform: AffineTransform_float_3_3
Parameters: 1 -0.000405013 0.00055699 0.000404987 1 2.32256e-05 -0.000557009 -2.27744e-05 1 0.0330896 -0.00702339 0.104012
FixedParameters: 0 0 0

#Transform 40
Transform: AffineTransform_float_3_3
Parameters: 0.999999 -0.000320307 0.00070486 0.000320692 1 0.000436226 -0.000705139 -0.000435774 0.999999 0.0319521 -0.032614 0.100547
FixedParameters: 0 0 0

#Transform 41
Transform: AffineTransform_float_3_3
Parameters: 1 -0.000371121 0.000556919 0.000370878 1 0.000218207 -0.000557081 -0.000217793 1 0.0392329 -0.00844809 0.101311
FixedParameters: 0 0 0

#Transform 42
Transform: AffineTransform_float_3_3
Parameters: 1 -0.000352921 0.00055705 0.000353079 1 -0.000141803 -0.00055695 0.000141197 1 0.0377309 -0.0059673 0.0897395
FixedParameters: 0 0 0

#Transform 43
Transform: AffineTransform_float_3_3
Parameters: 0.999999 -0.000362 0.000648999 0.000361999 1 1.23494e-06 -0.000649 -7.65062e-07 1 0.0372723 0.00759839 0.104084
FixedParameters: 0 0 0

#Transform 44
Transform: AffineTransform_float_3_3
Parameters: 1 -0.000329299 0.000556823 0.000328701 1 0.000537183 -0.000557177 -0.000537816 0.999999 0.0387307 -0.0309616 0.0970306
FixedParameters: 0 0 0

#Transform 45
Transform: AffineTransform_float_3_3
Parameters: 0.999999 -0.000329193 0.000681906 0.000328807 1 0.000283224 -0.000682093 -0.000282775 0.999999 0.0366585 -0.00969188 0.092892
FixedParameters: 0 0 0

#Transform 46
Transform: AffineTransform_float_3_3
Parameters: 1 -0.000329173 0.000556898 0.000328827 1 0.000310183 -0.000557102 -0.000309817 1 0.0336673 -0.0100345 0.0960078
FixedParameters: 0 0 0

#Transform 47
Transform: AffineTransform_float_3_3
Parameters: 0.999999 -0.000577528 0.000556453 0.000576472 1 0.000948322 -0.000557547 -0.000947679 1 0.0267289 -0.0727059 0.0957393
FixedParameters: 0 0 0

#Transform 48
Transform: AffineTransform_float_3_3
Parameters: 1 -0.000423436 0.000958368 0.000421564 0.999999 0.00149841 -0.000958633 -0.0014976 0.999999 -0.00250596 -0.0624276 0.0793817
FixedParameters: 0 0 0

#Transform 49
Transform: AffineTransform_float_3_3
Parameters: 0.999999 -0.000429475 0.0015043 0.000427526 0.999999 0.00164465 -0.00150471 -0.00164436 0.999998 -0.012895 0.124847 0.113331
FixedParameters: 0 0 0

#Transform 50
Transform: AffineTransform_float_3_3
Parameters: 0.999998 -0.000623847 0.00151365 0.000623152 0.999999 0.000559944 -0.00151435 -0.000559056 0.999998 -0.00606128 -0.0249763 0.0784928
FixedParameters: 0 0 0

#Transform 51
Transform: AffineTransform_float_3_3
Parameters: 0.999998 -0.000334788 0.00158141 0.000331212 0.999999 0.00176353 -0.00158159 -0.00176247 0.999997 -0.0161528 0.065281 0.011932
FixedParameters: 0 0 0

#Transform 52
Transform: AffineTransform_float_3_3
Parameters: 1 -0.000317925 0.000617524 0.000317075 0.999999 0.0014982 -0.000617475 -0.0014978 0.999998 -0.00480571 0.016354 -0.0194386
FixedParameters: 0 0 0

#Transform 53
Transform: AffineTransform_float_3_3
Parameters: 1 -0.000646747 0.000857438 0.000646254 1 0.000870555 -0.000857563 -0.000869446 1 -0.00500905 -0.075843 -0.0579603
FixedParameters: 0 0 0

#Transform 54
Transform: AffineTransform_float_3_3
Parameters: 0.999999 -0.000333093 0.000699955 0.000332907 1 0.000133233 -0.000700044 -0.000132767 0.999999 -0.022529 -0.0948004 -0.0991016
FixedParameters: 0 0 0

#Transform 55
Transform: AffineTransform_float_3_3
Parameters: 1 -0.000490167 -0.000266693 0.000489832 0.999999 -0.00062713 0.000267307 0.000626869 1 -0.00102122 -0.0242642 -0.0571303
FixedParameters: 0 0 0

#Transform 56
Transform: AffineTransform_float_3_3
Parameters: 1 -0.000198968 6.50967e-05 0.000199032 1 -0.000485987 -6.49033e-05 0.000486013 1 -0.0200935 -0.0312874 -0.120626
FixedParameters: 0 0 0

#Transform 57
Transform: AffineTransform_float_3_3
Parameters: 1 -0.000274927 -0.000279072 0.000275073 1 0.000262923 0.000278928 -0.000263077 1 -0.0220921 -0.010257 -0.130432
FixedParameters: 0 0 0

#Transform 58
Transform: AffineTransform_float_3_3
Parameters: 0.999999 -0.000560889 -0.00051312 0.00056111 1 0.000214712 0.000512879 -0.000215288 1 -0.025702 -0.0223095 -0.12033
FixedParameters: 0 0 0

#Transform 59
Transform: AffineTransform_float_3_3
Parameters: 1 -0.000245116 -0.000523946 0.000244884 1 -0.000221128 0.000524054 0.000220872 1 -0.020876 0.0260029 -0.113366
FixedParameters: 0 0 0

#Transform 60
Transform: AffineTransform_float_3_3
Parameters: 1 0.00011711 -0.000682981 -0.00011789 1 0.000161081 0.000683019 -0.00016092 1 -0.0339432 0.0715893 -0.139109
FixedParameters: 0 0 0

#Transform 61
Transform: AffineTransform_float_3_3
Parameters: 0.999999 -0.000364289 -0.00138219 0.000364711 1 0.000514496 0.00138181 -0.000514504 0.999999 -0.0214233 -0.0369233 -0.144294
FixedParameters: 0 0 0

#Transform 62
Transform: AffineTransform_float_3_3
Parameters: 0.999998 -0.000325599 -0.00201306 0.000326402 1 0.000199343 0.00201293 -0.000199656 0.999998 -0.0335584 -0.0475423 -0.185742
FixedParameters: 0 0 0

#Transform 63
Transform: AffineTransform_float_3_3
Parameters: 0.999996 -0.000720166 -0.00294994 0.000723834 0.999999 0.00129887 0.00294906 -0.00130113 0.999995 -0.0821598 -0.0252556 -0.331333
FixedParameters: 0 0 0

#Transform 64
Transform: AffineTransform_float_3_3
Parameters: 0.999998 -0.000137054 -0.00163499 0.000136946 1 -3.32239e-05 0.001635 3.27759e-05 0.999998 -0.0581779 -0.0246516 -0.262419
FixedParameters: 0 0 0

#Transform 65
Transform: AffineTransform_float_3_3
Parameters: 1 0.000484591 -0.000974708 -0.00048341 0.999999 0.000605472 0.000974294 -0.000605528 1 -0.0405836 0.0145372 -0.112854
FixedParameters: 0 0 0

#Transform 66
Transform: AffineTransform_float_3_3
Parameters: 1 0.000478387 0.000442582 -0.000478613 0.999999 -0.000874211 -0.000442418 0.000873788 0.999999 -0.0184709 -0.0541296 -0.0571013
FixedParameters: 0 0 0

#Transform 67
Transform: AffineTransform_float_3_3
Parameters: 1 0.000219926 -6.42543e-05 -0.000220074 1 -0.00115599 6.37457e-05 0.00115601 1 -0.0189872 -0.0198809 -0.0563121
FixedParameters: 0 0 0

#Transform 68
Transform: AffineTransform_float_3_3
Parameters: 1 0.000385084 0.000235863 -0.000384916 1 -0.000355091 -0.000235137 0.000354909 1 -0.0355474 -0.0475698 -0.0912236
FixedParameters: 0 0 0

#Transform 69
Transform: AffineTransform_float_3_3
Parameters: 0.999999 0.000318983 0.000848631 -0.000318016 1 -0.00115827 -0.000849368 0.00115773 0.999999 -0.0156494 0.0491608 -0.0679285
FixedParameters: 0 0 0

#Transform 70
Transform: AffineTransform_float_3_3
Parameters: 0.999999 -7.60678e-06 0.000720016 8.39318e-06 0.999998 -0.00193499 -0.000719985 0.00193501 0.999998 3.67507e-05 0.135616 -0.03652
FixedParameters: 0 0 0

#Transform 71
Transform: AffineTransform_float_3_3
Parameters: 0.999999 -0.000307051 0.000849707 0.00030895 0.999998 -0.00229474 -0.000849293 0.00229526 0.999997 0.0112474 -0.0528106 0.0239836
FixedParameters: 0 0 0

#Transform 72
Transform: AffineTransform_float_3_3
Parameters: 0.999999 -0.000142245 0.000849466 0.000144757 0.999994 -0.00324388 -0.000849535 0.00324412 0.999995 0.0237957 -0.0280699 0.0509334
FixedParameters: 0 0 0

#Transform 73
Transform: AffineTransform_float_3_3
Parameters: 0.999999 -0.000168738 0.00083546 0.00017026 0.999997 -0.00270786 -0.000834542 0.00270814 0.999996 0.0242141 -0.0115907 0.0594286
FixedParameters: 0 0 0

#Transform 74
Transform: AffineTransform_float_3_3
Parameters: 1 -0.000193124 0.000422401 0.000193877 0.999998 -0.00207392 -0.000422599 0.00207408 0.999998 0.023721 -0.0269502 0.0847546
FixedParameters: 0 0 0

#Transform 75
Transform: AffineTransform_float_3_3
Parameters: 0.999999 -0.000304505 0.000833547 0.000305494 0.999999 -0.00179375 -0.000832453 0.00179425 0.999998 0.018612 0.00200784 0.0521728
FixedParameters: 0 0 0

#Transform 76
Transform: AffineTransform_float_3_3
Parameters: 1 -0.000273166 0.00112745 0.000275833 0.999998 -0.00162669 -0.00112655 0.00162731 0.999998 0.020218 0.0368577 0.0422736
FixedParameters: 0 0 0

#Transform 77
Transform: AffineTransform_float_3_3
Parameters: 0.999999 -0.000190422 0.00127439 0.000192577 0.999998 -0.00202276 -0.00127361 0.00202324 0.999997 0.0161869 0.000353335 0.0319546
FixedParameters: 0 0 0

#Transform 78
Transform: AffineTransform_float_3_3
Parameters: 1 -0.000193931 0.00105538 0.000196068 0.999998 -0.00196079 -0.00105462 0.0019612 0.999997 0.0214918 0.0329997 0.0368754
FixedParameters: 0 0 0

#Transform 79
Transform: AffineTransform_float_3_3
Parameters: 1 -0.000143205 0.000967268 0.000144796 0.999999 -0.00185586 -0.000967733 0.00185614 0.999998 0.0220213 0.0278016 0.0389813
FixedParameters: 0 0 0

#Transform 80
Transform: AffineTransform_float_3_3
Parameters: 1 -1.2679e-06 0.000492002 2.73209e-06 0.999999 -0.001488 -0.000491996 0.001488 0.999999 0.0167149 0.00642059 0.0384973
FixedParameters: 0 0 0

#Transform 81
Transform: AffineTransform_float_3_3
Parameters: 1 -0.000134005 -3.8455e-06 0.000133995 1 -0.001153 4.1545e-06 0.001153 1 0.030958 -0.0430644 0.0264749
FixedParameters: 0 0 0

#Transform 82
Transform: AffineTransform_float_3_3
Parameters: 1 -0.000213602 0.000287296 0.000213398 0.999999 -0.00138594 -0.000286704 0.00138606 0.999999 0.0289368 -0.00260526 0.0543094
FixedParameters: 0 0 0

#Transform 83
Transform: AffineTransform_float_3_3
Parameters: 1 -1.855e-05 0.000287029 1.845e-05 0.999999 -0.00156799 -0.000286971 0.001568 0.999998 0.0212068 -0.0260942 0.0384733
FixedParameters: 0 0 0

#Transform 84
Transform: AffineTransform_float_3_3
Parameters: 1 -8.06691e-05 0.000287093 8.13309e-05 1 -0.00115298 -0.000286906 0.00115302 1 0.0276498 -0.0240151 0.0438407
FixedParameters: 0 0 0

#Transform 85
Transform: AffineTransform_float_3_3
Parameters: 1 -6.76117e-05 0.000499052 6.73882e-05 0.999999 -0.000777966 -0.000498947 0.000778033 0.999999 0.0273601 -0.0156898 0.0417382
FixedParameters: 0 0 0

#Transform 86
Transform: AffineTransform_float_3_3
Parameters: 1 -8.67712e-05 0.000287069 8.62287e-05 0.999999 -0.000796975 -0.000286931 0.000797024 0.999999 0.0304203 -0.0410791 0.0402765
FixedParameters: 0 0 0

#Transform 87
Transform: AffineTransform_float_3_3
Parameters: 1 -8.66955e-05 0.000287092 8.63045e-05 1 -0.00106098 -0.000286909 0.00106103 1 0.0317374 0.0286145 0.0584009
FixedParameters: 0 0 0

#Transform 88
Transform: AffineTransform_float_3_3
Parameters: 1 -8.63505e-05 0.000556101 8.66493e-05 1 -0.00116795 -0.000555899 0.00116805 0.999999 0.0309918 0.00548979 0.0554029
FixedParameters: 0 0 0

#Transform 89
Transform: AffineTransform_float_3_3
Parameters: 1 -8.67373e-05 0.000287079 8.62625e-05 0.999999 -0.000914974 -0.000286921 0.000915024 0.999999 0.0321694 0.00239152 0.0644657
FixedParameters: 0 0 0

#Transform 90
Transform: AffineTransform_float_3_3
Parameters: 1 -8.64089e-05 0.000628082 8.65908e-05 0.999999 -0.000940946 -0.000627919 0.000941054 1 0.0278479 0.0234379 0.063811
FixedParameters: 0 0 0

#Transform 91
Transform: AffineTransform_float_3_3
Parameters: 1 -8.64063e-05 0.000700074 8.65935e-05 0.999999 -0.00084794 -0.000699927 0.000848061 1 0.0272076 0.00394344 0.0595912
FixedParameters: 0 0 0

#Transform 92
Transform: AffineTransform_float_3_3
Parameters: 1 -8.63818e-05 0.000700077 8.6618e-05 0.999999 -0.00088294 -0.000699924 0.000883061 1 0.0282764 0.00111081 0.0574888
FixedParameters: 0 0 0

#Transform 93
Transform: AffineTransform_float_3_3
Parameters: 1 -8.47282e-05 0.00112417 8.62714e-05 0.999998 -0.0020209 -0.00112383 0.0020211 0.999998 0.0191596 -0.00419603 0.0610181
FixedParameters: 0 0 0

#Transform 94
Transform: AffineTransform_float_3_3
Parameters: 0.999999 -8.67e-05 0.000779033 8.62998e-05 1 -0.000384933 -0.000778966 0.000385067 0.999999 0.0203318 0.0092356 0.0360587
FixedParameters: 0 0 0

#Transform 95
Transform: AffineTransform_float_3_3
Parameters: 0.999999 -0.000298094 0.000699959 0.000297905 1 0.000135209 -0.00070004 -0.000134791 0.999999 0.0290142 0.0270027 0.0967387
FixedParameters: 0 0 0

#Transform 96
Transform: AffineTransform_float_3_3
Parameters: 1 -0.000333704 0.00111709 0.000333296 1 -0.000264628 -0.00111791 0.000265373 1 0.02501 -0.0488843 0.0801399
FixedParameters: 0 0 0

#Transform 97
Transform: AffineTransform_float_3_3
Parameters: 1 -0.000360853 0.00104505 0.000361148 1 -0.000141623 -0.00104495 0.000141377 0.999999 0.027335 -0.0310152 0.0710903
FixedParameters: 0 0 0

#Transform 98
Transform: AffineTransform_float_3_3
Parameters: 0.999999 -0.000433967 0.00115601 0.000434032 1 -2.74983e-05 -0.00115599 2.85017e-05 1 0.0273779 -0.010779 0.0701056
FixedParameters: 0 0 0

#Transform 99
Transform: AffineTransform_float_3_3
Parameters: 1 -0.00018066 0.00106306 0.00018034 1 -0.000319809 -0.00106294 0.000320192 1 0.035409 0.00904208 0.0928897
FixedParameters: 0 0 0

#Transform 100
Transform: AffineTransform_float_3_3
Parameters: 1 -0.000359134 0.00113396 0.000358866 1 0.000118407 -0.00113404 -0.000117593 1 0.0285219 -0.0126662 0.0909462
FixedParameters: 0 0 0

#Transform 101
Transform: AffineTransform_float_3_3
Parameters: 1 -0.000396008 0.001144 0.000395992 1 7.45302e-06 -0.001144 -6.54697e-06 1 0.0268668 0.0160932 0.0725984
FixedParameters: 0 0 0

#Transform 102
Transform: AffineTransform_float_3_3
Parameters: 0.999999 -0.000378364 0.00120189 0.000378636 1 0.000303455 -0.00120212 -0.000302545 0.999999 0.0268455 0.0226835 0.0581401
FixedParameters: 0 0 0

#Transform 103
Transform: AffineTransform_float_3_3
Parameters: 0.999999 -0.000514551 0.00120176 0.000513448 1 0.000459617 -0.00120224 -0.000458382 0.999999 0.0275941 0.00913427 0.0514048
FixedParameters: 0 0 0

#Transform 104
Transform: AffineTransform_float_3_3
Parameters: 0.999999 -0.000359517 0.00120185 0.000359484 1 0.000429432 -0.00120216 -0.000429568 0.999999 0.0233299 0.00788508 0.0548323
FixedParameters: 0 0 0

#Transform 105
Transform: AffineTransform_float_3_3
Parameters: 0.999999 -0.000514332 0.00145388 0.000513668 1 0.000228747 -0.00145412 -0.000228252 0.999999 0.0267498 0.0382384 0.0653849
FixedParameters: 0 0 0

#Transform 106
Transform: AffineTransform_float_3_3
Parameters: 0.999999 -0.000413282 0.00144892 0.000412717 1 0.000195598 -0.00144908 -0.000194401 0.999999 0.0242492 -0.0118297 0.0572763
FixedParameters: 0 0 0

#Transform 107
Transform: AffineTransform_float_3_3
Parameters: 0.999998 -0.000514324 0.00152989 0.000513676 1 0.000211786 -0.00153011 -0.000211213 0.999999 0.0249468 -0.0129023 0.0565793
FixedParameters: 0 0 0

#Transform 108
Transform: AffineTransform_float_3_3
Parameters: 0.999999 -0.000431369 0.00120187 0.000430632 1 0.000306518 -0.00120213 -0.000306482 0.999999 0.0278818 -0.0194228 0.0528069
FixedParameters: 0 0 0

#Transform 109
Transform: AffineTransform_float_3_3
Parameters: 0.999999 -0.000356278 0.00149093 0.000355722 1 0.000186531 -0.00149107 -0.000186469 0.999999 0.0242211 0.0232345 0.0500392
FixedParameters: 0 0 0

#Transform 110
Transform: AffineTransform_float_3_3
Parameters: 0.999999 -0.000514723 0.00120169 0.000513276 0.999999 0.000602617 -0.00120231 -0.000601382 0.999999 0.0263703 -0.0626728 0.0533196
FixedParameters: 0 0 0

#Transform 111
Transform: AffineTransform_float_3_3
Parameters: 0.999999 -0.000350897 0.00149079 0.000350102 1 0.000602522 -0.00149121 -0.000601477 0.999998 0.0209077 -0.0195617 0.0536183
FixedParameters: 0 0 0

#Transform 112
Transform: AffineTransform_float_3_3
Parameters: 0.999999 -0.00027057 0.0014769 0.000269431 1 0.000385398 -0.0014771 -0.000385601 0.999999 0.0211872 0.00796091 0.0533776
FixedParameters: 0 0 0

#Transform 113
Transform: AffineTransform_float_3_3
Parameters: 0.999999 -0.000387137 0.00145996 0.000386862 1 9.45649e-05 -0.00146004 -9.34349e-05 0.999999 0.0202315 0.00273655 0.046231
FixedParameters: 0 0 0

#Transform 114
Transform: AffineTransform_float_3_3
Parameters: 0.999999 -0.00051456 0.00120176 0.000513439 1 0.000466617 -0.00120224 -0.000465382 0.999999 0.0263694 -0.00129186 0.0605127
FixedParameters: 0 0 0

#Transform 115
Transform: AffineTransform_float_3_3
Parameters: 0.999999 -0.000386542 0.00120183 0.000385458 1 0.000451464 -0.00120217 -0.000450536 0.999999 0.025008 0.0104072 0.055242
FixedParameters: 0 0 0

#Transform 116
Transform: AffineTransform_float_3_3
Parameters: 1 -0.000223047 0.00120199 0.000222953 1 3.9268e-05 -0.00120201 -3.87319e-05 1 0.0205797 0.0383146 0.0417269
FixedParameters: 0 0 0

#Transform 117
Transform: AffineTransform_float_3_3
Parameters: 0.999999 -0.000306055 0.00138099 0.000305946 1 3.94225e-05 -0.00138101 -3.95774e-05 0.999999 0.0182599 -0.0481413 0.0621629
FixedParameters: 0 0 0

#Transform 118
Transform: AffineTransform_float_3_3
Parameters: 0.999999 -0.000513965 0.00142301 0.000514035 1 -2.42685e-05 -0.00142299 2.47314e-05 0.999999 0.0266143 0.0440134 0.0767777
FixedParameters: 0 0 0

#Transform 119
Transform: AffineTransform_float_3_3
Parameters: 0.999999 -0.000397508 0.00120183 0.000397491 1 0.000423478 -0.00120217 -0.000422522 0.999999 0.0294062 -0.0164889 0.0849548
FixedParameters: 0 0 0

#Transform 120
Transform: AffineTransform_float_3_3
Parameters: 0.999999 -0.000356574 0.00120183 0.000356426 1 0.000477429 -0.00120217 -0.000477572 0.999999 0.0298143 0.0157128 0.0802242
FixedParameters: 0 0 0

#Transform 121
Transform: AffineTransform_float_3_3
Parameters: 1 -0.000295292 0.00113793 0.000294709 1 0.000256336 -0.00113808 -0.000256664 1 0.0277637 0.0473292 0.08284
FixedParameters: 0 0 0

#Transform 122
Transform: AffineTransform_float_3_3
Parameters: 0.999999 -0.000514316 0.00120187 0.000513685 1 0.000262618 -0.00120214 -0.000262382 0.999999 0.0312552 -0.0458363 0.0995575
FixedParameters: 0 0 0

#Transform 123
Transform: AffineTransform_float_3_3
Parameters: 0.999999 -0.000514427 0.00125283 0.000513573 1 0.000340644 -0.00125318 -0.000340356 0.999999 0.0328607 0.0120583 0.10072
FixedParameters: 0 0 0

#Transform 124
Transform: AffineTransform_float_3_3
Parameters: 0.999999 -0.000393376 0.00120188 0.000392623 1 0.000313472 -0.00120212 -0.000312527 0.999999 0.0304655 0.00772107 0.0917153
FixedParameters: 0 0 0

#Transform 125
Transform: AffineTransform_float_3_3
Parameters: 0.999999 -0.000457574 0.00120178 0.000457426 1 0.00047755 -0.00120222 -0.00047745 0.999999 0.0385184 -0.00902238 0.0976046
FixedParameters: 0 0 0

#Transform 126
Transform: AffineTransform_float_3_3
Parameters: 1 -0.000397377 0.00111287 0.000397624 1 0.000338443 -0.00111314 -0.000338558 1 0.0328958 0.0484406 0.0842654
FixedParameters: 0 0 0

#Transform 127
Transform: AffineTransform_float_3_3
Parameters: 0.999999 -0.000298358 0.00120191 0.000297642 1 0.000298358 -0.00120209 -0.000297642 0.999999 0.0296442 0.0483742 0.0882232
FixedParameters: 0 0 0

#Transform 128
Transform: AffineTransform_float_3_3
Parameters: 0.999999 -0.000311484 0.00120188 0.000311515 1 0.000403375 -0.00120213 -0.000402626 0.999999 0.0282361 0.00422034 0.0850914
FixedParameters: 0 0 0

#Transform 129
Transform: AffineTransform_float_3_3
Parameters: 1 -0.000289217 0.00100994 0.000288783 1 0.000215292 -0.00101006 -0.000214708 0.999999 0.0336137 0.015347 0.0784181
FixedParameters: 0 0 0

#Transform 130
Transform: AffineTransform_float_3_3
Parameters: 1 -0.000296256 0.00103893 0.000295744 1 0.000246307 -0.00103907 -0.000245692 1 0.030437 0.0240274 0.0646676
FixedParameters: 0 0 0

#Transform 131
Transform: AffineTransform_float_3_3
Parameters: 0.999999 -0.000355502 0.00120185 0.000354497 1 0.000418426 -0.00120215 -0.000417573 0.999999 0.0297595 -0.0151618 0.0819277
FixedParameters: 0 0 0

#Transform 132
Transform: AffineTransform_float_3_3
Parameters: 1 -0.000316813 0.00109677 0.000316188 0.999999 0.000740347 -0.00109724 -0.000740653 0.999999 0.0293118 -0.034587 0.0776793
FixedParameters: 0 0 0

#Transform 133
Transform: AffineTransform_float_3_3
Parameters: 0.999999 -0.000243827 0.00120183 0.000243173 0.999999 0.000688293 -0.00120217 -0.000687707 0.999999 0.0242397 0.00394832 0.0752312
FixedParameters: 0 0 0

#Transform 134
Transform: AffineTransform_float_3_3
Parameters: 1 -0.000344431 0.00101685 0.000343569 1 0.00042435 -0.00101715 -0.00042365 1 0.0386985 0.0240685 0.0811489
FixedParameters: 0 0 0

#Transform 135
Transform: AffineTransform_float_3_3
Parameters: 1 -0.000322549 0.00114885 0.000321452 1 0.00047737 -0.00114915 -0.00047763 0.999999 0.0393298 -0.00780104 0.0734969
FixedParameters: 0 0 0

#Transform 136
Transform: AffineTransform_float_3_3
Parameters: 1 -0.000310538 0.00112585 0.000309463 1 0.000477349 -0.00112615 -0.000477651 1 0.0393663 0.0167963 0.0865032
FixedParameters: 0 0 0

#Transform 137
Transform: AffineTransform_float_3_3
Parameters: 0.999999 -0.000357352 0.000862853 0.000357648 1 0.000408309 -0.000862145 -0.000407692 0.999999 0.042137 0.0269014 0.0861224
FixedParameters: 0 0 0

#Transform 138
Transform: AffineTransform_float_3_3
Parameters: 1 -0.000275542 0.00113487 0.000275459 1 0.000477313 -0.00113413 -0.000477688 0.999999 0.0360858 -0.00554125 0.0776294
FixedParameters: 0 0 0

#Transform 139
Transform: AffineTransform_float_3_3
Parameters: 1 -0.000284532 0.00111387 0.000284468 1 0.000477317 -0.00111414 -0.000477683 1 0.0369437 0.0157789 0.0587773
FixedParameters: 0 0 0

#Transform 140
Transform: AffineTransform_float_3_3
Parameters: 1 -0.000366393 0.00113387 0.000366607 1 0.000346416 -0.00113413 -0.000346585 1 0.0363281 0.0376346 0.0660826
FixedParameters: 0 0 0

#Transform 141
Transform: AffineTransform_float_3_3
Parameters: 0.999999 -0.000340574 0.00120184 0.000339426 1 0.000477408 -0.00120216 -0.000477591 0.999999 0.0325928 -0.00963481 0.07492
FixedParameters: 0 0 0

#Transform 142
Transform: AffineTransform_float_3_3
Parameters: 1 -0.00033154 0.00113084 0.00033146 1 0.000477375 -0.00113116 -0.000477625 0.999999 0.0374974 1.14661e-05 0.0830051
FixedParameters: 0 0 0

#Transform 143
Transform: AffineTransform_float_3_3
Parameters: 0.999999 -0.000366224 0.000799897 0.000366776 1 0.000280293 -0.000800102 -0.000279707 0.999999 0.0344689 0.0573545 0.0880462
FixedParameters: 0 0 0

#Transform 144
Transform: AffineTransform_float_3_3
Parameters: 1 -0.000301496 0.00103786 0.000301505 1 0.000477313 -0.00103814 -0.000477687 1 0.0286067 -0.0144171 0.0868143
FixedParameters: 0 0 0

#Transform 145
Transform: AffineTransform_float_3_3
Parameters: 0.999999 -0.000321664 0.000942773 0.000320335 0.999999 0.000705302 -0.000943226 -0.000704697 1 0.0351948 -0.0150734 0.0909046
FixedParameters: 0 0 0

#Transform 146
Transform: AffineTransform_float_3_3
Parameters: 1 -0.000514702 0.000917607 0.000513297 0.999999 0.000765471 -0.000918393 -0.000764528 1 0.0337491 0.016085 0.0797447
FixedParameters: 0 0 0

#Transform 147
Transform: AffineTransform_float_3_3
Parameters: 1 -0.000514762 0.000909569 0.000513237 0.999999 0.000838467 -0.000910431 -0.000837532 0.999999 0.0361328 0.0115708 0.0804303
FixedParameters: 0 0 0

#Transform 148
Transform: AffineTransform_float_3_3
Parameters: 0.999999 -0.000427917 0.000875552 0.000427083 1 0.00104637 -0.000876447 -0.00104663 0.999999 0.0369878 0.0166304 0.0833849
FixedParameters: 0 0 0

#Transform 149
Transform: AffineTransform_float_3_3
Parameters: 0.999999 -0.000428256 0.000875386 0.000426743 0.999999 0.00143437 -0.000876612 -0.00143462 0.999998 0.0345336 -0.00657287 0.0832681
FixedParameters: 0 0 0

#Transform 150
Transform: AffineTransform_float_3_3
Parameters: 0.999999 -0.000383947 0.000875585 0.000383052 1 0.00108234 -0.000876415 -0.00108166 0.999999 0.0364417 0.0414285 0.0824342
FixedParameters: 0 0 0

#Transform 151
Transform: AffineTransform_float_3_3
Parameters: 0.999999 -0.000427917 0.000875552 0.000427082 1 0.00104737 -0.000876447 -0.00104663 0.999999 0.0384966 0.0223709 0.0939375
FixedParameters: 0 0 0

#Transform 152
Transform: AffineTransform_float_3_3
Parameters: 0.999999 -0.000354972 0.000875606 0.000354027 1 0.00111031 -0.000876393 -0.00110969 0.999999 0.0347858 -0.000858833 0.095373
FixedParameters: 0 0 0

#Transform 153
Transform: AffineTransform_float_3_3
Parameters: 0.999999 -0.000514914 0.000875462 0.000514085 1 0.00104445 -0.000876537 -0.00104355 0.999999 0.0474705 0.0415523 0.0967063
FixedParameters: 0 0 0

#Transform 154
Transform: AffineTransform_float_3_3
Parameters: 0.999999 -0.000338835 0.000875677 0.000338165 1 0.000953297 -0.000876323 -0.000953704 0.999999 0.0384521 0.0272737 0.0802389
FixedParameters: 0 0 0

#Transform 155
Transform: AffineTransform_float_3_3
Parameters: 1 -0.000392065 0.000981575 0.000390934 1 0.00108538 -0.000982425 -0.00108462 0.999999 0.035904 -0.00683781 0.0790439
FixedParameters: 0 0 0

#Transform 156
Transform: AffineTransform_float_3_3
Parameters: 0.999999 -0.00033086 0.000875675 0.000330139 1 0.00098229 -0.000876324 -0.000981711 0.999999 0.0348123 0.0269536 0.0931952
FixedParameters: 0 0 0

#Transform 157
Transform: AffineTransform_float_3_3
Parameters: 0.999999 -0.00029063 0.00087579 0.000289369 0.999999 0.000720253 -0.000876208 -0.000719745 0.999999 0.03019 0.0439487 0.0769668
FixedParameters: 0 0 0

#Transform 158
Transform: AffineTransform_float_3_3
Parameters: 1 -0.000221236 0.00105874 0.000220764 1 0.00116723 -0.00105926 -0.00116677 0.999999 0.0241938 0.00626088 0.0771013
FixedParameters: 0 0 0

#Transform 159
Transform: AffineTransform_float_3_3
Parameters: 0.999999 -0.000375635 0.00138429 0.000372367 0.999998 0.00190252 -0.00138471 -0.00190248 0.999997 0.0249557 -0.0153113 0.0670003
FixedParameters: 0 0 0

#Transform 160
Transform: AffineTransform_float_3_3
Parameters: 0.999998 -0.000711062 0.00197676 0.000701939 0.99999 0.0045804 -0.00198023 -0.0045796 0.999987 0.00517368 0.0539467 0.0220354
FixedParameters: 0 0 0

#Transform 161
Transform: AffineTransform_float_3_3
Parameters: 0.999998 -0.00181366 0.000519711 0.00180134 0.999724 0.023396 -0.000562297 -0.023395 0.999726 -0.0128977 0.181517 -0.21027
FixedParameters: 0 0 0

#Transform 162
Transform: AffineTransform_float_3_3
Parameters: 0.999998 -0.00151371 0.000523957 0.00150029 0.99968 0.0252428 -0.00056205 -0.0252422 0.999681 -0.0155007 0.0399919 -0.155883
FixedParameters: 0 0 0

#Transform 163
Transform: AffineTransform_float_3_3
Parameters: 0.999999 -0.0013299 0.000530755 0.0013171 0.999721 0.0236057 -0.000562248 -0.0236053 0.999721 -0.00381382 -0.112426 -0.129931
FixedParameters: 0 0 0

#Transform 164
Transform: AffineTransform_float_3_3
Parameters: 0.999999 -0.00151883 0.000238408 0.00151317 0.999738 0.0228164 -0.000272595 -0.0228156 0.999739 0.00274581 -0.050317 -0.136918
FixedParameters: 0 0 0

#Transform 165
Transform: AffineTransform_float_3_3
Parameters: 1 -0.000890225 0.000691792 0.000878788 0.99987 0.0160606 -0.000705205 -0.0160604 0.999871 0.0055352 -0.0696058 -0.0883289
FixedParameters: 0 0 0

#Transform 166
Transform: AffineTransform_float_3_3
Parameters: 0.999999 -0.00088953 0.000869356 0.000879475 0.999927 0.0120378 -0.000879651 -0.0120372 0.999927 0.0011477 0.00640698 0.00926811
FixedParameters: 0 0 0

#Transform 167
Transform: AffineTransform_float_3_3
Parameters: 1 -0.000888017 0.00072205 0.000878984 0.999923 0.0123936 -0.00073295 -0.0123934 0.999923 0.0109307 0.0241185 0.0130939
FixedParameters: 0 0 0

#Transform 168
Transform: AffineTransform_float_3_3
Parameters: 0.999999 -0.00115041 0.000587715 0.0011436 0.999921 0.0124577 -0.000601293 -0.0124573 0.999922 0.0168059 0.152187 0.0201584
FixedParameters: 0 0 0

#Transform 169
Transform: AffineTransform_float_3_3
Parameters: 0.999999 -0.00114235 0.000574623 0.00113466 0.999919 0.0126257 -0.000588373 -0.0126253 0.99992 0.0168777 0.075912 0.0284179
FixedParameters: 0 0 0

#Transform 170
Transform: AffineTransform_float_3_3
Parameters: 1 -0.00114447 0.000273871 0.00114152 0.999923 0.0123643 -0.000288136 -0.0123637 0.999924 0.0204481 0.0649075 0.017033
FixedParameters: 0 0 0

#Transform 171
Transform: AffineTransform_float_3_3
Parameters: 0.999999 -0.000915766 0.000398213 0.000911235 0.99993 0.0118094 -0.000408789 -0.0118086 0.99993 0.0180639 0.106553 0.0130146
FixedParameters: 0 0 0

#Transform 172
Transform: AffineTransform_float_3_3
Parameters: 0.999999 -0.0012733 0.000277252 0.0012697 0.999932 0.0115974 -0.000291745 -0.0115976 0.999932 0.0225886 0.0344885 0.0278843
FixedParameters: 0 0 0

#Transform 173
Transform: AffineTransform_float_3_3
Parameters: 1 -0.00104557 0.00020742 0.00104343 0.999927 0.0120462 -0.000219586 -0.0120468 0.999928 0.0196213 0.0146581 0.0182373
FixedParameters: 0 0 0

#Transform 174
Transform: AffineTransform_float_3_3
Parameters: 0.999999 -0.000910777 0.000143114 0.000908224 0.999928 0.0119641 -0.000153877 -0.0119639 0.999929 0.01817 0.0177795 0.00406953
FixedParameters: 0 0 0

#Transform 175
Transform: AffineTransform_float_3_3
Parameters: 0.999999 -0.000951768 -2.46867e-05 0.000952223 0.999924 0.012277 1.23105e-05 -0.012277 0.999924 0.0177411 0.00859008 0.0115375
FixedParameters: 0 0 0

#Transform 176
Transform: AffineTransform_float_3_3
Parameters: 1 -0.00119321 0.000120602 0.0011918 0.999953 0.00955715 -0.000131397 -0.00955785 0.999955 0.0251206 0.00754917 0.191959
FixedParameters: 0 0 0

#Transform 177
Transform: AffineTransform_float_3_3
Parameters: 0.999999 -0.00151777 -0.000116349 0.00151923 0.999933 0.0114258 9.86491e-05 -0.0114252 0.999934 0.0448197 0.0482862 0.288228
FixedParameters: 0 0 0

#Transform 178
Transform: AffineTransform_float_3_3
Parameters: 0.999999 -0.00115361 0.000447806 0.0011484 0.999924 0.0123335 -0.000461199 -0.0123335 0.999924 0.0247034 0.0702591 0.184773
FixedParameters: 0 0 0

#Transform 179
Transform: AffineTransform_float_3_3
Parameters: 1 -0.00106742 0.000460636 0.00106159 0.999932 0.0116125 -0.000472359 -0.0116115 0.999933 0.0356842 0.0963243 0.212333
FixedParameters: 0 0 0

#Transform 180
Transform: AffineTransform_float_3_3
Parameters: 0.999999 -0.00113183 0.000592132 0.00112418 0.999935 0.0114037 -0.000604859 -0.0114033 0.999935 0.0352128 0.0649332 0.204169
FixedParameters: 0 0 0

#Transform 181
Transform: AffineTransform_float_3_3
Parameters: 0.999999 -0.00100369 0.000227428 0.00100031 0.999933 0.0115442 -0.000238564 -0.0115448 0.999934 0.0311893 0.0855585 0.190996
FixedParameters: 0 0 0

#Transform 182
Transform: AffineTransform_float_3_3
Parameters: 1 -0.00106831 0.000109962 0.00106669 0.999936 0.0112751 -0.000122035 -0.0112749 0.999936 0.039762 0.129447 0.186475
FixedParameters: 0 0 0

#Transform 183
Transform: AffineTransform_float_3_3
Parameters: 1 -0.00108394 0.000261102 0.00108107 0.999939 0.0109913 -0.000272899 -0.0109917 0.999939 0.0361852 0.0856612 0.184722
FixedParameters: 0 0 0

#Transform 184
Transform: AffineTransform_float_3_3
Parameters: 1 -0.00113183 6.4874e-05 0.00113117 0.999932 0.0116011 -7.81279e-05 -0.0116009 0.999932 0.0414261 0.0470605 0.192986
FixedParameters: 0 0 0

#Transform 185
Transform: AffineTransform_float_3_3
Parameters: 1 -0.000985446 -0.00014222 0.000986563 0.999935 0.0113759 0.000131786 -0.0113751 0.999936 0.0413569 0.0607166 0.189644
FixedParameters: 0 0 0

#Transform 186
Transform: AffineTransform_float_3_3
Parameters: 1 -0.000944867 -0.000368771 0.000949136 0.999935 0.0113737 0.000358228 -0.0113743 0.999935 0.0433454 0.0388179 0.195279
FixedParameters: 0 0 0

#Transform 187
Transform: AffineTransform_float_3_3
Parameters: 0.999999 -0.000908752 -0.000396871 0.000912248 0.999941 0.0108366 0.000387136 -0.0108374 0.999941 0.0432029 0.044134 0.193573
FixedParameters: 0 0 0

#Transform 188
Transform: AffineTransform_float_3_3
Parameters: 1 -0.00102995 -0.000270882 0.00103305 0.999933 0.0115187 0.000259119 -0.0115183 0.999934 0.0437387 0.042889 0.182152
FixedParameters: 0 0 0

#Transform 189
Transform: AffineTransform_float_3_3
Parameters: 1 -0.00104822 -0.000252816 0.00105178 0.999936 0.0112567 0.000241175 -0.0112573 0.999936 0.0471432 0.0624702 0.180614
FixedParameters: 0 0 0

#Transform 190
Transform: AffineTransform_float_3_3
Parameters: 0.999999 -0.00088175 -0.000110482 0.000883244 0.999929 0.0118789 9.95158e-05 -0.0118781 0.99993 0.0341422 0.0450966 0.167972
FixedParameters: 0 0 0

#Transform 191
Transform: AffineTransform_float_3_3
Parameters: 0.999999 -0.000881813 -0.000105443 0.00088318 0.999929 0.0118339 9.4555e-05 -0.0118341 0.99993 0.0303828 0.0580959 0.149208
FixedParameters: 0 0 0

#Transform 192
Transform: AffineTransform_float_3_3
Parameters: 0.999999 -0.000881074 -0.000173107 0.000882924 0.999934 0.0114579 0.000162894 -0.0114582 0.999935 0.0401091 0.117527 0.146251
FixedParameters: 0 0 0

#Transform 193
Transform: AffineTransform_float_3_3
Parameters: 1 -0.00101857 4.44177e-05 0.00101843 0.999935 0.0113741 -5.55873e-05 -0.011374 0.999936 0.0346299 0.0556104 0.140529
FixedParameters: 0 0 0

#Transform 194
Transform: AffineTransform_float_3_3
Parameters: 0.999999 -0.000881812 -0.000106357 0.000883195 0.99993 0.0117369 9.66405e-05 -0.0117371 0.999931 0.0393993 0.0457677 0.144126
FixedParameters: 0 0 0

#Transform 195
Transform: AffineTransform_float_3_3
Parameters: 0.999999 -0.000881333 -0.000152937 0.000883667 0.999936 0.0112639 0.000143056 -0.0112631 0.999936 0.0398998 0.0605277 0.142974
FixedParameters: 0 0 0

#Transform 196
Transform: AffineTransform_float_3_3
Parameters: 1 -0.00106005 -0.000178983 0.00106195 0.999935 0.0112928 0.000167018 -0.0112932 0.999936 0.0429794 0.0797497 0.143219
FixedParameters: 0 0 0

#Transform 197
Transform: AffineTransform_float_3_3
Parameters: 1 -0.00104455 -0.000132059 0.00104645 0.999933 0.0115359 0.000119936 -0.0115361 0.999933 0.0422709 0.0214358 0.147811
FixedParameters: 0 0 0

#Transform 198
Transform: AffineTransform_float_3_3
Parameters: 1 -0.000979753 -0.000205052 0.000982248 0.999936 0.0112668 0.000193946 -0.0112662 0.999936 0.0420606 0.0368502 0.143401
FixedParameters: 0 0 0

#Transform 199
Transform: AffineTransform_float_3_3
Parameters: 0.999999 -0.000784092 -0.000274453 0.000786902 0.999942 0.0107598 0.000265548 -0.0107602 0.999942 0.0395791 0.0981781 0.134467
FixedParameters: 0 0 0

#Transform 200
Transform: AffineTransform_float_3_3
Parameters: 1 -0.00104474 -0.000114208 0.00104626 0.999932 0.0116779 0.000101789 -0.0116781 0.999932 0.0420564 0.0315011 0.140365
FixedParameters: 0 0 0

#Transform 201
Transform: AffineTransform_float_3_3
Parameters: 0.999999 -0.000971355 -0.000236154 0.000973642 0.999934 0.0114668 0.00022485 -0.0114672 0.999934 0.0424034 0.009112 0.144458
FixedParameters: 0 0 0

#Transform 202
Transform: AffineTransform_float_3_3
Parameters: 1 -0.00104383 -0.000195946 0.00104617 0.999934 0.0114318 0.000184052 -0.0114322 0.999934 0.0429222 0.0790961 0.137477
FixedParameters: 0 0 0

#Transform 203
Transform: AffineTransform_float_3_3
Parameters: 1 -0.00104453 -0.000137681 0.00104548 0.999937 0.0111749 0.000126325 -0.0111751 0.999937 0.0417573 0.0476975 0.124289
FixedParameters: 0 0 0

#Transform 204
Transform: AffineTransform_float_3_3
Parameters: 1 -0.000926442 -0.000325317 0.000930555 0.999938 0.0111137 0.000314677 -0.0111143 0.999938 0.0429282 0.0532962 0.114766
FixedParameters: 0 0 0

#Transform 205
Transform: AffineTransform_float_3_3
Parameters: 0.999999 -0.000931768 -0.000113599 0.000932235 0.999935 0.0113669 0.00010341 -0.0113671 0.999936 0.0366132 0.0289629 0.133737
FixedParameters: 0 0 0

#Transform 206
Transform: AffineTransform_float_3_3
Parameters: 1 -0.00095483 -0.000454037 0.00096017 0.999933 0.0115266 0.000442962 -0.0115274 0.999934 0.0411629 0.0789362 0.152992
FixedParameters: 0 0 0

#Transform 207
Transform: AffineTransform_float_3_3
Parameters: 1 -0.00065913 7.32361e-06 0.000658874 0.999932 0.011647 -1.46749e-05 -0.011647 0.999932 0.0335627 0.0799498 0.128639
FixedParameters: 0 0 0

#Transform 208
Transform: AffineTransform_float_3_3
Parameters: 0.999999 -0.0010458 -2.27165e-05 0.0010462 0.999925 0.012158 1.0281e-05 -0.012158 0.999926 0.0388201 0.0574031 0.118757
FixedParameters: 0 0 0

#Transform 209
Transform: AffineTransform_float_3_3
Parameters: 1 -0.000950946 -0.000252786 0.000954046 0.999923 0.0123728 0.000240214 -0.0123732 0.999924 0.0405121 0.0169513 0.102629
FixedParameters: 0 0 0

#Transform 210
Transform: AffineTransform_float_3_3
Parameters: 1 -0.00104348 -0.000219332 0.00104551 0.99993 0.0118028 0.000206674 -0.0118032 0.999931 0.0475124 0.027573 0.105757
FixedParameters: 0 0 0

#Transform 211
Transform: AffineTransform_float_3_3
Parameters: 1 -0.0010434 -0.000219747 0.00104561 0.999925 0.0122008 0.000207258 -0.0122012 0.999925 0.0454803 0.0344135 0.110041
FixedParameters: 0 0 0

#Transform 212
Transform: AffineTransform_float_3_3
Parameters: 1 -0.00096715 -0.000486801 0.000973854 0.999926 0.0121645 0.000475188 -0.0121655 0.999926 0.0473724 0.0394551 0.121751
FixedParameters: 0 0 0

#Transform 213
Transform: AffineTransform_float_3_3
Parameters: 0.999999 -0.00089645 -0.000217776 0.000899551 0.999927 0.0120028 0.000207218 -0.0120022 0.999928 0.0378506 0.0150759 0.157674
FixedParameters: 0 0 0

#Transform 214
Transform: AffineTransform_float_3_3
Parameters: 1 -0.000961729 0.000371487 0.000958267 0.999951 0.00991036 -0.000381515 -0.00990964 0.999951 0.0402389 0.0469783 0.223716
FixedParameters: 0 0 0

#Transform 215
Transform: AffineTransform_float_3_3
Parameters: 1 -0.00105003 0.000458882 0.00104597 0.999961 0.00870048 -0.000468118 -0.00869951 0.999962 0.0432097 0.0980808 0.236475
FixedParameters: 0 0 0

#Transform 216
Transform: AffineTransform_float_3_3
Parameters: 1 -0.00104774 0.00020323 0.00104626 0.999965 0.00837722 -0.000211772 -0.00837679 0.999965 0.043949 0.0593205 0.224864
FixedParameters: 0 0 0

#Transform 217
Transform: AffineTransform_float_3_3
Parameters: 1 -0.00104878 0.000304579 0.00104621 0.999959 0.00899533 -0.000314424 -0.00899468 0.99996 0.0432551 0.0659119 0.226686
FixedParameters: 0 0 0

#Transform 218
Transform: AffineTransform_float_3_3
Parameters: 0.999999 -0.000935846 0.000305413 0.000933148 0.999958 0.00918929 -0.000314588 -0.00918871 0.999957 0.0412169 0.0959699 0.221477
FixedParameters: 0 0 0

#Transform 219
Transform: AffineTransform_float_3_3
Parameters: 1 -0.00101991 0.000304407 0.00101708 0.999955 0.00941931 -0.000314594 -0.00941868 0.999955 0.0465659 0.0934426 0.218335
FixedParameters: 0 0 0

#Transform 220
Transform: AffineTransform_float_3_3
Parameters: 1 -0.000953549 5.40667e-05 0.000952452 0.999955 0.00937105 -6.29282e-05 -0.00937094 0.999956 0.0466696 0.0793537 0.208681
FixedParameters: 0 0 0

#Transform 221
Transform: AffineTransform_float_3_3
Parameters: 1 -0.00101281 0.000304812 0.00101019 0.999958 0.00908431 -0.00031419 -0.00908469 0.999958 0.0412028 0.0732077 0.210243
FixedParameters: 0 0 0

#Transform 222
Transform: AffineTransform_float_3_3
Parameters: 1 -0.0010129 0.00030453 0.0010101 0.999955 0.00936331 -0.000314471 -0.00936268 0.999956 0.0467766 0.0700674 0.221746
FixedParameters: 0 0 0

#Transform 223
Transform: AffineTransform_float_3_3
Parameters: 1 -0.00101286 0.00030466 0.00101014 0.999957 0.00923431 -0.000314342 -0.00923469 0.999958 0.0530158 0.0591427 0.209471
FixedParameters: 0 0 0

#Transform 224
Transform: AffineTransform_float_3_3
Parameters: 0.999999 -0.00109347 0.000178209 0.00109153 0.999967 0.0080452 -0.000186787 -0.0080448 0.999967 0.0461546 0.0385567 0.204788
FixedParameters: 0 0 0

#Transform 225
Transform: AffineTransform_float_3_3
Parameters: 0.999999 -0.00101568 0.000777644 0.00101032 0.999973 0.00726379 -0.00078536 -0.00726321 0.999974 0.0347396 0.0259625 0.173657
FixedParameters: 0 0 0

#Transform 226
Transform: AffineTransform_float_3_3
Parameters: 0.999997 -0.00165842 0.00191792 0.00164158 0.999962 0.00853318 -0.00193207 -0.00852982 0.999962 0.0150181 -0.0911223 0.155637
FixedParameters: 0 0 0

#Transform 227
Transform: AffineTransform_float_3_3
Parameters: 0.999996 -0.00100667 0.00266863 0.000976333 0.999933 0.0114706 -0.00267937 -0.0114673 0.99993 0.00680354 -0.479084 -0.036347
FixedParameters: 0 0 0

#Transform 228
Transform: AffineTransform_float_3_3
Parameters: 0.999993 -0.00117115 0.0033402 0.00113385 0.999937 0.0111019 -0.00335279 -0.0110981 0.999933 0.00844904 0.000424758 -0.298759
FixedParameters: 0 0 0

#Transform 229
Transform: AffineTransform_float_3_3
Parameters: 0.999994 -0.00227335 0.00258122 0.00225364 0.999966 0.00785986 -0.00259979 -0.00785413 0.999966 0.0292075 1.08219 -0.158977
FixedParameters: 0 0 0

#Transform 230
Transform: AffineTransform_float_3_3
Parameters: 0.999996 -0.00179196 0.00227463 0.00178004 0.999984 0.00524907 -0.00228437 -0.00524492 0.999983 0.0353411 0.316142 -0.0934443
FixedParameters: 0 0 0

#Transform 231
Transform: AffineTransform_float_3_3
Parameters: 0.999998 -0.00169508 0.00118351 0.00168692 0.999976 0.00679502 -0.00119549 -0.00679299 0.999976 0.0418013 0.0252344 -0.0935252
FixedParameters: 0 0 0

#Transform 232
Transform: AffineTransform_float_3_3
Parameters: 0.999998 -0.00171085 0.00122272 0.00170215 0.999972 0.0072001 -0.00123529 -0.0071979 0.999974 0.0412466 -0.175842 -0.100738
FixedParameters: 0 0 0

#Transform 233
Transform: AffineTransform_float_3_3
Parameters: 0.999998 -0.00167724 0.00109346 0.00166876 0.99997 0.00749684 -0.00110554 -0.00749416 0.999972 0.0432832 -0.279569 -0.0896766
FixedParameters: 0 0 0

#Transform 234
Transform: AffineTransform_float_3_3
Parameters: 0.999998 -0.00162522 0.00130584 0.00161678 0.999979 0.00627113 -0.00131616 -0.00626888 0.99998 0.0448621 -0.206301 -0.0883434
FixedParameters: 0 0 0

#Transform 235
Transform: AffineTransform_float_3_3
Parameters: 0.999997 -0.00151488 0.00152223 0.00150412 0.999978 0.0064703 -0.00153176 -0.00646869 0.999978 0.0322896 -0.335705 -0.0680145
FixedParameters: 0 0 0

#Transform 236
Transform: AffineTransform_float_3_3
Parameters: 0.999999 -0.00123327 0.00118649 0.00122572 0.99998 0.00611146 -0.00119451 -0.00610953 0.99998 0.0327373 -0.0437258 -0.0704225
FixedParameters: 0 0 0

#Transform 237
Transform: AffineTransform_float_3_3
Parameters: 0.999998 -0.00122631 0.00104346 0.00121869 0.999975 0.00698228 -0.00105153 -0.00698072 0.999975 0.0289027 0.0193952 -0.0596132
FixedParameters: 0 0 0

#Transform 238
Transform: AffineTransform_float_3_3
Parameters: 0.999999 -0.00111498 0.00106678 0.00110902 0.999983 0.00559219 -0.00107222 -0.00559081 0.999984 0.0266843 0.122027 -0.094478
FixedParameters: 0 0 0

#Transform 239
Transform: AffineTransform_float_3_3
Parameters: 0.999998 -0.00122633 0.00169974 0.00121867 0.99999 0.00430608 -0.00170526 -0.00430392 0.99999 0.0206218 0.207317 -0.312195
FixedParameters: 0 0 0

#Transform 240
Transform: AffineTransform_float_3_3
Parameters: 0.999998 -0.0015599 0.00169503 0.0015491 0.999978 0.00641464 -0.00170497 -0.00641136 0.999978 0.0039814 0.152642 -0.37884
FixedParameters: 0 0 0

#Transform 241
Transform: AffineTransform_float_3_3
Parameters: 0.999999 -0.00121251 0.000945445 0.00120548 0.999968 0.00790515 -0.000955559 -0.00790385 0.999969 0.00320094 0.0348625 -0.356951
FixedParameters: 0 0 0

#Transform 242
Transform: AffineTransform_float_3_3
Parameters: 1 -0.000635608 -6.30857e-05 0.000635398 0.999979 0.00642596 5.99182e-05 -0.00642604 0.99998 0.0225423 0.211874 -0.252781
FixedParameters: 0 0 0

#Transform 243
Transform: AffineTransform_float_3_3
Parameters: 1 -0.00102114 0.000391464 0.00101986 0.999985 0.0054274 -0.000396542 -0.0054276 0.999985 0.0331894 0.084541 -0.182907
FixedParameters: 0 0 0

#Transform 244
Transform: AffineTransform_float_3_3
Parameters: 0.999999 -0.00118609 0.000555452 0.00118291 0.999984 0.00552766 -0.000561547 -0.00552734 0.999984 0.0390704 -0.115834 -0.159541
FixedParameters: 0 0 0

#Transform 245
Transform: AffineTransform_float_3_3
Parameters: 0.999998 -0.00162597 -0.000572574 0.00163003 0.999974 0.00710908 0.000560423 -0.00711092 0.999974 0.0345407 -0.609234 -0.199516
FixedParameters: 0 0 0

#Transform 246
Transform: AffineTransform_float_3_3
Parameters: 0.999986 -0.00142372 0.0051179 0.00148928 0.999915 -0.0129696 -0.00509911 0.0129774 0.999903 -0.0105735 -0.359352 -0.518243
FixedParameters: 0 0 0

#Transform 247
Transform: AffineTransform_float_3_3
Parameters: 0.999991 -0.000917843 0.00397225 0.000956155 0.999951 -0.00986729 -0.00396276 0.00987072 0.999944 -0.0102313 0.397004 -0.434982
FixedParameters: 0 0 0

#Transform 248
Transform: AffineTransform_float_3_3
Parameters: 0.999999 -0.000695677 0.00129817 0.000695322 0.999999 -0.000248098 -0.00129783 0.000248903 0.999999 0.0130771 0.52007 -0.134842
FixedParameters: 0 0 0

#Transform 249
Transform: AffineTransform_float_3_3
Parameters: 0.999998 -0.000710156 0.00156938 0.000710844 0.999999 -0.000537885 -0.00156862 0.000538114 0.999998 0.00602477 0.0570053 -0.140579
FixedParameters: 0 0 0

#Transform 250
Transform: AffineTransform_float_3_3
Parameters: 1 -0.000733569 0.000935555 0.000733431 0.999999 0.000608687 -0.000935447 -0.000608314 1 0.00676579 0.0883746 -0.312992
FixedParameters: 0 0 0

#Transform 251
Transform: AffineTransform_float_3_3
Parameters: 1 -0.000872718 0.000823128 0.000870279 0.999994 0.00329672 -0.000826873 -0.00329528 0.999994 -0.00362076 -0.0753298 -0.446002
FixedParameters: 0 0 0

#Transform 252
Transform: AffineTransform_float_3_3
Parameters: 0.999999 -0.000726356 0.000592342 0.000725643 0.999997 0.00228543 -0.00059466 -0.00228557 0.999997 0.010919 -0.0655739 -0.312385
FixedParameters: 0 0 0

#Transform 253
Transform: AffineTransform_float_3_3
Parameters: 0.999999 -0.000579093 0.00165192 0.000575909 0.999998 0.00187195 -0.00165208 -0.00187105 0.999997 0.00512057 -0.0846871 -0.224149
FixedParameters: 0 0 0

#Transform 254
Transform: AffineTransform_float_3_3
Parameters: 0.999998 -0.000723975 0.00182282 0.000721025 0.999999 0.00163232 -0.00182418 -0.00163068 0.999997 -0.00344732 -0.0808198 -0.249801
FixedParameters: 0 0 0

#Transform 255
Transform: AffineTransform_float_3_3
Parameters: 0.999997 -0.000805466 0.00201082 0.000800533 0.999996 0.00271762 -0.00201318 -0.00271639 0.999995 -0.00866413 -0.127997 -0.275525
FixedParameters: 0 0 0

#Transform 256
Transform: AffineTransform_float_3_3
Parameters: 0.999998 -0.000721109 0.00220801 0.000714891 0.999996 0.00276658 -0.00220999 -0.00276441 0.999993 -0.00805141 -0.0414253 -0.25386
FixedParameters: 0 0 0

#Transform 257
Transform: AffineTransform_float_3_3
Parameters: 0.999999 -0.000431414 0.00151947 0.000425584 0.999993 0.00356165 -0.00152152 -0.00356134 0.999992 0.00394485 0.0179923 -0.265411
FixedParameters: 0 0 0

#Transform 258
Transform: AffineTransform_float_3_3
Parameters: 1 -0.000299349 0.00109963 0.000297651 0.999999 0.00122633 -0.00110037 -0.00122667 0.999998 0.0229341 0.25431 -0.143893
FixedParameters: 0 0 0

#Transform 259
Transform: AffineTransform_float_3_3
Parameters: 0.999999 -0.000527677 0.00114223 0.000525323 0.999999 0.0014686 -0.00114277 -0.0014674 0.999999 0.0297541 0.136778 -0.112274
FixedParameters: 0 0 0

#Transform 260
Transform: AffineTransform_float_3_3
Parameters: 0.999998 -0.000529336 0.00152019 0.000527662 0.999998 0.0015368 -0.00152181 -0.0015362 0.999997 0.0237194 0.0674787 -0.107033
FixedParameters: 0 0 0

#Transform 261
Transform: AffineTransform_float_3_3
Parameters: 0.999997 -0.000661732 0.0022682 0.000659268 0.999999 0.0012045 -0.0022698 -0.0012035 0.999996 0.0208884 0.0116926 -0.105828
FixedParameters: 0 0 0

#Transform 262
Transform: AffineTransform_float_3_3
Parameters: 0.999999 -0.00049091 0.00145969 0.000490088 0.999999 0.000624716 -0.00146031 -0.000623284 0.999998 0.0204278 0.0154647 -0.158798
FixedParameters: 0 0 0

#Transform 263
Transform: AffineTransform_float_3_3
Parameters: 0.999999 -0.0008503 -0.000888671 0.000850701 1 0.000788245 0.00088733 -0.000788756 1 0.0500195 -0.0183049 -0.190193
FixedParameters: 0 0 0

#Transform 264
Transform: AffineTransform_float_3_3
Parameters: 0.999998 -0.000601325 0.0015441 0.000598674 0.999998 0.00150593 -0.0015449 -0.00150507 0.999997 0.0224514 -0.098522 -0.154218
FixedParameters: 0 0 0

#Transform 265
Transform: AffineTransform_float_3_3
Parameters: 0.999998 -0.000661109 0.00151408 0.000658891 0.999999 0.001393 -0.00151492 -0.001392 0.999998 0.0233174 -0.0244693 -0.15764
FixedParameters: 0 0 0

#Transform 266
Transform: AffineTransform_float_3_3
Parameters: 0.999999 -0.000662694 0.00169856 0.000659308 0.999998 0.00217412 -0.00169944 -0.00217288 0.999996 0.0214245 -0.0379593 -0.1475
FixedParameters: 0 0 0

#Transform 267
Transform: AffineTransform_float_3_3
Parameters: 0.999998 -0.000662887 0.00153733 0.000659113 0.999996 0.00252801 -0.00153867 -0.00252698 0.999995 0.0205534 -0.0178566 -0.158706
FixedParameters: 0 0 0

#Transform 268
Transform: AffineTransform_float_3_3
Parameters: 0.999998 -0.000661937 0.00157577 0.000659062 0.999998 0.00186404 -0.00157723 -0.00186296 0.999997 0.0228419 0.0786747 -0.153963
FixedParameters: 0 0 0

#Transform 269
Transform: AffineTransform_float_3_3
Parameters: 0.999998 -0.000563765 0.00156064 0.000560234 0.999997 0.00241188 -0.00156235 -0.00241112 0.999996 0.0268757 0.0824239 -0.139731
FixedParameters: 0 0 0

#Transform 270
Transform: AffineTransform_float_3_3
Parameters: 0.999998 -0.000662694 0.00156144 0.000659307 0.999997 0.00236503 -0.00156256 -0.00236397 0.999996 0.0286235 0.0670688 -0.135016
FixedParameters: 0 0 0

#Transform 271
Transform: AffineTransform_float_3_3
Parameters: 0.999999 -0.000663293 0.00169833 0.000658708 0.999996 0.00252712 -0.00169967 -0.00252588 0.999996 0.0247518 0.0652203 -0.133206
FixedParameters: 0 0 0

#Transform 272
Transform: AffineTransform_float_3_3
Parameters: 0.999999 -0.000662557 0.00169862 0.000658444 0.999997 0.00209412 -0.00169938 -0.00209288 0.999997 0.0227141 0.0702976 -0.139913
FixedParameters: 0 0 0

#Transform 273
Transform: AffineTransform_float_3_3
Parameters: 0.999999 -0.000662959 0.00169846 0.000659043 0.999997 0.00233012 -0.00169954 -0.00232888 0.999996 0.0212633 0.0167627 -0.141139
FixedParameters: 0 0 0

#Transform 274
Transform: AffineTransform_float_3_3
Parameters: 0.999999 -0.00043349 0.00169937 0.000430512 0.999999 0.00146473 -0.00169963 -0.00146427 0.999998 0.01166 -0.0570022 -0.150428
FixedParameters: 0 0 0

#Transform 275
Transform: AffineTransform_float_3_3
Parameters: 0.999999 -0.000660263 0.0010452 0.000658737 0.999999 0.00120769 -0.0010468 -0.00120731 0.999998 0.029085 -0.0208436 -0.154426
FixedParameters: 0 0 0

#Transform 276
Transform: AffineTransform_float_3_3
Parameters: 1 -0.000568016 0.00100443 0.000566985 1 0.00101057 -0.00100557 -0.00101043 0.999999 0.0280954 -0.0215957 -0.147942
FixedParameters: 0 0 0

#Transform 277
Transform: AffineTransform_float_3_3
Parameters: 0.999999 -0.000660397 0.00105813 0.000658604 0.999999 0.0013197 -0.00105887 -0.0013193 0.999998 0.032156 -0.0635193 -0.145216
FixedParameters: 0 0 0

#Transform 278
Transform: AffineTransform_float_3_3
Parameters: 0.999999 -0.000660498 0.00107108 0.000658503 0.999999 0.00139771 -0.00107192 -0.00139729 0.999999 0.0355056 0.0198721 -0.143912
FixedParameters: 0 0 0

#Transform 279
Transform: AffineTransform_float_3_3
Parameters: 0.999999 -0.000552805 0.00130624 0.000551195 0.999999 0.00138172 -0.00130676 -0.00138128 0.999998 0.0286649 0.0419643 -0.155575
FixedParameters: 0 0 0

#Transform 280
Transform: AffineTransform_float_3_3
Parameters: 0.999999 -0.00066058 0.00107803 0.000659421 0.999998 0.00146471 -0.00107897 -0.00146429 0.999999 0.0318047 0.0371823 -0.146131
FixedParameters: 0 0 0

#Transform 281
Transform: AffineTransform_float_3_3
Parameters: 0.999999 -0.000661103 0.00133696 0.000658896 0.999998 0.00157288 -0.00133804 -0.00157212 0.999998 0.0304222 0.0731348 -0.125445
FixedParameters: 0 0 0

#Transform 282
Transform: AffineTransform_float_3_3
Parameters: 0.999999 -0.000584074 0.00141615 0.000581926 0.999999 0.00146483 -0.00141685 -0.00146417 0.999998 0.0282045 0.0719759 -0.130554
FixedParameters: 0 0 0

#Transform 283
Transform: AffineTransform_float_3_3
Parameters: 0.999999 -0.000661489 0.00169903 0.000658511 0.999998 0.00146512 -0.00169997 -0.00146388 0.999998 0.0258388 0.0311561 -0.138806
FixedParameters: 0 0 0

#Transform 284
Transform: AffineTransform_float_3_3
Parameters: 0.999999 -0.000599992 0.00136012 0.000598006 0.999998 0.00146481 -0.00136188 -0.00146418 0.999998 0.0312255 0.00997644 -0.137107
FixedParameters: 0 0 0

#Transform 285
Transform: AffineTransform_float_3_3
Parameters: 1 -0.000248391 0.00107068 0.00024661 0.999999 0.00129826 -0.00107132 -0.00129873 0.999998 0.0216629 0.0319251 -0.161488
FixedParameters: 0 0 0

#Transform 286
Transform: AffineTransform_float_3_3
Parameters: 1 -0.000679132 -5.43729e-05 0.000678866 0.999997 -0.00239604 5.66267e-05 0.00239596 0.999997 0.0422799 -0.0547029 -0.247843
FixedParameters: 0 0 0

#Transform 287
Transform: AffineTransform_float_3_3
Parameters: 1 -0.000646477 -0.000110239 0.000646519 0.99999 -0.00427307 0.000113764 0.00427293 0.999991 0.0488462 0.00837028 -0.25847
FixedParameters: 0 0 0

#Transform 288
Transform: AffineTransform_float_3_3
Parameters: 1 -0.000538956 3.56635e-05 0.000539044 0.999999 -0.00123098 -3.53365e-05 0.00123102 0.999999 0.0425543 0.00157223 -0.184512
FixedParameters: 0 0 0

#Transform 289
Transform: AffineTransform_float_3_3
Parameters: 1 -0.000480739 0.000257488 0.000481261 1 -0.00101388 -0.000257512 0.00101412 1 0.0391943 -0.00968944 -0.184972
FixedParameters: 0 0 0

#Transform 290
Transform: AffineTransform_float_3_3
Parameters: 1 -0.000656941 9.04237e-05 0.000657058 0.999999 -0.00064494 -9.05762e-05 0.000645059 1 0.0362478 -0.010726 -0.184445
FixedParameters: 0 0 0

#Transform 291
Transform: AffineTransform_float_3_3
Parameters: 0.999999 -0.000800835 0.000246534 0.000800163 0.999999 -0.000666802 -0.000245466 0.000667196 0.999999 0.0433914 0.0450763 -0.192345
FixedParameters: 0 0 0

#Transform 292
Transform: AffineTransform_float_3_3
Parameters: 1 -0.000614944 0.000120287 0.000615056 0.999999 -0.000465926 -0.000119713 0.000466074 1 0.0419884 0.0709494 -0.195454
FixedParameters: 0 0 0

#Transform 293
Transform: AffineTransform_float_3_3
Parameters: 0.999999 -0.000800712 0.000415555 0.000800287 1 -0.000692668 -0.000414445 0.000693332 0.999999 0.0410506 0.0167738 -0.200074
FixedParameters: 0 0 0

#Transform 294
Transform: AffineTransform_float_3_3
Parameters: 0.999999 -0.000800852 0.000384307 0.000801147 0.999999 -0.000383692 -0.000383692 0.000384307 1 0.0391654 0.0434406 -0.188061
FixedParameters: 0 0 0

#Transform 295
Transform: AffineTransform_float_3_3
Parameters: 1 -0.000484018 0.000148941 0.000483982 1 0.000122072 -0.000149059 -0.000121928 1 0.0352712 0.0471665 -0.160807
FixedParameters: 0 0 0

#Transform 296
Transform: AffineTransform_float_3_3
Parameters: 1 -0.000613008 0.00016897 0.000612991 1 4.91036e-05 -0.00016903 -4.88964e-05 1 0.0385873 -0.0213277 -0.165337
FixedParameters: 0 0 0

#Transform 297
Transform: AffineTransform_float_3_3
Parameters: 1 -0.000596977 0.000137098 0.000597022 1 -0.000163918 -0.000136902 0.000164082 1 0.041548 -0.0282718 -0.180481
FixedParameters: 0 0 0

#Transform 298
Transform: AffineTransform_float_3_3
Parameters: 1 -0.000467987 0.000292021 0.000468013 1 -4.38633e-05 -0.000291979 4.41366e-05 1 0.0385119 -0.00199635 -0.175272
FixedParameters: 0 0 0

#Transform 299
Transform: AffineTransform_float_3_3
Parameters: 1 -0.000594157 0.000306695 0.000593842 0.999999 0.000513182 -0.000307305 -0.000512817 1 0.0406979 -0.00144714 -0.144494
FixedParameters: 0 0 0

#Transform 300
Transform: AffineTransform_float_3_3
Parameters: 0.999999 -0.00059124 0.000703797 0.000590759 1 0.000342416 -0.000704201 -0.000341584 0.999999 0.0369375 0.00838039 -0.151171
FixedParameters: 0 0 0

#Transform 301
Transform: AffineTransform_float_3_3
Parameters: 0.999999 -0.000622153 0.000448787 0.000621846 0.999999 0.000342279 -0.000449212 -0.00034172 1 0.0414521 0.0154315 -0.130746
FixedParameters: 0 0 0

#Transform 302
Transform: AffineTransform_float_3_3
Parameters: 0.999999 -0.000801113 0.000332726 0.000800886 0.999999 0.000342266 -0.000332274 -0.000341734 1 0.046266 0.0415477 -0.130492
FixedParameters: 0 0 0

#Transform 303
Transform: AffineTransform_float_3_3
Parameters: 1 -0.000568086 0.000252806 0.000567913 1 0.000342144 -0.000253194 -0.000341856 1 0.0402348 0.0309379 -0.143312
FixedParameters: 0 0 0

#Transform 304
Transform: AffineTransform_float_3_3
Parameters: 0.999999 -0.000592291 0.00053868 0.000591709 0.999999 0.000539319 -0.000538319 -0.000539681 0.999999 0.0378134 0.0202124 -0.144347
FixedParameters: 0 0 0

#Transform 305
Transform: AffineTransform_float_3_3
Parameters: 0.999999 -0.000628253 0.000597733 0.000628746 0.999999 0.000424376 -0.000597266 -0.000423625 0.999999 0.0396173 0.021606 -0.12987
FixedParameters: 0 0 0

#Transform 306
Transform: AffineTransform_float_3_3
Parameters: 0.999999 -0.000594287 0.000523674 0.000593713 0.999999 0.000548311 -0.000523326 -0.000548689 0.999999 0.0410207 0.0402237 -0.135013
FixedParameters: 0 0 0

#Transform 307
Transform: AffineTransform_float_3_3
Parameters: 0.999999 -0.000568324 0.000638711 0.000568675 0.999999 0.000508363 -0.000639288 -0.000507637 0.999999 0.0380839 -0.0207246 -0.14189
FixedParameters: 0 0 0

#Transform 308
Transform: AffineTransform_float_3_3
Parameters: 0.999999 -0.000597229 0.000751817 0.00059677 1 0.000305449 -0.000752181 -0.000304551 0.999999 0.036677 0.0482088 -0.141619
FixedParameters: 0 0 0

#Transform 309
Transform: AffineTransform_float_3_3
Parameters: 1 -0.00064139 0.000900724 0.000640611 0.999999 0.000432577 -0.000901278 -0.000432422 1 0.0384361 0.0299197 -0.113831
FixedParameters: 0 0 0

#Transform 310
Transform: AffineTransform_float_3_3
Parameters: 1 -0.000578538 0.0010337 0.000578462 0.999999 0.000520598 -0.0010333 -0.000520403 1 0.03076 -0.0474138 -0.0884554
FixedParameters: 0 0 0

#Transform 311
Transform: AffineTransform_float_3_3
Parameters: 1 -0.000587152 0.00033073 0.000586847 0.999999 0.000460194 -0.00033127 -0.000459805 1 0.0405916 0.06477 -0.0722658
FixedParameters: 0 0 0

#Transform 312
Transform: AffineTransform_float_3_3
Parameters: 0.999999 -0.000506557 0.000751625 0.000506443 0.999999 0.00074038 -0.000752375 -0.000740618 0.999999 0.0358432 -0.00902031 -0.0747836
FixedParameters: 0 0 0

#Transform 313
Transform: AffineTransform_float_3_3
Parameters: 0.999999 -0.000648789 0.000623179 0.00064721 0.999999 0.0012664 -0.000623819 -0.0012656 0.999999 0.0390315 0.0231894 -0.0390827
FixedParameters: 0 0 0

#Transform 314
Transform: AffineTransform_float_3_3
Parameters: 1 -0.000436304 0.000247465 0.000435697 0.999999 0.00122611 -0.000247534 -0.00122589 0.999999 0.0390712 0.0588606 -0.0593934
FixedParameters: 0 0 0

#Transform 315
Transform: AffineTransform_float_3_3
Parameters: 1 -0.000357394 0.000481707 0.000357605 0.999999 0.000819172 -0.000482293 -0.000818827 0.999999 0.0406689 0.0737842 -0.0504173
FixedParameters: 0 0 0

#Transform 316
Transform: AffineTransform_float_3_3
Parameters: 1 -0.000530401 0.000454532 0.000530599 1 0.000882242 -0.000454468 -0.00088176 1 0.0458071 0.0384953 -0.0458242
FixedParameters: 0 0 0

#Transform 317
Transform: AffineTransform_float_3_3
Parameters: 1 -0.000530197 0.000204489 0.000530802 1 0.000964109 -0.000205512 -0.000963891 0.999999 0.0530204 0.054048 -0.0404067
FixedParameters: 0 0 0

#Transform 318
Transform: AffineTransform_float_3_3
Parameters: 0.999999 -0.000530803 0.000634329 0.000530197 0.999999 0.00126434 -0.000635671 -0.00126466 0.999999 0.0421637 0.0406101 -0.0458934
FixedParameters: 0 0 0

#Transform 319
Transform: AffineTransform_float_3_3
Parameters: 1 -0.000530439 0.000455489 0.000530561 1 0.000964243 -0.000455512 -0.000963759 1 0.0501291 -0.00378348 -0.05477
FixedParameters: 0 0 0

#Transform 320
Transform: AffineTransform_float_3_3
Parameters: 0.999999 -0.000530555 0.000520436 0.000530446 1 0.00106428 -0.000520565 -0.00106472 1 0.0431218 0.0029812 -0.0464322
FixedParameters: 0 0 0

#Transform 321
Transform: AffineTransform_float_3_3
Parameters: 1 -0.000530451 0.000429444 0.000530549 1 0.00104923 -0.000430557 -0.00104977 1 0.0503855 0.0502379 -0.0458764
FixedParameters: 0 0 0

#Transform 322
Transform: AffineTransform_float_3_3
Parameters: 1 -0.000529986 0.000205037 0.000530014 1 -6.88913e-05 -0.000204963 6.91086e-05 1 0.0407207 0.000770521 -0.0890549
FixedParameters: 0 0 0

#Transform 323
Transform: AffineTransform_float_3_3
Parameters: 0.999999 -0.000237417 0.00139993 0.000236583 1 0.000298331 -0.00140007 -0.000297668 0.999999 0.0204968 0.0195883 -0.110383
FixedParameters: 0 0 0

#Transform 324
Transform: AffineTransform_float_3_3
Parameters: 1 -0.000530298 0.000999843 0.000530702 1 0.000298531 -0.000999159 -0.00029747 1 0.0352277 0.0414784 -0.102838
FixedParameters: 0 0 0

#Transform 325
Transform: AffineTransform_float_3_3
Parameters: 0.999999 -0.000407196 0.000657878 0.000406804 1 0.000298268 -0.000658121 -0.000297732 0.999999 0.0330459 0.0166151 -0.107144
FixedParameters: 0 0 0

#Transform 326
Transform: AffineTransform_float_3_3
Parameters: 1 -0.000530342 0.000427575 0.000530657 0.999999 0.000801226 -0.000428425 -0.000800772 0.999999 0.0380876 0.0355451 -0.100543
FixedParameters: 0 0 0

#Transform 327
Transform: AffineTransform_float_3_3
Parameters: 1 -0.000444745 0.000485318 0.000443255 0.999998 0.00153521 -0.000485681 -0.00153478 0.999998 0.0370389 0.0268467 -0.0777277
FixedParameters: 0 0 0

#Transform 328
Transform: AffineTransform_float_3_3
Parameters: 1 -0.000530336 0.000313432 0.000530664 1 0.00107117 -0.000313569 -0.00107083 1 0.0349593 0.0324647 -0.102285
FixedParameters: 0 0 0

#Transform 329
Transform: AffineTransform_float_3_3
Parameters: 1 -0.000530458 0.000313226 0.000530542 0.999999 0.00146017 -0.000313775 -0.00145983 0.999999 0.0442465 0.000928342 -0.0911378
FixedParameters: 0 0 0

#Transform 330
Transform: AffineTransform_float_3_3
Parameters: 1 -0.000530372 0.000313372 0.000530629 0.999999 0.00118517 -0.000313629 -0.00118483 0.999999 0.0480997 0.017918 -0.0936289
FixedParameters: 0 0 0

#Transform 331
Transform: AffineTransform_float_3_3
Parameters: 1 -0.00052987 -0.000123558 0.00053013 1 0.00105194 0.000123442 -0.00105207 1 0.0568844 0.0458833 -0.0975016
FixedParameters: 0 0 0

#Transform 332
Transform: AffineTransform_float_3_3
Parameters: 1 -0.000529766 -0.000163759 0.000530234 0.999999 0.00143291 0.00016324 -0.00143309 0.999999 0.0507363 0.02961 -0.0811412
FixedParameters: 0 0 0

#Transform 333
Transform: AffineTransform_float_3_3
Parameters: 1 -0.000529504 -0.000338777 0.000530496 0.999999 0.00146682 0.000338222 -0.00146618 0.999999 0.0500429 0.00237335 -0.0915907
FixedParameters: 0 0 0

#Transform 334
Transform: AffineTransform_float_3_3
Parameters: 1 -0.00052978 -0.000177657 0.000530219 0.999999 0.00123991 0.000176343 -0.00124009 0.999999 0.0519674 0.0378877 -0.116266
FixedParameters: 0 0 0

#Transform 335
Transform: AffineTransform_float_3_3
Parameters: 1 -0.000429688 -0.000190704 0.000429312 0.999998 0.00163892 0.000190297 -0.00163908 0.999998 0.0484861 0.0292553 -0.0870168
FixedParameters: 0 0 0

#Transform 336
Transform: AffineTransform_float_3_3
Parameters: 1 -0.000529918 -5.57854e-05 0.000530082 0.999999 0.00148197 5.5215e-05 -0.00148103 0.999999 0.0483346 0.0231979 -0.0825869
FixedParameters: 0 0 0

#Transform 337
Transform: AffineTransform_float_3_3
Parameters: 1 -0.000459853 -0.000117577 0.000460146 0.999999 0.00125495 0.000116423 -0.00125505 0.999999 0.0390862 0.0546948 -0.093753
FixedParameters: 0 0 0

#Transform 338
Transform: AffineTransform_float_3_3
Parameters: 1 -0.000422898 -9.94378e-05 0.000423103 1 0.00103496 9.95626e-05 -0.00103404 1 0.0431166 0.0281143 -0.0942646
FixedParameters: 0 0 0

#Transform 339
Transform: AffineTransform_float_3_3
Parameters: 1 -0.000441909 -8.84579e-05 0.000442091 1 0.00103596 8.75421e-05 -0.00103604 1 0.0436586 0.0177693 -0.0936762
FixedParameters: 0 0 0

#Transform 340
Transform: AffineTransform_float_3_3
Parameters: 1 -0.000369902 -9.63789e-05 0.000370099 1 0.00102397 9.66211e-05 -0.00102404 1 0.0433342 0.0225257 -0.0941686
FixedParameters: 0 0 0

#Transform 341
Transform: AffineTransform_float_3_3
Parameters: 1 -0.000529878 -0.000101636 0.000530121 0.999999 0.00120095 0.000100364 -0.00120005 1 0.0479432 0.0148385 -0.0981932
FixedParameters: 0 0 0

#Transform 342
Transform: AffineTransform_float_3_3
Parameters: 1 -0.000505999 -7.22062e-07 0.000506001 0.999999 0.001427 2.77937e-07 -0.001427 0.999999 0.0451583 -0.00962453 -0.100705
FixedParameters: 0 0 0
