#Insight Transform File V1.0
#Transform 0
Transform: AffineTransform_float_3_3
Parameters: 0.999999 -0.00121318 -0.000289718 0.00121481 0.999979 0.00635665 0.000281284 -0.00635635 0.99998 0.00247818 0.0238036 0.609091
FixedParameters: 0 0 0

#Transform 1
Transform: AffineTransform_float_3_3
Parameters: 1 -0.00114858 -7.02719e-05 0.00114943 0.99998 0.00632993 6.37254e-05 -0.00633008 0.99998 -0.00167909 0.0155147 0.615964
FixedParameters: 0 0 0

#Transform 2
Transform: AffineTransform_float_3_3
Parameters: 1 -0.00107791 -1.83492e-05 0.00107809 0.999982 0.00588998 1.16503e-05 -0.00589001 0.999982 -0.00206 0.0477157 0.601912
FixedParameters: 0 0 0

#Transform 3
Transform: AffineTransform_float_3_3
Parameters: 0.999999 -0.000876033 0.00024026 0.000874962 0.99999 0.00427121 -0.000244739 -0.00427078 0.999991 -0.00163997 0.0815662 0.203668
FixedParameters: 0 0 0

#Transform 4
Transform: AffineTransform_float_3_3
Parameters: 1 -0.000477431 -0.000192418 0.000477571 0.999996 0.00296891 0.000191583 -0.00296909 0.999995 -0.00222635 0.0348533 0.0485821
FixedParameters: 0 0 0

#Transform 5
Transform: AffineTransform_float_3_3
Parameters: 1 -0.00028602 8.34332e-06 0.000285981 0.999998 0.002296 -8.65664e-06 -0.002296 0.999998 0.000405564 -0.0157858 0.0355887
FixedParameters: 0 0 0

#Transform 6
Transform: AffineTransform_float_3_3
Parameters: 1 -0.000203788 -7.06146e-05 0.00020421 0.999996 0.00301399 6.93849e-05 -0.00301402 0.999996 0.00321696 -0.0338924 0.0615544
FixedParameters: 0 0 0

#Transform 7
Transform: AffineTransform_float_3_3
Parameters: 1 -0.000296396 0.000201419 0.000295603 0.999998 0.00196106 -0.00020258 -0.00196094 0.999998 -0.00109903 -0.0248636 0.0312142
FixedParameters: 0 0 0

#Transform 8
Transform: AffineTransform_float_3_3
Parameters: 1 -0.000172143 0.000106769 0.000171856 0.999999 0.00134002 -0.00010723 -0.00133998 0.999999 -0.00545056 -0.0267323 0.0111983
FixedParameters: 0 0 0

#Transform 9
Transform: AffineTransform_float_3_3
Parameters: 1 -0.000132547 0.000412825 0.000131453 0.999999 0.00132405 -0.000413174 -0.00132395 0.999999 -0.000106434 -0.0424097 -0.000904378
FixedParameters: 0 0 0

#Transform 10
Transform: AffineTransform_float_3_3
Parameters: 1 -0.000210036 1.65522e-05 0.000209963 0.999997 0.002132 -1.74477e-05 -0.002132 0.999997 0.00288845 0.00709655 0.0332175
FixedParameters: 0 0 0

#Transform 11
Transform: AffineTransform_float_3_3
Parameters: 1 -0.000211102 6.06444e-05 0.000211897 0.999998 0.00168501 -6.13571e-05 -0.00168499 0.999998 -0.00253535 0.0092248 0.02734
FixedParameters: 0 0 0

#Transform 12
Transform: AffineTransform_float_3_3
Parameters: 1 -0.000199161 9.96779e-05 0.000198838 0.999998 0.00161802 -0.000100322 -0.00161798 0.999998 0.00232048 0.0262969 0.0263634
FixedParameters: 0 0 0

#Transform 13
Transform: AffineTransform_float_3_3
Parameters: 1 -8.76322e-05 0.000412866 8.73676e-05 0.999999 0.00153104 -0.000413134 -0.00153096 0.999998 -0.000682687 0.0401418 0.0253373
FixedParameters: 0 0 0

#Transform 14
Transform: AffineTransform_float_3_3
Parameters: 1 -0.000271118 9.16517e-05 0.000271882 0.999999 0.00128503 -9.23495e-05 -0.00128498 0.999999 0.00335507 0.0369904 0.0181323
FixedParameters: 0 0 0

#Transform 15
Transform: AffineTransform_float_3_3
Parameters: 1 -3.99631e-05 -2.80527e-05 4.00368e-05 0.999999 0.001317 2.79473e-05 -0.001317 0.999999 0.0008158 0.015588 0.0113039
FixedParameters: 0 0 0

#Transform 16
Transform: AffineTransform_float_3_3
Parameters: 1 -1.50118e-05 2.79937e-05 1.49882e-05 1 0.000422 -2.80063e-05 -0.000422 1 0.000176232 0.0303128 0.0152149
FixedParameters: 0 0 0

#Transform 17
Transform: AffineTransform_float_3_3
Parameters: 1 1.99745e-05 0.000112005 -2.00255e-05 1 0.000227998 -0.000111995 -0.000228002 1 -0.00743236 -0.00519333 0.0240967
FixedParameters: 0 0 0

#Transform 18
Transform: AffineTransform_float_3_3
Parameters: 1 -9.19726e-05 0.000102025 9.20274e-05 1 -0.000268991 -0.000101975 0.000269009 1 0.000963822 -0.0179495 -0.000626071
FixedParameters: 0 0 0

#Transform 19
Transform: AffineTransform_float_3_3
Parameters: 1 -3.80581e-05 0.000176988 3.79419e-05 1 0.000328007 -0.000177012 -0.000327993 1 -0.00266306 -0.0251348 0.00390515
FixedParameters: 0 0 0

#Transform 20
Transform: AffineTransform_float_3_3
Parameters: 1 4.69517e-05 0.000163014 -4.70482e-05 1 0.000295992 -0.000162986 -0.000296008 1 -0.00125827 -0.00575461 0.00517001
FixedParameters: 0 0 0

#Transform 21
Transform: AffineTransform_float_3_3
Parameters: 1 -2.00399e-05 0.000150995 1.99601e-05 1 0.000264003 -0.000151005 -0.000263997 1 -0.00511035 -0.0056208 0.00231778
FixedParameters: 0 0 0

#Transform 22
Transform: AffineTransform_float_3_3
Parameters: 1 0.000218895 0.000212108 -0.000219104 1 0.000492953 -0.000211892 -0.000493046 1 -0.00377997 0.00964494 0.00382081
FixedParameters: 0 0 0

#Transform 23
Transform: AffineTransform_float_3_3
Parameters: 1 0.000218957 0.000205046 -0.000219043 1 0.000209955 -0.000205954 -0.000210045 1 -0.00109878 0.0123737 0.0242331
FixedParameters: 0 0 0

#Transform 24
Transform: AffineTransform_float_3_3
Parameters: 1 3.59711e-05 0.000413002 -3.60289e-05 1 6.99851e-05 -0.000412997 -7.00149e-05 1 -0.00226893 0.0365649 0.00584272
FixedParameters: 0 0 0

#Transform 25
Transform: AffineTransform_float_3_3
Parameters: 1 -7.80239e-05 0.000412995 7.7976e-05 1 5.80322e-05 -0.000413004 -5.79678e-05 1 -0.000837671 0.00486195 0.000889402
FixedParameters: 0 0 0

#Transform 26
Transform: AffineTransform_float_3_3
Parameters: 1 -5.12056e-05 0.000335969 5.07943e-05 1 0.000612017 -0.000336031 -0.000611983 1 -0.00348686 0.0083656 0.00131006
FixedParameters: 0 0 0

#Transform 27
Transform: AffineTransform_float_3_3
Parameters: 1 3.91313e-05 0.000412987 -3.88687e-05 1 -0.000318016 -0.000413012 0.000317984 1 -0.00238688 0.0075263 -0.0157813
FixedParameters: 0 0 0

#Transform 28
Transform: AffineTransform_float_3_3
Parameters: 1 -0.000182795 0.000335112 0.000183205 1 -0.000610938 -0.000335888 0.000611061 1 0.000987968 0.0104124 -0.018423
FixedParameters: 0 0 0

#Transform 29
Transform: AffineTransform_float_3_3
Parameters: 1 -0.000112956 0.000345014 0.000113044 1 -0.000127961 -0.000344985 0.000128039 1 5.54048e-05 0.0228002 0.00327433
FixedParameters: 0 0 0

#Transform 30
Transform: AffineTransform_float_3_3
Parameters: 1 -9.79097e-05 0.000303029 9.80903e-05 1 -0.00029797 -0.000302971 0.00029803 1 1.15263e-05 0.00243431 0.00100315
FixedParameters: 0 0 0

#Transform 31
Transform: AffineTransform_float_3_3
Parameters: 1 -0.000148807 0.00041307 0.000149193 1 -0.000467938 -0.00041293 0.000467061 1 0.000131415 0.00782774 -0.00910407
FixedParameters: 0 0 0

#Transform 32
Transform: AffineTransform_float_3_3
Parameters: 1 -3.68769e-05 0.000413011 3.71231e-05 1 -0.000297985 -0.000412989 0.000298015 1 -0.00138509 0.00112824 -0.00820976
FixedParameters: 0 0 0

#Transform 33
Transform: AffineTransform_float_3_3
Parameters: 1 -2.99438e-05 0.000413004 3.00562e-05 1 -0.000135988 -0.000412996 0.000136012 1 -0.00144207 -0.00872289 0.00321075
FixedParameters: 0 0 0

#Transform 34
Transform: AffineTransform_float_3_3
Parameters: 1 -9.38769e-05 0.000413028 9.4123e-05 1 -0.000297961 -0.000412972 0.000298039 1 -0.000571051 0.00883976 0.00106421
FixedParameters: 0 0 0

#Transform 35
Transform: AffineTransform_float_3_3
Parameters: 1 -8.38455e-05 0.000413031 8.41544e-05 1 -0.000373965 -0.000412968 0.000374035 1 -0.000655742 0.0329016 -0.0128791
FixedParameters: 0 0 0

#Transform 36
Transform: AffineTransform_float_3_3
Parameters: 1 7.11817e-05 0.000412969 -7.08183e-05 1 -0.000440029 -0.000413031 0.000439971 1 -0.0027771 0.0229724 -0.0219614
FixedParameters: 0 0 0

#Transform 37
Transform: AffineTransform_float_3_3
Parameters: 1 4.39557e-05 0.00019001 -4.40443e-05 1 0.000232992 -0.00018999 -0.000233008 1 -0.00124552 0.0273253 -0.00555475
FixedParameters: 0 0 0

#Transform 38
Transform: AffineTransform_float_3_3
Parameters: 1 -3.00271e-05 0.000241997 2.99729e-05 1 0.000112007 -0.000242003 -0.000111993 1 -0.000570388 0.02415 0.00330663
FixedParameters: 0 0 0

#Transform 39
Transform: AffineTransform_float_3_3
Parameters: 1 2.29537e-05 0.000413003 -2.30463e-05 1 0.00011199 -0.000412997 -0.000112009 1 -0.00218607 0.0328944 0.00444256
FixedParameters: 0 0 0

#Transform 40
Transform: AffineTransform_float_3_3
Parameters: 1 3.29914e-05 0.000343001 -3.30086e-05 1 2.49887e-05 -0.000342999 -2.50113e-05 1 -0.00196226 0.0245976 -0.00223127
FixedParameters: 0 0 0

#Transform 41
Transform: AffineTransform_float_3_3
Parameters: 1 -4.04626e-06 0.000412999 3.95374e-06 1 0.000112002 -0.000413 -0.000111998 1 -0.00184425 0.0204706 0.00117981
FixedParameters: 0 0 0

#Transform 42
Transform: AffineTransform_float_3_3
Parameters: 1 0.000219237 0.000412874 -0.000218763 1 -0.00057409 -0.000413126 0.000574909 0.999999 -0.00480616 0.00300936 -0.000371952
FixedParameters: 0 0 0

#Transform 43
Transform: AffineTransform_float_3_3
Parameters: 1 0.000218994 0.000413003 -0.000219007 1 1.59095e-05 -0.000412997 -1.50904e-05 1 -0.00479415 0.0070322 0.0265622
FixedParameters: 0 0 0

#Transform 44
Transform: AffineTransform_float_3_3
Parameters: 1 -4.07377e-05 0.000413026 4.12622e-05 1 -0.000634983 -0.000412974 0.000635017 0.999999 -0.00131593 0.0436578 -0.0011684
FixedParameters: 0 0 0

#Transform 45
Transform: AffineTransform_float_3_3
Parameters: 1 -0.000107796 0.000413053 0.000107204 1 -0.000492956 -0.000412947 0.000493044 1 -0.000453253 0.0305259 -0.00314043
FixedParameters: 0 0 0

#Transform 46
Transform: AffineTransform_float_3_3
Parameters: 1 9.16505e-06 0.000322995 -8.83494e-06 1 -0.000511003 -0.000323004 0.000510997 1 -0.00153721 0.0191462 -0.0137947
FixedParameters: 0 0 0

#Transform 47
Transform: AffineTransform_float_3_3
Parameters: 1 -1.78844e-05 0.000413005 1.81156e-05 1 -0.000279992 -0.000412995 0.000280007 1 -0.00165298 0.0173499 -0.00486712
FixedParameters: 0 0 0

#Transform 48
Transform: AffineTransform_float_3_3
Parameters: 1 2.31858e-05 0.000412989 -2.28141e-05 1 -0.000450009 -0.00041301 0.00044999 1 -9.24691e-05 0.0433753 -0.00195311
FixedParameters: 0 0 0

#Transform 49
Transform: AffineTransform_float_3_3
Parameters: 1 4.32829e-05 0.00041297 -4.37171e-05 1 -0.000685018 -0.00041303 0.000684982 0.999999 -0.00245912 0.0529128 -0.00178141
FixedParameters: 0 0 0

#Transform 50
Transform: AffineTransform_float_3_3
Parameters: 1 -0.000159846 0.00041306 0.000160154 1 -0.000372934 -0.00041294 0.000373066 1 0.000358644 0.0282171 -0.00286229
FixedParameters: 0 0 0

#Transform 51
Transform: AffineTransform_float_3_3
Parameters: 1 -2.29532e-05 0.000316003 2.30468e-05 1 -0.000147993 -0.000315997 0.000148007 1 -0.00109053 0.018842 -0.00507848
FixedParameters: 0 0 0

#Transform 52
Transform: AffineTransform_float_3_3
Parameters: 1 -6.17303e-05 0.00041304 6.22697e-05 1 -0.000652974 -0.000412959 0.000653025 0.999999 -0.00102824 0.0343415 -0.00593982
FixedParameters: 0 0 0

#Transform 53
Transform: AffineTransform_float_3_3
Parameters: 1 -6.48521e-05 0.000413023 6.51478e-05 1 -0.000357973 -0.000412977 0.000358027 1 -0.000961592 0.03287 -0.0019265
FixedParameters: 0 0 0

#Transform 54
Transform: AffineTransform_float_3_3
Parameters: 1 -0.000160766 0.000413091 0.000161234 1 -0.000565933 -0.000412909 0.000566066 1 0.000327768 0.036094 0.00541763
FixedParameters: 0 0 0

#Transform 55
Transform: AffineTransform_float_3_3
Parameters: 1 2.51808e-05 0.000323986 -2.48192e-05 1 -0.000558008 -0.000324014 0.000557992 1 -0.0016717 0.03392 0.000924896
FixedParameters: 0 0 0

#Transform 56
Transform: AffineTransform_float_3_3
Parameters: 1 -9.55663e-05 0.000413101 9.6434e-05 1 -0.00105096 -0.000412899 0.00105004 1 -0.000547804 0.0363554 -0.0112702
FixedParameters: 0 0 0

#Transform 57
Transform: AffineTransform_float_3_3
Parameters: 1 -0.000212315 0.000473308 0.000213685 0.999999 -0.0014479 -0.000472691 0.0014481 0.999999 0.00459775 0.0126304 -0.00791563
FixedParameters: 0 0 0

#Transform 58
Transform: AffineTransform_float_3_3
Parameters: 1 -0.000444685 0.000413339 0.000445314 0.999999 -0.000761815 -0.000412661 0.000762183 0.999999 0.0132533 0.0358105 -0.00743085
FixedParameters: 0 0 0

#Transform 59
Transform: AffineTransform_float_3_3
Parameters: 1 -0.000232488 0.000538221 0.000233512 1 -0.000950875 -0.000537778 0.000951126 1 0.000639332 0.062254 0.000751891
FixedParameters: 0 0 0

#Transform 60
Transform: AffineTransform_float_3_3
Parameters: 1 -0.000207668 0.000413167 0.000208331 0.999999 -0.000802913 -0.000412833 0.000803085 0.999999 0.0009475 0.0507785 -0.00794029
FixedParameters: 0 0 0

#Transform 61
Transform: AffineTransform_float_3_3
Parameters: 1 -0.000186524 0.000613144 0.000187475 0.999999 -0.000775885 -0.000612854 0.000776114 0.999999 -0.000292705 0.0335484 -0.0145493
FixedParameters: 0 0 0

#Transform 62
Transform: AffineTransform_float_3_3
Parameters: 1 -0.000186375 0.000610191 0.000186625 0.999999 -0.00102389 -0.000610809 0.00102411 1 0.00298854 0.0372864 -0.0208748
FixedParameters: 0 0 0

#Transform 63
Transform: AffineTransform_float_3_3
Parameters: 1 -0.000184731 0.00041312 0.000185269 1 -0.000651923 -0.000412879 0.000652076 0.999999 0.000639777 0.0169658 -0.00587387
FixedParameters: 0 0 0

#Transform 64
Transform: AffineTransform_float_3_3
Parameters: 1 -0.000144447 0.000413194 0.000145552 0.999999 -0.00133794 -0.000412806 0.00133806 0.999999 0.000136083 0.0486299 -0.0150296
FixedParameters: 0 0 0

#Transform 65
Transform: AffineTransform_float_3_3
Parameters: 1 -0.000198313 0.000560244 0.000199688 0.999999 -0.00122689 -0.000560755 0.00122711 0.999999 0.0050067 0.0486621 -0.0211113
FixedParameters: 0 0 0

#Transform 66
Transform: AffineTransform_float_3_3
Parameters: 1 -0.000130327 0.000566155 0.000130673 1 -0.00118893 -0.000565845 0.00118907 0.999999 0.00276098 0.0331794 -0.0130184
FixedParameters: 0 0 0

#Transform 67
Transform: AffineTransform_float_3_3
Parameters: 1 -0.000196482 0.000413247 0.000197517 0.999999 -0.00125292 -0.000412753 0.00125308 0.999999 0.00380373 0.0328603 -0.02213
FixedParameters: 0 0 0

#Transform 68
Transform: AffineTransform_float_3_3
Parameters: 1 -7.34292e-05 0.000413102 7.45707e-05 0.999999 -0.00138197 -0.000412897 0.00138203 0.999999 0.00184314 0.050539 -0.0156375
FixedParameters: 0 0 0

#Transform 69
Transform: AffineTransform_float_3_3
Parameters: 1 -6.15734e-05 0.000413064 6.24266e-05 1 -0.00103298 -0.000412936 0.00103303 1 -0.00101649 0.0694843 -0.0109624
FixedParameters: 0 0 0

#Transform 70
Transform: AffineTransform_float_3_3
Parameters: 1 -0.000197381 0.000413296 0.000198618 0.999999 -0.00149792 -0.000412703 0.00149808 0.999999 0.000822977 0.0504301 -0.0275534
FixedParameters: 0 0 0

#Transform 71
Transform: AffineTransform_float_3_3
Parameters: 1 -0.000144525 0.000479144 0.000144475 1 -0.000990932 -0.000478857 0.00099107 1 -0.000200854 0.0355744 -0.0153751
FixedParameters: 0 0 0

#Transform 72
Transform: AffineTransform_float_3_3
Parameters: 1 -9.24659e-05 0.00041312 9.25339e-05 0.999999 -0.00129296 -0.000412881 0.00129304 0.999999 -0.000659272 0.0494744 -0.0145564
FixedParameters: 0 0 0

#Transform 73
Transform: AffineTransform_float_3_3
Parameters: 1 -7.17947e-05 0.000637137 7.32051e-05 0.999998 -0.00189195 -0.000636863 0.00189205 0.999998 -0.00197007 0.0641047 -0.0326817
FixedParameters: 0 0 0

#Transform 74
Transform: AffineTransform_float_3_3
Parameters: 1 -6.32173e-05 0.000413121 6.37825e-05 0.999998 -0.00189497 -0.00041288 0.00189503 0.999998 -0.0010422 0.0389116 -0.0219124
FixedParameters: 0 0 0

#Transform 75
Transform: AffineTransform_float_3_3
Parameters: 1 -7.12998e-05 0.00055709 7.17001e-05 0.999999 -0.00125696 -0.00055691 0.00125704 0.999999 -0.00155266 0.0361793 -0.0126104
FixedParameters: 0 0 0

#Transform 76
Transform: AffineTransform_float_3_3
Parameters: 1 -0.000134415 0.000413191 0.000135585 0.999999 -0.00141594 -0.000412808 0.00141606 0.999999 1.28154e-05 0.0427085 -0.0163681
FixedParameters: 0 0 0

#Transform 77
Transform: AffineTransform_float_3_3
Parameters: 1 -0.000141222 0.000518212 0.000141778 0.999999 -0.00150193 -0.000517787 0.00150207 0.999998 -0.000460517 0.0593808 -0.0171852
FixedParameters: 0 0 0

#Transform 78
Transform: AffineTransform_float_3_3
Parameters: 1 -0.000190302 0.000413322 0.000191697 0.999998 -0.00168792 -0.000412677 0.00168808 0.999998 0.00412095 0.0692584 -0.0246104
FixedParameters: 0 0 0

#Transform 79
Transform: AffineTransform_float_3_3
Parameters: 1 -4.34449e-05 0.000413059 4.4555e-05 0.999999 -0.00134398 -0.00041294 0.00134402 0.999999 -0.00121941 0.0363617 -0.0148902
FixedParameters: 0 0 0

#Transform 80
Transform: AffineTransform_float_3_3
Parameters: 1 3.24663e-05 0.000412964 -3.15337e-05 1 -0.00112901 -0.000413036 0.00112899 1 0.000959866 0.0636732 -0.0036601
FixedParameters: 0 0 0

#Transform 81
Transform: AffineTransform_float_3_3
Parameters: 1 -2.92097e-05 0.000700033 2.97903e-05 1 -0.00112898 -0.000699967 0.00112902 0.999999 -0.00289737 0.0766874 -0.00225565
FixedParameters: 0 0 0

#Transform 82
Transform: AffineTransform_float_3_3
Parameters: 1 -0.000139982 0.000613233 0.000141017 0.999998 -0.00165991 -0.000612767 0.00166009 0.999999 0.00204184 0.0619 -0.00966084
FixedParameters: 0 0 0

#Transform 83
Transform: AffineTransform_float_3_3
Parameters: 1 -4.71371e-05 0.000495083 4.78627e-05 0.999998 -0.00174298 -0.000494917 0.00174302 0.999999 -0.00158889 0.0395778 -0.0140425
FixedParameters: 0 0 0

#Transform 84
Transform: AffineTransform_float_3_3
Parameters: 1 3.97267e-05 0.000520945 -3.92746e-05 0.999999 -0.00139502 -0.000520055 0.00139498 0.999999 -0.00284108 0.071692 -0.00370335
FixedParameters: 0 0 0

#Transform 85
Transform: AffineTransform_float_3_3
Parameters: 1 -4.11912e-05 0.00056206 4.18087e-05 0.999999 -0.00143898 -0.00056194 0.00143902 0.999999 -0.00196177 0.0724125 0.0122795
FixedParameters: 0 0 0

#Transform 86
Transform: AffineTransform_float_3_3
Parameters: 1 -4.62123e-05 0.000413089 4.67875e-05 0.999998 -0.00190698 -0.000412912 0.00190702 0.999998 -0.00121618 0.0571535 -0.00202603
FixedParameters: 0 0 0

#Transform 87
Transform: AffineTransform_float_3_3
Parameters: 1 0.000220273 0.000563504 -0.000219727 0.999998 -0.00225713 -0.000564498 0.00225788 0.999998 -0.00554882 0.0591126 -0.0217904
FixedParameters: 0 0 0

#Transform 88
Transform: AffineTransform_float_3_3
Parameters: 1 8.60173e-06 0.000412988 -7.39825e-06 0.999999 -0.001457 -0.000413011 0.001457 0.999999 -0.00192974 0.0662368 -0.0111573
FixedParameters: 0 0 0

#Transform 89
Transform: AffineTransform_float_3_3
Parameters: 1 0.000219851 0.000510634 -0.000219149 0.999998 -0.00166711 -0.000510366 0.00166689 0.999998 -0.0052599 0.0418865 -0.000628135
FixedParameters: 0 0 0

#Transform 90
Transform: AffineTransform_float_3_3
Parameters: 1 -2.23305e-05 0.000413037 2.26694e-05 0.999998 -0.00162099 -0.000412964 0.00162101 0.999998 -0.00155321 0.0722819 0.0172222
FixedParameters: 0 0 0

#Transform 91
Transform: AffineTransform_float_3_3
Parameters: 1 -8.41693e-05 0.00041317 8.48304e-05 0.999998 -0.00201096 -0.00041283 0.00201103 0.999998 -0.000725496 0.05766 -0.00710828
FixedParameters: 0 0 0

#Transform 92
Transform: AffineTransform_float_3_3
Parameters: 1 2.91582e-05 0.00066795 -2.78416e-05 0.999998 -0.00173402 -0.000668049 0.00173398 0.999999 -0.000964938 0.0722741 -0.00282441
FixedParameters: 0 0 0

#Transform 93
Transform: AffineTransform_float_3_3
Parameters: 1 -5.61987e-05 0.00041311 5.78011e-05 0.999998 -0.00193998 -0.000412889 0.00194002 0.999998 0.00179676 0.0561598 -0.00818632
FixedParameters: 0 0 0

#Transform 94
Transform: AffineTransform_float_3_3
Parameters: 1 0.000219578 0.000412693 -0.000219422 0.999999 -0.00140009 -0.000413308 0.00139991 0.999999 -0.00477974 0.0880886 -0.0033053
FixedParameters: 0 0 0

#Transform 95
Transform: AffineTransform_float_3_3
Parameters: 1 -7.9092e-05 0.000413175 7.99075e-05 0.999997 -0.00219797 -0.000412826 0.00219803 0.999998 0.00374851 0.0594653 -0.0074493
FixedParameters: 0 0 0

#Transform 96
Transform: AffineTransform_float_3_3
Parameters: 1 0.000220012 0.000495552 -0.000218989 0.999998 -0.00204111 -0.000495448 0.00204089 0.999998 -0.00519527 0.055182 -0.00280109
FixedParameters: 0 0 0

#Transform 97
Transform: AffineTransform_float_3_3
Parameters: 1 0.000220059 0.000412436 -0.000218939 0.999996 -0.00256609 -0.000413563 0.00256591 0.999996 -0.00478694 0.0905227 -0.0123472
FixedParameters: 0 0 0

#Transform 98
Transform: AffineTransform_float_3_3
Parameters: 1 -4.7652e-05 0.000654099 4.93478e-05 0.999998 -0.00206097 -0.000653899 0.00206103 0.999997 -0.00232025 0.0744243 -0.0174278
FixedParameters: 0 0 0

#Transform 99
Transform: AffineTransform_float_3_3
Parameters: 1 -8.57904e-05 0.000625167 8.72092e-05 0.999998 -0.00193495 -0.000624832 0.00193505 0.999998 -0.00168709 0.0736933 0.0013919
FixedParameters: 0 0 0

#Transform 100
Transform: AffineTransform_float_3_3
Parameters: 1 -4.72008e-05 0.000413092 4.77991e-05 0.999998 -0.00193498 -0.000412908 0.00193502 0.999998 -0.00118627 0.0737611 -0.00986232
FixedParameters: 0 0 0

#Transform 101
Transform: AffineTransform_float_3_3
Parameters: 1 0.000219721 0.000412617 -0.000219279 0.999999 -0.00174609 -0.000413384 0.00174591 0.999999 0.00174982 0.0554213 -0.0112665
FixedParameters: 0 0 0

#Transform 102
Transform: AffineTransform_float_3_3
Parameters: 1 0.000220091 0.000527546 -0.000218908 0.999998 -0.00206711 -0.000528453 0.00206688 0.999997 0.000151618 0.0743999 -0.00813902
FixedParameters: 0 0 0

#Transform 103
Transform: AffineTransform_float_3_3
Parameters: 1 0.000219486 0.000412742 -0.000219514 1 -0.00117709 -0.000413259 0.00117691 0.999999 -0.00480436 0.00200404 0.0287288
FixedParameters: 0 0 0

#Transform 104
Transform: AffineTransform_float_3_3
Parameters: 1 -0.000179618 0.000413603 0.000180383 0.999995 -0.00334393 -0.000413399 0.00334408 0.999995 0.00724243 0.122 -0.021367
FixedParameters: 0 0 0

#Transform 105
Transform: AffineTransform_float_3_3
Parameters: 1 -0.000109939 0.000413283 0.00011106 0.999996 -0.00256695 -0.000412716 0.00256704 0.999996 0.00534075 0.077894 -0.00713271
FixedParameters: 0 0 0

#Transform 106
Transform: AffineTransform_float_3_3
Parameters: 1 0.000219842 0.000412552 -0.000219157 0.999998 -0.00204109 -0.000413448 0.00204091 0.999998 -0.00480995 0.0640054 -0.0176979
FixedParameters: 0 0 0

#Transform 107
Transform: AffineTransform_float_3_3
Parameters: 1 -7.19226e-05 0.000413189 7.20768e-05 0.999996 -0.00260797 -0.000412813 0.00260803 0.999996 -0.000923672 0.0667764 -0.00759793
FixedParameters: 0 0 0

#Transform 108
Transform: AffineTransform_float_3_3
Parameters: 1 -0.000106463 0.000576286 0.000107536 0.999997 -0.00266794 -0.000575715 0.00266806 0.999997 0.00240749 0.0862065 -0.0133697
FixedParameters: 0 0 0

#Transform 109
Transform: AffineTransform_float_3_3
Parameters: 1 -0.00019413 0.00041341 0.000194871 0.999998 -0.00210592 -0.00041359 0.00210608 0.999997 0.00861181 0.0804965 0.0149169
FixedParameters: 0 0 0

#Transform 110
Transform: AffineTransform_float_3_3
Parameters: 1 -7.25126e-05 0.00067827 7.54864e-05 0.999994 -0.00366795 -0.000677728 0.00366805 0.999993 0.0114045 0.0499486 -0.0139898
FixedParameters: 0 0 0

#Transform 111
Transform: AffineTransform_float_3_3
Parameters: 1 -0.000240274 0.000414007 0.000242727 0.999992 -0.0041759 -0.00041299 0.0041751 0.999991 0.0103769 0.12199 -0.0264048
FixedParameters: 0 0 0

#Transform 112
Transform: AffineTransform_float_3_3
Parameters: 1 -0.000201091 0.000537717 0.00020291 0.999993 -0.00355189 -0.000537282 0.00355211 0.999993 0.00782054 0.0656878 0.00841658
FixedParameters: 0 0 0

#Transform 113
Transform: AffineTransform_float_3_3
Parameters: 1 -0.000189811 0.000413548 0.00019119 0.999996 -0.00287692 -0.000413452 0.00287708 0.999996 0.000704732 0.0649073 0.00432748
FixedParameters: 0 0 0

#Transform 114
Transform: AffineTransform_float_3_3
Parameters: 1 -0.000137526 0.000471432 0.000139472 0.999995 -0.00312693 -0.000470566 0.00312707 0.999995 0.00517558 0.0871564 -0.0176792
FixedParameters: 0 0 0

#Transform 115
Transform: AffineTransform_float_3_3
Parameters: 1 -0.000151517 0.000413546 0.000153485 0.999993 -0.00358893 -0.000413452 0.00358906 0.999993 0.0060605 0.0801151 -0.037721
FixedParameters: 0 0 0

#Transform 116
Transform: AffineTransform_float_3_3
Parameters: 1 -0.000125357 0.000413502 0.000126645 0.999992 -0.00397595 -0.0004135 0.00397605 0.999992 0.00545941 0.0861241 -0.0169316
FixedParameters: 0 0 0

#Transform 117
Transform: AffineTransform_float_3_3
Parameters: 1 -0.000136708 0.000350507 0.000138294 0.999993 -0.00368895 -0.000350492 0.00368905 0.999993 0.00584379 0.0845918 -0.00796379
FixedParameters: 0 0 0

#Transform 118
Transform: AffineTransform_float_3_3
Parameters: 1 -4.46624e-05 0.000413147 4.6337e-05 0.999995 -0.00323798 -0.000412852 0.00323802 0.999994 -0.00118607 0.0953904 0.0047961
FixedParameters: 0 0 0

#Transform 119
Transform: AffineTransform_float_3_3
Parameters: 1 -9.24737e-05 0.000413344 9.3525e-05 0.999993 -0.00369396 -0.000412657 0.00369404 0.999993 0.0024859 0.118512 -0.0128365
FixedParameters: 0 0 0

#Transform 120
Transform: AffineTransform_float_3_3
Parameters: 1 -0.000110072 0.000547391 0.000111926 0.999994 -0.00352294 -0.000546609 0.00352306 0.999993 -0.000975318 0.0838801 -0.0312273
FixedParameters: 0 0 0

#Transform 121
Transform: AffineTransform_float_3_3
Parameters: 1 1.32484e-05 0.000412962 -1.27514e-05 0.999996 -0.00302301 -0.000413041 0.003023 0.999996 0.00442869 0.0735749 0.00355132
FixedParameters: 0 0 0

#Transform 122
Transform: AffineTransform_float_3_3
Parameters: 1 -3.39149e-05 0.000413091 3.40848e-05 0.999996 -0.00262699 -0.000412912 0.00262701 0.999997 0.00292372 0.0792149 0.0124776
FixedParameters: 0 0 0

#Transform 123
Transform: AffineTransform_float_3_3
Parameters: 1 1.02712e-05 0.00041297 -8.72874e-06 0.999996 -0.00307801 -0.000413029 0.003078 0.999995 -0.00193029 0.104641 -0.00621543
FixedParameters: 0 0 0

#Transform 124
Transform: AffineTransform_float_3_3
Parameters: 1 -0.000165616 0.000413557 0.000166386 0.999995 -0.00334993 -0.000413445 0.00334907 0.999995 0.00038164 0.0885311 -0.00948455
FixedParameters: 0 0 0

#Transform 125
Transform: AffineTransform_float_3_3
Parameters: 1 -2.74424e-05 0.000491089 2.85573e-05 0.999995 -0.00317199 -0.000490912 0.00317201 0.999995 -0.00185339 0.0827201 -0.0236774
FixedParameters: 0 0 0

#Transform 126
Transform: AffineTransform_float_3_3
Parameters: 1 0.00022027 0.000412324 -0.000219731 0.999995 -0.00307809 -0.000412678 0.00307791 0.999995 -0.00478705 0.0800437 0.00503271
FixedParameters: 0 0 0

#Transform 127
Transform: AffineTransform_float_3_3
Parameters: 1 -0.00013663 0.000413455 0.000137372 0.999994 -0.00331494 -0.000413547 0.00331506 0.999995 -2.13416e-05 0.0839797 -0.000226422
FixedParameters: 0 0 0

#Transform 128
Transform: AffineTransform_float_3_3
Parameters: 1 3.3571e-06 0.000412991 -1.64287e-06 0.999994 -0.003286 -0.000413007 0.003286 0.999994 0.00221543 0.111894 -0.00759355
FixedParameters: 0 0 0

#Transform 129
Transform: AffineTransform_float_3_3
Parameters: 1 -0.000204365 0.000413811 0.000205636 0.999992 -0.00395492 -0.00041319 0.00395409 0.999992 0.0105943 0.0942153 -0.00868959
FixedParameters: 0 0 0

#Transform 130
Transform: AffineTransform_float_3_3
Parameters: 1 -0.000189642 0.000413625 0.000190359 0.999994 -0.00328592 -0.000413376 0.00328608 0.999994 0.00758954 0.0691747 0.0227814
FixedParameters: 0 0 0

#Transform 131
Transform: AffineTransform_float_3_3
Parameters: 1 -0.000153551 0.000413541 0.000154451 0.999994 -0.00350694 -0.000413461 0.00350706 0.999994 0.00751266 0.159408 0.00249412
FixedParameters: 0 0 0

#Transform 132
Transform: AffineTransform_float_3_3
Parameters: 1 -0.000128941 0.000413332 0.000130058 0.999996 -0.00256294 -0.000412668 0.00256305 0.999996 0.00385385 0.101971 0.0309044
FixedParameters: 0 0 0

#Transform 133
Transform: AffineTransform_float_3_3
Parameters: 1 4.05851e-06 0.000412991 -2.94147e-06 0.999996 -0.002563 -0.000413009 0.002563 0.999996 -0.00188893 0.0707854 0.00367977
FixedParameters: 0 0 0

#Transform 134
Transform: AffineTransform_float_3_3
Parameters: 1 -0.000104938 0.000348322 0.000106061 0.999996 -0.00305097 -0.000347678 0.00305104 0.999996 -8.13558e-05 0.0988233 -0.00854655
FixedParameters: 0 0 0

#Transform 135
Transform: AffineTransform_float_3_3
Parameters: 1 -8.77949e-05 0.000413258 8.92043e-05 0.999995 -0.00291696 -0.000412741 0.00291703 0.999995 -0.000608639 0.104609 0.000800037
FixedParameters: 0 0 0

#Transform 136
Transform: AffineTransform_float_3_3
Parameters: 1 -7.09008e-07 0.000351005 2.29097e-06 0.999993 -0.003678 -0.000350994 0.003678 0.999993 -0.0014731 0.0936279 -0.00070287
FixedParameters: 0 0 0

#Transform 137
Transform: AffineTransform_float_3_3
Parameters: 1 -9.83948e-05 0.000413385 0.000100608 0.999993 -0.00388496 -0.000413612 0.00388504 0.999993 0.00548557 0.0966663 -0.00266641
FixedParameters: 0 0 0

#Transform 138
Transform: AffineTransform_float_3_3
Parameters: 1 -7.65726e-05 0.000413267 7.84264e-05 0.999994 -0.00345497 -0.000412731 0.00345503 0.999994 0.00134767 0.0814364 0.0161837
FixedParameters: 0 0 0

#Transform 139
Transform: AffineTransform_float_3_3
Parameters: 1 -6.38249e-05 0.000340223 6.51778e-05 0.999994 -0.00345498 -0.000340777 0.00345502 0.999994 -0.000572985 0.135685 0.0187845
FixedParameters: 0 0 0

#Transform 140
Transform: AffineTransform_float_3_3
Parameters: 1 1.47634e-05 0.000434944 -1.32364e-05 0.999992 -0.004054 -0.000435057 0.00405399 0.999991 0.00276858 0.113878 -0.0230354
FixedParameters: 0 0 0

#Transform 141
Transform: AffineTransform_float_3_3
Parameters: 1 3.61056e-05 0.000250843 -3.48938e-05 0.999991 -0.00440601 -0.000251156 0.00440599 0.999991 -0.00150269 0.101304 -0.0019969
FixedParameters: 0 0 0

#Transform 142
Transform: AffineTransform_float_3_3
Parameters: 1 -1.13219e-06 0.000222006 1.86779e-06 0.999993 -0.003909 -0.000221994 0.003909 0.999993 0.00374238 0.0784428 0.00277701
FixedParameters: 0 0 0

#Transform 143
Transform: AffineTransform_float_3_3
Parameters: 1 4.1239e-05 0.000318842 -3.97604e-05 0.999993 -0.00388502 -0.000319157 0.00388499 0.999993 -0.00194646 0.129705 0.00500771
FixedParameters: 0 0 0

#Transform 144
Transform: AffineTransform_float_3_3
Parameters: 1 -0.000118679 0.000304518 0.000120323 0.99999 -0.00434296 -0.00030448 0.00434303 0.99999 0.00364117 0.117412 -0.000927314
FixedParameters: 0 0 0

#Transform 145
Transform: AffineTransform_float_3_3
Parameters: 1 -2.45254e-07 0.000352006 1.75472e-06 0.999987 -0.004985 -0.000351996 0.004985 0.999988 -0.00161669 0.123216 0.00323295
FixedParameters: 0 0 0

#Transform 146
Transform: AffineTransform_float_3_3
Parameters: 1 1.11423e-05 0.000334964 -1.08576e-05 0.999994 -0.00341 -0.000335039 0.00341 0.999994 0.00205208 0.119936 0.0353236
FixedParameters: 0 0 0

#Transform 147
Transform: AffineTransform_float_3_3
Parameters: 1 -1.78454e-06 0.000377008 3.21544e-06 0.999995 -0.003224 -0.000376991 0.003224 0.999994 0.00108468 0.10294 0.0200416
FixedParameters: 0 0 0

#Transform 148
Transform: AffineTransform_float_3_3
Parameters: 1 -1.1265e-05 0.000366057 1.37347e-05 0.999989 -0.00473999 -0.000365939 0.00474 0.999988 -0.00137143 0.127058 -0.00907706
FixedParameters: 0 0 0

#Transform 149
Transform: AffineTransform_float_3_3
Parameters: 1 6.25484e-06 0.00059698 -3.74509e-06 0.999993 -0.003777 -0.000597018 0.003777 0.999992 0.00403678 0.0550062 0.0173634
FixedParameters: 0 0 0

#Transform 150
Transform: AffineTransform_float_3_3
Parameters: 1 3.62635e-05 0.000549856 -3.474e-05 0.999991 -0.00411602 -0.000549148 0.00411598 0.999992 -0.00303944 0.16358 0.00291183
FixedParameters: 0 0 0

#Transform 151
Transform: AffineTransform_float_3_3
Parameters: 1 -0.000180533 0.000556806 0.000182467 0.99999 -0.0044329 -0.000556196 0.0044331 0.99999 0.0064632 0.116792 0.0156313
FixedParameters: 0 0 0

#Transform 152
Transform: AffineTransform_float_3_3
Parameters: 1 -0.000104488 0.000579459 0.00010651 0.999991 -0.00433694 -0.000578544 0.00433707 0.999991 0.0043163 0.113581 0.0115896
FixedParameters: 0 0 0

#Transform 153
Transform: AffineTransform_float_3_3
Parameters: 1 -0.000111416 0.000410433 0.000113583 0.999992 -0.00386195 -0.000409565 0.00386205 0.999993 -0.000303566 0.113399 0.00768094
FixedParameters: 0 0 0

#Transform 154
Transform: AffineTransform_float_3_3
Parameters: 1 -4.11915e-05 0.000410186 4.28077e-05 0.999991 -0.00440998 -0.000409815 0.00441002 0.99999 0.00523233 0.11196 -0.0145276
FixedParameters: 0 0 0

#Transform 155
Transform: AffineTransform_float_3_3
Parameters: 1 0.000220763 0.000409053 -0.000219237 0.99999 -0.00430509 -0.000409947 0.00430491 0.99999 0.00320173 0.108364 0.00952679
FixedParameters: 0 0 0

#Transform 156
Transform: AffineTransform_float_3_3
Parameters: 1 -5.63731e-05 0.000410227 5.7626e-05 0.999992 -0.00396698 -0.000409775 0.00396702 0.999992 0.00565516 0.109221 0.032668
FixedParameters: 0 0 0

#Transform 157
Transform: AffineTransform_float_3_3
Parameters: 1 5.18465e-05 0.00040977 -5.01569e-05 0.99999 -0.00450502 -0.00040923 0.00450498 0.99999 0.0056029 0.143167 0.0235125
FixedParameters: 0 0 0

#Transform 158
Transform: AffineTransform_float_3_3
Parameters: 1 -0.000120713 0.000531524 0.000122289 0.99999 -0.00430493 -0.000531478 0.00430506 0.99999 0.00623792 0.117935 -0.0159024
FixedParameters: 0 0 0

#Transform 159
Transform: AffineTransform_float_3_3
Parameters: 1 0.000221652 0.000549939 -0.000219348 0.999989 -0.00481712 -0.000551063 0.00481688 0.999988 0.00199194 0.128342 0.0387561
FixedParameters: 0 0 0

#Transform 160
Transform: AffineTransform_float_3_3
Parameters: 1 -3.52595e-05 0.000410245 3.77388e-05 0.999977 -0.00668198 -0.000409757 0.00668201 0.999977 -0.00136753 0.107878 0.030412
FixedParameters: 0 0 0

#Transform 161
Transform: AffineTransform_float_3_3
Parameters: 0.999999 -0.000722425 0.000419745 0.000727565 0.99991 -0.0134367 -0.00040926 0.0134373 0.999909 0.00772043 0.0344241 0.0741128
FixedParameters: 0 0 0

#Transform 162
Transform: AffineTransform_float_3_3
Parameters: 0.999999 -0.000727943 1.09342e-05 0.000728059 0.999729 -0.023259 5.93554e-06 0.023259 0.99973 -0.0164943 0.0603295 0.150172
FixedParameters: 0 0 0

#Transform 163
Transform: AffineTransform_float_3_3
Parameters: 1 8.82367e-05 0.000579534 -7.8755e-05 0.999845 -0.0176401 -0.00058148 0.01764 0.999844 -0.0229586 0.0524759 0.093722
FixedParameters: 0 0 0

#Transform 164
Transform: AffineTransform_float_3_3
Parameters: 0.999999 0.000357543 0.000828948 -0.000347457 0.999934 -0.0114833 -0.000833044 0.0114837 0.999933 -0.0188134 0.0435379 0.0710403
FixedParameters: 0 0 0

#Transform 165
Transform: AffineTransform_float_3_3
Parameters: 1 0.000463205 0.000183529 -0.000460789 0.99993 -0.0118391 -0.000189468 0.0118389 0.99993 -0.0172508 0.0860241 0.0492887
FixedParameters: 0 0 0

#Transform 166
Transform: AffineTransform_float_3_3
Parameters: 0.999999 0.000696569 0.000261248 -0.000693423 0.999952 -0.00971018 -0.000268746 0.00971081 0.999953 -0.0101295 0.0136615 0.00509509
FixedParameters: 0 0 0

#Transform 167
Transform: AffineTransform_float_3_3
Parameters: 0.999999 0.000807079 0.000269858 -0.000804919 0.99997 -0.00761922 -0.00027614 0.00761878 0.999971 -0.0193589 0.121461 0.0255245
FixedParameters: 0 0 0

#Transform 168
Transform: AffineTransform_float_3_3
Parameters: 0.999999 0.000748917 0.000417043 -0.000745083 0.999957 -0.00931432 -0.000423958 0.00931369 0.999957 -0.0115111 0.0657078 -0.00996629
FixedParameters: 0 0 0

#Transform 169
Transform: AffineTransform_float_3_3
Parameters: 0.999999 0.000966642 7.62518e-05 -0.000966351 0.999968 -0.00801808 -8.47508e-05 0.00801792 0.999968 -0.0127628 0.0780511 0.01234
FixedParameters: 0 0 0

#Transform 170
Transform: AffineTransform_float_3_3
Parameters: 1 0.00101158 0.000186653 -0.00100943 0.999966 -0.00825819 -0.000194343 0.00825881 0.999966 -0.0179764 0.100308 0.0050765
FixedParameters: 0 0 0

#Transform 171
Transform: AffineTransform_float_3_3
Parameters: 0.999999 0.00106216 0.000129809 -0.00106083 0.999962 -0.00865714 -0.000139189 0.00865685 0.999962 -0.0142502 0.117842 -0.00312466
FixedParameters: 0 0 0

#Transform 172
Transform: AffineTransform_float_3_3
Parameters: 1 0.00106789 0.00020542 -0.00106612 0.999959 -0.00897922 -0.000214582 0.00897977 0.999959 -0.0181109 0.121775 -0.012235
FixedParameters: 0 0 0

#Transform 173
Transform: AffineTransform_float_3_3
Parameters: 1 0.00109189 9.41997e-05 -0.00109111 0.999959 -0.00897911 -0.000103802 0.00897989 0.999959 -0.0145504 0.121813 -0.0123743
FixedParameters: 0 0 0

#Transform 174
Transform: AffineTransform_float_3_3
Parameters: 1 0.0011464 0.000156043 -0.0011456 0.999961 -0.00869118 -0.000165963 0.00869081 0.999962 -0.0156667 0.120209 -0.00790169
FixedParameters: 0 0 0

#Transform 175
Transform: AffineTransform_float_3_3
Parameters: 0.999999 0.00137379 8.84714e-05 -0.0013732 0.999964 -0.00839413 -0.000100531 0.00839487 0.999965 -0.0183546 0.118664 0.00796277
FixedParameters: 0 0 0

#Transform 176
Transform: AffineTransform_float_3_3
Parameters: 1 0.00115318 0.000244932 -0.00115182 0.999961 -0.00873929 -0.000255075 0.00873871 0.999962 -0.0161901 0.120583 -0.0119454
FixedParameters: 0 0 0

#Transform 177
Transform: AffineTransform_float_3_3
Parameters: 0.999999 0.00127241 0.000159124 -0.00127159 0.999962 -0.0085522 -0.000169881 0.00855178 0.999963 -0.0173709 0.0876015 -0.0150372
FixedParameters: 0 0 0

#Transform 178
Transform: AffineTransform_float_3_3
Parameters: 0.999999 0.00132176 0.000208131 -0.00131924 0.999966 -0.00822829 -0.000218862 0.00822772 0.999966 -0.0209202 0.0976345 -0.00600859
FixedParameters: 0 0 0

#Transform 179
Transform: AffineTransform_float_3_3
Parameters: 0.999999 0.00129567 0.000325539 -0.00129333 0.999966 -0.00808243 -0.000335464 0.00808157 0.999968 -0.0205055 0.132189 -0.012239
FixedParameters: 0 0 0

#Transform 180
Transform: AffineTransform_float_3_3
Parameters: 0.999999 0.00124151 0.000289434 -0.00123849 0.999963 -0.00851936 -0.000299563 0.00851963 0.999963 -0.017492 0.0951578 -0.0125057
FixedParameters: 0 0 0

#Transform 181
Transform: AffineTransform_float_3_3
Parameters: 0.999999 0.00127636 0.000388106 -0.00127263 0.999962 -0.0085465 -0.000399892 0.0085465 0.999964 -0.0184892 0.110593 0.000661573
FixedParameters: 0 0 0

#Transform 182
Transform: AffineTransform_float_3_3
Parameters: 1 0.00114009 0.000249638 -0.00113791 0.999965 -0.00821929 -0.000259362 0.00821971 0.999966 -0.0160346 0.0959334 0.0106969
FixedParameters: 0 0 0

#Transform 183
Transform: AffineTransform_float_3_3
Parameters: 0.999999 0.00126527 0.000416176 -0.00126273 0.999969 -0.00777453 -0.000425829 0.00777347 0.999969 -0.0184595 0.146411 0.0182503
FixedParameters: 0 0 0

#Transform 184
Transform: AffineTransform_float_3_3
Parameters: 0.999999 0.00120898 0.000466818 -0.00120502 0.999963 -0.00843657 -0.000477184 0.00843643 0.999965 -0.0158105 0.149808 0.00195113
FixedParameters: 0 0 0

#Transform 185
Transform: AffineTransform_float_3_3
Parameters: 0.999999 0.00136322 0.000384769 -0.00135979 0.999965 -0.00824853 -0.00039523 0.00824847 0.999966 -0.0195638 0.110687 0.00535072
FixedParameters: 0 0 0

#Transform 186
Transform: AffineTransform_float_3_3
Parameters: 0.999999 0.00138221 0.000372279 -0.00137879 0.999963 -0.00848952 -0.000383719 0.00848948 0.999964 -0.0197462 0.127328 0.0146955
FixedParameters: 0 0 0

#Transform 187
Transform: AffineTransform_float_3_3
Parameters: 0.999999 0.00124763 0.000408064 -0.00124337 0.99996 -0.00877852 -0.00041893 0.00877749 0.999962 -0.0159172 0.130276 -0.0112389
FixedParameters: 0 0 0

#Transform 188
Transform: AffineTransform_float_3_3
Parameters: 1 0.00116868 0.00015806 -0.00116732 0.999947 -0.0102242 -0.000169943 0.0102238 0.999947 -0.0159154 0.120986 -0.0404383
FixedParameters: 0 0 0

#Transform 189
Transform: AffineTransform_float_3_3
Parameters: 0.999999 0.000746705 -0.000201698 -0.000748299 0.999932 -0.0116299 0.00019331 0.0116302 0.999933 0.00207485 0.0561264 -0.0227699
FixedParameters: 0 0 0

#Transform 190
Transform: AffineTransform_float_3_3
Parameters: 1 0.00117657 0.000152332 -0.00117543 0.99995 -0.00992318 -0.000163672 0.00992281 0.999951 -0.0160201 0.138704 -0.0238286
FixedParameters: 0 0 0

#Transform 191
Transform: AffineTransform_float_3_3
Parameters: 1 0.00101877 0.000282191 -0.00101623 0.999953 -0.0096413 -0.000291811 0.00964071 0.999954 -0.0144924 0.120867 -0.01155
FixedParameters: 0 0 0

#Transform 192
Transform: AffineTransform_float_3_3
Parameters: 1 0.00101727 0.000141167 -0.00101574 0.999961 -0.00868815 -0.00014983 0.00868785 0.999962 -0.0137798 0.106266 -0.0101025
FixedParameters: 0 0 0

#Transform 193
Transform: AffineTransform_float_3_3
Parameters: 0.999999 0.00072497 -0.000338564 -0.000728033 0.999959 -0.00903576 0.000332435 0.00903624 0.999959 -0.00742518 0.133875 -0.00352287
FixedParameters: 0 0 0

#Transform 194
Transform: AffineTransform_float_3_3
Parameters: 1 0.000580237 -0.000336806 -0.000583764 0.999965 -0.0082628 0.000332188 0.00826219 0.999966 -0.00556505 0.1467 0.0264304
FixedParameters: 0 0 0

#Transform 195
Transform: AffineTransform_float_3_3
Parameters: 0.999999 0.000803523 -0.000337951 -0.000806477 0.999973 -0.00739473 0.000332046 0.00739427 0.999972 -0.00842943 0.125751 0.0150047
FixedParameters: 0 0 0

#Transform 196
Transform: AffineTransform_float_3_3
Parameters: 0.999999 0.000874066 0.00026631 -0.000871936 0.999971 -0.00766223 -0.000272688 0.00766176 0.99997 -0.0163296 0.124207 -0.0145618
FixedParameters: 0 0 0

#Transform 197
Transform: AffineTransform_float_3_3
Parameters: 1 0.00106878 0.000104294 -0.00106822 0.999974 -0.00721312 -0.000111708 0.00721289 0.999974 -0.0175923 0.154533 -0.00869909
FixedParameters: 0 0 0

#Transform 198
Transform: AffineTransform_float_3_3
Parameters: 0.999999 0.00093258 -0.000338735 -0.00093542 0.999973 -0.00721268 0.000332262 0.00721231 0.999974 -0.0101494 0.115331 -0.00771197
FixedParameters: 0 0 0

#Transform 199
Transform: AffineTransform_float_3_3
Parameters: 0.999999 0.00087111 -0.000208074 -0.000872888 0.999957 -0.00925882 0.000199926 0.00925918 0.999957 -0.00774374 0.0992234 -0.00897113
FixedParameters: 0 0 0

#Transform 200
Transform: AffineTransform_float_3_3
Parameters: 0.999999 0.000842665 -0.000154469 -0.000844331 0.999961 -0.00885687 0.000146527 0.00885713 0.999961 -0.00995483 0.156953 -0.00389214
FixedParameters: 0 0 0

#Transform 201
Transform: AffineTransform_float_3_3
Parameters: 0.999999 0.000815261 -8.99721e-05 -0.000815739 0.999963 -0.00854793 8.30301e-05 0.00854808 0.999964 -0.00981127 0.139245 -0.00976334
FixedParameters: 0 0 0

#Transform 202
Transform: AffineTransform_float_3_3
Parameters: 0.999999 0.000879574 -5.52504e-05 -0.000880431 0.999965 -0.00824095 4.8746e-05 0.00824104 0.999966 -0.0108801 0.119875 -0.0066106
FixedParameters: 0 0 0

#Transform 203
Transform: AffineTransform_float_3_3
Parameters: 0.999999 0.000835112 0.000115208 -0.00083389 0.999956 -0.0093361 -0.000122791 0.00933591 0.999957 -0.0111491 0.0999217 -0.010879
FixedParameters: 0 0 0

#Transform 204
Transform: AffineTransform_float_3_3
Parameters: 0.999999 0.000775907 -1.33764e-05 -0.000776088 0.999954 -0.00950599 5.62275e-06 0.009506 0.999955 -0.00972055 0.150496 -0.0257781
FixedParameters: 0 0 0

#Transform 205
Transform: AffineTransform_float_3_3
Parameters: 1 0.000886273 0.000132769 -0.000885726 0.999957 -0.00929412 -0.000141238 0.00929388 0.999957 -0.0120528 0.129055 -0.0282151
FixedParameters: 0 0 0

#Transform 206
Transform: AffineTransform_float_3_3
Parameters: 0.999999 0.000919217 1.95927e-05 -0.000918778 0.999957 -0.00914702 -2.84052e-05 0.00914698 0.999958 -0.0117465 0.130404 -0.022355
FixedParameters: 0 0 0

#Transform 207
Transform: AffineTransform_float_3_3
Parameters: 0.999999 0.00093978 8.58402e-05 -0.000939217 0.999962 -0.00868609 -9.41615e-05 0.00868592 0.999963 -0.0124007 0.119878 0.00178316
FixedParameters: 0 0 0

#Transform 208
Transform: AffineTransform_float_3_3
Parameters: 0.999999 0.000884943 -1.02118e-05 -0.000885054 0.999956 -0.00927899 1.78765e-06 0.009279 0.999957 -0.00902081 0.135962 -0.0180637
FixedParameters: 0 0 0

#Transform 209
Transform: AffineTransform_float_3_3
Parameters: 1 0.000594754 -0.000143273 -0.000595243 0.99996 -0.00885591 0.000137734 0.00885608 0.999961 -0.00657943 0.132949 -0.0106864
FixedParameters: 0 0 0

#Transform 210
Transform: AffineTransform_float_3_3
Parameters: 0.999999 0.000734806 0.000187041 -0.000733193 0.999955 -0.00948214 -0.000193961 0.00948186 0.999955 -0.00495538 0.0907985 0.00209177
FixedParameters: 0 0 0

#Transform 211
Transform: AffineTransform_float_3_3
Parameters: 0.999999 0.000694522 0.00052406 -0.000690478 0.999963 -0.00858037 -0.000529944 0.00857964 0.999963 -0.0052727 0.131387 -0.00403154
FixedParameters: 0 0 0

#Transform 212
Transform: AffineTransform_float_3_3
Parameters: 0.999999 0.000760027 0.000520736 -0.000755969 0.999953 -0.00958839 -0.000528272 0.0095876 0.999954 -0.012271 0.143958 -0.0082336
FixedParameters: 0 0 0

#Transform 213
Transform: AffineTransform_float_3_3
Parameters: 1 0.000758709 0.00064636 -0.000753296 0.999961 -0.00878549 -0.000652644 0.00878551 0.999961 -0.0128923 0.133665 -0.00800642
FixedParameters: 0 0 0

#Transform 214
Transform: AffineTransform_float_3_3
Parameters: 0.999999 0.000666511 0.000725067 -0.000659488 0.99996 -0.00894448 -0.000730927 0.00894351 0.999959 -0.00634475 0.143285 -0.0195913
FixedParameters: 0 0 0

#Transform 215
Transform: AffineTransform_float_3_3
Parameters: 1 0.000700353 0.000585658 -0.000695654 0.999959 -0.00909041 -0.000591348 0.00908959 0.999958 -0.00295478 0.0874953 -0.0303961
FixedParameters: 0 0 0

#Transform 216
Transform: AffineTransform_float_3_3
Parameters: 0.999999 0.000570231 0.000543564 -0.000564774 0.999954 -0.00957631 -0.000548433 0.00957569 0.999954 -0.00239845 0.149531 -0.0204882
FixedParameters: 0 0 0

#Transform 217
Transform: AffineTransform_float_3_3
Parameters: 1 0.000780557 0.000775456 -0.000773448 0.999965 -0.00841961 -0.00078154 0.0084184 0.999965 -0.0137758 0.148789 -0.000839615
FixedParameters: 0 0 0

#Transform 218
Transform: AffineTransform_float_3_3
Parameters: 1 0.000866992 0.000543686 -0.000863007 0.999973 -0.00729947 -0.000550315 0.00729953 0.999973 -0.0138001 0.142964 0.0227401
FixedParameters: 0 0 0

#Transform 219
Transform: AffineTransform_float_3_3
Parameters: 0.999999 0.000777658 0.000516535 -0.000774345 0.999975 -0.0070444 -0.000521468 0.0070446 0.999975 -0.0124073 0.13278 0.0398704
FixedParameters: 0 0 0

#Transform 220
Transform: AffineTransform_float_3_3
Parameters: 0.999999 0.000864264 0.000425431 -0.000860738 0.99997 -0.00761437 -0.000431567 0.00761463 0.999971 -0.0130149 0.167614 0.029966
FixedParameters: 0 0 0

#Transform 221
Transform: AffineTransform_float_3_3
Parameters: 0.999999 0.0008 0.0004956 -0.000796004 0.999967 -0.00801939 -0.0005014 0.0080196 0.999967 -0.0124698 0.156249 0.0125818
FixedParameters: 0 0 0

#Transform 222
Transform: AffineTransform_float_3_3
Parameters: 0.999999 0.000917559 0.00043863 -0.000913437 0.999967 -0.0080474 -0.000446365 0.00804759 0.999967 -0.00909738 0.13755 0.0154783
FixedParameters: 0 0 0

#Transform 223
Transform: AffineTransform_float_3_3
Parameters: 0.999999 0.00074584 0.000468946 -0.000742158 0.999966 -0.00813735 -0.000475054 0.00813664 0.999967 -0.0117405 0.147091 0.0189803
FixedParameters: 0 0 0

#Transform 224
Transform: AffineTransform_float_3_3
Parameters: 0.999999 0.000828975 0.000354115 -0.000826017 0.999965 -0.0083203 -0.000361885 0.00831971 0.999966 -0.012241 0.127171 0.0244093
FixedParameters: 0 0 0

#Transform 225
Transform: AffineTransform_float_3_3
Parameters: 0.999999 0.000650727 0.00052924 -0.000645275 0.999961 -0.00888335 -0.000534754 0.00888366 0.999961 -0.0106927 0.154381 0.0137774
FixedParameters: 0 0 0

#Transform 226
Transform: AffineTransform_float_3_3
Parameters: 0.999999 0.00066263 0.000543403 -0.000658373 0.999964 -0.00847636 -0.0005486 0.00847664 0.999964 -0.00319089 0.150823 0.00465913
FixedParameters: 0 0 0

#Transform 227
Transform: AffineTransform_float_3_3
Parameters: 0.999999 0.000403711 0.000644457 -0.000397292 0.999961 -0.00883826 -0.000647536 0.00883774 0.99996 -0.00101662 0.119149 0.00563334
FixedParameters: 0 0 0

#Transform 228
Transform: AffineTransform_float_3_3
Parameters: 0.999999 0.000627777 0.000578861 -0.000622221 0.999966 -0.00821736 -0.000584132 0.00821664 0.999966 -0.00463364 0.130312 0.0240405
FixedParameters: 0 0 0

#Transform 229
Transform: AffineTransform_float_3_3
Parameters: 0.999999 0.000620427 0.000579241 -0.000615566 0.999957 -0.00932337 -0.000585764 0.00932265 0.999957 -0.0106591 0.143269 -0.00249479
FixedParameters: 0 0 0

#Transform 230
Transform: AffineTransform_float_3_3
Parameters: 0.999999 0.000624792 0.000607095 -0.000619208 0.999954 -0.00949437 -0.000612907 0.00949462 0.999954 -0.00300539 0.136976 0.00870861
FixedParameters: 0 0 0

#Transform 231
Transform: AffineTransform_float_3_3
Parameters: 1 0.000495046 0.000364568 -0.000491949 0.999939 -0.0110172 -0.000370442 0.0110168 0.999939 0.00551927 0.129942 -0.00648395
FixedParameters: 0 0 0

#Transform 232
Transform: AffineTransform_float_3_3
Parameters: 0.999999 0.00048768 0.000603664 -0.000480316 0.999939 -0.0110173 -0.000609328 0.0110167 0.999939 0.000742715 0.115617 -0.00501706
FixedParameters: 0 0 0

#Transform 233
Transform: AffineTransform_float_3_3
Parameters: 0.999999 0.000362162 0.000661597 -0.000353833 0.999925 -0.0122962 -0.000666401 0.0122958 0.999924 0.00184202 0.156117 -0.0150235
FixedParameters: 0 0 0

#Transform 234
Transform: AffineTransform_float_3_3
Parameters: 1 0.000321497 0.00059803 -0.000314503 0.999922 -0.0124942 -0.000601976 0.0124938 0.999922 -0.00663395 0.141 -0.0329139
FixedParameters: 0 0 0

#Transform 235
Transform: AffineTransform_float_3_3
Parameters: 1 0.000361317 0.000579501 -0.000353676 0.999921 -0.0125782 -0.000584494 0.0125778 0.99992 0.00264744 0.149808 -0.0406392
FixedParameters: 0 0 0

#Transform 236
Transform: AffineTransform_float_3_3
Parameters: 1 0.000359794 0.000506937 -0.000354205 0.999935 -0.0113832 -0.000511065 0.0113828 0.999935 0.00734539 0.117504 -0.0224253
FixedParameters: 0 0 0

#Transform 237
Transform: AffineTransform_float_3_3
Parameters: 1 0.000296502 0.000610412 -0.00028949 0.999925 -0.0122542 -0.000614593 0.0122538 0.999924 0.00153598 0.109403 -0.0329061
FixedParameters: 0 0 0

#Transform 238
Transform: AffineTransform_float_3_3
Parameters: 0.999998 0.000423359 0.00182365 -0.000394636 0.99988 -0.0155228 -0.00183035 0.0155223 0.999878 0.0108934 0.0866834 -0.0419698
FixedParameters: 0 0 0

#Transform 239
Transform: AffineTransform_float_3_3
Parameters: 0.999999 0.000331843 0.00133522 -0.000312161 0.99989 -0.0148334 -0.00133978 0.0148336 0.999889 0.0129698 0.201722 -0.05819
FixedParameters: 0 0 0

#Transform 240
Transform: AffineTransform_float_3_3
Parameters: 0.999999 0.000162733 0.00140475 -0.000141263 0.999891 -0.0147472 -0.00140724 0.0147468 0.999891 0.0140944 0.136876 -0.0698139
FixedParameters: 0 0 0

#Transform 241
Transform: AffineTransform_float_3_3
Parameters: 0.999999 0.000163851 0.0013858 -0.000144145 0.999897 -0.0143132 -0.0013882 0.0143128 0.999896 0.0109124 0.134237 -0.0883627
FixedParameters: 0 0 0

#Transform 242
Transform: AffineTransform_float_3_3
Parameters: 1 0.000334089 0.00110727 -0.000317914 0.999895 -0.0144994 -0.00111173 0.0144986 0.999895 0.0147562 0.100218 -0.0782684
FixedParameters: 0 0 0

#Transform 243
Transform: AffineTransform_float_3_3
Parameters: 1 0.000256975 0.00115356 -0.000241033 0.999905 -0.0138273 -0.00115644 0.0138267 0.999903 0.0131131 0.154052 -0.050201
FixedParameters: 0 0 0

#Transform 244
Transform: AffineTransform_float_3_3
Parameters: 1 0.000226085 0.00120209 -0.000210916 0.99991 -0.0133643 -0.00120493 0.0133637 0.99991 0.00839461 0.151771 -0.0399703
FixedParameters: 0 0 0

#Transform 245
Transform: AffineTransform_float_3_3
Parameters: 0.999999 0.000142727 0.00100127 -0.000130277 0.99992 -0.0126991 -0.00100273 0.0126989 0.999919 0.014549 0.0868127 -0.0271975
FixedParameters: 0 0 0

#Transform 246
Transform: AffineTransform_float_3_3
Parameters: 1 0.000360352 0.00104081 -0.000347645 0.99993 -0.0118444 -0.00104519 0.0118436 0.99993 0.00285749 0.176553 -0.0276836
FixedParameters: 0 0 0

#Transform 247
Transform: AffineTransform_float_3_3
Parameters: 1 7.89584e-05 0.00112311 -6.5044e-05 0.999923 -0.0124221 -0.0011239 0.0124229 0.999922 0.0142721 0.106083 -0.0322157
FixedParameters: 0 0 0

#Transform 248
Transform: AffineTransform_float_3_3
Parameters: 1 7.22169e-05 0.00107125 -5.97859e-05 0.999935 -0.0114001 -0.00107175 0.0113999 0.999935 0.00755396 0.134417 -0.00491281
FixedParameters: 0 0 0

#Transform 249
Transform: AffineTransform_float_3_3
Parameters: 1 0.000183899 0.00110478 -0.000170098 0.999921 -0.0125682 -0.00110723 0.0125678 0.999921 0.0122574 0.149771 -0.0596987
FixedParameters: 0 0 0

#Transform 250
Transform: AffineTransform_float_3_3
Parameters: 1 7.25123e-05 0.00106417 -5.94898e-05 0.99992 -0.0126921 -0.00106484 0.0126919 0.999919 0.0175905 0.1159 -0.0544143
FixedParameters: 0 0 0

#Transform 251
Transform: AffineTransform_float_3_3
Parameters: 1 0.000360224 0.000971555 -0.000347783 0.999921 -0.0125533 -0.000975443 0.0125527 0.99992 0.0104236 0.111049 -0.0363818
FixedParameters: 0 0 0

#Transform 252
Transform: AffineTransform_float_3_3
Parameters: 1 0.000363042 0.00113329 -0.000347948 0.999912 -0.0132454 -0.00113871 0.0132446 0.999911 0.0137893 0.152404 -0.0353811
FixedParameters: 0 0 0

#Transform 253
Transform: AffineTransform_float_3_3
Parameters: 0.999999 2.89283e-05 0.000925723 -1.80684e-05 0.999931 -0.011803 -0.000926277 0.011803 0.99993 0.00948323 0.139725 -0.00111935
FixedParameters: 0 0 0

#Transform 254
Transform: AffineTransform_float_3_3
Parameters: 1 0.000134259 0.00109846 -0.000120734 0.999927 -0.0120621 -0.00110054 0.0120619 0.999926 0.0112236 0.145346 -0.0140197
FixedParameters: 0 0 0

#Transform 255
Transform: AffineTransform_float_3_3
Parameters: 0.999999 0.000148951 0.00124219 -0.000133052 0.999917 -0.0128312 -0.00124381 0.0128308 0.999917 0.00803043 0.121696 -0.0287851
FixedParameters: 0 0 0

#Transform 256
Transform: AffineTransform_float_3_3
Parameters: 0.999999 0.00014357 0.00128245 -0.000129435 0.999935 -0.0113542 -0.00128355 0.0113538 0.999934 0.00542218 0.135152 0.0151611
FixedParameters: 0 0 0

#Transform 257
Transform: AffineTransform_float_3_3
Parameters: 0.999999 -1.97497e-05 0.00138635 3.62459e-05 0.999922 -0.012444 -0.00138566 0.012444 0.999921 0.00652926 0.141189 -0.0202265
FixedParameters: 0 0 0

#Transform 258
Transform: AffineTransform_float_3_3
Parameters: 0.999999 9.88733e-06 0.00152799 7.88747e-06 0.999932 -0.011706 -0.00152801 0.011706 0.999931 0.00837947 0.13498 -0.0146801
FixedParameters: 0 0 0

#Transform 259
Transform: AffineTransform_float_3_3
Parameters: 0.999999 -4.89638e-06 0.00142616 2.21017e-05 0.999928 -0.011993 -0.00142584 0.011993 0.999927 0.0118305 0.131525 -0.0128704
FixedParameters: 0 0 0

#Transform 260
Transform: AffineTransform_float_3_3
Parameters: 0.999999 0.000168897 0.00156007 -0.000150105 0.999926 -0.0121042 -0.00156193 0.0121047 0.999925 0.00600364 0.132389 -0.0294108
FixedParameters: 0 0 0

#Transform 261
Transform: AffineTransform_float_3_3
Parameters: 0.999999 0.000364299 0.00140788 -0.000347699 0.999933 -0.0115605 -0.00141211 0.0115595 0.999932 0.00491983 0.135317 -0.0112376
FixedParameters: 0 0 0

#Transform 262
Transform: AffineTransform_float_3_3
Parameters: 0.999999 0.000216418 0.00135748 -0.000200589 0.999927 -0.0120823 -0.00135952 0.0120827 0.999926 0.00685387 0.122108 -0.0323244
FixedParameters: 0 0 0

#Transform 263
Transform: AffineTransform_float_3_3
Parameters: 0.999999 0.000175103 0.0015011 -0.0001579 0.999935 -0.0113853 -0.0015029 0.0113858 0.999934 0.00639997 0.128497 -0.00817902
FixedParameters: 0 0 0

#Transform 264
Transform: AffineTransform_float_3_3
Parameters: 0.999999 0.000108702 0.00138979 -9.22953e-05 0.999928 -0.0120121 -0.00139121 0.0120119 0.999927 0.00839059 0.131701 -0.0139803
FixedParameters: 0 0 0

#Transform 265
Transform: AffineTransform_float_3_3
Parameters: 0.999998 -6.21051e-05 0.0015879 8.18958e-05 0.999921 -0.0125319 -0.0015871 0.0125321 0.99992 0.0100771 0.188919 -0.0423315
FixedParameters: 0 0 0

#Transform 266
Transform: AffineTransform_float_3_3
Parameters: 0.999999 -5.56327e-05 0.00140979 7.33574e-05 0.999924 -0.0123219 -0.0014082 0.0123221 0.999923 0.0156892 0.149765 -0.0519578
FixedParameters: 0 0 0

#Transform 267
Transform: AffineTransform_float_3_3
Parameters: 0.999999 -5.69868e-05 0.00140474 7.3016e-05 0.999935 -0.0114019 -0.00140426 0.0114021 0.999934 0.0126165 0.126887 -0.023652
FixedParameters: 0 0 0

#Transform 268
Transform: AffineTransform_float_3_3
Parameters: 0.999999 -5.61321e-05 0.00146075 7.28708e-05 0.999934 -0.0115499 -0.00146026 0.0115501 0.999932 0.010436 0.144198 -0.0198321
FixedParameters: 0 0 0

#Transform 269
Transform: AffineTransform_float_3_3
Parameters: 0.999999 -5.71635e-05 0.00142972 7.28283e-05 0.999938 -0.0110789 -0.00142828 0.0110791 0.999937 0.00894588 0.160066 -0.00729055
FixedParameters: 0 0 0

#Transform 270
Transform: AffineTransform_float_3_3
Parameters: 0.999999 -5.69047e-05 0.00142973 7.30868e-05 0.999936 -0.0112599 -0.00142827 0.0112601 0.999935 0.0123837 0.142435 -0.0062448
FixedParameters: 0 0 0

#Transform 271
Transform: AffineTransform_float_3_3
Parameters: 1 0.000150041 0.00104661 -0.000139956 0.999954 -0.00958715 -0.00104839 0.00958684 0.999953 0.00732608 0.137038 0.0416665
FixedParameters: 0 0 0

#Transform 272
Transform: AffineTransform_float_3_3
Parameters: 0.999999 -5.88639e-05 0.00135369 7.31393e-05 0.999946 -0.0104449 -0.00135331 0.0104451 0.999944 0.00753816 0.138165 0.0232074
FixedParameters: 0 0 0

#Transform 273
Transform: AffineTransform_float_3_3
Parameters: 0.999999 9.65219e-06 0.00134498 6.65239e-06 0.999933 -0.011637 -0.00134501 0.011637 0.999932 0.00798164 0.171037 -0.0234451
FixedParameters: 0 0 0

#Transform 274
Transform: AffineTransform_float_3_3
Parameters: 0.999999 -5.83026e-05 0.00124378 7.36999e-05 0.99993 -0.0118199 -0.00124322 0.0118201 0.99993 0.015161 0.145381 -0.00594932
FixedParameters: 0 0 0

#Transform 275
Transform: AffineTransform_float_3_3
Parameters: 0.999999 -5.6789e-05 0.00139076 7.32137e-05 0.999932 -0.0116589 -0.00139024 0.0116591 0.999931 0.00908099 0.144672 -0.0131574
FixedParameters: 0 0 0

#Transform 276
Transform: AffineTransform_float_3_3
Parameters: 0.999999 -5.62998e-05 0.00143875 7.37028e-05 0.999932 -0.0116099 -0.00143824 0.0116101 0.999931 0.00850046 0.14106 0.00489941
FixedParameters: 0 0 0

#Transform 277
Transform: AffineTransform_float_3_3
Parameters: 0.999999 -0.000218361 0.001415 0.00023764 0.999913 -0.0131867 -0.00141199 0.0131863 0.999912 0.0228343 0.18667 0.0219201
FixedParameters: 0 0 0

#Transform 278
Transform: AffineTransform_float_3_3
Parameters: 0.999999 -0.000345109 0.00123455 0.000360883 0.999917 -0.0128946 -0.00122945 0.0128954 0.999916 0.0200355 0.171458 0.0166714
FixedParameters: 0 0 0

#Transform 279
Transform: AffineTransform_float_3_3
Parameters: 0.999999 -0.000524197 0.00143799 0.000542804 0.999914 -0.0131072 -0.00143101 0.0131078 0.999913 0.0209193 0.151877 -0.000973768
FixedParameters: 0 0 0

#Transform 280
Transform: AffineTransform_float_3_3
Parameters: 0.999999 -0.000924399 0.00105903 0.0009376 0.999916 -0.012914 -0.00104698 0.012916 0.999916 0.0292193 0.135438 0.00208653
FixedParameters: 0 0 0

#Transform 281
Transform: AffineTransform_float_3_3
Parameters: 0.999999 -0.000382314 0.00120078 0.000397676 0.999925 -0.0122535 -0.00119522 0.0122545 0.999924 0.0165262 0.139847 -0.00204111
FixedParameters: 0 0 0

#Transform 282
Transform: AffineTransform_float_3_3
Parameters: 0.999999 -7.9255e-05 0.00127807 9.4744e-05 0.999924 -0.0123239 -0.00127693 0.0123241 0.999923 0.0099309 0.161223 -0.0191873
FixedParameters: 0 0 0

#Transform 283
Transform: AffineTransform_float_3_3
Parameters: 0.999999 -0.000254177 0.0012234 0.000269819 0.999916 -0.0129517 -0.00121961 0.0129513 0.999916 0.0143431 0.159145 -0.0246479
FixedParameters: 0 0 0

#Transform 284
Transform: AffineTransform_float_3_3
Parameters: 1 -0.000429851 0.000940125 0.000442148 0.999902 -0.0140316 -0.000933888 0.0140324 0.999901 0.0210061 0.120894 0.00384501
FixedParameters: 0 0 0

#Transform 285
Transform: AffineTransform_float_3_3
Parameters: 0.999999 -0.000340833 0.000866296 0.000353177 0.999883 -0.0152437 -0.000861716 0.0152443 0.999884 0.0154397 0.147235 0.0770067
FixedParameters: 0 0 0

#Transform 286
Transform: AffineTransform_float_3_3
Parameters: 0.999999 -0.000182995 0.000905725 0.000196008 0.999896 -0.0143788 -0.000903275 0.0143792 0.999896 0.0135586 0.189006 0.0374088
FixedParameters: 0 0 0

#Transform 287
Transform: AffineTransform_float_3_3
Parameters: 0.999999 -0.000185625 0.000756621 0.000195381 0.999905 -0.0137359 -0.000754388 0.0137351 0.999906 0.0128373 0.171016 0.0609649
FixedParameters: 0 0 0

#Transform 288
Transform: AffineTransform_float_3_3
Parameters: 1 -0.000189111 0.00052752 0.000195895 0.999915 -0.0130889 -0.000525481 0.0130891 0.999914 0.0142517 0.172867 0.0593502
FixedParameters: 0 0 0

#Transform 289
Transform: AffineTransform_float_3_3
Parameters: 1 0.000190792 0.00112945 -0.0001752 0.999902 -0.0139662 -0.00113256 0.0139658 0.999902 0.0116603 0.177297 0.028457
FixedParameters: 0 0 0

#Transform 290
Transform: AffineTransform_float_3_3
Parameters: 0.999999 -5.04466e-05 0.000999775 6.35563e-05 0.999908 -0.0135609 -0.000999229 0.0135611 0.999907 0.0118894 0.173947 0.0229294
FixedParameters: 0 0 0

#Transform 291
Transform: AffineTransform_float_3_3
Parameters: 0.999999 -0.000182909 0.000966568 0.000196083 0.999908 -0.0135608 -0.000963429 0.0135612 0.999907 0.0122921 0.159203 0.0191632
FixedParameters: 0 0 0

#Transform 292
Transform: AffineTransform_float_3_3
Parameters: 0.999999 -0.000182986 0.000975531 0.000196007 0.999911 -0.0133568 -0.000972469 0.0133572 0.999911 0.0126689 0.145188 0.00392888
FixedParameters: 0 0 0

#Transform 293
Transform: AffineTransform_float_3_3
Parameters: 1 -0.000181777 0.0010336 0.000195229 0.999905 -0.0137778 -0.00103141 0.0137772 0.999904 0.0121156 0.130245 -0.0045431
FixedParameters: 0 0 0

#Transform 294
Transform: AffineTransform_float_3_3
Parameters: 1 -0.000179213 0.0010869 0.000195789 0.999881 -0.0154648 -0.0010841 0.0154652 0.99988 0.0174645 0.170893 0.0358629
FixedParameters: 0 0 0

#Transform 295
Transform: AffineTransform_float_3_3
Parameters: 0.999999 -0.000176482 0.0013467 0.000195522 0.999895 -0.0145067 -0.0013443 0.0145072 0.999894 0.0135293 0.150448 0.00497945
FixedParameters: 0 0 0

#Transform 296
Transform: AffineTransform_float_3_3
Parameters: 0.999999 -0.000177106 0.00140252 0.000195887 0.999909 -0.0134827 -0.00139949 0.0134833 0.999908 0.0119089 0.140093 0.00692024
FixedParameters: 0 0 0

#Transform 297
Transform: AffineTransform_float_3_3
Parameters: 0.999999 -0.000179773 0.00131632 0.000195223 0.999924 -0.0123378 -0.00131369 0.0123382 0.999923 0.0107742 0.13768 0.0452725
FixedParameters: 0 0 0

#Transform 298
Transform: AffineTransform_float_3_3
Parameters: 1 -0.000352991 0.00116534 0.000367006 0.999928 -0.0120436 -0.00116066 0.0120434 0.999927 0.00946496 0.173466 -0.00665883
FixedParameters: 0 0 0
