#Insight Transform File V1.0
#Transform 0
Transform: AffineTransform_float_3_3
Parameters: 1 3.6549e-08 9.3e-05 3.6549e-08 1 -0.000393 -9.3e-05 0.000393 1 -0.000912554 -0.0350789 -0.0594685
FixedParameters: 0 0 0

#Transform 1
Transform: AffineTransform_float_3_3
Parameters: 1 0.000173 -6.2626e-08 -0.000173 1 -0.000362 -6.2626e-08 0.000362 1 -0.0112436 -0.0353495 -0.0616673
FixedParameters: 0 0 0

#Transform 2
Transform: AffineTransform_float_3_3
Parameters: 1 0 0 0 1 -0.000362 0 0.000362 1 -0.000825 -0.0353798 -0.0685503
FixedParameters: 0 0 0

#Transform 3
Transform: AffineTransform_float_3_3
Parameters: 1 0 0 0 1 -0.000256 0 0.000256 1 -0.007712 -0.0364407 -0.0631108
FixedParameters: 0 0 0

#Transform 4
Transform: AffineTransform_float_3_3
Parameters: 1 0 0 0 1 -0.000362 0 0.000362 1 0.002855 -0.0383157 -0.0715734
FixedParameters: 0 0 0

#Transform 5
Transform: AffineTransform_float_3_3
Parameters: 1 -0.00013 1.521e-08 0.00013 1 -0.000117 1.521e-08 0.000117 1 0.000593042 -0.0296105 -0.0577698
FixedParameters: 0 0 0

#Transform 6
Transform: AffineTransform_float_3_3
Parameters: 1 0 0 0 1 -0.000209 0 0.000209 1 -0.000564 -0.0368865 -0.055082
FixedParameters: 0 0 0

#Transform 7
Transform: AffineTransform_float_3_3
Parameters: 1 0 0 0 1 0.00023 0 -0.00023 1 -0.000564 -0.00660377 -0.0223706
FixedParameters: 0 0 0

#Transform 8
Transform: AffineTransform_float_3_3
Parameters: 1 0 0 0 1 8.4e-05 0 -8.4e-05 1 -0.007948 -0.0327643 -0.033478
FixedParameters: 0 0 0

#Transform 9
Transform: AffineTransform_float_3_3
Parameters: 1 0 0 0 1 0.00044 0 -0.00044 1 -0.012973 -0.0278742 0.00130469
FixedParameters: 0 0 0

#Transform 10
Transform: AffineTransform_float_3_3
Parameters: 1 0.000129969 6.30641e-05 -0.000130031 1 0.000492992 -6.2936e-05 -0.000492008 1 -0.00377019 -0.0285171 -0.022735
FixedParameters: 0 0 0

#Transform 11
Transform: AffineTransform_float_3_3
Parameters: 1 -3.0566e-08 6.2e-05 -3.0566e-08 1 0.000493 -6.2e-05 -0.000493 1 -0.00987154 -0.0182668 0.00229815
FixedParameters: 0 0 0

#Transform 12
Transform: AffineTransform_float_3_3
Parameters: 1 0 0 0 1 0.000357 0 -0.000357 1 -0.000564 -0.0190598 -0.0315568
FixedParameters: 0 0 0

#Transform 13
Transform: AffineTransform_float_3_3
Parameters: 1 0 0 0 1 0.000493 0 -0.000493 1 -0.006669 -0.0250332 -0.0167247
FixedParameters: 0 0 0

#Transform 14
Transform: AffineTransform_float_3_3
Parameters: 1 0.000172 4.5236e-08 -0.000172 1 0.000263 4.5236e-08 -0.000263 1 -0.00395339 -0.0237741 -0.0379297
FixedParameters: 0 0 0

#Transform 15
Transform: AffineTransform_float_3_3
Parameters: 1 0 0 0 1 0.000493 0 -0.000493 1 -0.000564 -0.0304971 -0.0267651
FixedParameters: 0 0 0

#Transform 16
Transform: AffineTransform_float_3_3
Parameters: 1 0.000164 9.594e-08 -0.000164 1 0.000585 9.594e-08 -0.000585 1 -0.0160345 -0.0242603 -0.0249189
FixedParameters: 0 0 0

#Transform 17
Transform: AffineTransform_float_3_3
Parameters: 1 0.0002 7.88e-08 -0.0002 1 0.000394 7.88e-08 -0.000394 1 -0.00787663 -0.0163084 -0.0286431
FixedParameters: 0 0 0

#Transform 18
Transform: AffineTransform_float_3_3
Parameters: 1 0.000245969 0.000225034 -0.000246031 1 0.000138945 -0.000224966 -0.000139055 1 -0.0134969 0.00199952 0.00312462
FixedParameters: 0 0 0

#Transform 19
Transform: AffineTransform_float_3_3
Parameters: 1 -4.8664e-08 0.000316 -4.8664e-08 1 0.000154 -0.000316 -0.000154 1 -0.00267512 -0.0120834 0.0136865
FixedParameters: 0 0 0

#Transform 20
Transform: AffineTransform_float_3_3
Parameters: 1 8.1e-05 1.539e-08 -8.1e-05 1 0.00019 1.539e-08 -0.00019 1 -0.000338162 -0.00735907 0.0040916
FixedParameters: 0 0 0

#Transform 21
Transform: AffineTransform_float_3_3
Parameters: 1 6.45e-09 0.00015 6.45e-09 1 -4.3e-05 -0.00015 4.3e-05 1 -0.00171591 -0.00509757 -0.000466144
FixedParameters: 0 0 0

#Transform 22
Transform: AffineTransform_float_3_3
Parameters: 1 8.8e-05 -1.496e-09 -8.8e-05 1 -1.7e-05 -1.496e-09 1.7e-05 1 -0.00334763 0.00514875 -4.59919e-06
FixedParameters: 0 0 0

#Transform 23
Transform: AffineTransform_float_3_3
Parameters: 1 0.000136 1.088e-09 -0.000136 1 8e-06 1.088e-09 -8e-06 1 -0.0082731 -0.00446844 0.000544771
FixedParameters: 0 0 0

#Transform 24
Transform: AffineTransform_float_3_3
Parameters: 1 0.000126 1.2852e-08 -0.000126 1 0.000102 1.2852e-08 -0.000102 1 -0.0100088 0.00399448 0.00778471
FixedParameters: 0 0 0

#Transform 25
Transform: AffineTransform_float_3_3
Parameters: 1 0 0 0 1 -6.7e-05 0 6.7e-05 1 -0.004439 -0.0131974 -0.000926414
FixedParameters: 0 0 0

#Transform 26
Transform: AffineTransform_float_3_3
Parameters: 1 0.000170973 0.000157029 -0.000171027 1 0.000168973 -0.000156971 -0.000169027 1 -0.018377 0.00335079 0.00367878
FixedParameters: 0 0 0

#Transform 27
Transform: AffineTransform_float_3_3
Parameters: 1 0 0 0 1 -6e-06 0 6e-06 1 -0.010502 -0.00901997 0.000211645
FixedParameters: 0 0 0

#Transform 28
Transform: AffineTransform_float_3_3
Parameters: 1 0.000101 2.4947e-08 -0.000101 1 0.000247 2.4947e-08 -0.000247 1 -0.0147844 -0.0050947 -0.000442176
FixedParameters: 0 0 0

#Transform 29
Transform: AffineTransform_float_3_3
Parameters: 1 0 0 0 1 -0.000104 0 0.000104 1 -0.008604 -0.0216506 0.00529319
FixedParameters: 0 0 0

#Transform 30
Transform: AffineTransform_float_3_3
Parameters: 1 2.47e-08 -0.0001 2.47e-08 1 0.000247 0.0001 -0.000247 1 -0.0116622 0.00554909 0.0147629
FixedParameters: 0 0 0

#Transform 31
Transform: AffineTransform_float_3_3
Parameters: 1 -5e-05 -7.95e-09 5e-05 1 0.000159 -7.95e-09 -0.000159 1 -0.0123941 -0.00155693 0.000854729
FixedParameters: 0 0 0

#Transform 32
Transform: AffineTransform_float_3_3
Parameters: 1 1.6796e-08 -6.8e-05 1.6796e-08 1 0.000247 6.8e-05 -0.000247 1 -0.0129485 0.00877785 0.0178386
FixedParameters: 0 0 0

#Transform 33
Transform: AffineTransform_float_3_3
Parameters: 1 0.000146 1.825e-08 -0.000146 1 0.000125 1.825e-08 -0.000125 1 -0.0222342 0.00988668 0.00279987
FixedParameters: 0 0 0

#Transform 34
Transform: AffineTransform_float_3_3
Parameters: 1 0.000217017 -6.89464e-05 -0.000216983 1 0.000247015 6.90536e-05 -0.000246985 1 -0.0218664 0.00878681 0.0160026
FixedParameters: 0 0 0

#Transform 35
Transform: AffineTransform_float_3_3
Parameters: 1 -0.000120971 -0.000154023 0.000121029 1 0.000189981 0.000153977 -0.000190019 1 -0.0105514 0.00566923 0.0228348
FixedParameters: 0 0 0

#Transform 36
Transform: AffineTransform_float_3_3
Parameters: 1 2.8405e-08 -0.000115 2.8405e-08 1 0.000247 0.000115 -0.000247 1 -0.0133235 0.00639612 0.00273164
FixedParameters: 0 0 0

#Transform 37
Transform: AffineTransform_float_3_3
Parameters: 1 6.50183e-05 -7.39839e-05 -6.49817e-05 1 0.000247005 7.4016e-05 -0.000246995 1 -0.0149769 -0.00230715 0.0188918
FixedParameters: 0 0 0

#Transform 38
Transform: AffineTransform_float_3_3
Parameters: 1 0 0 0 1 9.6e-05 0 -9.6e-05 1 -0.014447 0.0040148 -0.00685257
FixedParameters: 0 0 0

#Transform 39
Transform: AffineTransform_float_3_3
Parameters: 1 2.7621e-08 -0.000341 2.7621e-08 1 8.1e-05 0.000341 -8.1e-05 1 -0.0111345 -0.00566119 0.00951232
FixedParameters: 0 0 0

#Transform 40
Transform: AffineTransform_float_3_3
Parameters: 1 -2.6404e-08 -8.2e-05 -2.6404e-08 1 -0.000322 8.2e-05 0.000322 1 -0.0136502 -0.00248905 -0.00767099
FixedParameters: 0 0 0

#Transform 41
Transform: AffineTransform_float_3_3
Parameters: 1 5.8e-05 -1.0904e-08 -5.8e-05 1 -0.000188 -1.0904e-08 0.000188 1 -0.0156041 -0.00840934 0.00920365
FixedParameters: 0 0 0

#Transform 42
Transform: AffineTransform_float_3_3
Parameters: 1 0 0 0 1 -0.000495 0 0.000495 1 -0.005129 -0.0201833 -0.0129693
FixedParameters: 0 0 0

#Transform 43
Transform: AffineTransform_float_3_3
Parameters: 1 0.000169 -8.3317e-08 -0.000169 1 -0.000493 -8.3317e-08 0.000493 1 -0.0149764 -0.0105186 -0.0091281
FixedParameters: 0 0 0

#Transform 44
Transform: AffineTransform_float_3_3
Parameters: 1 0 0 0 1 -0.000393 0 0.000393 1 -0.012826 -0.0143515 -0.00449287
FixedParameters: 0 0 0

#Transform 45
Transform: AffineTransform_float_3_3
Parameters: 1 0.000118966 -8.70468e-05 -0.000119034 1 -0.00039299 8.69532e-05 0.00039301 1 -0.0121192 -0.00354876 -0.0121068
FixedParameters: 0 0 0

#Transform 46
Transform: AffineTransform_float_3_3
Parameters: 1 0 0 0 1 -0.000239 0 0.000239 1 -0.011254 -0.0163282 0.00560527
FixedParameters: 0 0 0

#Transform 47
Transform: AffineTransform_float_3_3
Parameters: 1 0 0 0 1 -0.000393 0 0.000393 1 -0.011151 -0.00874668 -0.0117267
FixedParameters: 0 0 0

#Transform 48
Transform: AffineTransform_float_3_3
Parameters: 1 0 0 0 1 -0.000393 0 0.000393 1 -0.010599 -0.0144876 0.000768078
FixedParameters: 0 0 0

#Transform 49
Transform: AffineTransform_float_3_3
Parameters: 1 6.7e-05 -2.6331e-08 -6.7e-05 1 -0.000393 -2.6331e-08 0.000393 1 -0.0106655 0.00096439 -0.00366685
FixedParameters: 0 0 0

#Transform 50
Transform: AffineTransform_float_3_3
Parameters: 1 0 0 0 1 -0.000393 0 0.000393 1 -0.016196 -0.0213714 0.0104294
FixedParameters: 0 0 0

#Transform 51
Transform: AffineTransform_float_3_3
Parameters: 1 0 0 0 1 -0.000393 0 0.000393 1 -0.015676 -0.0100137 -0.00141916
FixedParameters: 0 0 0

#Transform 52
Transform: AffineTransform_float_3_3
Parameters: 1 0 0 0 1 -0.000157 0 0.000157 1 -0.021102 -0.0122859 0.018597
FixedParameters: 0 0 0

#Transform 53
Transform: AffineTransform_float_3_3
Parameters: 1 0.000205 -3.075e-08 -0.000205 1 -0.00015 -3.075e-08 0.00015 1 -0.0220342 -0.00372979 -0.00501309
FixedParameters: 0 0 0

#Transform 54
Transform: AffineTransform_float_3_3
Parameters: 1 7.7e-05 -1.5015e-08 -7.7e-05 1 -0.000195 -1.5015e-08 0.000195 1 -0.0108355 -0.0100063 0.0106848
FixedParameters: 0 0 0

#Transform 55
Transform: AffineTransform_float_3_3
Parameters: 1 6.5e-05 -2.093e-08 -6.5e-05 1 -0.000322 -2.093e-08 0.000322 1 -0.0106121 0.000475222 -0.00401268
FixedParameters: 0 0 0

#Transform 56
Transform: AffineTransform_float_3_3
Parameters: 1 0 0 0 1 -0.000177 0 0.000177 1 -0.018019 -0.00744773 0.0182203
FixedParameters: 0 0 0

#Transform 57
Transform: AffineTransform_float_3_3
Parameters: 1 0 0 0 1 -0.000152 0 0.000152 1 -0.009359 0.00773351 0.0110462
FixedParameters: 0 0 0

#Transform 58
Transform: AffineTransform_float_3_3
Parameters: 1 -0.000321 5.778e-09 0.000321 1 -1.8e-05 5.778e-09 1.8e-05 1 -0.0156249 0.0233891 0.0394655
FixedParameters: 0 0 0

#Transform 59
Transform: AffineTransform_float_3_3
Parameters: 1 9.04906e-06 0.000206998 -8.95094e-06 1 -0.000237002 -0.000207002 0.000236998 1 -0.0115441 -0.000246265 0.00266179
FixedParameters: 0 0 0

#Transform 60
Transform: AffineTransform_float_3_3
Parameters: 1 -0.000163979 5.40644e-05 0.000164021 1 -0.000392991 -5.39355e-05 0.000393009 1 -0.0159829 -0.0107203 0.020025
FixedParameters: 0 0 0

#Transform 61
Transform: AffineTransform_float_3_3
Parameters: 1 -0.000152 4.8944e-08 0.000152 1 -0.000322 4.8944e-08 0.000322 1 -0.0121256 0.0035103 0.0075483
FixedParameters: 0 0 0

#Transform 62
Transform: AffineTransform_float_3_3
Parameters: 1 -0.000462038 0.000260932 0.000461961 1 0.000147121 -0.000261068 -0.000146879 1 -0.0236937 0.0161754 0.0519831
FixedParameters: 0 0 0

#Transform 63
Transform: AffineTransform_float_3_3
Parameters: 1 2.59917e-05 0.000320001 -2.60083e-05 1 2.59917e-05 -0.000319999 -2.60083e-05 1 -0.0197942 0.00719746 0.0199237
FixedParameters: 0 0 0

#Transform 64
Transform: AffineTransform_float_3_3
Parameters: 1 -0.000109035 0.000282986 0.000108965 1 0.000125031 -0.000283014 -0.000124969 1 -0.0175468 0.0201577 0.0371684
FixedParameters: 0 0 0

#Transform 65
Transform: AffineTransform_float_3_3
Parameters: 1 8.69892e-05 0.000413002 -8.70107e-05 1 2.59641e-05 -0.000412998 -2.60359e-05 1 -0.0264151 0.00964185 0.0339896
FixedParameters: 0 0 0

#Transform 66
Transform: AffineTransform_float_3_3
Parameters: 1 2.69959e-05 0.000159001 -2.70041e-05 1 2.59957e-05 -0.000158999 -2.60043e-05 1 -0.0290878 0.0333388 0.047255
FixedParameters: 0 0 0

#Transform 67
Transform: AffineTransform_float_3_3
Parameters: 1 -0.000256009 0.000347993 0.000255991 1 2.60891e-05 -0.000348007 -2.59109e-05 1 -0.0192519 0.0220867 0.0637193
FixedParameters: 0 0 0

#Transform 68
Transform: AffineTransform_float_3_3
Parameters: 1 2.59579e-05 0.000258004 -2.60421e-05 1 0.000162993 -0.000257996 -0.000163007 1 -0.0228344 0.023731 0.0156707
FixedParameters: 0 0 0

#Transform 69
Transform: AffineTransform_float_3_3
Parameters: 1 0.000286991 0.000351007 -0.000287009 1 2.58993e-05 -0.000350992 -2.61007e-05 1 -0.0360089 0.0309673 0.0425172
FixedParameters: 0 0 0

#Transform 70
Transform: AffineTransform_float_3_3
Parameters: 1 0.000172995 0.000197004 -0.000173005 1 2.59659e-05 -0.000196995 -2.60341e-05 1 -0.0322591 0.0129859 -0.0046043
FixedParameters: 0 0 0

#Transform 71
Transform: AffineTransform_float_3_3
Parameters: 1 1.95764e-06 0.000120001 -2.04236e-06 1 0.000353 -0.000119999 -0.000353 1 -0.0216974 0.00762303 0.0227812
FixedParameters: 0 0 0

#Transform 72
Transform: AffineTransform_float_3_3
Parameters: 1 6.39958e-05 0.000161002 -6.40042e-05 1 2.59897e-05 -0.000160998 -2.60103e-05 1 -0.0203829 0.0145313 0.00478788
FixedParameters: 0 0 0

#Transform 73
Transform: AffineTransform_float_3_3
Parameters: 1 8.39347e-05 0.000226024 -8.40653e-05 1 0.000288981 -0.000225976 -0.000289019 1 -0.0266544 0.0107607 0.0214647
FixedParameters: 0 0 0

#Transform 74
Transform: AffineTransform_float_3_3
Parameters: 1 0.000107959 0.000191023 -0.000108041 1 0.000215979 -0.000190977 -0.000216021 1 -0.0173841 0.0128476 -0.00077085
FixedParameters: 0 0 0

#Transform 75
Transform: AffineTransform_float_3_3
Parameters: 1 0.000224989 3.60659e-05 -0.000225011 1 0.000292992 -3.59341e-05 -0.000293008 1 -0.0221237 -0.00565907 0.0161107
FixedParameters: 0 0 0

#Transform 76
Transform: AffineTransform_float_3_3
Parameters: 1 0.00034394 0.00013715 -0.00034406 1 0.000435953 -0.00013685 -0.000436047 1 -0.0230741 -0.00633358 0.0242017
FixedParameters: 0 0 0

#Transform 77
Transform: AffineTransform_float_3_3
Parameters: 1 0.000385954 0.000160111 -0.000386046 1 0.000287938 -0.000159889 -0.000288062 1 -0.0265498 -0.00768217 0.0213619
FixedParameters: 0 0 0

#Transform 78
Transform: AffineTransform_float_3_3
Parameters: 1 0.000403942 0.000129182 -0.000404058 1 0.000450948 -0.000128818 -0.000451052 1 -0.0259346 -0.00647716 0.0225262
FixedParameters: 0 0 0

#Transform 79
Transform: AffineTransform_float_3_3
Parameters: 1 0.000308944 0.000125139 -0.000309057 1 0.000450961 -0.000125861 -0.000451039 1 -0.0251141 -0.00802723 0.0155226
FixedParameters: 0 0 0

#Transform 80
Transform: AffineTransform_float_3_3
Parameters: 1 0.000354038 -0.000105871 -0.000353962 1 0.000363037 0.000105128 -0.000362963 1 -0.0224579 0.00372112 -0.00314499
FixedParameters: 0 0 0

#Transform 81
Transform: AffineTransform_float_3_3
Parameters: 1 0.000316966 9.21173e-05 -0.000317034 1 0.000369971 -9.28827e-05 -0.000370029 1 -0.0237858 -0.0185107 0.00736273
FixedParameters: 0 0 0

#Transform 82
Transform: AffineTransform_float_3_3
Parameters: 1 0.00043295 0.000110195 -0.000433049 1 0.000450952 -0.000109805 -0.000451047 1 -0.0293069 0.00465373 0.00839884
FixedParameters: 0 0 0

#Transform 83
Transform: AffineTransform_float_3_3
Parameters: 1 0.000470918 0.000111347 -0.000471081 0.999999 0.000735947 -0.000110653 -0.000736052 0.999999 -0.0319109 -0.00955146 0.0256635
FixedParameters: 0 0 0

#Transform 84
Transform: AffineTransform_float_3_3
Parameters: 1 0.000455922 0.000108328 -0.000456077 0.999999 0.00071995 -0.000107672 -0.000720049 0.999999 -0.0310785 0.0120398 0.023532
FixedParameters: 0 0 0

#Transform 85
Transform: AffineTransform_float_3_3
Parameters: 1 0.000375947 6.43105e-05 -0.000376053 0.999999 0.000825975 -6.36894e-05 -0.000826023 0.999999 -0.0325278 -0.00960335 0.0211785
FixedParameters: 0 0 0

#Transform 86
Transform: AffineTransform_float_3_3
Parameters: 1 0.000375998 2.3493e-06 -0.000376001 0.999999 0.000928998 -1.65069e-06 -0.000929 0.999999 -0.0295975 0.00362118 0.0203089
FixedParameters: 0 0 0

#Transform 87
Transform: AffineTransform_float_3_3
Parameters: 1 0.000376086 -0.000105695 -0.000375914 0.999999 0.000810039 0.000106304 -0.000809959 0.999999 -0.024885 0.00191689 0.0133971
FixedParameters: 0 0 0

#Transform 88
Transform: AffineTransform_float_3_3
Parameters: 1 0.000482031 -4.16346e-05 -0.000481969 0.999999 0.00075802 4.13653e-05 -0.00075798 0.999999 -0.028745 0.011722 0.0081397
FixedParameters: 0 0 0

#Transform 89
Transform: AffineTransform_float_3_3
Parameters: 1 0.000277062 -0.000102832 -0.000276937 1 0.000607028 0.000103168 -0.000606971 1 -0.0222174 0.00442603 0.0130704
FixedParameters: 0 0 0

#Transform 90
Transform: AffineTransform_float_3_3
Parameters: 1 0.000376144 -0.000167678 -0.000375856 0.999999 0.000857062 0.000168322 -0.000856936 0.999999 -0.029739 0.0108426 0.0207636
FixedParameters: 0 0 0

#Transform 91
Transform: AffineTransform_float_3_3
Parameters: 1 0.000597997 3.51248e-06 -0.000598003 1 0.000856998 -2.48751e-06 -0.000857002 0.999999 -0.0353283 0.00307513 0.0140715
FixedParameters: 0 0 0

#Transform 92
Transform: AffineTransform_float_3_3
Parameters: 1 0.000621045 -5.24677e-05 -0.000620955 1 0.000857033 5.25321e-05 -0.000856968 0.999999 -0.0291776 0.0126429 0.0175457
FixedParameters: 0 0 0

#Transform 93
Transform: AffineTransform_float_3_3
Parameters: 1 0.000609216 -0.000229427 -0.000609785 1 0.00094014 0.000229573 -0.00093986 0.999999 -0.0318848 0.00364623 0.0197469
FixedParameters: 0 0 0

#Transform 94
Transform: AffineTransform_float_3_3
Parameters: 0.999999 0.000771082 -9.53391e-05 -0.000770918 1 0.000857074 9.56606e-05 -0.000856926 0.999999 -0.0392573 0.0126245 0.0249731
FixedParameters: 0 0 0

#Transform 95
Transform: AffineTransform_float_3_3
Parameters: 1 0.000591045 -5.14935e-05 -0.000590956 1 0.000857031 5.15064e-05 -0.00085697 0.999999 -0.0309826 0.00718646 0.0115127
FixedParameters: 0 0 0

#Transform 96
Transform: AffineTransform_float_3_3
Parameters: 1 0.000376023 -2.16097e-05 -0.000375978 1 0.00103801 2.13903e-05 -0.00103799 1 -0.0291536 0.0108207 -0.00427991
FixedParameters: 0 0 0

#Transform 97
Transform: AffineTransform_float_3_3
Parameters: 1 0.00037635 -0.000277526 -0.00037565 0.999999 0.0012591 0.000278473 -0.0012589 0.999999 -0.0289719 0.00859417 0.0160141
FixedParameters: 0 0 0

#Transform 98
Transform: AffineTransform_float_3_3
Parameters: 1 0.000552068 -4.21084e-05 -0.000551931 0.999998 0.00161502 4.28914e-05 -0.00161498 0.999998 -0.0394805 0.0109702 0.0529687
FixedParameters: 0 0 0

#Transform 99
Transform: AffineTransform_float_3_3
Parameters: 1 0.000541227 -0.000134087 -0.000541773 0.999999 0.00168807 0.000134915 -0.00168793 0.999998 -0.028109 0.0228602 0.0543365
FixedParameters: 0 0 0

#Transform 100
Transform: AffineTransform_float_3_3
Parameters: 1 0.000376352 -0.000208365 -0.000375646 0.999998 0.00168808 0.000209634 -0.00168792 0.999998 -0.0245675 0.019703 0.0542599
FixedParameters: 0 0 0

#Transform 101
Transform: AffineTransform_float_3_3
Parameters: 1 0.000594187 -0.000109997 -0.000593814 0.999999 0.00168807 0.000111002 -0.00168793 0.999998 -0.0272673 0.010643 0.0265181
FixedParameters: 0 0 0

#Transform 102
Transform: AffineTransform_float_3_3
Parameters: 1 0.000376522 -0.000287317 -0.000376476 0.999999 0.00181611 0.000288684 -0.00181589 0.999999 -0.0225299 0.0153217 0.0406625
FixedParameters: 0 0 0

#Transform 103
Transform: AffineTransform_float_3_3
Parameters: 1 0.000483121 -7.11845e-05 -0.000482878 0.999999 0.00168803 7.28152e-05 -0.00168797 0.999998 -0.0270505 0.0146632 0.0315978
FixedParameters: 0 0 0

#Transform 104
Transform: AffineTransform_float_3_3
Parameters: 1 0.000375981 1.16347e-05 -0.000376018 0.999998 0.00168799 -1.03653e-05 -0.001688 0.999998 -0.0270761 0.00526874 0.0327965
FixedParameters: 0 0 0

#Transform 105
Transform: AffineTransform_float_3_3
Parameters: 1 0.000375815 0.000137506 -0.000376186 0.999999 0.00134695 -0.000137493 -0.00134705 0.999999 -0.0269442 0.0240088 0.0286929
FixedParameters: 0 0 0

#Transform 106
Transform: AffineTransform_float_3_3
Parameters: 1 0.000440928 4.17673e-05 -0.000441073 0.999999 0.00173998 -4.12326e-05 -0.00174002 0.999999 -0.0278186 0.0072681 0.0454206
FixedParameters: 0 0 0

#Transform 107
Transform: AffineTransform_float_3_3
Parameters: 1 0.000527633 0.000198976 -0.000528367 0.999998 0.0018489 -0.000198023 -0.00184911 0.999999 -0.0283521 0.0200183 0.0449772
FixedParameters: 0 0 0

#Transform 108
Transform: AffineTransform_float_3_3
Parameters: 1 0.00037573 0.000124816 -0.00037627 0.999997 0.00217095 -0.000124183 -0.00217105 0.999997 -0.0254943 0.0189961 0.0602202
FixedParameters: 0 0 0

#Transform 109
Transform: AffineTransform_float_3_3
Parameters: 1 0.000375802 8.78522e-05 -0.000376199 0.999998 0.00226697 -8.71474e-05 -0.00226703 0.999998 -0.026669 0.0200692 0.0463556
FixedParameters: 0 0 0

#Transform 110
Transform: AffineTransform_float_3_3
Parameters: 1 0.000375351 0.000286852 -0.000375647 0.999998 0.00226689 -0.000285149 -0.00226711 0.999998 -0.0262499 0.0111529 0.0513394
FixedParameters: 0 0 0

#Transform 111
Transform: AffineTransform_float_3_3
Parameters: 1 0.000375684 0.000139852 -0.000376317 0.999998 0.00226695 -0.000139147 -0.00226705 0.999998 -0.0293695 0.015059 0.0458536
FixedParameters: 0 0 0

#Transform 112
Transform: AffineTransform_float_3_3
Parameters: 1 0.000375485 0.000227852 -0.000376514 0.999998 0.00226692 -0.000226147 -0.00226709 0.999998 -0.033408 0.00180078 0.0658153
FixedParameters: 0 0 0

#Transform 113
Transform: AffineTransform_float_3_3
Parameters: 1 0.00037558 0.000185852 -0.000376421 0.999998 0.00226693 -0.000185147 -0.00226707 0.999998 -0.0329552 0.0376905 0.0379458
FixedParameters: 0 0 0

#Transform 114
Transform: AffineTransform_float_3_3
Parameters: 1 0.000375647 0.000146906 -0.000376353 0.999997 0.00241095 -0.000146093 -0.00241106 0.999997 -0.038089 0.0129322 0.0604089
FixedParameters: 0 0 0

#Transform 115
Transform: AffineTransform_float_3_3
Parameters: 1 0.000540645 0.000141365 -0.000540356 0.999996 0.00252392 -0.000140637 -0.00252408 0.999997 -0.0407436 0.0334823 0.0550804
FixedParameters: 0 0 0

#Transform 116
Transform: AffineTransform_float_3_3
Parameters: 1 0.000375405 0.000228978 -0.000376595 0.999996 0.00260391 -0.00022802 -0.00260408 0.999996 -0.0352211 0.025396 0.0667026
FixedParameters: 0 0 0

#Transform 117
Transform: AffineTransform_float_3_3
Parameters: 1 0.000205661 0.000119586 -0.000206338 0.999996 0.00284498 -0.000118413 -0.00284502 0.999996 -0.0282935 0.0195155 0.0475117
FixedParameters: 0 0 0

#Transform 118
Transform: AffineTransform_float_3_3
Parameters: 1 0.000375632 0.000146944 -0.000376368 0.999997 0.00251194 -0.000146055 -0.00251205 0.999997 -0.0313731 0.0154698 0.0530182
FixedParameters: 0 0 0

#Transform 119
Transform: AffineTransform_float_3_3
Parameters: 1 0.000375724 0.000105985 -0.000376277 0.999997 0.00262196 -0.000105014 -0.00262204 0.999996 -0.0311686 0.0326345 0.0545554
FixedParameters: 0 0 0

#Transform 120
Transform: AffineTransform_float_3_3
Parameters: 1 0.000375667 0.000130959 -0.000376333 0.999996 0.00255095 -0.000130041 -0.00255005 0.999996 -0.0336704 0.00770827 0.0511603
FixedParameters: 0 0 0

#Transform 121
Transform: AffineTransform_float_3_3
Parameters: 1 0.000375694 0.00011005 -0.000376306 0.999996 0.00279296 -0.000108949 -0.00279304 0.999996 -0.0326952 0.00931867 0.0516197
FixedParameters: 0 0 0

#Transform 122
Transform: AffineTransform_float_3_3
Parameters: 1 0.000375627 0.000143977 -0.000376373 0.999996 0.00259894 -0.000143022 -0.00259905 0.999996 -0.0287872 0.00556063 0.0553988
FixedParameters: 0 0 0

#Transform 123
Transform: AffineTransform_float_3_3
Parameters: 1 0.00037545 0.000211976 -0.00037655 0.999996 0.00259892 -0.000211022 -0.00259908 0.999996 -0.0251471 0.0328212 0.0541941
FixedParameters: 0 0 0

#Transform 124
Transform: AffineTransform_float_3_3
Parameters: 1 0.000375814 7.19769e-05 -0.000376186 0.999996 0.00259897 -7.10225e-05 -0.00259902 0.999996 -0.0276807 0.00644446 0.0377949
FixedParameters: 0 0 0

#Transform 125
Transform: AffineTransform_float_3_3
Parameters: 1 0.000375735 9.80201e-05 -0.000376265 0.999996 0.00271396 -9.69792e-05 -0.00271404 0.999997 -0.0276112 0.0317129 0.042585
FixedParameters: 0 0 0

#Transform 126
Transform: AffineTransform_float_3_3
Parameters: 1 0.000375796 7.89769e-05 -0.000376204 0.999996 0.00259897 -7.80225e-05 -0.00259903 0.999996 -0.0257375 0.0227462 0.0375652
FixedParameters: 0 0 0

#Transform 127
Transform: AffineTransform_float_3_3
Parameters: 1 0.000565646 0.000115745 -0.000566355 0.999995 0.00308394 -0.000114254 -0.00308407 0.999995 -0.0342104 0.0231671 0.068867
FixedParameters: 0 0 0

#Transform 128
Transform: AffineTransform_float_3_3
Parameters: 1 0.000616638 0.000130717 -0.000617359 0.999996 0.00278292 -0.000128282 -0.00278308 0.999996 -0.0316417 0.0310347 0.0482883
FixedParameters: 0 0 0

#Transform 129
Transform: AffineTransform_float_3_3
Parameters: 1 0.000532521 0.000160599 -0.000532481 0.999996 0.00300092 -0.000159403 -0.00300109 0.999996 -0.0345158 0.0289823 0.0673952
FixedParameters: 0 0 0

#Transform 130
Transform: AffineTransform_float_3_3
Parameters: 1 0.000533552 0.000155545 -0.000534449 0.999995 0.00289392 -0.000154454 -0.00289408 0.999996 -0.0318468 0.0169675 0.0423304
FixedParameters: 0 0 0

#Transform 131
Transform: AffineTransform_float_3_3
Parameters: 1 0.000375692 0.000103128 -0.000376308 0.999996 0.00300096 -0.000101871 -0.00300104 0.999996 -0.0309921 0.0290398 0.0696226
FixedParameters: 0 0 0

#Transform 132
Transform: AffineTransform_float_3_3
Parameters: 1 0.000375971 1.01283e-05 -0.000376028 0.999996 0.003001 -8.87158e-06 -0.00300101 0.999996 -0.0254628 0.028936 0.0453744
FixedParameters: 0 0 0

#Transform 133
Transform: AffineTransform_float_3_3
Parameters: 1 0.000375785 7.21281e-05 -0.000376215 0.999996 0.00300098 -7.08713e-05 -0.00300103 0.999996 -0.0332255 0.0290485 0.075569
FixedParameters: 0 0 0

#Transform 134
Transform: AffineTransform_float_3_3
Parameters: 1 0.000375773 7.61281e-05 -0.000376227 0.999996 0.00300097 -7.48713e-05 -0.00300103 0.999996 -0.0310849 0.0221442 0.0560891
FixedParameters: 0 0 0

#Transform 135
Transform: AffineTransform_float_3_3
Parameters: 1 0.000376085 -2.78715e-05 -0.000375914 0.999996 0.00300101 2.91283e-05 -0.00300099 0.999996 -0.0297994 0.0313383 0.0559177
FixedParameters: 0 0 0

#Transform 136
Transform: AffineTransform_float_3_3
Parameters: 1 0.000375959 1.41283e-05 -0.00037604 0.999996 0.003001 -1.28716e-05 -0.00300101 0.999996 -0.0290585 0.0281443 0.0510165
FixedParameters: 0 0 0

#Transform 137
Transform: AffineTransform_float_3_3
Parameters: 1 0.000435828 5.34193e-05 -0.00043617 0.999994 0.00325597 -5.15801e-05 -0.00325602 0.999994 -0.0360503 0.0263901 0.0710228
FixedParameters: 0 0 0

#Transform 138
Transform: AffineTransform_float_3_3
Parameters: 1 0.000521642 -0.000202352 -0.000521359 0.999995 0.00316211 0.000203649 -0.00316189 0.999995 -0.0312781 0.0158143 0.0565659
FixedParameters: 0 0 0

#Transform 139
Transform: AffineTransform_float_3_3
Parameters: 1 0.000561226 0.000227915 -0.000561774 0.999994 0.00340987 -0.000226086 -0.00341013 0.999994 -0.0417576 0.0200448 0.079563
FixedParameters: 0 0 0

#Transform 140
Transform: AffineTransform_float_3_3
Parameters: 0.999999 0.000733676 9.45478e-05 -0.000733325 0.999993 0.00347193 -9.24544e-05 -0.00347207 0.999994 -0.0372057 0.0287889 0.0673091
FixedParameters: 0 0 0

#Transform 141
Transform: AffineTransform_float_3_3
Parameters: 1 0.000180691 9.16131e-05 -0.000180311 0.999994 0.00338999 -9.13895e-05 -0.00338902 0.999995 -0.0248552 0.0297985 0.0807128
FixedParameters: 0 0 0

#Transform 142
Transform: AffineTransform_float_3_3
Parameters: 1 0.00055429 -8.51298e-05 -0.00055371 0.999994 0.00337505 8.68693e-05 -0.00337495 0.999995 -0.0372522 0.00177268 0.0698568
FixedParameters: 0 0 0

#Transform 143
Transform: AffineTransform_float_3_3
Parameters: 1 0.000526164 0.000239842 -0.000527836 0.999993 0.00349887 -0.000238154 -0.00349912 0.999994 -0.0447383 0.0276758 0.0901496
FixedParameters: 0 0 0

#Transform 144
Transform: AffineTransform_float_3_3
Parameters: 1 0.00055175 7.5841e-05 -0.000552251 0.999995 0.00333596 -7.4158e-05 -0.00333604 0.999994 -0.0430001 0.0385743 0.0818545
FixedParameters: 0 0 0

#Transform 145
Transform: AffineTransform_float_3_3
Parameters: 1 0.000578862 4.48236e-05 -0.000579139 0.999995 0.00314997 -4.31765e-05 -0.00314903 0.999995 -0.0438595 0.0466384 0.0809387
FixedParameters: 0 0 0

#Transform 146
Transform: AffineTransform_float_3_3
Parameters: 1 0.000561955 1.39394e-05 -0.000562041 0.999994 0.00345099 -1.10605e-05 -0.00345101 0.999994 -0.039265 0.0391547 0.0751112
FixedParameters: 0 0 0

#Transform 147
Transform: AffineTransform_float_3_3
Parameters: 1 0.000389298 0.000201362 -0.0003897 0.999994 0.00349592 -0.000199639 -0.00349608 0.999994 -0.0281141 0.0280982 0.0899627
FixedParameters: 0 0 0

#Transform 148
Transform: AffineTransform_float_3_3
Parameters: 1 0.000445089 -2.54926e-05 -0.000444913 0.999994 0.00338701 2.65071e-05 -0.00338699 0.999995 -0.032888 0.0248152 0.0802286
FixedParameters: 0 0 0

#Transform 149
Transform: AffineTransform_float_3_3
Parameters: 1 0.000396927 0.000320334 -0.000398072 0.999995 0.00335687 -0.000318666 -0.00335713 0.999995 -0.0282543 0.0273959 0.10365
FixedParameters: 0 0 0

#Transform 150
Transform: AffineTransform_float_3_3
Parameters: 1 0.000653347 0.000186304 -0.000653655 0.999993 0.00352488 -0.000184697 -0.00352512 0.999994 -0.0346989 0.0321341 0.0905164
FixedParameters: 0 0 0

#Transform 151
Transform: AffineTransform_float_3_3
Parameters: 0.999999 0.000580482 0.00041513 -0.000581517 0.999993 0.00366476 -0.000412871 -0.00366524 0.999993 -0.0416364 0.0416857 0.0961249
FixedParameters: 0 0 0

#Transform 152
Transform: AffineTransform_float_3_3
Parameters: 1 0.000643278 0.00020231 -0.000643725 0.999994 0.00358987 -0.00020069 -0.00359013 0.999993 -0.0344327 0.0388619 0.0918159
FixedParameters: 0 0 0

#Transform 153
Transform: AffineTransform_float_3_3
Parameters: 1 0.000500746 7.3745e-05 -0.000500255 0.999994 0.00348396 -7.22575e-05 -0.00348404 0.999994 -0.0476959 0.0433854 0.0896616
FixedParameters: 0 0 0

#Transform 154
Transform: AffineTransform_float_3_3
Parameters: 1 0.000504708 8.08427e-05 -0.000505292 0.999993 0.00364996 -7.91562e-05 -0.00365004 0.999994 -0.0305833 0.0311228 0.0767406
FixedParameters: 0 0 0

#Transform 155
Transform: AffineTransform_float_3_3
Parameters: 1 0.000429757 6.85432e-05 -0.000430245 0.999994 0.00358997 -6.74558e-05 -0.00359003 0.999993 -0.0335814 0.0424341 0.0917983
FixedParameters: 0 0 0

#Transform 156
Transform: AffineTransform_float_3_3
Parameters: 1 0.000475846 4.37085e-05 -0.000476151 0.999994 0.00358998 -4.12909e-05 -0.00359002 0.999993 -0.0305666 0.0307324 0.0764213
FixedParameters: 0 0 0

#Transform 157
Transform: AffineTransform_float_3_3
Parameters: 1 0.000435441 0.000414643 -0.000436556 0.999993 0.00376582 -0.000412359 -0.00376618 0.999993 -0.0356298 0.0406837 0.0952074
FixedParameters: 0 0 0

#Transform 158
Transform: AffineTransform_float_3_3
Parameters: 1 0.000453552 0.000125629 -0.000454446 0.999994 0.00358994 -0.000123369 -0.00359006 0.999993 -0.0313622 0.0237761 0.0795992
FixedParameters: 0 0 0

#Transform 159
Transform: AffineTransform_float_3_3
Parameters: 1 0.000350204 0.000222259 -0.000351795 0.999993 0.00358992 -0.000220738 -0.00359007 0.999993 -0.0342974 0.0424122 0.09443
FixedParameters: 0 0 0

#Transform 160
Transform: AffineTransform_float_3_3
Parameters: 1 0.000573239 0.000213059 -0.000574761 0.999994 0.00358988 -0.000210938 -0.00359012 0.999994 -0.0317556 0.0380966 0.0917701
FixedParameters: 0 0 0

#Transform 161
Transform: AffineTransform_float_3_3
Parameters: 1 0.000483404 0.000414868 -0.000484597 0.999993 0.0038568 -0.000413134 -0.0038572 0.999993 -0.0350463 0.0203818 0.0972079
FixedParameters: 0 0 0

#Transform 162
Transform: AffineTransform_float_3_3
Parameters: 1 0.000431423 0.00016155 -0.000432575 0.999994 0.00358993 -0.000159448 -0.00359007 0.999993 -0.0313605 0.0293955 0.0878119
FixedParameters: 0 0 0

#Transform 163
Transform: AffineTransform_float_3_3
Parameters: 1 0.000503305 0.000185893 -0.000503695 0.999993 0.00375791 -0.000184108 -0.00375809 0.999993 -0.0362127 0.0254646 0.0951443
FixedParameters: 0 0 0

#Transform 164
Transform: AffineTransform_float_3_3
Parameters: 1 0.000528395 0.000415051 -0.000529605 0.999993 0.00387578 -0.00041295 -0.00387622 0.999993 -0.0377772 0.0396464 0.089406
FixedParameters: 0 0 0

#Transform 165
Transform: AffineTransform_float_3_3
Parameters: 1 0.000370362 0.000178331 -0.000370636 0.999993 0.00358993 -0.00017667 -0.00359006 0.999993 -0.0348088 0.0294497 0.0917953
FixedParameters: 0 0 0

#Transform 166
Transform: AffineTransform_float_3_3
Parameters: 1 0.00047964 9.97494e-05 -0.000480361 0.999993 0.00364595 -9.82493e-05 -0.00364605 0.999994 -0.034849 0.0256518 0.0781051
FixedParameters: 0 0 0

#Transform 167
Transform: AffineTransform_float_3_3
Parameters: 1 0.000461505 0.000135694 -0.000462496 0.999993 0.00366794 -0.000134304 -0.00366806 0.999994 -0.0350195 0.0416674 0.0933536
FixedParameters: 0 0 0

#Transform 168
Transform: AffineTransform_float_3_3
Parameters: 1 0.000571408 0.0004152 -0.000573592 0.999993 0.00384576 -0.000412797 -0.00384524 0.999992 -0.0348952 0.0469238 0.0759083
FixedParameters: 0 0 0

#Transform 169
Transform: AffineTransform_float_3_3
Parameters: 1 0.000454514 0.000414634 -0.000456483 0.999994 0.00358981 -0.000412364 -0.00359019 0.999993 -0.0258818 0.0315067 0.0917544
FixedParameters: 0 0 0

#Transform 170
Transform: AffineTransform_float_3_3
Parameters: 1 0.000551327 0.00041523 -0.000552672 0.999991 0.00403977 -0.00041277 -0.00404023 0.999992 -0.0355624 0.044417 0.0873489
FixedParameters: 0 0 0

#Transform 171
Transform: AffineTransform_float_3_3
Parameters: 1 0.000430576 0.000105739 -0.00043042 0.999992 0.00403695 -0.000103263 -0.00403704 0.999992 -0.0389723 0.0292737 0.10061
FixedParameters: 0 0 0

#Transform 172
Transform: AffineTransform_float_3_3
Parameters: 1 0.000456427 0.000142844 -0.000457569 0.999991 0.00403693 -0.000140154 -0.00403706 0.999992 -0.0376812 0.0485898 0.077864
FixedParameters: 0 0 0

#Transform 173
Transform: AffineTransform_float_3_3
Parameters: 1 0.00047612 0.000218924 -0.00047688 0.999991 0.00403689 -0.000217077 -0.0040371 0.999992 -0.0399378 0.0355151 0.0881156
FixedParameters: 0 0 0

#Transform 174
Transform: AffineTransform_float_3_3
Parameters: 1 0.000572736 6.53533e-05 -0.000573262 0.999992 0.00410796 -6.26455e-05 -0.00410804 0.999991 -0.0383748 0.0386998 0.0820144
FixedParameters: 0 0 0

#Transform 175
Transform: AffineTransform_float_3_3
Parameters: 1 0.000518891 2.8095e-05 -0.000519109 0.999991 0.00403698 -2.59046e-05 -0.00403701 0.999992 -0.0395977 0.0244045 0.100653
FixedParameters: 0 0 0

#Transform 176
Transform: AffineTransform_float_3_3
Parameters: 1 0.000611625 9.0569e-05 -0.000612372 0.999991 0.00419895 -8.74294e-05 -0.00419906 0.999991 -0.0378713 0.0378025 0.0841158
FixedParameters: 0 0 0

#Transform 177
Transform: AffineTransform_float_3_3
Parameters: 0.999999 0.000826849 0.000415298 -0.000827149 0.999996 0.00277766 -0.000412703 -0.00277834 0.999996 -0.047148 0.0226491 0.0435337
FixedParameters: 0 0 0

#Transform 178
Transform: AffineTransform_float_3_3
Parameters: 1 0.000729665 0.000684427 -0.000731335 0.999998 0.0019535 -0.000682573 -0.0019535 0.999998 -0.0436808 0.0484804 0.0503711
FixedParameters: 0 0 0

#Transform 179
Transform: AffineTransform_float_3_3
Parameters: 0.999999 0.000697269 0.000414233 -0.000698731 0.999998 0.00176771 -0.000412765 -0.00176829 0.999999 -0.0397559 0.0464499 0.0560942
FixedParameters: 0 0 0

#Transform 180
Transform: AffineTransform_float_3_3
Parameters: 0.999999 0.000862618 0.000200646 -0.000863381 0.999998 0.00190783 -0.000199353 -0.00190817 0.999998 -0.0499359 0.0612851 0.0635802
FixedParameters: 0 0 0

#Transform 181
Transform: AffineTransform_float_3_3
Parameters: 0.999999 0.000822601 0.000212549 -0.000822399 0.999998 0.00188283 -0.000211452 -0.00188317 0.999998 -0.0474078 0.0555362 0.0583038
FixedParameters: 0 0 0

#Transform 182
Transform: AffineTransform_float_3_3
Parameters: 0.999999 0.000915152 -6.17745e-05 -0.000914848 0.999996 0.00243206 6.3225e-05 -0.00243194 0.999997 -0.0415381 0.0519339 0.050487
FixedParameters: 0 0 0

#Transform 183
Transform: AffineTransform_float_3_3
Parameters: 1 0.000611169 0.000303678 -0.000612832 0.999996 0.00274382 -0.00030232 -0.00274319 0.999996 -0.0426295 0.0368172 0.0621082
FixedParameters: 0 0 0

#Transform 184
Transform: AffineTransform_float_3_3
Parameters: 1 0.000563203 0.000258741 -0.000563797 0.999995 0.00308886 -0.00025726 -0.00308915 0.999995 -0.0398508 0.0348651 0.0664717
FixedParameters: 0 0 0

#Transform 185
Transform: AffineTransform_float_3_3
Parameters: 1 0.000490697 0.000100493 -0.000491305 0.999996 0.00304195 -9.95059e-05 -0.00304205 0.999996 -0.0396925 0.0162232 0.0811094
FixedParameters: 0 0 0

#Transform 186
Transform: AffineTransform_float_3_3
Parameters: 1 0.000491686 -0.000199317 -0.000491312 0.999994 0.0034261 0.000201684 -0.0034259 0.999994 -0.0400498 0.0281681 0.0885358
FixedParameters: 0 0 0

#Transform 187
Transform: AffineTransform_float_3_3
Parameters: 1 0.000489681 0.000414562 -0.000491316 0.999995 0.0031858 -0.000412437 -0.0031862 0.999995 -0.0440761 0.0304127 0.0838896
FixedParameters: 0 0 0

#Transform 188
Transform: AffineTransform_float_3_3
Parameters: 1 0.000490247 0.000214728 -0.00049075 0.999993 0.00352189 -0.000212273 -0.0035221 0.999994 -0.0432112 0.0391922 0.0971741
FixedParameters: 0 0 0

#Transform 189
Transform: AffineTransform_float_3_3
Parameters: 1 0.000433345 0.000206382 -0.000433654 0.999995 0.00318591 -0.000204619 -0.00318609 0.999995 -0.0442217 0.0403086 0.0838887
FixedParameters: 0 0 0

#Transform 190
Transform: AffineTransform_float_3_3
Parameters: 1 0.000490071 0.00026274 -0.000490929 0.999993 0.00354687 -0.00026126 -0.00354713 0.999993 -0.0485855 0.0518598 0.0976668
FixedParameters: 0 0 0

#Transform 191
Transform: AffineTransform_float_3_3
Parameters: 1 0.000225312 0.000196791 -0.000225686 0.999994 0.00350495 -0.00019521 -0.00350504 0.999994 -0.0381434 0.0441311 0.083788
FixedParameters: 0 0 0

#Transform 192
Transform: AffineTransform_float_3_3
Parameters: 1 0.000226479 0.000413836 -0.000227522 0.999993 0.00367891 -0.000413166 -0.0036791 0.999993 -0.0386123 0.0421021 0.0936031
FixedParameters: 0 0 0

#Transform 193
Transform: AffineTransform_float_3_3
Parameters: 1 0.00030847 0.000414144 -0.00031053 0.999993 0.00369987 -0.000412854 -0.00370013 0.999993 -0.0402577 0.0266779 0.0882605
FixedParameters: 0 0 0

#Transform 194
Transform: AffineTransform_float_3_3
Parameters: 1 0.000203396 0.000413793 -0.000205601 0.999993 0.00388092 -0.000412205 -0.00388109 0.999993 -0.0484045 0.0487208 0.10208
FixedParameters: 0 0 0

#Transform 195
Transform: AffineTransform_float_3_3
Parameters: 1 0.000234449 0.000413882 -0.000235552 0.999993 0.0037519 -0.000413119 -0.0037521 0.999993 -0.0410911 0.0297367 0.0950563
FixedParameters: 0 0 0

#Transform 196
Transform: AffineTransform_float_3_3
Parameters: 1 0.000323661 0.000344264 -0.000324339 0.999993 0.00389789 -0.000342738 -0.00389811 0.999993 -0.049045 0.0376397 0.114623
FixedParameters: 0 0 0

#Transform 197
Transform: AffineTransform_float_3_3
Parameters: 1 0.000402421 0.000414539 -0.000404577 0.999992 0.00381683 -0.000412459 -0.00381616 0.999992 -0.0441398 0.0257776 0.100677
FixedParameters: 0 0 0

#Transform 198
Transform: AffineTransform_float_3_3
Parameters: 1 0.000318768 0.000346139 -0.000320232 0.999993 0.00356689 -0.00034486 -0.00356611 0.999994 -0.0451829 0.035191 0.0918787
FixedParameters: 0 0 0

#Transform 199
Transform: AffineTransform_float_3_3
Parameters: 1 0.00044642 0.000414707 -0.000447577 0.999992 0.00381681 -0.000412295 -0.00381618 0.999992 -0.0449526 0.0491213 0.0791618
FixedParameters: 0 0 0

#Transform 200
Transform: AffineTransform_float_3_3
Parameters: 1 0.000499303 0.00041505 -0.000501697 0.999992 0.00409879 -0.000412947 -0.00409921 0.999991 -0.0507194 0.0383845 0.0972111
FixedParameters: 0 0 0

#Transform 201
Transform: AffineTransform_float_3_3
Parameters: 1 0.000583237 0.000183442 -0.000583765 0.999991 0.00418489 -0.000181559 -0.00418511 0.999991 -0.0454567 0.0363519 0.07119
FixedParameters: 0 0 0

#Transform 202
Transform: AffineTransform_float_3_3
Parameters: 1 0.000577138 0.000195561 -0.000577863 0.99999 0.00443489 -0.000193439 -0.00443511 0.99999 -0.0486209 0.0440915 0.0941347
FixedParameters: 0 0 0

#Transform 203
Transform: AffineTransform_float_3_3
Parameters: 1 0.000582276 0.000164584 -0.000582726 0.99999 0.00443491 -0.000162417 -0.0044351 0.99999 -0.0432171 0.0501604 0.0866455
FixedParameters: 0 0 0

#Transform 204
Transform: AffineTransform_float_3_3
Parameters: 1 0.000522285 0.000162318 -0.000522713 0.99999 0.00443492 -0.000159683 -0.00443508 0.99999 -0.0479082 0.0475536 0.0934616
FixedParameters: 0 0 0

#Transform 205
Transform: AffineTransform_float_3_3
Parameters: 0.999999 0.000745901 0.00024931 -0.000747097 0.99999 0.00443482 -0.000245689 -0.00443518 0.99999 -0.0491129 0.0531493 0.0803102
FixedParameters: 0 0 0

#Transform 206
Transform: AffineTransform_float_3_3
Parameters: 1 0.000627974 0.000232787 -0.000629023 0.99999 0.00443486 -0.000229212 -0.00443515 0.99999 -0.046393 0.0438328 0.0934008
FixedParameters: 0 0 0

#Transform 207
Transform: AffineTransform_float_3_3
Parameters: 1 0.000654876 0.000254907 -0.000656124 0.99999 0.00443483 -0.000252092 -0.00443517 0.99999 -0.0483179 0.0468811 0.0795394
FixedParameters: 0 0 0

#Transform 208
Transform: AffineTransform_float_3_3
Parameters: 1 0.000603819 0.00026768 -0.000605182 0.99999 0.00443484 -0.000265319 -0.00443516 0.99999 -0.0498156 0.0416245 0.0834778
FixedParameters: 0 0 0

#Transform 209
Transform: AffineTransform_float_3_3
Parameters: 1 0.000598006 0.000228618 -0.000598996 0.999991 0.00437387 -0.000226383 -0.00437314 0.999991 -0.0436554 0.0371529 0.0846772
FixedParameters: 0 0 0

#Transform 210
Transform: AffineTransform_float_3_3
Parameters: 1 0.000610806 0.000257847 -0.000612194 0.999989 0.00465584 -0.000255152 -0.00465616 0.999989 -0.0439455 0.0461997 0.0977564
FixedParameters: 0 0 0

#Transform 211
Transform: AffineTransform_float_3_3
Parameters: 1 0.000487424 0.000335303 -0.000488579 0.999989 0.00471683 -0.000333699 -0.00471716 0.999989 -0.0453721 0.0417368 0.0989595
FixedParameters: 0 0 0

#Transform 212
Transform: AffineTransform_float_3_3
Parameters: 1 0.000517254 0.00016141 -0.000517744 0.999989 0.00465592 -0.000158591 -0.00465608 0.999989 -0.0462853 0.0584669 0.107803
FixedParameters: 0 0 0

#Transform 213
Transform: AffineTransform_float_3_3
Parameters: 1 0.000481126 0.000198136 -0.000481873 0.99999 0.00443491 -0.000195865 -0.0044351 0.99999 -0.0477139 0.0479139 0.0934634
FixedParameters: 0 0 0

#Transform 214
Transform: AffineTransform_float_3_3
Parameters: 1 0.000533112 0.000415433 -0.000534885 0.999989 0.00455677 -0.000412567 -0.00455622 0.999989 -0.043394 0.0506145 0.109316
FixedParameters: 0 0 0

#Transform 215
Transform: AffineTransform_float_3_3
Parameters: 1 0.000455268 0.000414909 -0.000457733 0.999991 0.00418481 -0.000413088 -0.00418519 0.999991 -0.0434905 0.0485566 0.0885638
FixedParameters: 0 0 0

#Transform 216
Transform: AffineTransform_float_3_3
Parameters: 1 0.000567643 0.000283731 -0.000569358 0.999989 0.00480584 -0.000281267 -0.00480616 0.999989 -0.0479135 0.0534231 0.113511
FixedParameters: 0 0 0

#Transform 217
Transform: AffineTransform_float_3_3
Parameters: 1 0.000583536 0.000325638 -0.000584466 0.999989 0.00451481 -0.000323365 -0.00451419 0.99999 -0.0473168 0.0495783 0.095051
FixedParameters: 0 0 0

#Transform 218
Transform: AffineTransform_float_3_3
Parameters: 1 0.000548924 0.000415755 -0.000551072 0.999988 0.00500878 -0.000412245 -0.00500923 0.999988 -0.0547171 0.0550092 0.104645
FixedParameters: 0 0 0

#Transform 219
Transform: AffineTransform_float_3_3
Parameters: 0.999999 0.000706445 0.000352136 -0.000708554 0.99999 0.00443475 -0.000348861 -0.00443525 0.99999 -0.0520894 0.0447599 0.0934709
FixedParameters: 0 0 0

#Transform 220
Transform: AffineTransform_float_3_3
Parameters: 0.999999 0.000658991 0.000416198 -0.000661008 0.999988 0.00484473 -0.000412802 -0.00484527 0.999988 -0.0560131 0.0461979 0.101491
FixedParameters: 0 0 0

#Transform 221
Transform: AffineTransform_float_3_3
Parameters: 1 0.000533019 0.000222366 -0.000533984 0.99999 0.00443488 -0.000220634 -0.00443512 0.99999 -0.0473678 0.0415059 0.0898454
FixedParameters: 0 0 0

#Transform 222
Transform: AffineTransform_float_3_3
Parameters: 1 0.000534029 0.000202578 -0.000534968 0.999988 0.0048229 -0.000199422 -0.00482311 0.999989 -0.0486352 0.0468685 0.101001
FixedParameters: 0 0 0

#Transform 223
Transform: AffineTransform_float_3_3
Parameters: 1 0.000523044 0.000204463 -0.000523954 0.999989 0.00470389 -0.000201537 -0.0047041 0.999989 -0.0371045 0.0344111 0.0886386
FixedParameters: 0 0 0

#Transform 224
Transform: AffineTransform_float_3_3
Parameters: 1 0.000554766 0.000268564 -0.000556231 0.999989 0.00461685 -0.000265435 -0.00461715 0.99999 -0.0432248 0.0356691 0.0970584
FixedParameters: 0 0 0

#Transform 225
Transform: AffineTransform_float_3_3
Parameters: 1 0.000630628 0.000284066 -0.000631372 0.999988 0.00485582 -0.000280938 -0.00485518 0.999988 -0.0471139 0.0448008 0.104174
FixedParameters: 0 0 0

#Transform 226
Transform: AffineTransform_float_3_3
Parameters: 1 0.000579035 0.000203763 -0.000579966 0.999989 0.00476788 -0.000201237 -0.00476812 0.999988 -0.0518174 0.0508998 0.127026
FixedParameters: 0 0 0

#Transform 227
Transform: AffineTransform_float_3_3
Parameters: 1 0.000493024 0.000221189 -0.000493975 0.99999 0.00443489 -0.000218811 -0.00443511 0.99999 -0.0504335 0.0506753 0.0882496
FixedParameters: 0 0 0

#Transform 228
Transform: AffineTransform_float_3_3
Parameters: 1 0.000518082 0.000191501 -0.000518915 0.999988 0.0048229 -0.000188499 -0.0048231 0.999989 -0.0524019 0.0399008 0.119301
FixedParameters: 0 0 0

#Transform 229
Transform: AffineTransform_float_3_3
Parameters: 1 0.000571644 0.000294646 -0.000572358 0.999989 0.00462283 -0.000292357 -0.00462317 0.99999 -0.0483455 0.0373156 0.0984079
FixedParameters: 0 0 0

#Transform 230
Transform: AffineTransform_float_3_3
Parameters: 0.999999 0.000626987 0.000416049 -0.000629012 0.999988 0.00485574 -0.000412951 -0.00485526 0.999988 -0.0535043 0.0454247 0.113064
FixedParameters: 0 0 0

#Transform 231
Transform: AffineTransform_float_3_3
Parameters: 0.999999 0.000603944 0.000415999 -0.000606055 0.999987 0.00495774 -0.000413 -0.00495825 0.999987 -0.0495077 0.0406122 0.095102
FixedParameters: 0 0 0

#Transform 232
Transform: AffineTransform_float_3_3
Parameters: 1 0.000496593 0.00028348 -0.00049841 0.999988 0.00498686 -0.000281518 -0.00498714 0.999987 -0.0517183 0.0369906 0.119724
FixedParameters: 0 0 0

#Transform 233
Transform: AffineTransform_float_3_3
Parameters: 0.999999 0.000617008 0.00041597 -0.000618992 0.999989 0.00480575 -0.00041303 -0.00480526 0.999989 -0.0511783 0.0533282 0.109152
FixedParameters: 0 0 0

#Transform 234
Transform: AffineTransform_float_3_3
Parameters: 0.999999 0.000616992 0.000415993 -0.000619008 0.999988 0.00484375 -0.000413006 -0.00484426 0.999988 -0.0526389 0.0493237 0.106481
FixedParameters: 0 0 0

#Transform 235
Transform: AffineTransform_float_3_3
Parameters: 0.999999 0.000690001 0.000416331 -0.000691997 0.999988 0.00482072 -0.000412669 -0.00482029 0.999989 -0.0508394 0.0400141 0.0947791
FixedParameters: 0 0 0

#Transform 236
Transform: AffineTransform_float_3_3
Parameters: 0.999999 0.00057898 0.000415826 -0.00058102 0.999988 0.00487276 -0.000413173 -0.00487324 0.999988 -0.0461632 0.0397445 0.106272
FixedParameters: 0 0 0

#Transform 237
Transform: AffineTransform_float_3_3
Parameters: 1 0.000296973 0.00041446 -0.000299025 0.999988 0.00489988 -0.00041254 -0.00490012 0.999988 -0.0328212 0.0499419 0.120855
FixedParameters: 0 0 0

#Transform 238
Transform: AffineTransform_float_3_3
Parameters: 1 0.000275004 0.000414331 -0.000276994 0.999989 0.00482389 -0.000412669 -0.00482412 0.999989 -0.0320764 0.0436506 0.122757
FixedParameters: 0 0 0

#Transform 239
Transform: AffineTransform_float_3_3
Parameters: 1 0.000362008 0.000414748 -0.000363989 0.999989 0.00481385 -0.000412253 -0.00481415 0.999989 -0.0408915 0.0550626 0.122398
FixedParameters: 0 0 0

#Transform 240
Transform: AffineTransform_float_3_3
Parameters: 1 0.00043894 0.000415189 -0.00044106 0.999988 0.00497582 -0.00041281 -0.00497618 0.999987 -0.0453126 0.0445464 0.12235
FixedParameters: 0 0 0

#Transform 241
Transform: AffineTransform_float_3_3
Parameters: 0.999999 0.000606867 0.000625057 -0.000610133 0.999987 0.00502462 -0.000621942 -0.00502438 0.999987 -0.0506058 0.0592408 0.11654
FixedParameters: 0 0 0

#Transform 242
Transform: AffineTransform_float_3_3
Parameters: 1 0.000525949 0.000409648 -0.000528054 0.999987 0.00502479 -0.000407352 -0.00502422 0.999988 -0.0493814 0.0378065 0.123427
FixedParameters: 0 0 0

#Transform 243
Transform: AffineTransform_float_3_3
Parameters: 1 0.000550002 0.000393806 -0.000551994 0.999987 0.00509178 -0.000390194 -0.00509221 0.999987 -0.0484553 0.0380414 0.124685
FixedParameters: 0 0 0

#Transform 244
Transform: AffineTransform_float_3_3
Parameters: 0.999999 0.000562044 0.000589832 -0.000564957 0.999987 0.00502467 -0.000587169 -0.00502433 0.999987 -0.0493057 0.0307775 0.128737
FixedParameters: 0 0 0

#Transform 245
Transform: AffineTransform_float_3_3
Parameters: 0.999999 0.00058298 0.000587014 -0.000586019 0.999986 0.00515665 -0.000583985 -0.00515734 0.999986 -0.0463403 0.0442086 0.125904
FixedParameters: 0 0 0

#Transform 246
Transform: AffineTransform_float_3_3
Parameters: 0.999999 0.000497441 0.000510506 -0.000499561 0.999988 0.00502475 -0.000508497 -0.00502426 0.999987 -0.0478885 0.0259819 0.115033
FixedParameters: 0 0 0

#Transform 247
Transform: AffineTransform_float_3_3
Parameters: 0.999999 0.000542471 0.000504732 -0.000545531 0.999987 0.00502473 -0.000502266 -0.00502428 0.999988 -0.0426413 0.0495788 0.118349
FixedParameters: 0 0 0

#Transform 248
Transform: AffineTransform_float_3_3
Parameters: 0.999999 0.000527536 0.000486685 -0.000529466 0.999987 0.00507774 -0.000484318 -0.00507726 0.999987 -0.0462891 0.0320261 0.124501
FixedParameters: 0 0 0

#Transform 249
Transform: AffineTransform_float_3_3
Parameters: 0.999999 0.000610495 0.000500074 -0.000613505 0.999987 0.0050247 -0.000496924 -0.00502431 0.999988 -0.0503922 0.0432413 0.126513
FixedParameters: 0 0 0

#Transform 250
Transform: AffineTransform_float_3_3
Parameters: 1 0.000511769 0.000475413 -0.000514234 0.999989 0.00470475 -0.000473586 -0.00470524 0.999989 -0.0449876 0.0413173 0.108131
FixedParameters: 0 0 0

#Transform 251
Transform: AffineTransform_float_3_3
Parameters: 1 0.00055086 0.000389047 -0.000553139 0.999984 0.00552078 -0.000385952 -0.00552021 0.999984 -0.0504601 0.039726 0.133162
FixedParameters: 0 0 0

#Transform 252
Transform: AffineTransform_float_3_3
Parameters: 0.999999 0.000616546 0.000483148 -0.000618453 0.999987 0.0050957 -0.000479854 -0.0050963 0.999987 -0.0484855 0.040658 0.117307
FixedParameters: 0 0 0

#Transform 253
Transform: AffineTransform_float_3_3
Parameters: 1 0.000528552 0.000437971 -0.000530448 0.999984 0.00560777 -0.000435032 -0.00560823 0.999984 -0.0539106 0.0408639 0.151265
FixedParameters: 0 0 0

#Transform 254
Transform: AffineTransform_float_3_3
Parameters: 0.999999 0.000582106 0.000550079 -0.000584893 0.999986 0.00527568 -0.000546921 -0.00527632 0.999986 -0.047561 0.0340389 0.128337
FixedParameters: 0 0 0

#Transform 255
Transform: AffineTransform_float_3_3
Parameters: 0.999999 0.000554756 0.000591061 -0.000558243 0.999984 0.00550167 -0.000587937 -0.00550232 0.999984 -0.0538189 0.0407911 0.137116
FixedParameters: 0 0 0

#Transform 256
Transform: AffineTransform_float_3_3
Parameters: 0.999999 0.000744423 0.000514747 -0.000746578 0.999987 0.00502462 -0.000511255 -0.00502438 0.999987 -0.0531767 0.0360943 0.106344
FixedParameters: 0 0 0

#Transform 257
Transform: AffineTransform_float_3_3
Parameters: 0.999999 0.000562595 0.000467906 -0.000565405 0.999986 0.00515473 -0.000465091 -0.00515526 0.999986 -0.0527989 0.0367426 0.120453
FixedParameters: 0 0 0

#Transform 258
Transform: AffineTransform_float_3_3
Parameters: 0.999999 0.000776553 0.000488908 -0.000778447 0.999987 0.00502462 -0.000485095 -0.00502438 0.999988 -0.0553562 0.0296608 0.105562
FixedParameters: 0 0 0

#Transform 259
Transform: AffineTransform_float_3_3
Parameters: 1 0.000503597 0.000479537 -0.000506406 0.999987 0.00502476 -0.000477462 -0.00502424 0.999988 -0.056333 0.021754 0.123571
FixedParameters: 0 0 0

#Transform 260
Transform: AffineTransform_float_3_3
Parameters: 0.999999 0.000685637 0.000456568 -0.000687365 0.999987 0.00519469 -0.000453435 -0.00519532 0.999987 -0.0533544 0.0443044 0.12673
FixedParameters: 0 0 0

#Transform 261
Transform: AffineTransform_float_3_3
Parameters: 0.999999 0.000652586 0.000442581 -0.000654411 0.999985 0.00547671 -0.000438423 -0.00547629 0.999985 -0.0575295 0.045186 0.140288
FixedParameters: 0 0 0

#Transform 262
Transform: AffineTransform_float_3_3
Parameters: 0.999999 0.00073273 0.000453688 -0.000735272 0.999987 0.00502467 -0.000450312 -0.00502433 0.999988 -0.0538604 0.0495797 0.117993
FixedParameters: 0 0 0

#Transform 263
Transform: AffineTransform_float_3_3
Parameters: 1 0.000590881 0.00038626 -0.000593117 0.999984 0.00550777 -0.000382739 -0.00550822 0.999985 -0.0564996 0.0321258 0.132909
FixedParameters: 0 0 0

#Transform 264
Transform: AffineTransform_float_3_3
Parameters: 0.999999 0.000639509 0.000514113 -0.00064149 0.999988 0.00485867 -0.000510889 -0.00485933 0.999988 -0.054726 0.0369911 0.108672
FixedParameters: 0 0 0

#Transform 265
Transform: AffineTransform_float_3_3
Parameters: 1 0.000577433 0.00029014 -0.000579566 0.999985 0.00543083 -0.000286857 -0.00543117 0.999985 -0.0555042 0.0312284 0.131399
FixedParameters: 0 0 0

#Transform 266
Transform: AffineTransform_float_3_3
Parameters: 0.999999 0.000652094 0.000558411 -0.000654908 0.999986 0.00521864 -0.000555589 -0.00521937 0.999986 -0.0558945 0.0474715 0.0956542
FixedParameters: 0 0 0

#Transform 267
Transform: AffineTransform_float_3_3
Parameters: 0.999999 0.000544473 0.000480877 -0.000547528 0.999986 0.00527174 -0.00047812 -0.00527126 0.999986 -0.0537614 0.0433402 0.11894
FixedParameters: 0 0 0

#Transform 268
Transform: AffineTransform_float_3_3
Parameters: 1 0.000450612 0.000440456 -0.000452385 0.999985 0.0054358 -0.000437547 -0.0054362 0.999985 -0.0477982 0.0509794 0.119672
FixedParameters: 0 0 0

#Transform 269
Transform: AffineTransform_float_3_3
Parameters: 1 0.000447379 0.00028952 -0.000448624 0.999984 0.00562287 -0.000287482 -0.00562313 0.999984 -0.0501274 0.0309399 0.130892
FixedParameters: 0 0 0

#Transform 270
Transform: AffineTransform_float_3_3
Parameters: 0.999999 0.000574604 0.000427242 -0.000577395 0.999984 0.00562976 -0.000423756 -0.00563025 0.999984 -0.0513627 0.0470742 0.13523
FixedParameters: 0 0 0

#Transform 271
Transform: AffineTransform_float_3_3
Parameters: 1 0.000496925 0.000368812 -0.000499076 0.999984 0.00564782 -0.000366187 -0.00564818 0.999984 -0.0515662 0.031017 0.135636
FixedParameters: 0 0 0

#Transform 272
Transform: AffineTransform_float_3_3
Parameters: 0.999999 0.00067209 0.000500927 -0.000674909 0.999983 0.00583066 -0.000497073 -0.00583133 0.999983 -0.0590059 0.0450719 0.128242
FixedParameters: 0 0 0

#Transform 273
Transform: AffineTransform_float_3_3
Parameters: 1 0.000540018 0.000352059 -0.000541981 0.999984 0.00565381 -0.000348941 -0.00565419 0.999984 -0.0481138 0.0303792 0.121613
FixedParameters: 0 0 0

#Transform 274
Transform: AffineTransform_float_3_3
Parameters: 1 0.000610912 0.000348683 -0.000613083 0.999981 0.00601878 -0.000344316 -0.00601921 0.999982 -0.0552136 0.0433271 0.13387
FixedParameters: 0 0 0

#Transform 275
Transform: AffineTransform_float_3_3
Parameters: 1 0.000490188 0.000325743 -0.000492813 0.999985 0.00558584 -0.000323252 -0.00558616 0.999985 -0.0510505 0.0357338 0.130863
FixedParameters: 0 0 0

#Transform 276
Transform: AffineTransform_float_3_3
Parameters: 0.999999 0.000563995 0.000514313 -0.000567002 0.999982 0.00585971 -0.000510686 -0.00586029 0.999982 -0.0574412 0.0448714 0.139701
FixedParameters: 0 0 0

#Transform 277
Transform: AffineTransform_float_3_3
Parameters: 0.999999 0.000610044 0.000517505 -0.000612953 0.999984 0.00573169 -0.000513495 -0.00573232 0.999984 -0.050479 0.0330864 0.115128
FixedParameters: 0 0 0

#Transform 278
Transform: AffineTransform_float_3_3
Parameters: 0.999999 0.000844764 0.000546037 -0.000848234 0.999982 0.00595154 -0.00054096 -0.00595246 0.999982 -0.0577852 0.0439812 0.141637
FixedParameters: 0 0 0

#Transform 279
Transform: AffineTransform_float_3_3
Parameters: 0.999999 0.000540971 0.000553974 -0.000544029 0.999985 0.0054817 -0.000551026 -0.0054813 0.999985 -0.0496975 0.0361156 0.119266
FixedParameters: 0 0 0

#Transform 280
Transform: AffineTransform_float_3_3
Parameters: 0.999999 0.000492665 0.000584826 -0.000495336 0.999983 0.00571671 -0.000582178 -0.00571629 0.999984 -0.0511978 0.0346686 0.123476
FixedParameters: 0 0 0

#Transform 281
Transform: AffineTransform_float_3_3
Parameters: 0.999999 0.000603388 0.000686193 -0.00060761 0.999986 0.00527558 -0.000682803 -0.00527641 0.999986 -0.0510419 0.0257997 0.107943
FixedParameters: 0 0 0

#Transform 282
Transform: AffineTransform_float_3_3
Parameters: 0.999999 0.000598975 0.000699467 -0.000602022 0.999983 0.00576858 -0.000695539 -0.00576842 0.999983 -0.0531116 0.0214903 0.13816
FixedParameters: 0 0 0

#Transform 283
Transform: AffineTransform_float_3_3
Parameters: 0.999999 0.000505012 0.000731768 -0.00050899 0.999985 0.00546063 -0.000729231 -0.00546037 0.999985 -0.0484571 0.031221 0.119349
FixedParameters: 0 0 0

#Transform 284
Transform: AffineTransform_float_3_3
Parameters: 0.999999 0.000526802 0.000723077 -0.000531197 0.999983 0.00581762 -0.000719922 -0.00581738 0.999983 -0.0528779 0.0254784 0.141355
FixedParameters: 0 0 0

#Transform 285
Transform: AffineTransform_float_3_3
Parameters: 0.999999 0.000536433 0.000866841 -0.000540566 0.999986 0.00527553 -0.000864159 -0.00527646 0.999985 -0.0471123 0.0267973 0.110415
FixedParameters: 0 0 0

#Transform 286
Transform: AffineTransform_float_3_3
Parameters: 0.999999 0.000423662 0.000866629 -0.00042934 0.999981 0.00616863 -0.000864367 -0.00616837 0.99998 -0.0464068 0.0418963 0.145929
FixedParameters: 0 0 0

#Transform 287
Transform: AffineTransform_float_3_3
Parameters: 1 0.000520178 0.000866913 -0.000524824 0.999985 0.00557255 -0.000864089 -0.00557245 0.999984 -0.0408093 0.0266689 0.1236
FixedParameters: 0 0 0

#Transform 288
Transform: AffineTransform_float_3_3
Parameters: 1 0.000500743 0.000867058 -0.000506258 0.999982 0.00607457 -0.000863941 -0.00607444 0.999981 -0.0477307 0.0223062 0.138901
FixedParameters: 0 0 0

#Transform 289
Transform: AffineTransform_float_3_3
Parameters: 1 0.000576081 0.000867288 -0.000580917 0.999983 0.0056815 -0.000863714 -0.0056825 0.999984 -0.0491876 0.0272077 0.120194
FixedParameters: 0 0 0

#Transform 290
Transform: AffineTransform_float_3_3
Parameters: 0.999999 0.000566199 0.000806392 -0.000570804 0.999982 0.00596554 -0.000803608 -0.00596646 0.999982 -0.0512051 0.0382703 0.13105
FixedParameters: 0 0 0

#Transform 291
Transform: AffineTransform_float_3_3
Parameters: 0.999999 0.000308478 0.000773817 -0.000312522 0.999983 0.00584976 -0.000772184 -0.00585024 0.999982 -0.0356116 0.0176751 0.121382
FixedParameters: 0 0 0

#Transform 292
Transform: AffineTransform_float_3_3
Parameters: 0.999999 0.00036181 0.000866185 -0.000367188 0.999982 0.00599868 -0.000863812 -0.00599931 0.999981 -0.0462157 0.033875 0.136896
FixedParameters: 0 0 0

#Transform 293
Transform: AffineTransform_float_3_3
Parameters: 0.999999 0.000328603 0.000866066 -0.000334395 0.99998 0.00623771 -0.000863931 -0.00623828 0.99998 -0.0466115 0.0193426 0.14739
FixedParameters: 0 0 0

#Transform 294
Transform: AffineTransform_float_3_3
Parameters: 1 5.09019e-05 0.00104132 -5.70963e-05 0.999983 0.00585694 -0.00104068 -0.00585706 0.999983 -0.0332695 0.0447603 0.12211
FixedParameters: 0 0 0

#Transform 295
Transform: AffineTransform_float_3_3
Parameters: 0.999999 -0.000183796 0.000862992 0.000179204 0.999984 0.00555416 -0.000864008 -0.00555384 0.999984 -0.037764 0.0244491 0.125491
FixedParameters: 0 0 0

#Transform 296
Transform: AffineTransform_float_3_3
Parameters: 0.999999 1.73427e-05 0.000864106 -2.26567e-05 0.999986 0.00538999 -0.00086389 -0.00539002 0.999985 -0.0308274 0.0456238 0.122927
FixedParameters: 0 0 0

#Transform 297
Transform: AffineTransform_float_3_3
Parameters: 0.999999 -2.25098e-05 0.000775882 1.74895e-05 0.999983 0.00581201 -0.000776114 -0.00581198 0.999983 -0.0369376 0.0371631 0.138963
FixedParameters: 0 0 0

#Transform 298
Transform: AffineTransform_float_3_3
Parameters: 0.999999 0.000242343 0.000666341 -0.000245656 0.999985 0.00549484 -0.00066466 -0.00549416 0.999984 -0.0332879 0.0483057 0.132611
FixedParameters: 0 0 0

#Transform 299
Transform: AffineTransform_float_3_3
Parameters: 1 0.000139584 0.000644749 -0.000143417 0.999986 0.00530091 -0.000644248 -0.00530109 0.999985 -0.0412563 0.0503593 0.151267
FixedParameters: 0 0 0

#Transform 300
Transform: AffineTransform_float_3_3
Parameters: 0.999999 8.67811e-06 0.000864054 -1.33216e-05 0.999988 0.00500199 -0.000863944 -0.00500201 0.999987 -0.035194 0.0457578 0.106583
FixedParameters: 0 0 0

#Transform 301
Transform: AffineTransform_float_3_3
Parameters: 1 8.66186e-05 0.000449465 -8.93789e-05 0.999986 0.00530096 -0.000448532 -0.00530104 0.999986 -0.0416428 0.0529454 0.145118
FixedParameters: 0 0 0

#Transform 302
Transform: AffineTransform_float_3_3
Parameters: 1 8.59585e-05 9.38802e-06 -8.60397e-05 0.99999 0.004513 -8.61179e-06 -0.004513 0.99999 -0.0444022 0.0415385 0.161135
FixedParameters: 0 0 0

#Transform 303
Transform: AffineTransform_float_3_3
Parameters: 1 8.79266e-05 1.63986e-05 -8.70716e-05 0.999989 0.004531 -1.56056e-05 -0.004531 0.999989 -0.0431386 0.042392 0.157248
FixedParameters: 0 0 0

#Transform 304
Transform: AffineTransform_float_3_3
Parameters: 1 0.000102751 5.4472e-05 -0.000102247 0.99999 0.004588 -5.35315e-05 -0.00458801 0.99999 -0.0454415 0.053526 0.17781
FixedParameters: 0 0 0

#Transform 305
Transform: AffineTransform_float_3_3
Parameters: 1 0.000168244 0.0001598 -0.000168757 0.999988 0.00474497 -0.000159201 -0.00474502 0.999988 -0.0498088 0.0556761 0.162698
FixedParameters: 0 0 0

#Transform 306
Transform: AffineTransform_float_3_3
Parameters: 1 -9.72116e-05 -0.000169455 9.7791e-05 0.999989 0.00465898 0.000169546 -0.00465902 0.999989 -0.0455837 0.043306 0.176211
FixedParameters: 0 0 0

#Transform 307
Transform: AffineTransform_float_3_3
Parameters: 1 0.000306789 0.00027635 -0.00030721 0.999991 0.00439292 -0.000274653 -0.00439209 0.999991 -0.0484248 0.0591309 0.153196
FixedParameters: 0 0 0

#Transform 308
Transform: AffineTransform_float_3_3
Parameters: 1 0.000191945 1.19211e-05 -0.000192055 0.999989 0.004798 -1.10787e-05 -0.00479801 0.999989 -0.0518287 0.0553909 0.196408
FixedParameters: 0 0 0

#Transform 309
Transform: AffineTransform_float_3_3
Parameters: 1 0.000211312 0.000144015 -0.000211688 0.999989 0.00479297 -0.000142987 -0.00479304 0.999989 -0.0446435 0.0639052 0.178811
FixedParameters: 0 0 0

#Transform 310
Transform: AffineTransform_float_3_3
Parameters: 1 0.000109908 1.9527e-05 -0.00011009 0.999989 0.004793 -1.84726e-05 -0.00479301 0.999989 -0.0502884 0.0473807 0.186331
FixedParameters: 0 0 0

#Transform 311
Transform: AffineTransform_float_3_3
Parameters: 1 0.000256398 0.000133165 -0.000256601 0.999989 0.00453796 -0.000131837 -0.00453803 0.999989 -0.0459365 0.0587163 0.173743
FixedParameters: 0 0 0

#Transform 312
Transform: AffineTransform_float_3_3
Parameters: 1 0.000193413 0.00011896 -0.000194587 0.999987 0.00495597 -0.000118037 -0.00495602 0.999987 -0.053413 0.0532204 0.187041
FixedParameters: 0 0 0

#Transform 313
Transform: AffineTransform_float_3_3
Parameters: 1 0.000218614 0.000286064 -0.000219385 0.999988 0.00485294 -0.000284939 -0.00485306 0.999988 -0.0470538 0.0513368 0.163937
FixedParameters: 0 0 0

#Transform 314
Transform: AffineTransform_float_3_3
Parameters: 1 0.000147414 0.000122708 -0.000147588 0.999989 0.00479299 -0.000122294 -0.00479302 0.999989 -0.0425461 0.068189 0.187632
FixedParameters: 0 0 0

#Transform 315
Transform: AffineTransform_float_3_3
Parameters: 1 0.000191807 0.000511827 -0.000194193 0.999991 0.0042869 -0.000511172 -0.0042871 0.99999 -0.0561483 0.0386535 0.196359
FixedParameters: 0 0 0

#Transform 316
Transform: AffineTransform_float_3_3
Parameters: 0.999999 0.00012064 0.000864475 -0.000123358 0.999993 0.0038879 -0.000863527 -0.00388811 0.999992 -0.0490922 0.0560615 0.19394
FixedParameters: 0 0 0

#Transform 317
Transform: AffineTransform_float_3_3
Parameters: 1 5.05608e-05 0.000657192 -5.34384e-05 0.999993 0.00371197 -0.000656806 -0.00371203 0.999993 -0.0457967 0.0518545 0.16931
FixedParameters: 0 0 0

#Transform 318
Transform: AffineTransform_float_3_3
Parameters: 1 -9.53047e-05 0.000600639 9.36938e-05 0.999992 0.00383606 -0.000601364 -0.00383594 0.999993 -0.0516935 0.041462 0.184215
FixedParameters: 0 0 0

#Transform 319
Transform: AffineTransform_float_3_3
Parameters: 0.999999 3.86948e-05 0.000864154 -4.13045e-05 0.999992 0.00382497 -0.000863848 -0.00382503 0.999993 -0.0474982 0.0535791 0.151096
FixedParameters: 0 0 0

#Transform 320
Transform: AffineTransform_float_3_3
Parameters: 1 4.54683e-05 0.000606195 -4.75315e-05 0.999992 0.00417797 -0.000605807 -0.00417703 0.999991 -0.0552061 0.0459606 0.179113
FixedParameters: 0 0 0

#Transform 321
Transform: AffineTransform_float_3_3
Parameters: 1 0.000128061 0.000522479 -0.000129937 0.999993 0.00371193 -0.000521521 -0.00371207 0.999993 -0.0512079 0.043382 0.146674
FixedParameters: 0 0 0

#Transform 322
Transform: AffineTransform_float_3_3
Parameters: 1 0.000185442 0.000615776 -0.000188558 0.999992 0.00415589 -0.000615222 -0.00415612 0.999991 -0.0578292 0.0556868 0.174139
FixedParameters: 0 0 0

#Transform 323
Transform: AffineTransform_float_3_3
Parameters: 1 9.871e-05 0.000609375 -0.000101288 0.999993 0.00375894 -0.000608623 -0.00375906 0.999992 -0.0463244 0.0617972 0.166169
FixedParameters: 0 0 0

#Transform 324
Transform: AffineTransform_float_3_3
Parameters: 0.999999 0.00010881 0.000864407 -0.000112189 0.999993 0.0036919 -0.000863591 -0.0036911 0.999993 -0.0489266 0.0537387 0.164963
FixedParameters: 0 0 0

#Transform 325
Transform: AffineTransform_float_3_3
Parameters: 0.999999 0.000161213 0.000864524 -0.000163785 0.999995 0.00322486 -0.000863476 -0.00322414 0.999995 -0.0457498 0.0614416 0.155745
FixedParameters: 0 0 0

#Transform 326
Transform: AffineTransform_float_3_3
Parameters: 0.999999 0.000117191 0.000810411 -0.000119807 0.999994 0.0034669 -0.000809589 -0.00346709 0.999993 -0.0485988 0.0620527 0.168368
FixedParameters: 0 0 0

#Transform 327
Transform: AffineTransform_float_3_3
Parameters: 0.999999 0.000180146 0.000864599 -0.000182852 0.999994 0.00330184 -0.000863401 -0.00330216 0.999994 -0.0390235 0.070498 0.145991
FixedParameters: 0 0 0

#Transform 328
Transform: AffineTransform_float_3_3
Parameters: 0.999999 0.000297763 0.00086512 -0.000301236 0.999993 0.00374374 -0.000863877 -0.00374426 0.999992 -0.0445089 0.0761329 0.165897
FixedParameters: 0 0 0

#Transform 329
Transform: AffineTransform_float_3_3
Parameters: 0.999999 0.00022208 0.000864755 -0.000224921 0.999995 0.00337781 -0.000864245 -0.00337819 0.999994 -0.0338983 0.0792854 0.129122
FixedParameters: 0 0 0

#Transform 330
Transform: AffineTransform_float_3_3
Parameters: 0.999999 0.000488224 0.000865571 -0.000490774 0.999994 0.00320957 -0.000863429 -0.00320942 0.999994 -0.0416185 0.0764219 0.136888
FixedParameters: 0 0 0

#Transform 331
Transform: AffineTransform_float_3_3
Parameters: 1 0.000154003 0.00103445 -0.000156999 0.999996 0.00289784 -0.00103455 -0.00289816 0.999996 -0.0292651 0.0586293 0.125986
FixedParameters: 0 0 0

#Transform 332
Transform: AffineTransform_float_3_3
Parameters: 0.999999 0.000138176 0.000864456 -0.000141822 0.999994 0.00326688 -0.000863541 -0.00326712 0.999995 -0.0373513 0.0311739 0.128118
FixedParameters: 0 0 0

#Transform 333
Transform: AffineTransform_float_3_3
Parameters: 0.999999 -2.58079e-06 0.000853996 4.19197e-07 0.999996 0.003022 -0.000854005 -0.003022 0.999995 -0.0358885 0.0759149 0.114324
FixedParameters: 0 0 0
