#Insight Transform File V1.0
#Transform 0
Transform: AffineTransform_float_3_3
Parameters: 1 0 0 0 1 -0.000203 0 0.000203 1 0 -0.0136431 0.0390014
FixedParameters: 0 0 0

#Transform 1
Transform: AffineTransform_float_3_3
Parameters: 1 9.20439e-05 0.000157974 -9.19561e-05 1 -0.000278015 -0.000158026 0.000277985 1 -0.000147208 0.00196408 0.0287604
FixedParameters: 0 0 0

#Transform 2
Transform: AffineTransform_float_3_3
Parameters: 1 0 0.000169 0 1 0 -0.000169 0 1 -0.00172032 -0.006497 0.0211077
FixedParameters: 0 0 0

#Transform 3
Transform: AffineTransform_float_3_3
Parameters: 1 0.000189 0 -0.000189 1 0 0 0 1 -0.00330919 -0.000452374 0.024022
FixedParameters: 0 0 0

#Transform 4
Transform: AffineTransform_float_3_3
Parameters: 1 0 0 0 1 -0.000283 0 0.000283 1 0 -0.000651545 0.0154592
FixedParameters: 0 0 0

#Transform 5
Transform: AffineTransform_float_3_3
Parameters: 1 0.000175 -3.3775e-08 -0.000175 1 -0.000193 -3.3775e-08 0.000193 1 -0.00306326 -0.0218776 0.0205705
FixedParameters: 0 0 0

#Transform 6
Transform: AffineTransform_float_3_3
Parameters: 1 0 0 0 1 -0.000411 0 0.000411 1 0 -0.0264565 0.0168033
FixedParameters: 0 0 0

#Transform 7
Transform: AffineTransform_float_3_3
Parameters: 1 5.845e-08 0.000167 5.845e-08 1 -0.00035 -0.000167 0.00035 1 -0.00172354 -0.0369979 0.0109321
FixedParameters: 0 0 0

#Transform 8
Transform: AffineTransform_float_3_3
Parameters: 1 1.8675e-08 7.5e-05 1.8675e-08 1 -0.000249 -7.5e-05 0.000249 1 -0.000756691 -0.0215228 0.00676727
FixedParameters: 0 0 0

#Transform 9
Transform: AffineTransform_float_3_3
Parameters: 1 0 0 0 1 -0.000371 0 0.000371 1 0 -0.0216185 -0.0042259
FixedParameters: 0 0 0

#Transform 10
Transform: AffineTransform_float_3_3
Parameters: 1 0 0 0 1 -0.000357 0 0.000357 1 0 -0.0110894 -0.000806165
FixedParameters: 0 0 0

#Transform 11
Transform: AffineTransform_float_3_3
Parameters: 1 0 0 0 1 -0.000341 0 0.000341 1 0.002551 -0.00932882 0.00845138
FixedParameters: 0 0 0

#Transform 12
Transform: AffineTransform_float_3_3
Parameters: 1 0 0 0 1 -0.000323 0 0.000323 1 0 -0.000236484 0.0118254
FixedParameters: 0 0 0

#Transform 13
Transform: AffineTransform_float_3_3
Parameters: 1 2.2113e-08 0.000117 2.2113e-08 1 -0.000189 -0.000117 0.000189 1 0.00335549 -0.016424 0.00618897
FixedParameters: 0 0 0

#Transform 14
Transform: AffineTransform_float_3_3
Parameters: 1 0.000125 -1.5375e-08 -0.000125 1 -0.000123 -1.5375e-08 0.000123 1 -0.00220376 -0.0138848 0.00371436
FixedParameters: 0 0 0

#Transform 15
Transform: AffineTransform_float_3_3
Parameters: 1 0.000119 0 -0.000119 1 0 0 0 1 0.00359367 -0.0218081 -0.005204
FixedParameters: 0 0 0

#Transform 16
Transform: AffineTransform_float_3_3
Parameters: 1 0 0 0 1 0 0 0 1 0 -0.013843 -0.005544
FixedParameters: 0 0 0

#Transform 17
Transform: AffineTransform_float_3_3
Parameters: 1 0 0 0 1 0 0 0 1 0 -0.025455 -0.008684
FixedParameters: 0 0 0

#Transform 18
Transform: AffineTransform_float_3_3
Parameters: 1 0 0 0 1 -5.2e-05 0 5.2e-05 1 0 -0.0224346 0.00490833
FixedParameters: 0 0 0

#Transform 19
Transform: AffineTransform_float_3_3
Parameters: 1 0 0 0 1 0.000179 0 -0.000179 1 0 -0.0160174 0.0119965
FixedParameters: 0 0 0

#Transform 20
Transform: AffineTransform_float_3_3
Parameters: 1 0 0 0 1 -6e-05 0 6e-05 1 0 0.00268348 0.00471627
FixedParameters: 0 0 0

#Transform 21
Transform: AffineTransform_float_3_3
Parameters: 1 0 0 0 1 0 0 0 1 0 -0.003541 0.005827
FixedParameters: 0 0 0

#Transform 22
Transform: AffineTransform_float_3_3
Parameters: 1 -0.000162 -3.6288e-08 0.000162 1 0.000224 -3.6288e-08 -0.000224 1 0.00288529 -0.00913184 0.0144758
FixedParameters: 0 0 0

#Transform 23
Transform: AffineTransform_float_3_3
Parameters: 1 -0.000129008 0.000128992 0.000128992 1 5.90166e-05 -0.000129008 -5.89834e-05 1 0.0010166 0.00912688 0.0150473
FixedParameters: 0 0 0

#Transform 24
Transform: AffineTransform_float_3_3
Parameters: 1 -0.000232 0 0.000232 1 0 0 0 1 0.00700154 0.00706324 0.000579
FixedParameters: 0 0 0

#Transform 25
Transform: AffineTransform_float_3_3
Parameters: 1 -0.000171 0 0.000171 1 0 0 0 1 0.00540546 -0.00715122 0.006734
FixedParameters: 0 0 0

#Transform 26
Transform: AffineTransform_float_3_3
Parameters: 1 0 0 0 1 0 0 0 1 0 -0.008329 0.000904
FixedParameters: 0 0 0

#Transform 27
Transform: AffineTransform_float_3_3
Parameters: 1 0 0 0 1 -0.000119 0 0.000119 1 0.006114 -0.0157125 -0.0146456
FixedParameters: 0 0 0

#Transform 28
Transform: AffineTransform_float_3_3
Parameters: 1 0 0 0 1 -0.000149 0 0.000149 1 0 -0.0122271 -0.015111
FixedParameters: 0 0 0

#Transform 29
Transform: AffineTransform_float_3_3
Parameters: 1 -8.79763e-05 8.10257e-05 8.80236e-05 1 -0.000291993 -8.09743e-05 0.000292007 1 0.000705108 -0.0124655 -0.0179689
FixedParameters: 0 0 0

#Transform 30
Transform: AffineTransform_float_3_3
Parameters: 1 0 0 0 1 0 0 0 1 0 -0.015945 -0.012521
FixedParameters: 0 0 0

#Transform 31
Transform: AffineTransform_float_3_3
Parameters: 1 3.5894e-08 0.000131 3.5894e-08 1 -0.000274 -0.000131 0.000274 1 0.00774477 -0.00880517 -0.0177427
FixedParameters: 0 0 0

#Transform 32
Transform: AffineTransform_float_3_3
Parameters: 1 0 0 0 1 -0.000276 0 0.000276 1 0.009188 0.00754529 -0.0173892
FixedParameters: 0 0 0

#Transform 33
Transform: AffineTransform_float_3_3
Parameters: 1 6.3882e-08 0.000169 6.3882e-08 1 -0.000378 -0.000169 0.000378 1 0.00486199 -0.0153675 -0.0244205
FixedParameters: 0 0 0

#Transform 34
Transform: AffineTransform_float_3_3
Parameters: 1 -5.2e-05 9.724e-09 5.2e-05 1 -0.000187 9.724e-09 0.000187 1 0.00739233 -0.0158816 -0.011693
FixedParameters: 0 0 0

#Transform 35
Transform: AffineTransform_float_3_3
Parameters: 1 0 0 0 1 -0.000205 0 0.000205 1 0 0.0100656 -0.0161008
FixedParameters: 0 0 0

#Transform 36
Transform: AffineTransform_float_3_3
Parameters: 1 9.7664e-08 0.000218 9.7664e-08 1 -0.000448 -0.000218 0.000448 1 0.00592017 -0.000263944 -0.020958
FixedParameters: 0 0 0

#Transform 37
Transform: AffineTransform_float_3_3
Parameters: 1 -5.39609e-05 9.6022e-05 5.40391e-05 1 -0.000406995 -9.5978e-05 0.000407005 1 -6.82105e-05 -0.00590705 -0.0199754
FixedParameters: 0 0 0

#Transform 38
Transform: AffineTransform_float_3_3
Parameters: 1 7.1604e-08 0.000156 7.1604e-08 1 -0.000459 -0.000156 0.000459 1 -0.00162926 0.00220574 -0.0210874
FixedParameters: 0 0 0

#Transform 39
Transform: AffineTransform_float_3_3
Parameters: 1 0 0 0 1 -0.000558 0 0.000558 1 0.00723 0.0115395 -0.0284875
FixedParameters: 0 0 0

#Transform 40
Transform: AffineTransform_float_3_3
Parameters: 1 9.5808e-08 0.000192 9.5808e-08 1 -0.000499 -0.000192 0.000499 1 0.00665339 -0.00981856 -0.0217961
FixedParameters: 0 0 0

#Transform 41
Transform: AffineTransform_float_3_3
Parameters: 1 0 0 0 1 -0.000497 0 0.000497 1 6e-06 -0.0121723 -0.015366
FixedParameters: 0 0 0

#Transform 42
Transform: AffineTransform_float_3_3
Parameters: 1 3.614e-08 0.00013 3.614e-08 1 -0.000278 -0.00013 0.000278 1 -0.00131753 -0.000558014 -0.0106799
FixedParameters: 0 0 0

#Transform 43
Transform: AffineTransform_float_3_3
Parameters: 1 0 0 0 1 -0.000275 0 0.000275 1 0 0.0166465 -0.0173847
FixedParameters: 0 0 0

#Transform 44
Transform: AffineTransform_float_3_3
Parameters: 1 -5.1e-05 1.6116e-08 5.1e-05 1 -0.000316 1.6116e-08 0.000316 1 0.000940444 0.000263715 -0.0287911
FixedParameters: 0 0 0

#Transform 45
Transform: AffineTransform_float_3_3
Parameters: 1 6.48e-08 0.00018 6.48e-08 1 -0.00036 -0.00018 0.00036 1 0.00232126 -0.00340751 -0.0359254
FixedParameters: 0 0 0

#Transform 46
Transform: AffineTransform_float_3_3
Parameters: 1 5.4416e-08 0.000179 5.4416e-08 1 -0.000304 -0.000179 0.000304 1 -0.00182434 0.00961495 -0.0102162
FixedParameters: 0 0 0

#Transform 47
Transform: AffineTransform_float_3_3
Parameters: 1 -0.000104943 0.000253024 0.000105057 1 -0.000225973 -0.000252976 0.000226027 1 -0.000733766 0.00543234 -0.0091141
FixedParameters: 0 0 0

#Transform 48
Transform: AffineTransform_float_3_3
Parameters: 1 7.0152e-08 0.000296 7.0152e-08 1 -0.000237 -0.000296 0.000237 1 -0.00306453 -0.00252702 -0.00942635
FixedParameters: 0 0 0

#Transform 49
Transform: AffineTransform_float_3_3
Parameters: 1 5.976e-08 0.000415 5.976e-08 1 -0.000144 -0.000415 0.000144 1 0.00950016 -0.012485 -0.00804258
FixedParameters: 0 0 0

#Transform 50
Transform: AffineTransform_float_3_3
Parameters: 1 1.0375e-07 0.000415 1.0375e-07 1 -0.00025 -0.000415 0.00025 1 8.73781e-05 0.00300115 -0.00993324
FixedParameters: 0 0 0

#Transform 51
Transform: AffineTransform_float_3_3
Parameters: 1 -5.59402e-05 0.000415008 5.60597e-05 1 -0.000143977 -0.000414992 0.000144023 1 -0.000724183 -0.0123612 0.00463968
FixedParameters: 0 0 0

#Transform 52
Transform: AffineTransform_float_3_3
Parameters: 1 3.6576e-08 0.000254 3.6576e-08 1 -0.000144 -0.000254 0.000144 1 -0.00261983 0.00102289 -0.000445365
FixedParameters: 0 0 0

#Transform 53
Transform: AffineTransform_float_3_3
Parameters: 1 5.976e-08 0.000415 5.976e-08 1 -0.000144 -0.000415 0.000144 1 -0.00426861 0.00737921 -0.00267001
FixedParameters: 0 0 0

#Transform 54
Transform: AffineTransform_float_3_3
Parameters: 1 -0.00014794 0.000415021 0.00014706 1 -0.000143939 -0.000414979 0.000144061 1 0.00564459 -0.000489961 -0.00269626
FixedParameters: 0 0 0

#Transform 55
Transform: AffineTransform_float_3_3
Parameters: 1 -3.2785e-08 0.000415 -3.2785e-08 1 7.9e-05 -0.000415 -7.9e-05 1 0.00269212 0.00844682 0.0135331
FixedParameters: 0 0 0

#Transform 56
Transform: AffineTransform_float_3_3
Parameters: 1 -1.8675e-08 0.000415 -1.8675e-08 1 4.5e-05 -0.000415 -4.5e-05 1 -0.00426187 0.00505429 0.0135588
FixedParameters: 0 0 0

#Transform 57
Transform: AffineTransform_float_3_3
Parameters: 1 5.976e-08 0.000415 5.976e-08 1 -0.000144 -0.000415 0.000144 1 0.00369745 0.0205724 0.0167426
FixedParameters: 0 0 0

#Transform 58
Transform: AffineTransform_float_3_3
Parameters: 1 -2.4485e-08 0.000415 -2.4485e-08 1 5.9e-05 -0.000415 -5.9e-05 1 -0.00425835 0.0191603 0.0220546
FixedParameters: 0 0 0

#Transform 59
Transform: AffineTransform_float_3_3
Parameters: 1 -7.304e-08 0.000415 -7.304e-08 1 0.000176 -0.000415 -0.000176 1 -0.000890554 0.00370572 0.0167363
FixedParameters: 0 0 0

#Transform 60
Transform: AffineTransform_float_3_3
Parameters: 1 -9.2988e-08 0.000324 -9.2988e-08 1 0.000287 -0.000324 -0.000287 1 -0.00329295 0.00253357 0.0189906
FixedParameters: 0 0 0

#Transform 61
Transform: AffineTransform_float_3_3
Parameters: 1 5.29242e-05 0.000264015 -5.30758e-05 1 0.000286986 -0.000263985 -0.000287014 1 0.00275579 0.00860767 0.0122112
FixedParameters: 0 0 0

#Transform 62
Transform: AffineTransform_float_3_3
Parameters: 1 -8.964e-08 0.000415 -8.964e-08 1 0.000216 -0.000415 -0.000216 1 -0.00426024 0.017028 0.0174826
FixedParameters: 0 0 0

#Transform 63
Transform: AffineTransform_float_3_3
Parameters: 1 -1.19105e-07 0.000415 -1.19105e-07 1 0.000287 -0.000415 -0.000287 1 -0.00425973 0.0192225 0.0187222
FixedParameters: 0 0 0

#Transform 64
Transform: AffineTransform_float_3_3
Parameters: 1 -1.87995e-07 0.000415 -1.87995e-07 1 0.000453 -0.000415 -0.000453 1 -0.00425152 0.0175533 0.0216267
FixedParameters: 0 0 0

#Transform 65
Transform: AffineTransform_float_3_3
Parameters: 1 -1.79982e-07 0.000303 -1.79982e-07 1 0.000594 -0.000303 -0.000594 1 -0.00313471 0.0265584 0.0243412
FixedParameters: 0 0 0

#Transform 66
Transform: AffineTransform_float_3_3
Parameters: 1 -0.000193161 0.000231866 0.000193839 0.999999 0.000694045 -0.000232135 -0.000693955 0.999999 0.00110579 0.0191263 0.0263393
FixedParameters: 0 0 0

#Transform 67
Transform: AffineTransform_float_3_3
Parameters: 1 -9.42318e-05 0.000268919 9.37683e-05 0.999999 0.000861025 -0.000269081 -0.000861974 0.999999 -0.00110679 0.00742575 0.0502949
FixedParameters: 0 0 0

#Transform 68
Transform: AffineTransform_float_3_3
Parameters: 1 0.000148861 0.000213097 -0.000149139 1 0.000652968 -0.000212903 -0.000653031 1 -0.00479641 0.0185392 0.0302735
FixedParameters: 0 0 0

#Transform 69
Transform: AffineTransform_float_3_3
Parameters: 1 0.000228859 0.000318101 -0.00022914 1 0.000441927 -0.000317899 -0.000442073 1 -0.00730607 0.0179515 0.0263388
FixedParameters: 0 0 0

#Transform 70
Transform: AffineTransform_float_3_3
Parameters: 1 -3.81872e-05 0.000414983 3.78128e-05 1 0.000451016 -0.000415017 -0.000450984 1 -0.0036568 0.0167835 0.0445978
FixedParameters: 0 0 0

#Transform 71
Transform: AffineTransform_float_3_3
Parameters: 1 0.000150777 0.000317106 -0.000151223 0.999999 0.000702952 -0.000316894 -0.000703047 0.999999 -0.00593884 0.0231839 0.0463632
FixedParameters: 0 0 0

#Transform 72
Transform: AffineTransform_float_3_3
Parameters: 1 0.000115754 0.000415068 -0.000115246 1 0.000591952 -0.000414932 -0.000592048 0.999999 -0.00627734 0.0232067 0.0314635
FixedParameters: 0 0 0

#Transform 73
Transform: AffineTransform_float_3_3
Parameters: 1 0.000103822 0.000415045 -0.000104178 1 0.000429957 -0.000414955 -0.000430043 1 -0.00611308 0.042208 0.0410712
FixedParameters: 0 0 0

#Transform 74
Transform: AffineTransform_float_3_3
Parameters: 1 -3.82154e-05 0.00041498 3.77846e-05 1 0.000519016 -0.00041502 -0.000518984 1 -0.00365292 0.0239752 0.0666372
FixedParameters: 0 0 0

#Transform 75
Transform: AffineTransform_float_3_3
Parameters: 1 0.000132845 0.000283073 -0.000133155 1 0.000546962 -0.000283927 -0.000547038 1 -0.00525186 0.0376468 0.0578605
FixedParameters: 0 0 0

#Transform 76
Transform: AffineTransform_float_3_3
Parameters: 1 3.17863e-05 0.000415016 -3.22137e-05 1 0.000514986 -0.000414983 -0.000515013 1 -0.00481255 0.0440795 0.0387572
FixedParameters: 0 0 0

#Transform 77
Transform: AffineTransform_float_3_3
Parameters: 1 -3.81556e-05 0.000414986 3.78444e-05 1 0.000375016 -0.000415014 -0.000374984 1 0.00185157 0.0201574 0.0289198
FixedParameters: 0 0 0

#Transform 78
Transform: AffineTransform_float_3_3
Parameters: 1 -3.82664e-05 0.000414975 3.77335e-05 1 0.000642015 -0.000415024 -0.000641984 0.999999 -0.000638355 0.0191142 0.04106
FixedParameters: 0 0 0

#Transform 79
Transform: AffineTransform_float_3_3
Parameters: 1 -3.82158e-05 0.00041498 3.77842e-05 1 0.000520016 -0.00041502 -0.000519984 1 -0.00365269 0.030225 0.038867
FixedParameters: 0 0 0

#Transform 80
Transform: AffineTransform_float_3_3
Parameters: 1 2.28066e-05 0.000415011 -2.31934e-05 1 0.00046599 -0.000414989 -0.000466009 1 0.00378723 0.030639 0.0316547
FixedParameters: 0 0 0

#Transform 81
Transform: AffineTransform_float_3_3
Parameters: 1 -3.80784e-05 0.000414993 3.79216e-05 1 0.000189016 -0.000415007 -0.000188984 1 0.0048408 0.0336044 0.0307018
FixedParameters: 0 0 0

#Transform 82
Transform: AffineTransform_float_3_3
Parameters: 1 -3.80743e-05 0.000414993 3.79257e-05 1 0.000179016 -0.000415007 -0.000178984 1 -0.00365763 0.0337208 0.0272722
FixedParameters: 0 0 0

#Transform 83
Transform: AffineTransform_float_3_3
Parameters: 1 -3.80494e-05 0.000414995 3.79506e-05 1 0.000119016 -0.000415004 -0.000118984 1 0.00519232 0.0247411 0.0263437
FixedParameters: 0 0 0

#Transform 84
Transform: AffineTransform_float_3_3
Parameters: 1 -6.28979e-05 0.000529012 6.31021e-05 1 -0.000192967 -0.000528988 0.000193033 1 0.00923279 0.050041 0.019562
FixedParameters: 0 0 0

#Transform 85
Transform: AffineTransform_float_3_3
Parameters: 1 -0.000133021 0.000414993 0.000132979 1 5.00552e-05 -0.000415007 -4.99448e-05 1 0.0072639 0.00819822 0.0411561
FixedParameters: 0 0 0

#Transform 86
Transform: AffineTransform_float_3_3
Parameters: 1 8.38672e-05 0.000415027 -8.41328e-05 1 0.000319965 -0.000414973 -0.000320035 1 0.0025565 0.0240866 0.0651267
FixedParameters: 0 0 0

#Transform 87
Transform: AffineTransform_float_3_3
Parameters: 1 0.000185942 0.000315034 -0.000186058 1 0.000182941 -0.000314966 -0.000183059 1 -0.00131501 0.05306 0.0517965
FixedParameters: 0 0 0

#Transform 88
Transform: AffineTransform_float_3_3
Parameters: 1 0.000132899 0.000316042 -0.000133101 1 0.000319958 -0.000315957 -0.000320042 1 0.00298273 0.0301726 0.0541802
FixedParameters: 0 0 0

#Transform 89
Transform: AffineTransform_float_3_3
Parameters: 1 0.00013873 0.00041509 -0.00013927 1 0.000649942 -0.000414909 -0.000650057 0.999999 0.00239147 0.0267724 0.040835
FixedParameters: 0 0 0

#Transform 90
Transform: AffineTransform_float_3_3
Parameters: 1 0.000281867 0.00041509 -0.000282133 1 0.000319883 -0.00041491 -0.000320117 1 0.00268459 0.0466178 0.0350245
FixedParameters: 0 0 0

#Transform 91
Transform: AffineTransform_float_3_3
Parameters: 1 0.000349887 0.000354112 -0.000350113 1 0.000319876 -0.000353888 -0.000320124 1 0.00250321 0.0245847 0.0351875
FixedParameters: 0 0 0

#Transform 92
Transform: AffineTransform_float_3_3
Parameters: 1 0.000291794 0.000415144 -0.000292205 1 0.000494879 -0.000414855 -0.000495121 1 -0.0033154 0.0229163 0.051759
FixedParameters: 0 0 0

#Transform 93
Transform: AffineTransform_float_3_3
Parameters: 1 0.000124783 0.000350077 -0.000125217 1 0.000618956 -0.000349922 -0.000619043 0.999999 0.00111277 0.0418056 0.0471179
FixedParameters: 0 0 0

#Transform 94
Transform: AffineTransform_float_3_3
Parameters: 1 0.000124867 0.00041504 -0.000125133 1 0.000319948 -0.00041496 -0.000320052 1 0.00538306 0.0372419 0.0311504
FixedParameters: 0 0 0

#Transform 95
Transform: AffineTransform_float_3_3
Parameters: 1 0.000124867 0.00041504 -0.000125133 1 0.000319948 -0.00041496 -0.000320052 1 0.00337373 0.033834 0.0337963
FixedParameters: 0 0 0

#Transform 96
Transform: AffineTransform_float_3_3
Parameters: 1 0.000124832 0.00052504 -0.000125168 1 0.000319934 -0.00052496 -0.000320065 1 0.00230092 0.0194256 0.032211
FixedParameters: 0 0 0

#Transform 97
Transform: AffineTransform_float_3_3
Parameters: 1 6.58672e-05 0.000415021 -6.61328e-05 1 0.000319973 -0.000414979 -0.000320027 1 0.0151928 0.0195205 0.02944
FixedParameters: 0 0 0

#Transform 98
Transform: AffineTransform_float_3_3
Parameters: 1 0.000124892 0.000415032 -0.000125107 1 0.000258948 -0.000414968 -0.000259052 1 0.00798524 0.0200295 0.0247131
FixedParameters: 0 0 0

#Transform 99
Transform: AffineTransform_float_3_3
Parameters: 1 0.000124788 0.00066104 -0.000125211 1 0.000319917 -0.00066096 -0.000320082 0.999999 0.00573942 0.019423 0.0410432
FixedParameters: 0 0 0

#Transform 100
Transform: AffineTransform_float_3_3
Parameters: 1 0.000293792 0.000415147 -0.000294208 1 0.000501878 -0.000414852 -0.000502122 1 0.00347678 0.0170974 0.0323453
FixedParameters: 0 0 0

#Transform 101
Transform: AffineTransform_float_3_3
Parameters: 1 0.000325771 0.000613121 -0.000326228 1 0.0003728 -0.000612878 -0.0003732 0.999999 -0.00699587 0.0350491 0.0243437
FixedParameters: 0 0 0

#Transform 102
Transform: AffineTransform_float_3_3
Parameters: 1 0.000270867 0.000415087 -0.000271133 1 0.000319887 -0.000414913 -0.000320112 1 0.00472752 0.0361826 0.027158
FixedParameters: 0 0 0

#Transform 103
Transform: AffineTransform_float_3_3
Parameters: 0.999999 0.000323784 0.000673103 -0.000324215 1 0.000319782 -0.000672896 -0.000320218 0.999999 0.00474638 0.00596461 0.0242607
FixedParameters: 0 0 0

#Transform 104
Transform: AffineTransform_float_3_3
Parameters: 1 0.00028165 0.000646152 -0.00028235 1 0.000541817 -0.000645847 -0.000542182 0.999999 0.00937314 0.0111541 0.0251721
FixedParameters: 0 0 0

#Transform 105
Transform: AffineTransform_float_3_3
Parameters: 1 0.000293811 0.000589094 -0.000294188 1 0.000319827 -0.000588906 -0.000320173 1 0.0148177 0.0192335 0.00915592
FixedParameters: 0 0 0

#Transform 106
Transform: AffineTransform_float_3_3
Parameters: 0.999999 0.000285587 0.000842139 -0.000286412 1 0.000489759 -0.000841859 -0.00049024 0.999999 0.0122749 0.0224018 0.0124101
FixedParameters: 0 0 0

#Transform 107
Transform: AffineTransform_float_3_3
Parameters: 0.999999 0.00028484 0.000790057 -0.000285159 1 0.000201775 -0.000789942 -0.000202225 0.999999 0.0128374 0.0146762 0.00185358
FixedParameters: 0 0 0

#Transform 108
Transform: AffineTransform_float_3_3
Parameters: 0.999999 0.00012473 0.000842039 -0.000125269 1 0.000319894 -0.000841959 -0.000320105 0.999999 0.015125 0.0138663 0.02073
FixedParameters: 0 0 0

#Transform 109
Transform: AffineTransform_float_3_3
Parameters: 0.999999 0.000281822 0.000842059 -0.000282177 1 0.000210762 -0.00084194 -0.000211237 0.999999 0.0124006 0.0146373 0.0156404
FixedParameters: 0 0 0

#Transform 110
Transform: AffineTransform_float_3_3
Parameters: 0.999999 0.00012473 0.000842039 -0.000125269 1 0.000319894 -0.000841959 -0.000320105 0.999999 0.0151275 0.0335653 0.0207237
FixedParameters: 0 0 0

#Transform 111
Transform: AffineTransform_float_3_3
Parameters: 0.999999 0.000124815 0.000842027 -0.000125185 1 0.000219895 -0.000841972 -0.000220105 0.999999 0.0151237 0.0148911 0.0189794
FixedParameters: 0 0 0

#Transform 112
Transform: AffineTransform_float_3_3
Parameters: 0.999999 0.000312804 0.000749082 -0.000313197 1 0.000262765 -0.000748917 -0.000262234 0.999999 0.0128311 0.0140559 0.0200207
FixedParameters: 0 0 0

#Transform 113
Transform: AffineTransform_float_3_3
Parameters: 0.999999 0.000285846 0.000754058 -0.000285154 1 0.000203785 -0.000753941 -0.000204216 0.999999 0.0132712 0.0240424 0.0253972
FixedParameters: 0 0 0

#Transform 114
Transform: AffineTransform_float_3_3
Parameters: 0.999999 0.000330655 0.000842135 -0.000330344 1 0.000408722 -0.000841864 -0.000409278 0.999999 0.0138305 0.0124128 0.0184518
FixedParameters: 0 0 0

#Transform 115
Transform: AffineTransform_float_3_3
Parameters: 0.999999 0.000406853 0.000726082 -0.000407147 1 0.000202704 -0.000725917 -0.000202295 0.999999 0.0113548 0.0144558 0.00577714
FixedParameters: 0 0 0

#Transform 116
Transform: AffineTransform_float_3_3
Parameters: 0.999999 0.000341841 0.000717075 -0.000342159 1 0.000221755 -0.000716924 -0.000222245 0.999999 0.0126294 0.000762709 0.00473062
FixedParameters: 0 0 0

#Transform 117
Transform: AffineTransform_float_3_3
Parameters: 0.999999 0.000441819 0.000702113 -0.00044118 1 0.00025669 -0.000701886 -0.00025731 0.999999 0.0110339 0.00919771 0.00222771
FixedParameters: 0 0 0

#Transform 118
Transform: AffineTransform_float_3_3
Parameters: 0.999999 0.000369075 0.000841966 -0.000368924 1 -9.03106e-05 -0.000842032 8.96892e-05 0.999999 0.0149645 0.0163891 -0.0042387
FixedParameters: 0 0 0

#Transform 119
Transform: AffineTransform_float_3_3
Parameters: 0.999999 0.000419822 0.000842088 -0.000420177 1 0.000210646 -0.000841911 -0.000211353 0.999999 0.00994136 0.00437614 0.00109064
FixedParameters: 0 0 0

#Transform 120
Transform: AffineTransform_float_3_3
Parameters: 0.999999 0.00033673 0.000842107 -0.000337269 1 0.000319716 -0.000841891 -0.000320283 0.999999 0.0113675 0.00695046 0.00297539
FixedParameters: 0 0 0

#Transform 121
Transform: AffineTransform_float_3_3
Parameters: 1 0.000407875 0.00101205 -0.000408124 1 0.000122587 -0.00101195 -0.000123413 1 0.0125982 0.029449 -0.00396768
FixedParameters: 0 0 0

#Transform 122
Transform: AffineTransform_float_3_3
Parameters: 1 0.000309875 0.00104404 -0.000310125 1 0.000119676 -0.00104396 -0.000120323 0.999999 0.0237292 0.0296424 -0.0234608
FixedParameters: 0 0 0

#Transform 123
Transform: AffineTransform_float_3_3
Parameters: 1 0.000389943 0.00105602 -0.000390058 1 5.45881e-05 -0.00105598 -5.44118e-05 1 0.0219466 0.0114021 -0.0183267
FixedParameters: 0 0 0

#Transform 124
Transform: AffineTransform_float_3_3
Parameters: 1 0.000399867 0.000953056 -0.000400134 1 0.000140619 -0.000952944 -0.000140381 0.999999 0.0240706 0.00516829 -0.0137089
FixedParameters: 0 0 0

#Transform 125
Transform: AffineTransform_float_3_3
Parameters: 1 0.00043391 0.00102604 -0.000434091 1 8.85546e-05 -0.00102596 -8.84452e-05 0.999999 0.0305416 0.019234 -0.0136559
FixedParameters: 0 0 0

#Transform 126
Transform: AffineTransform_float_3_3
Parameters: 1 0.000314103 0.00118197 -0.000313897 1 -8.73711e-05 -0.00118203 8.66288e-05 1 0.0310164 0.0136091 -0.0210822
FixedParameters: 0 0 0

#Transform 127
Transform: AffineTransform_float_3_3
Parameters: 0.999999 0.000475829 0.00125707 -0.000476172 1 0.000136402 -0.00125694 -0.000136598 0.999999 0.0274001 -0.00586287 -0.004933
FixedParameters: 0 0 0

#Transform 128
Transform: AffineTransform_float_3_3
Parameters: 0.999999 0.000525192 0.00125692 -0.000525807 1 -0.000153661 -0.00125708 0.00015234 0.999999 0.0264836 0.00474906 -0.00603285
FixedParameters: 0 0 0

#Transform 129
Transform: AffineTransform_float_3_3
Parameters: 0.999999 0.000541145 0.00125694 -0.000540855 1 -0.00011568 -0.00125706 0.00011532 0.999999 0.018018 0.0126617 -0.00535868
FixedParameters: 0 0 0

#Transform 130
Transform: AffineTransform_float_3_3
Parameters: 0.999999 0.000449411 0.00118584 -0.000448589 1 -0.000346532 -0.00118616 0.000346467 0.999999 0.0285583 0.00796445 -0.0183318
FixedParameters: 0 0 0

#Transform 131
Transform: AffineTransform_float_3_3
Parameters: 0.999999 0.000507428 0.00125683 -0.000507572 1 -0.000340638 -0.00125717 0.000340362 0.999999 0.0267993 -0.00103362 -0.00930839
FixedParameters: 0 0 0

#Transform 132
Transform: AffineTransform_float_3_3
Parameters: 0.999999 0.000485428 0.00125684 -0.000485572 1 -0.000340611 -0.00125717 0.00034039 0.999999 0.0271888 0.0120574 -0.00930241
FixedParameters: 0 0 0

#Transform 133
Transform: AffineTransform_float_3_3
Parameters: 0.999999 0.000487428 0.00125683 -0.000487572 1 -0.000340613 -0.00125717 0.000340388 0.999999 0.0271248 0.0281529 -0.0202569
FixedParameters: 0 0 0

#Transform 134
Transform: AffineTransform_float_3_3
Parameters: 0.999999 0.000332133 0.00125697 -0.000331867 1 -0.000106417 -0.00125704 0.000105583 0.999999 0.0299325 -0.00294507 -0.00518795
FixedParameters: 0 0 0

#Transform 135
Transform: AffineTransform_float_3_3
Parameters: 0.999999 0.000554904 0.00117705 -0.000555096 1 8.13467e-05 -0.00117696 -8.16532e-05 1 0.0205964 -0.00535067 -0.00163029
FixedParameters: 0 0 0

#Transform 136
Transform: AffineTransform_float_3_3
Parameters: 0.999999 0.000645051 0.00120497 -0.000644949 1 -4.27772e-05 -0.00120503 4.22227e-05 1 0.024965 0.00952881 -0.00390546
FixedParameters: 0 0 0

#Transform 137
Transform: AffineTransform_float_3_3
Parameters: 0.999999 0.000458443 0.00125684 -0.000457556 1 -0.000353575 -0.00125716 0.000352424 0.999999 0.0277083 0.0237744 -0.0266414
FixedParameters: 0 0 0

#Transform 138
Transform: AffineTransform_float_3_3
Parameters: 0.999999 0.000549898 0.00125705 -0.000550103 1 8.13086e-05 -0.00125696 -8.16913e-05 0.999999 0.0260403 -0.0116509 -0.0189268
FixedParameters: 0 0 0

#Transform 139
Transform: AffineTransform_float_3_3
Parameters: 0.999999 0.000643987 0.00125701 -0.000644012 1 9.19048e-06 -0.00125699 -1.08095e-05 0.999999 0.0243769 0.0111149 -0.0105212
FixedParameters: 0 0 0

#Transform 140
Transform: AffineTransform_float_3_3
Parameters: 0.999999 0.000660231 0.00125688 -0.000659769 1 -0.000183829 -0.00125712 0.00018317 0.999999 0.0241465 0.0272694 -0.0235891
FixedParameters: 0 0 0

#Transform 141
Transform: AffineTransform_float_3_3
Parameters: 0.999999 0.00072391 0.00111006 -0.00072409 0.999999 8.11963e-05 -0.00110994 -8.18036e-05 1 0.0131658 -0.011581 -0.0216047
FixedParameters: 0 0 0

#Transform 142
Transform: AffineTransform_float_3_3
Parameters: 0.999999 0.000814088 0.00104993 -0.000813911 0.999999 -8.48546e-05 -0.00105007 8.31452e-05 1 0.0235379 -0.0261682 -0.0213977
FixedParameters: 0 0 0

#Transform 143
Transform: AffineTransform_float_3_3
Parameters: 0.999999 0.000857912 0.00107307 -0.000858087 0.999999 8.10793e-05 -0.00107293 -8.19206e-05 1 0.0120842 -0.0104269 -0.0231282
FixedParameters: 0 0 0

#Transform 144
Transform: AffineTransform_float_3_3
Parameters: 0.999999 0.000744043 0.00125697 -0.000743956 0.999999 -3.49352e-05 -0.00125703 3.40648e-05 0.999999 0.022612 -0.00902175 -0.0210074
FixedParameters: 0 0 0

#Transform 145
Transform: AffineTransform_float_3_3
Parameters: 0.999999 0.000797897 0.00125707 -0.000798102 0.999999 8.09968e-05 -0.00125694 -8.2003e-05 0.999999 0.0164216 0.00450424 -0.025848
FixedParameters: 0 0 0

#Transform 146
Transform: AffineTransform_float_3_3
Parameters: 0.999999 0.000813795 0.00117814 -0.000813204 0.999999 0.000173042 -0.00117786 -0.000173959 1 0.0161903 0.00665387 -0.0171099
FixedParameters: 0 0 0

#Transform 147
Transform: AffineTransform_float_3_3
Parameters: 0.999999 0.000924897 0.00125708 -0.000925102 0.999999 8.08372e-05 -0.00125692 -8.21626e-05 0.999999 0.0195197 0.0282402 -0.0189728
FixedParameters: 0 0 0

#Transform 148
Transform: AffineTransform_float_3_3
Parameters: 0.999999 0.000881897 0.00125707 -0.000882102 0.999999 8.08912e-05 -0.00125693 -8.21086e-05 0.999999 0.0202427 0.0159961 -0.0189658
FixedParameters: 0 0 0

#Transform 149
Transform: AffineTransform_float_3_3
Parameters: 0.999999 0.000775897 0.00125706 -0.000776102 0.999999 8.10245e-05 -0.00125694 -8.19753e-05 0.999999 0.0220598 0.0103044 -0.0189516
FixedParameters: 0 0 0

#Transform 150
Transform: AffineTransform_float_3_3
Parameters: 0.999999 0.000797897 0.00125707 -0.000798102 0.999999 8.09968e-05 -0.00125694 -8.2003e-05 0.999999 0.0217237 0.00372157 -0.0189536
FixedParameters: 0 0 0

#Transform 151
Transform: AffineTransform_float_3_3
Parameters: 0.999999 0.00075578 0.00120614 -0.00075622 0.999999 0.000182088 -0.00120586 -0.000182912 1 0.0230213 0.0150159 -0.0169871
FixedParameters: 0 0 0

#Transform 152
Transform: AffineTransform_float_3_3
Parameters: 0.999999 0.000712897 0.00125706 -0.000713102 0.999999 8.11037e-05 -0.00125694 -8.18962e-05 0.999999 0.0206393 0.00389507 -0.0279593
FixedParameters: 0 0 0

#Transform 153
Transform: AffineTransform_float_3_3
Parameters: 0.999999 0.000777808 0.00113413 -0.000778191 0.999999 0.000168118 -0.00113387 -0.000169882 1 0.0233222 -0.0179629 -0.0371501
FixedParameters: 0 0 0

#Transform 154
Transform: AffineTransform_float_3_3
Parameters: 0.999999 0.000727897 0.00125706 -0.000728102 0.999999 8.10848e-05 -0.00125694 -8.1915e-05 0.999999 0.0229051 -0.00455054 -0.0203074
FixedParameters: 0 0 0

#Transform 155
Transform: AffineTransform_float_3_3
Parameters: 0.999999 0.000754907 0.00114506 -0.000755093 0.999999 8.11355e-05 -0.00114494 -8.18644e-05 1 0.0235872 -0.00925029 -0.0191089
FixedParameters: 0 0 0

#Transform 156
Transform: AffineTransform_float_3_3
Parameters: 0.999999 0.000761905 0.00116106 -0.000762094 0.999999 8.11152e-05 -0.00116094 -8.18846e-05 1 0.023345 0.0065913 -0.0202582
FixedParameters: 0 0 0

#Transform 157
Transform: AffineTransform_float_3_3
Parameters: 0.999999 0.000679969 0.00125702 -0.000680031 1 2.41452e-05 -0.00125698 -2.48547e-05 0.999999 0.0238297 0.0122083 -0.017354
FixedParameters: 0 0 0

#Transform 158
Transform: AffineTransform_float_3_3
Parameters: 0.999999 0.000660898 0.00125705 -0.000661102 1 8.1169e-05 -0.00125695 -8.18308e-05 0.999999 0.0181349 0.00684045 -0.0101564
FixedParameters: 0 0 0

#Transform 159
Transform: AffineTransform_float_3_3
Parameters: 0.999999 0.000784062 0.00108495 -0.000783936 0.999999 -5.88506e-05 -0.00108505 5.71493e-05 1 0.0236885 0.00794373 -0.0240945
FixedParameters: 0 0 0

#Transform 160
Transform: AffineTransform_float_3_3
Parameters: 0.999999 0.000799153 0.000956872 -0.000799847 0.999999 -0.000159765 -0.000957127 0.000159235 0.999999 0.0179069 0.0305076 -0.0248044
FixedParameters: 0 0 0

#Transform 161
Transform: AffineTransform_float_3_3
Parameters: 0.999999 0.000822902 0.00119407 -0.000823097 0.999999 8.10172e-05 -0.00119393 -8.19826e-05 1 0.0173486 0.0064684 -0.0159873
FixedParameters: 0 0 0

#Transform 162
Transform: AffineTransform_float_3_3
Parameters: 0.999999 0.000729897 0.00125706 -0.000729102 0.999999 8.10836e-05 -0.00125694 -8.19175e-05 0.999999 0.0192745 0.00661562 -0.0183868
FixedParameters: 0 0 0

#Transform 163
Transform: AffineTransform_float_3_3
Parameters: 0.999999 0.000608898 0.00125705 -0.000609102 1 8.12344e-05 -0.00125695 -8.17654e-05 0.999999 0.025007 0.0198568 -0.0299951
FixedParameters: 0 0 0

#Transform 164
Transform: AffineTransform_float_3_3
Parameters: 0.999999 0.000648165 0.00125691 -0.000647833 1 -0.000132814 -0.00125709 0.000131185 0.999999 0.0242883 0.0158804 -0.0427667
FixedParameters: 0 0 0

#Transform 165
Transform: AffineTransform_float_3_3
Parameters: 0.999999 0.000584198 0.00125691 -0.000583801 1 -0.000158734 -0.00125709 0.000157266 0.999999 0.0254276 -0.00505404 -0.0432343
FixedParameters: 0 0 0

#Transform 166
Transform: AffineTransform_float_3_3
Parameters: 0.999999 0.000493046 0.00138198 -0.000492952 1 -3.46813e-05 -0.00138202 3.33186e-05 0.999999 0.0257843 0.000677544 -0.0151555
FixedParameters: 0 0 0

#Transform 167
Transform: AffineTransform_float_3_3
Parameters: 0.999999 0.000511481 0.0013462 -0.000512518 1 0.00038431 -0.0013458 -0.000385689 0.999999 0.017504 -0.00364855 0.0025614
FixedParameters: 0 0 0

#Transform 168
Transform: AffineTransform_float_3_3
Parameters: 0.999999 0.000124467 0.00131005 -0.000125533 1 0.000406836 -0.00130995 -0.000407163 0.999999 0.0330383 0.0487455 -0.0186002
FixedParameters: 0 0 0

#Transform 169
Transform: AffineTransform_float_3_3
Parameters: 0.999999 0.000124341 0.00125707 -0.000125659 1 0.000523842 -0.00125693 -0.000524157 0.999999 0.0335132 0.01529 -0.0339528
FixedParameters: 0 0 0

#Transform 170
Transform: AffineTransform_float_3_3
Parameters: 0.999999 0.000126481 0.00125705 -0.000126519 1 0.000412841 -0.00125695 -0.000413159 0.999999 0.0377958 0.00146213 -0.0487482
FixedParameters: 0 0 0

#Transform 171
Transform: AffineTransform_float_3_3
Parameters: 1 0.000162252 0.00114511 -0.000162748 1 0.000652814 -0.00114489 -0.000653186 0.999999 0.0387743 0.0127261 -0.0509799
FixedParameters: 0 0 0

#Transform 172
Transform: AffineTransform_float_3_3
Parameters: 1 4.43927e-05 0.00115902 -4.56073e-05 1 0.000523948 -0.00115898 -0.000524052 0.999999 0.0439784 0.00746393 -0.0660419
FixedParameters: 0 0 0

#Transform 173
Transform: AffineTransform_float_3_3
Parameters: 0.999999 -0.000178719 0.00136991 0.000178282 1 0.000524245 -0.00137009 -0.000524756 0.999999 0.0480913 -0.0145585 -0.0655009
FixedParameters: 0 0 0

#Transform 174
Transform: AffineTransform_float_3_3
Parameters: 0.999999 -0.000230692 0.00147989 0.000230307 1 0.000468341 -0.00148011 -0.000467659 0.999999 0.0550552 -0.00383854 -0.0755132
FixedParameters: 0 0 0

#Transform 175
Transform: AffineTransform_float_3_3
Parameters: 0.999999 -0.000308706 0.00134584 0.000308294 1 0.000524415 -0.00134616 -0.000524585 0.999999 0.0577756 -0.0120589 -0.0847912
FixedParameters: 0 0 0

#Transform 176
Transform: AffineTransform_float_3_3
Parameters: 0.999999 -0.000145291 0.00138197 0.000145708 1 0.000211202 -0.00138203 -0.000210799 0.999999 0.0545244 -0.0211938 -0.0957761
FixedParameters: 0 0 0

#Transform 177
Transform: AffineTransform_float_3_3
Parameters: 0.999999 1.69406e-05 0.001238 -1.70594e-05 1 4.79789e-05 -0.001238 -4.8021e-05 0.999999 0.053053 -0.0097374 -0.111871
FixedParameters: 0 0 0

#Transform 178
Transform: AffineTransform_float_3_3
Parameters: 0.999999 -0.000151791 0.00149302 0.000152209 1 -0.000139773 -0.00149298 0.000140227 0.999999 0.0584545 -0.00362171 -0.118137
FixedParameters: 0 0 0

#Transform 179
Transform: AffineTransform_float_3_3
Parameters: 0.999999 2.44776e-07 0.001457 2.44776e-07 1 -0.000168 -0.001457 0.000168 0.999999 0.0563242 -0.000631123 -0.117569
FixedParameters: 0 0 0

#Transform 180
Transform: AffineTransform_float_3_3
Parameters: 0.999999 -9.27617e-06 0.001501 8.7238e-06 1 0.000184013 -0.001501 -0.000183986 0.999999 0.0544743 -0.0145991 -0.118697
FixedParameters: 0 0 0

#Transform 181
Transform: AffineTransform_float_3_3
Parameters: 0.999999 -0.000307654 0.00150107 0.000308345 1 -0.000229537 -0.00150093 0.000230462 0.999999 0.0633194 -0.00266365 -0.112073
FixedParameters: 0 0 0

#Transform 182
Transform: AffineTransform_float_3_3
Parameters: 0.999998 -8.87137e-05 0.00170301 8.92859e-05 1 -0.000167848 -0.00170298 0.000168151 0.999998 0.0585176 -0.0108568 -0.117735
FixedParameters: 0 0 0

#Transform 183
Transform: AffineTransform_float_3_3
Parameters: 0.999999 -0.000101707 0.00174602 0.000101293 1 -0.000167823 -0.00174598 0.000168178 0.999999 0.0526302 -0.0107473 -0.117733
FixedParameters: 0 0 0

#Transform 184
Transform: AffineTransform_float_3_3
Parameters: 0.999999 -0.000130845 0.00150101 0.000131154 1 -0.000102803 -0.00150099 0.000103196 0.999999 0.0598046 -0.0157509 -0.103098
FixedParameters: 0 0 0

#Transform 185
Transform: AffineTransform_float_3_3
Parameters: 0.999999 -0.000111748 0.00150102 0.000112252 1 -0.000167832 -0.00150098 0.000168168 0.999999 0.0568409 0.0148064 -0.116451
FixedParameters: 0 0 0

#Transform 186
Transform: AffineTransform_float_3_3
Parameters: 0.999999 -8.40032e-05 0.00150106 8.49965e-05 1 -0.000663873 -0.00150094 0.000664126 0.999998 0.0590617 -0.00127775 -0.13086
FixedParameters: 0 0 0

#Transform 187
Transform: AffineTransform_float_3_3
Parameters: 0.999998 -0.000153588 0.00170904 0.000154412 1 -0.000240736 -0.00170896 0.000241263 0.999998 0.0592278 -0.0190079 -0.119889
FixedParameters: 0 0 0

#Transform 188
Transform: AffineTransform_float_3_3
Parameters: 0.999999 -1.1203e-05 0.00150101 1.1797e-05 1 -0.000530983 -0.00150099 0.000531017 0.999998 0.0606077 -0.00247124 -0.109827
FixedParameters: 0 0 0

#Transform 189
Transform: AffineTransform_float_3_3
Parameters: 0.999999 0.000129708 0.00150094 -0.000129291 1 -0.000472194 -0.00150106 0.000471806 0.999999 0.0631508 -0.00108167 -0.125099
FixedParameters: 0 0 0

#Transform 190
Transform: AffineTransform_float_3_3
Parameters: 0.999999 0.000282942 0.00141481 -0.000282057 0.999999 -0.000666399 -0.00141519 0.0006656 0.999999 0.0486266 -0.0104737 -0.116152
FixedParameters: 0 0 0

#Transform 191
Transform: AffineTransform_float_3_3
Parameters: 0.999999 0.000361848 0.00131877 -0.000361153 0.999999 -0.000642477 -0.00131823 0.000642523 0.999999 0.0440325 -0.0204974 -0.127693
FixedParameters: 0 0 0

#Transform 192
Transform: AffineTransform_float_3_3
Parameters: 0.999999 0.000291908 0.0013208 -0.000291091 0.999999 -0.000688385 -0.0013212 0.000687615 0.999999 0.0509798 -0.00129739 -0.128716
FixedParameters: 0 0 0

#Transform 193
Transform: AffineTransform_float_3_3
Parameters: 0.999999 0.000274654 0.00150088 -0.000273345 1 -0.000436411 -0.00150112 0.000435588 0.999999 0.0520517 -0.00168045 -0.144297
FixedParameters: 0 0 0

#Transform 194
Transform: AffineTransform_float_3_3
Parameters: 0.999999 0.000455035 0.00121461 -0.000453966 0.999999 -0.000851552 -0.00121439 0.000851448 0.999999 0.049161 0.000482426 -0.150935
FixedParameters: 0 0 0

#Transform 195
Transform: AffineTransform_float_3_3
Parameters: 0.999999 0.000436989 0.00127466 -0.000436011 0.999999 -0.000775556 -0.00127534 0.000775443 0.999999 0.0508899 -0.0193417 -0.149732
FixedParameters: 0 0 0

#Transform 196
Transform: AffineTransform_float_3_3
Parameters: 0.999998 0.000685164 0.00150047 -0.000683836 1 -0.000776028 -0.00150153 0.000774973 0.999999 0.0576047 -0.0220082 -0.170722
FixedParameters: 0 0 0

#Transform 197
Transform: AffineTransform_float_3_3
Parameters: 0.999999 0.000483488 0.00150052 -0.000481512 1 -0.000991725 -0.00150148 0.000991276 0.999999 0.0535214 -0.0102536 -0.172097
FixedParameters: 0 0 0

#Transform 198
Transform: AffineTransform_float_3_3
Parameters: 0.999999 0.00043035 0.0014386 -0.000429648 0.999999 -0.000939618 -0.0014394 0.000938381 0.999998 0.0549939 -0.0196917 -0.153048
FixedParameters: 0 0 0

#Transform 199
Transform: AffineTransform_float_3_3
Parameters: 0.999998 0.000641269 0.00150046 -0.000639732 1 -0.000845961 -0.00150054 0.000845039 0.999998 0.0584224 -0.0346928 -0.151584
FixedParameters: 0 0 0

#Transform 200
Transform: AffineTransform_float_3_3
Parameters: 0.999998 0.000851357 0.00137216 -0.000849643 0.999999 -0.000989167 -0.00137284 0.000987832 0.999998 0.0486804 -0.00827684 -0.153796
FixedParameters: 0 0 0

#Transform 201
Transform: AffineTransform_float_3_3
Parameters: 0.999998 0.000809439 0.00138516 -0.000808561 0.999999 -0.00103912 -0.00138584 0.00103788 0.999998 0.046332 -0.0165829 -0.154596
FixedParameters: 0 0 0

#Transform 202
Transform: AffineTransform_float_3_3
Parameters: 0.999998 0.000787714 0.0015001 -0.000786285 0.999999 -0.00114318 -0.0015009 0.00114182 0.999998 0.0429703 -0.0145788 -0.156747
FixedParameters: 0 0 0

#Transform 203
Transform: AffineTransform_float_3_3
Parameters: 0.999999 0.00063589 0.00114751 -0.000635109 0.999999 -0.000775729 -0.00114849 0.00077527 0.999999 0.0499668 -0.00811063 -0.149437
FixedParameters: 0 0 0

#Transform 204
Transform: AffineTransform_float_3_3
Parameters: 0.999999 0.000913987 0.00149979 -0.000912012 0.999998 -0.00132537 -0.00150121 0.00132363 0.999998 0.0461954 0.000773332 -0.159866
FixedParameters: 0 0 0

#Transform 205
Transform: AffineTransform_float_3_3
Parameters: 0.999999 0.000866684 0.00129087 -0.000864315 0.999999 -0.00130512 -0.00129213 0.00130388 0.999999 0.0424495 -0.0190959 -0.159112
FixedParameters: 0 0 0

#Transform 206
Transform: AffineTransform_float_3_3
Parameters: 0.999999 0.000967651 0.00149994 -0.00096535 0.999999 -0.00110045 -0.00150106 0.00109955 0.999999 0.0345204 -0.0274465 -0.155952
FixedParameters: 0 0 0

#Transform 207
Transform: AffineTransform_float_3_3
Parameters: 0.999999 0.00116248 0.0013217 -0.00116052 0.999998 -0.00112154 -0.0013233 0.00112046 0.999999 0.0333301 -0.0132763 -0.148808
FixedParameters: 0 0 0

#Transform 208
Transform: AffineTransform_float_3_3
Parameters: 0.999998 0.000825343 0.00150026 -0.000823658 1 -0.000895238 -0.00150074 0.000894763 0.999999 0.0453744 0.00702979 -0.152311
FixedParameters: 0 0 0

#Transform 209
Transform: AffineTransform_float_3_3
Parameters: 0.999998 0.000986408 0.00133996 -0.000984592 0.999999 -0.00105032 -0.00134103 0.00104968 0.999998 0.0397619 -0.0031463 -0.154737
FixedParameters: 0 0 0

#Transform 210
Transform: AffineTransform_float_3_3
Parameters: 0.999998 0.000636393 0.00150041 -0.000634607 1 -0.000928954 -0.00150059 0.000928047 0.999999 0.0462914 -0.0113425 -0.15302
FixedParameters: 0 0 0

#Transform 211
Transform: AffineTransform_float_3_3
Parameters: 0.999998 0.000636699 0.00150028 -0.000635301 0.999999 -0.00113296 -0.00150072 0.00113205 0.999998 0.0463486 0.00498539 -0.132485
FixedParameters: 0 0 0

#Transform 212
Transform: AffineTransform_float_3_3
Parameters: 0.999998 0.000636887 0.0015002 -0.000635112 0.999999 -0.00125895 -0.0015008 0.00125705 0.999998 0.0466287 0.00427485 -0.147467
FixedParameters: 0 0 0

#Transform 213
Transform: AffineTransform_float_3_3
Parameters: 0.999998 0.000636602 0.00150032 -0.000635398 0.999999 -0.00106796 -0.00150068 0.00106705 0.999999 0.0585216 -0.0098807 -0.13891
FixedParameters: 0 0 0

#Transform 214
Transform: AffineTransform_float_3_3
Parameters: 0.999998 0.000774497 0.0014452 -0.000772503 0.999999 -0.00103612 -0.0014458 0.00103488 0.999999 0.0395072 -0.0106342 -0.114212
FixedParameters: 0 0 0

#Transform 215
Transform: AffineTransform_float_3_3
Parameters: 0.999998 0.000636288 0.00150045 -0.000634712 1 -0.000858953 -0.00150054 0.000858046 0.999998 0.0468677 0.00956236 -0.137029
FixedParameters: 0 0 0

#Transform 216
Transform: AffineTransform_float_3_3
Parameters: 0.999999 0.000468421 0.00150056 -0.000467579 1 -0.000946704 -0.00150144 0.000946299 0.999999 0.061497 0.0338163 -0.13008
FixedParameters: 0 0 0

#Transform 217
Transform: AffineTransform_float_3_3
Parameters: 0.999998 0.000481643 0.00161551 -0.000480358 1 -0.00101678 -0.00161549 0.00101622 0.999998 0.0557764 0.00274999 -0.112642
FixedParameters: 0 0 0

#Transform 218
Transform: AffineTransform_float_3_3
Parameters: 0.999999 0.000603373 0.00144543 -0.000601628 1 -0.000949872 -0.00144557 0.00094913 0.999999 0.0487989 0.0142916 -0.118621
FixedParameters: 0 0 0

#Transform 219
Transform: AffineTransform_float_3_3
Parameters: 0.999998 0.000658164 0.00150049 -0.000656836 1 -0.000775987 -0.00150151 0.000775014 0.999999 0.0502269 -0.0168976 -0.108098
FixedParameters: 0 0 0

#Transform 220
Transform: AffineTransform_float_3_3
Parameters: 0.999998 0.000714356 0.00143532 -0.000712644 1 -0.000945024 -0.00143567 0.000943975 0.999998 0.0477486 0.00880141 -0.120339
FixedParameters: 0 0 0

#Transform 221
Transform: AffineTransform_float_3_3
Parameters: 0.999999 0.000788921 0.00118639 -0.00078808 1 -0.000775936 -0.00118761 0.000775064 0.999999 0.0530916 0.00879219 -0.124507
FixedParameters: 0 0 0

#Transform 222
Transform: AffineTransform_float_3_3
Parameters: 0.999998 0.000808483 0.0015002 -0.000806516 0.999999 -0.000989212 -0.0015008 0.000987789 0.999999 0.0611078 0.00486957 -0.139349
FixedParameters: 0 0 0

#Transform 223
Transform: AffineTransform_float_3_3
Parameters: 0.999998 0.000818119 0.00144036 -0.000816883 1 -0.000776178 -0.00144063 0.000775822 0.999998 0.0539106 0.00149799 -0.128334
FixedParameters: 0 0 0

#Transform 224
Transform: AffineTransform_float_3_3
Parameters: 0.999999 0.00092052 0.00160513 -0.00091948 0.999999 -0.000947478 -0.00160587 0.000945524 0.999999 0.0521087 0.00146473 -0.140005
FixedParameters: 0 0 0

#Transform 225
Transform: AffineTransform_float_3_3
Parameters: 0.999999 0.000989246 0.00150018 -0.000987756 0.999999 -0.000830483 -0.00150082 0.000829516 0.999998 0.0496545 0.00648163 -0.119154
FixedParameters: 0 0 0

#Transform 226
Transform: AffineTransform_float_3_3
Parameters: 0.999998 0.000795099 0.00141538 -0.000793902 1 -0.000776125 -0.00141562 0.000775876 0.999998 0.0594739 0.00876858 -0.122562
FixedParameters: 0 0 0

#Transform 227
Transform: AffineTransform_float_3_3
Parameters: 0.999999 0.00088629 0.00150024 -0.000884711 0.999999 -0.000860328 -0.00150076 0.000858671 0.999998 0.0495974 -0.00128679 -0.12289
FixedParameters: 0 0 0

#Transform 228
Transform: AffineTransform_float_3_3
Parameters: 0.999999 0.000898234 0.0015883 -0.000896768 1 -0.000776426 -0.0015887 0.000775575 0.999999 0.0599417 -0.0106752 -0.128392
FixedParameters: 0 0 0

#Transform 229
Transform: AffineTransform_float_3_3
Parameters: 0.999999 0.000958647 0.00150059 -0.000957354 1 -0.000431437 -0.00150141 0.000429561 0.999999 0.0509758 -0.0144052 -0.125155
FixedParameters: 0 0 0

#Transform 230
Transform: AffineTransform_float_3_3
Parameters: 0.999997 0.00102641 0.00189123 -0.00102459 0.999999 -0.00074694 -0.00189276 0.000745059 0.999998 0.0501812 0.000831494 -0.140931
FixedParameters: 0 0 0

#Transform 231
Transform: AffineTransform_float_3_3
Parameters: 0.999998 0.00100135 0.00179925 -0.000999647 0.999999 -0.0007528 -0.00179975 0.0007502 0.999998 0.0487446 0.0091816 -0.12829
FixedParameters: 0 0 0

#Transform 232
Transform: AffineTransform_float_3_3
Parameters: 0.999999 0.000949857 0.00150046 -0.000949145 1 -0.000571425 -0.00150054 0.000569576 0.999998 0.0495384 0.00749885 -0.121637
FixedParameters: 0 0 0

#Transform 233
Transform: AffineTransform_float_3_3
Parameters: 0.999998 0.000854012 0.00150042 -0.000852989 1 -0.000674281 -0.00150057 0.00067372 0.999998 0.0575859 0.00558363 -0.123704
FixedParameters: 0 0 0

#Transform 234
Transform: AffineTransform_float_3_3
Parameters: 0.999998 0.000788335 0.0015003 -0.000787665 1 -0.000890184 -0.0015007 0.000888819 0.999999 0.0636525 0.011132 -0.130121
FixedParameters: 0 0 0

#Transform 235
Transform: AffineTransform_float_3_3
Parameters: 0.999998 0.000836232 0.00174341 -0.00083477 1 -0.000706457 -0.00174359 0.000705544 0.999998 0.0625831 -0.0124513 -0.143125
FixedParameters: 0 0 0

#Transform 236
Transform: AffineTransform_float_3_3
Parameters: 0.999998 0.000907527 0.00178122 -0.000906474 0.999999 -0.000857617 -0.00178178 0.000856385 0.999998 0.068599 -0.0109919 -0.133978
FixedParameters: 0 0 0

#Transform 237
Transform: AffineTransform_float_3_3
Parameters: 0.999999 0.000764142 0.00166248 -0.000762859 1 -0.00068727 -0.00166253 0.000685731 0.999999 0.0651967 0.0134361 -0.132215
FixedParameters: 0 0 0

#Transform 238
Transform: AffineTransform_float_3_3
Parameters: 0.999999 0.000770188 0.00165045 -0.000769815 1 -0.000719272 -0.00165056 0.000718731 0.999999 0.0656678 0.0112674 -0.127813
FixedParameters: 0 0 0

#Transform 239
Transform: AffineTransform_float_3_3
Parameters: 0.999998 0.000889141 0.00150032 -0.00088786 1 -0.000760333 -0.00150067 0.000759667 0.999998 0.0610311 0.00286543 -0.109638
FixedParameters: 0 0 0

#Transform 240
Transform: AffineTransform_float_3_3
Parameters: 0.999998 0.00082049 0.0017393 -0.00081951 1 -0.000857427 -0.0017397 0.000855575 0.999998 0.0589888 -0.0064851 -0.111908
FixedParameters: 0 0 0

#Transform 241
Transform: AffineTransform_float_3_3
Parameters: 0.999999 0.00067952 0.00164838 -0.000678481 1 -0.00092212 -0.00164863 0.000920882 0.999998 0.0646141 0.0154546 -0.128252
FixedParameters: 0 0 0

#Transform 242
Transform: AffineTransform_float_3_3
Parameters: 0.999998 0.000757049 0.0017251 -0.000754953 0.999999 -0.0011873 -0.0017259 0.0011867 0.999998 0.0601594 0.0158579 -0.117707
FixedParameters: 0 0 0

#Transform 243
Transform: AffineTransform_float_3_3
Parameters: 0.999999 0.000798433 0.00167232 -0.000796567 1 -0.000857334 -0.00167368 0.000855666 0.999998 0.0605073 -0.0169363 -0.133414
FixedParameters: 0 0 0

#Transform 244
Transform: AffineTransform_float_3_3
Parameters: 0.999998 0.000846027 0.00175903 -0.000843972 0.999999 -0.00115349 -0.00175997 0.00115151 0.999998 0.0604598 -0.00382373 -0.141156
FixedParameters: 0 0 0

#Transform 245
Transform: AffineTransform_float_3_3
Parameters: 0.999998 0.000836174 0.00175196 -0.000833827 0.999999 -0.00124046 -0.00175304 0.00123954 0.999997 0.060656 -0.00325127 -0.138896
FixedParameters: 0 0 0

#Transform 246
Transform: AffineTransform_float_3_3
Parameters: 0.999998 0.000955761 0.00171002 -0.00095324 0.999999 -0.00102963 -0.00171098 0.00102837 0.999998 0.0518936 -0.0155446 -0.131518
FixedParameters: 0 0 0

#Transform 247
Transform: AffineTransform_float_3_3
Parameters: 0.999998 0.00102369 0.00196812 -0.00102131 0.999999 -0.000858012 -0.00196888 0.000855986 0.999997 0.0550086 -2.96034e-05 -0.125204
FixedParameters: 0 0 0

#Transform 248
Transform: AffineTransform_float_3_3
Parameters: 0.999997 0.000982033 0.00194697 -0.000979966 0.999999 -0.00104491 -0.00194802 0.00104309 0.999997 0.0587638 0.0348814 -0.131869
FixedParameters: 0 0 0

#Transform 249
Transform: AffineTransform_float_3_3
Parameters: 0.999997 0.00105983 0.00194901 -0.00105817 0.999999 -0.000939064 -0.00194999 0.000936935 0.999997 0.0562456 0.0113414 -0.134139
FixedParameters: 0 0 0

#Transform 250
Transform: AffineTransform_float_3_3
Parameters: 0.999998 0.00106677 0.00206909 -0.00106523 0.999999 -0.000858207 -0.00206992 0.000855795 0.999998 0.0628212 0.00431002 -0.122418
FixedParameters: 0 0 0

#Transform 251
Transform: AffineTransform_float_3_3
Parameters: 0.999998 0.000919532 0.00178721 -0.000918469 0.999999 -0.000857643 -0.00178779 0.000856358 0.999998 0.0635634 0.0132127 -0.111986
FixedParameters: 0 0 0

#Transform 252
Transform: AffineTransform_float_3_3
Parameters: 0.999998 0.000861713 0.0018532 -0.000859288 0.999999 -0.000924594 -0.00185379 0.000923405 0.999998 0.0598896 0.0207029 -0.11983
FixedParameters: 0 0 0

#Transform 253
Transform: AffineTransform_float_3_3
Parameters: 0.999998 0.000821635 0.0019073 -0.000820365 1 -0.000857567 -0.0019087 0.000856434 0.999998 0.0596637 0.013434 -0.100644
FixedParameters: 0 0 0

#Transform 254
Transform: AffineTransform_float_3_3
Parameters: 0.999998 0.000595309 0.00190759 -0.00059369 0.999999 -0.000687134 -0.00190841 0.000685865 0.999998 0.0634097 -0.00700897 -0.0669347
FixedParameters: 0 0 0

#Transform 255
Transform: AffineTransform_float_3_3
Parameters: 0.999998 0.000549932 0.00190744 -0.000548068 1 -0.00101305 -0.00190856 0.00101195 0.999997 0.0736213 0.0517474 -0.0963807
FixedParameters: 0 0 0

#Transform 256
Transform: AffineTransform_float_3_3
Parameters: 0.999998 0.000774131 0.00190714 -0.000771869 0.999999 -0.00111747 -0.00190886 0.00111652 0.999997 0.0696823 0.0197299 -0.126268
FixedParameters: 0 0 0

#Transform 257
Transform: AffineTransform_float_3_3
Parameters: 0.999997 0.000674133 0.00207831 -0.000671868 0.999999 -0.0010264 -0.00207869 0.0010256 0.999998 0.0659427 -1.90392e-05 -0.128757
FixedParameters: 0 0 0

#Transform 258
Transform: AffineTransform_float_3_3
Parameters: 0.999998 0.000748634 0.00190736 -0.000747365 1 -0.000857427 -0.00190864 0.000855573 0.999998 0.0700978 -0.00192628 -0.126296
FixedParameters: 0 0 0

#Transform 259
Transform: AffineTransform_float_3_3
Parameters: 0.999998 0.000708634 0.00190739 -0.000706365 1 -0.000857349 -0.00190861 0.000855649 0.999998 0.0708277 0.00964075 -0.130135
FixedParameters: 0 0 0

#Transform 260
Transform: AffineTransform_float_3_3
Parameters: 0.999998 0.000699634 0.0019074 -0.000698365 1 -0.000857334 -0.0019086 0.000855667 0.999998 0.0708962 -0.00182262 -0.143176
FixedParameters: 0 0 0

#Transform 261
Transform: AffineTransform_float_3_3
Parameters: 0.999998 0.0008463 0.00190742 -0.000844701 1 -0.000681613 -0.00190858 0.000680386 0.999998 0.0684034 -0.00399266 -0.131432
FixedParameters: 0 0 0

#Transform 262
Transform: AffineTransform_float_3_3
Parameters: 0.999997 0.000937635 0.0019072 -0.000935365 0.999999 -0.000857786 -0.0019088 0.000856212 0.999998 0.0667976 -0.00243445 -0.134826
FixedParameters: 0 0 0

#Transform 263
Transform: AffineTransform_float_3_3
Parameters: 0.999998 0.000901093 0.0020921 -0.000898908 0.999999 -0.00100088 -0.0020929 0.000999117 0.999998 0.0653845 0.00734405 -0.156032
FixedParameters: 0 0 0

#Transform 264
Transform: AffineTransform_float_3_3
Parameters: 0.999997 0.000980997 0.00190697 -0.000979001 0.999999 -0.00104887 -0.00190802 0.00104613 0.999997 0.0687799 -0.000545435 -0.156521
FixedParameters: 0 0 0

#Transform 265
Transform: AffineTransform_float_3_3
Parameters: 0.999998 0.000919635 0.00190721 -0.000918365 0.999999 -0.000857753 -0.00190879 0.000856247 0.999998 0.070292 -9.54391e-05 -0.153005
FixedParameters: 0 0 0

#Transform 266
Transform: AffineTransform_float_3_3
Parameters: 0.999998 0.000925777 0.00207221 -0.000923225 0.999999 -0.000857915 -0.00207279 0.000856083 0.999997 0.07457 -0.00595241 -0.141836
FixedParameters: 0 0 0

#Transform 267
Transform: AffineTransform_float_3_3
Parameters: 0.999998 0.000862635 0.00190726 -0.000861365 1 -0.000857645 -0.00190874 0.000856355 0.999998 0.0750029 0.0105358 -0.153001
FixedParameters: 0 0 0

#Transform 268
Transform: AffineTransform_float_3_3
Parameters: 0.999997 0.00101142 0.00226192 -0.00100958 0.999999 -0.00107129 -0.00226308 0.00106871 0.999997 0.0782904 -0.000355935 -0.157666
FixedParameters: 0 0 0

#Transform 269
Transform: AffineTransform_float_3_3
Parameters: 0.999998 0.000964255 0.00206595 -0.000962746 0.999999 -0.00109199 -0.00206705 0.00109001 0.999998 0.0810364 -0.0102664 -0.165983
FixedParameters: 0 0 0

#Transform 270
Transform: AffineTransform_float_3_3
Parameters: 0.999997 0.00096227 0.00219701 -0.00096073 0.999999 -0.00103411 -0.00219799 0.00103189 0.999997 0.0765921 -0.00793999 -0.156888
FixedParameters: 0 0 0

#Transform 271
Transform: AffineTransform_float_3_3
Parameters: 0.999997 0.000953215 0.00215402 -0.000950788 0.999999 -0.00102805 -0.00215498 0.00102695 0.999997 0.080486 -0.00984459 -0.156574
FixedParameters: 0 0 0

#Transform 272
Transform: AffineTransform_float_3_3
Parameters: 0.999998 0.000876522 0.00211696 -0.000873478 0.999999 -0.00119185 -0.00211804 0.00119015 0.999997 0.0821947 0.0213089 -0.159381
FixedParameters: 0 0 0

#Transform 273
Transform: AffineTransform_float_3_3
Parameters: 0.999998 0.000745783 0.00213003 -0.000743218 0.999999 -0.00130659 -0.00213097 0.00130541 0.999997 0.0843051 0.00150725 -0.161489
FixedParameters: 0 0 0

#Transform 274
Transform: AffineTransform_float_3_3
Parameters: 0.999998 0.000736816 0.00218205 -0.000734182 0.999999 -0.00129161 -0.00218395 0.00128939 0.999997 0.0757572 0.00130191 -0.140471
FixedParameters: 0 0 0

#Transform 275
Transform: AffineTransform_float_3_3
Parameters: 0.999998 0.000776956 0.00211192 -0.000774043 0.999998 -0.00140064 -0.00211309 0.00139836 0.999997 0.0839891 0.00228798 -0.139627
FixedParameters: 0 0 0

#Transform 276
Transform: AffineTransform_float_3_3
Parameters: 0.999998 0.000833775 0.00190679 -0.000831222 0.999998 -0.00145659 -0.00190821 0.00145441 0.999997 0.0778171 -0.00931313 -0.152203
FixedParameters: 0 0 0

#Transform 277
Transform: AffineTransform_float_3_3
Parameters: 0.999997 0.000903442 0.00226363 -0.000900562 0.999999 -0.00152004 -0.00226437 0.00151896 0.999997 0.0802024 0.0033916 -0.141704
FixedParameters: 0 0 0

#Transform 278
Transform: AffineTransform_float_3_3
Parameters: 0.999997 0.000855114 0.0022238 -0.000851886 0.999998 -0.0014009 -0.00222519 0.0013991 0.999996 0.0793343 0.0107844 -0.159106
FixedParameters: 0 0 0

#Transform 279
Transform: AffineTransform_float_3_3
Parameters: 0.999998 0.000924996 0.00213971 -0.000922003 0.999998 -0.00140098 -0.00214129 0.00139902 0.999996 0.0809947 0.00193444 -0.160168
FixedParameters: 0 0 0

#Transform 280
Transform: AffineTransform_float_3_3
Parameters: 0.999998 0.000826218 0.00209373 -0.000822784 0.999999 -0.00153673 -0.00209527 0.00153527 0.999996 0.0810373 0.0231572 -0.165376
FixedParameters: 0 0 0

#Transform 281
Transform: AffineTransform_float_3_3
Parameters: 0.999998 0.0008569 0.00213184 -0.0008541 0.999998 -0.00136082 -0.00213316 0.00135918 0.999997 0.0823613 0.011102 -0.162376
FixedParameters: 0 0 0

#Transform 282
Transform: AffineTransform_float_3_3
Parameters: 0.999998 0.0010242 0.00207643 -0.0010208 0.999999 -0.00154012 -0.00207757 0.00153788 0.999996 0.0722138 0.0158966 -0.151853
FixedParameters: 0 0 0

#Transform 283
Transform: AffineTransform_float_3_3
Parameters: 0.999997 0.000879183 0.00226477 -0.000875817 0.999998 -0.00140599 -0.00226623 0.00140401 0.999997 0.0792483 0.00986221 -0.150488
FixedParameters: 0 0 0

#Transform 284
Transform: AffineTransform_float_3_3
Parameters: 0.999996 0.00106783 0.00239174 -0.00106517 0.999998 -0.00118255 -0.00239226 0.00118045 0.999997 0.0701649 -0.000410285 -0.13891
FixedParameters: 0 0 0

#Transform 285
Transform: AffineTransform_float_3_3
Parameters: 0.999997 0.00111323 0.00228243 -0.00111077 0.999999 -0.00141754 -0.00228458 0.00141446 0.999997 0.0706991 0.00815055 -0.144772
FixedParameters: 0 0 0

#Transform 286
Transform: AffineTransform_float_3_3
Parameters: 0.999997 0.00103282 0.0022467 -0.00103018 0.999998 -0.00125732 -0.00224729 0.00125468 0.999996 0.0700273 0.0116932 -0.160924
FixedParameters: 0 0 0

#Transform 287
Transform: AffineTransform_float_3_3
Parameters: 0.999998 0.000911161 0.00209463 -0.000907842 0.999999 -0.00150891 -0.00209537 0.00150709 0.999996 0.0805507 0.0211843 -0.156165
FixedParameters: 0 0 0

#Transform 288
Transform: AffineTransform_float_3_3
Parameters: 0.999997 0.000632612 0.00203288 -0.000629387 0.999998 -0.00177728 -0.00203412 0.00177572 0.999997 0.0759308 0.0319155 -0.101336
FixedParameters: 0 0 0

#Transform 289
Transform: AffineTransform_float_3_3
Parameters: 0.999997 0.000728826 0.0023305 -0.000724173 0.999997 -0.00207169 -0.0023315 0.00206931 0.999995 0.07272 0.0535569 -0.137432
FixedParameters: 0 0 0

#Transform 290
Transform: AffineTransform_float_3_3
Parameters: 0.999997 0.000574534 0.00263258 -0.000568466 0.999997 -0.00248151 -0.00263442 0.0024805 0.999994 0.0834456 0.0304339 -0.180455
FixedParameters: 0 0 0

#Transform 291
Transform: AffineTransform_float_3_3
Parameters: 0.999996 0.000682588 0.00267658 -0.000677412 0.999997 -0.00208782 -0.00267842 0.00208618 0.999994 0.0804119 0.00862364 -0.187711
FixedParameters: 0 0 0

#Transform 292
Transform: AffineTransform_float_3_3
Parameters: 0.999996 0.000819403 0.00264402 -0.000812596 0.999996 -0.00242216 -0.00264597 0.00241984 0.999993 0.0841781 0.0186405 -0.211535
FixedParameters: 0 0 0

#Transform 293
Transform: AffineTransform_float_3_3
Parameters: 0.999996 0.00055046 0.00274571 -0.000543538 0.999997 -0.0023535 -0.00274729 0.0023515 0.999994 0.0957426 -0.0124472 -0.214872
FixedParameters: 0 0 0

#Transform 294
Transform: AffineTransform_float_3_3
Parameters: 0.999997 0.000813854 0.00257316 -0.000807145 0.999997 -0.00227509 -0.00257584 0.00227291 0.999994 0.0862525 -0.0138728 -0.215686
FixedParameters: 0 0 0

#Transform 295
Transform: AffineTransform_float_3_3
Parameters: 0.999996 0.000563599 0.00276366 -0.000557401 0.999997 -0.00238755 -0.00276534 0.00238645 0.999994 0.0932484 0.012508 -0.207534
FixedParameters: 0 0 0

#Transform 296
Transform: AffineTransform_float_3_3
Parameters: 0.999996 0.000567038 0.00276357 -0.000559964 0.999996 -0.00254656 -0.00276443 0.00254544 0.999993 0.0993441 0.00675682 -0.202095
FixedParameters: 0 0 0

#Transform 297
Transform: AffineTransform_float_3_3
Parameters: 0.999995 0.000468846 0.00292775 -0.000461152 0.999997 -0.00268036 -0.00292925 0.00267864 0.999992 0.0917906 0.0115559 -0.19308
FixedParameters: 0 0 0

#Transform 298
Transform: AffineTransform_float_3_3
Parameters: 0.999995 0.000523569 0.00290465 -0.000516431 0.999996 -0.00260551 -0.00290636 0.00260449 0.999993 0.0901676 0.0191737 -0.1676
FixedParameters: 0 0 0

#Transform 299
Transform: AffineTransform_float_3_3
Parameters: 0.999996 0.000448898 0.00276389 -0.000442103 0.999997 -0.00249523 -0.00276511 0.00249477 0.999993 0.101493 0.0404036 -0.182076
FixedParameters: 0 0 0

#Transform 300
Transform: AffineTransform_float_3_3
Parameters: 0.999996 0.000433349 0.00276386 -0.00042665 0.999997 -0.00265919 -0.00276514 0.00265781 0.999992 0.101458 0.0338226 -0.185959
FixedParameters: 0 0 0

#Transform 301
Transform: AffineTransform_float_3_3
Parameters: 0.999996 0.000237859 0.00284735 -0.000230143 0.999996 -0.00275967 -0.00284765 0.00275933 0.999992 0.0969393 0.0170085 -0.184451
FixedParameters: 0 0 0

#Transform 302
Transform: AffineTransform_float_3_3
Parameters: 0.999996 0.000390123 0.00276387 -0.000381876 0.999995 -0.00293907 -0.00276513 0.00293793 0.999992 0.0999124 0.0126069 -0.171136
FixedParameters: 0 0 0

#Transform 303
Transform: AffineTransform_float_3_3
Parameters: 0.999995 0.000517775 0.00296248 -0.000509228 0.999996 -0.00296152 -0.00296352 0.00296048 0.999991 0.100035 0.0233499 -0.180428
FixedParameters: 0 0 0

#Transform 304
Transform: AffineTransform_float_3_3
Parameters: 0.999996 0.000452214 0.00276383 -0.000445788 0.999997 -0.00260924 -0.00276517 0.00260876 0.999993 0.0993187 0.0117096 -0.172236
FixedParameters: 0 0 0

#Transform 305
Transform: AffineTransform_float_3_3
Parameters: 0.999996 0.000192157 0.00276451 -0.000184843 0.999996 -0.00258952 -0.00276449 0.00258848 0.999993 0.0975913 0.0259909 -0.145639
FixedParameters: 0 0 0

#Transform 306
Transform: AffineTransform_float_3_3
Parameters: 0.999996 0.000181143 0.00276454 -0.000173859 0.999996 -0.00258349 -0.00276446 0.00258351 0.999993 0.0887491 0.0389611 -0.132156
FixedParameters: 0 0 0

#Transform 307
Transform: AffineTransform_float_3_3
Parameters: 0.999996 0.000395452 0.0027638 -0.000387547 0.999995 -0.00305808 -0.0027652 0.00305692 0.999991 0.0935543 0.0434567 -0.14574
FixedParameters: 0 0 0

#Transform 308
Transform: AffineTransform_float_3_3
Parameters: 0.999996 0.000677179 0.00276325 -0.00066982 0.999997 -0.00259886 -0.00276475 0.00259614 0.999993 0.0816994 0.0255443 -0.156797
FixedParameters: 0 0 0

#Transform 309
Transform: AffineTransform_float_3_3
Parameters: 0.999996 0.000929516 0.00276248 -0.000922486 0.999996 -0.00272056 -0.00276452 0.00271844 0.999993 0.0822666 0.0305954 -0.158863
FixedParameters: 0 0 0

#Transform 310
Transform: AffineTransform_float_3_3
Parameters: 0.999996 0.000850135 0.00296168 -0.000841865 0.999996 -0.00274651 -0.00296432 0.00274449 0.999992 0.0903253 0.0392357 -0.17347
FixedParameters: 0 0 0

#Transform 311
Transform: AffineTransform_float_3_3
Parameters: 0.999995 0.000846435 0.0030857 -0.000838562 0.999996 -0.0027346 -0.0030883 0.0027314 0.999992 0.091727 0.039122 -0.180651
FixedParameters: 0 0 0

#Transform 312
Transform: AffineTransform_float_3_3
Parameters: 0.999996 0.000718084 0.00295905 -0.000709916 0.999996 -0.00273211 -0.00296095 0.00272989 0.999992 0.094019 0.0232093 -0.178528
FixedParameters: 0 0 0

#Transform 313
Transform: AffineTransform_float_3_3
Parameters: 0.999995 0.000953796 0.00276266 -0.000947205 0.999997 -0.00245963 -0.00276534 0.00245737 0.999993 0.0861022 0.0181301 -0.169764
FixedParameters: 0 0 0

#Transform 314
Transform: AffineTransform_float_3_3
Parameters: 0.999996 0.000885266 0.00276268 -0.000877735 0.999996 -0.00262944 -0.00276532 0.00262756 0.999992 0.0952821 0.0379994 -0.18049
FixedParameters: 0 0 0

#Transform 315
Transform: AffineTransform_float_3_3
Parameters: 0.999995 0.000876562 0.00307485 -0.00086844 0.999996 -0.00245968 -0.00307614 0.00245732 0.999992 0.0905155 0.0168414 -0.190157
FixedParameters: 0 0 0

#Transform 316
Transform: AffineTransform_float_3_3
Parameters: 0.999996 0.000870329 0.0027627 -0.000862672 0.999996 -0.00265239 -0.0027653 0.0026506 0.999992 0.098602 0.00383718 -0.175355
FixedParameters: 0 0 0

#Transform 317
Transform: AffineTransform_float_3_3
Parameters: 0.999995 0.000757968 0.00283314 -0.000750034 0.999996 -0.00245913 -0.00283485 0.00245786 0.999993 0.0925361 0.0232227 -0.175263
FixedParameters: 0 0 0

#Transform 318
Transform: AffineTransform_float_3_3
Parameters: 0.999996 0.00063511 0.00276337 -0.000627889 0.999996 -0.00257374 -0.00276462 0.00257125 0.999993 0.0990107 0.0235138 -0.179349
FixedParameters: 0 0 0

#Transform 319
Transform: AffineTransform_float_3_3
Parameters: 0.999995 0.000486275 0.00295881 -0.000478726 0.999997 -0.00245843 -0.00296018 0.00245757 0.999992 0.0995493 0.0164501 -0.17159
FixedParameters: 0 0 0

#Transform 320
Transform: AffineTransform_float_3_3
Parameters: 0.999996 0.000653795 0.0027634 -0.000647207 0.999997 -0.0024588 -0.0027646 0.0024572 0.999993 0.0971302 0.0120578 -0.162966
FixedParameters: 0 0 0

#Transform 321
Transform: AffineTransform_float_3_3
Parameters: 0.999996 0.000749288 0.00296317 -0.000741714 0.999996 -0.00245921 -0.00296484 0.00245779 0.999993 0.100915 0.0316246 -0.18113
FixedParameters: 0 0 0

#Transform 322
Transform: AffineTransform_float_3_3
Parameters: 0.999995 0.000667429 0.00312221 -0.000658568 0.999996 -0.00270007 -0.00312479 0.00269793 0.999992 0.105158 0.0295465 -0.190508
FixedParameters: 0 0 0

#Transform 323
Transform: AffineTransform_float_3_3
Parameters: 0.999996 0.000616583 0.00301646 -0.000608419 0.999996 -0.00251385 -0.00301754 0.00251215 0.999993 0.106893 0.0200038 -0.176058
FixedParameters: 0 0 0

#Transform 324
Transform: AffineTransform_float_3_3
Parameters: 0.999996 0.0006387 0.00299558 -0.0006323 0.999998 -0.00223691 -0.00299742 0.0022351 0.999993 0.110957 0.0248243 -0.175077
FixedParameters: 0 0 0

#Transform 325
Transform: AffineTransform_float_3_3
Parameters: 0.999994 0.000487233 0.00340683 -0.000478768 0.999997 -0.00241665 -0.00340817 0.00241535 0.999992 0.109464 0.026954 -0.182205
FixedParameters: 0 0 0

#Transform 326
Transform: AffineTransform_float_3_3
Parameters: 0.999995 0.000486556 0.00319686 -0.000479442 0.999997 -0.00236455 -0.00319814 0.00236246 0.999992 0.111663 0.0264916 -0.18088
FixedParameters: 0 0 0

#Transform 327
Transform: AffineTransform_float_3_3
Parameters: 0.999994 0.000594284 0.00319665 -0.000587718 0.999997 -0.00227889 -0.00319735 0.00227711 0.999993 0.109771 0.00911791 -0.175722
FixedParameters: 0 0 0

#Transform 328
Transform: AffineTransform_float_3_3
Parameters: 0.999995 0.000642102 0.00331444 -0.000633896 0.999997 -0.00244511 -0.00331656 0.00244288 0.999991 0.107691 0.0052545 -0.182581
FixedParameters: 0 0 0

#Transform 329
Transform: AffineTransform_float_3_3
Parameters: 0.999995 0.000486269 0.0031969 -0.000478733 0.999998 -0.00227354 -0.0031981 0.00227246 0.999993 0.111676 0.0267198 -0.179251
FixedParameters: 0 0 0

#Transform 330
Transform: AffineTransform_float_3_3
Parameters: 0.999994 0.000486555 0.00338692 -0.000479447 0.999998 -0.00223064 -0.00338808 0.00222936 0.999992 0.109648 0.0110114 -0.182783
FixedParameters: 0 0 0

#Transform 331
Transform: AffineTransform_float_3_3
Parameters: 0.999994 0.000357801 0.00347821 -0.000350199 0.999998 -0.00224323 -0.0034788 0.00224177 0.999992 0.11636 0.0158815 -0.167692
FixedParameters: 0 0 0

#Transform 332
Transform: AffineTransform_float_3_3
Parameters: 0.999994 0.000326801 0.00349737 -0.000320199 0.999998 -0.00194513 -0.00349763 0.00194387 0.999992 0.110971 0.0236489 -0.152797
FixedParameters: 0 0 0

#Transform 333
Transform: AffineTransform_float_3_3
Parameters: 0.999995 0.000356428 0.00330531 -0.000350573 0.999998 -0.00194517 -0.00330569 0.00194383 0.999992 0.112501 0.0341739 -0.160733
FixedParameters: 0 0 0

#Transform 334
Transform: AffineTransform_float_3_3
Parameters: 0.999994 0.000412627 0.00340821 -0.000406372 0.999998 -0.0019454 -0.0034088 0.00194361 0.999993 0.107647 0.018604 -0.164421
FixedParameters: 0 0 0

#Transform 335
Transform: AffineTransform_float_3_3
Parameters: 0.999994 0.000396834 0.00338221 -0.000390165 0.999998 -0.00202133 -0.0033828 0.00201967 0.999992 0.103697 0.028415 -0.142762
FixedParameters: 0 0 0

#Transform 336
Transform: AffineTransform_float_3_3
Parameters: 0.999995 0.000473406 0.00319691 -0.000465595 0.999997 -0.0023165 -0.00319809 0.0023155 0.999992 0.110261 0.0377102 -0.147139
FixedParameters: 0 0 0

#Transform 337
Transform: AffineTransform_float_3_3
Parameters: 0.999995 0.000479703 0.00319685 -0.000472298 0.999997 -0.00240952 -0.00319815 0.00240848 0.999992 0.108591 0.0311281 -0.146976
FixedParameters: 0 0 0

#Transform 338
Transform: AffineTransform_float_3_3
Parameters: 0.999995 0.000498754 0.0031968 -0.000490243 0.999997 -0.00242658 -0.0031982 0.00242442 0.999992 0.103242 0.00974012 -0.148251
FixedParameters: 0 0 0

#Transform 339
Transform: AffineTransform_float_3_3
Parameters: 0.999994 0.000626791 0.00319648 -0.000619209 0.999997 -0.00243799 -0.00319752 0.00243601 0.999992 0.102029 0.00962851 -0.153501
FixedParameters: 0 0 0

#Transform 340
Transform: AffineTransform_float_3_3
Parameters: 0.999995 0.000726442 0.00313829 -0.000719558 0.999997 -0.00237127 -0.00314072 0.00236973 0.999993 0.102432 0.0290598 -0.15899
FixedParameters: 0 0 0

#Transform 341
Transform: AffineTransform_float_3_3
Parameters: 0.999994 0.00082709 0.00319617 -0.000819908 0.999997 -0.00221963 -0.00319783 0.00221637 0.999993 0.0985446 0.0346407 -0.165707
FixedParameters: 0 0 0

#Transform 342
Transform: AffineTransform_float_3_3
Parameters: 0.999995 0.000746226 0.00328837 -0.000738777 0.999998 -0.00219744 -0.00328963 0.00219556 0.999992 0.097124 0.0189263 -0.149706
FixedParameters: 0 0 0

#Transform 343
Transform: AffineTransform_float_3_3
Parameters: 0.999994 0.000657218 0.00319673 -0.00065078 0.999998 -0.00194609 -0.00319827 0.00194391 0.999993 0.102588 0.00829563 -0.153414
FixedParameters: 0 0 0

#Transform 344
Transform: AffineTransform_float_3_3
Parameters: 0.999994 0.000857181 0.00339995 -0.000848819 0.999996 -0.0024069 -0.00340205 0.0024041 0.999992 0.102834 0.0315949 -0.174385
FixedParameters: 0 0 0

#Transform 345
Transform: AffineTransform_float_3_3
Parameters: 0.999994 0.000556776 0.00319665 -0.000549226 0.999997 -0.00243277 -0.00319734 0.00243123 0.999992 0.108009 0.0235463 -0.151916
FixedParameters: 0 0 0

#Transform 346
Transform: AffineTransform_float_3_3
Parameters: 0.999995 0.000496665 0.00319682 -0.000488333 0.999997 -0.00239857 -0.00319818 0.00239642 0.999992 0.111406 0.0137908 -0.148589
FixedParameters: 0 0 0

#Transform 347
Transform: AffineTransform_float_3_3
Parameters: 0.999995 0.00033341 0.00319724 -0.00032559 0.999998 -0.00231805 -0.00319776 0.00231695 0.999992 0.114276 0.0156747 -0.153173
FixedParameters: 0 0 0

#Transform 348
Transform: AffineTransform_float_3_3
Parameters: 0.999994 0.000560888 0.00319662 -0.000553114 0.999997 -0.00246778 -0.00319737 0.00246622 0.999992 0.108631 0.0190907 -0.139214
FixedParameters: 0 0 0

#Transform 349
Transform: AffineTransform_float_3_3
Parameters: 0.999994 0.000728235 0.00319613 -0.000719764 0.999997 -0.00257731 -0.00319786 0.00257469 0.999991 0.10934 0.0272439 -0.179186
FixedParameters: 0 0 0

#Transform 350
Transform: AffineTransform_float_3_3
Parameters: 0.999994 0.00062583 0.00319648 -0.000618171 0.999997 -0.00244999 -0.00319752 0.00244801 0.999992 0.114351 0.0113663 -0.182429
FixedParameters: 0 0 0

#Transform 351
Transform: AffineTransform_float_3_3
Parameters: 0.999993 0.000643598 0.00356145 -0.000634404 0.999997 -0.00241427 -0.00356254 0.00241272 0.99999 0.114446 0.0163803 -0.182655
FixedParameters: 0 0 0

#Transform 352
Transform: AffineTransform_float_3_3
Parameters: 0.999994 0.000594577 0.00337567 -0.000586423 0.999998 -0.00224499 -0.00337732 0.00224301 0.999992 0.115547 -0.00582995 -0.179198
FixedParameters: 0 0 0

#Transform 353
Transform: AffineTransform_float_3_3
Parameters: 0.999994 0.000606932 0.00319669 -0.00060007 0.999998 -0.00216893 -0.00319731 0.00216707 0.999992 0.113937 0.0073371 -0.160354
FixedParameters: 0 0 0

#Transform 354
Transform: AffineTransform_float_3_3
Parameters: 0.999994 0.000788595 0.00351787 -0.000779406 0.999996 -0.00272776 -0.00352014 0.00272524 0.99999 0.108492 0.0175126 -0.156897
FixedParameters: 0 0 0

#Transform 355
Transform: AffineTransform_float_3_3
Parameters: 0.999995 0.000630279 0.00330443 -0.000622721 0.999996 -0.00250607 -0.00330557 0.00250393 0.999992 0.113255 0.0220838 -0.169423
FixedParameters: 0 0 0

#Transform 356
Transform: AffineTransform_float_3_3
Parameters: 0.999995 0.000875509 0.00319568 -0.000866494 0.999996 -0.00266278 -0.00319732 0.00266022 0.999992 0.106024 0.0136808 -0.159287
FixedParameters: 0 0 0

#Transform 357
Transform: AffineTransform_float_3_3
Parameters: 0.999994 0.000848461 0.00319576 -0.000840536 0.999996 -0.0026487 -0.00319824 0.0026453 0.999992 0.102346 0.0456585 -0.1527
FixedParameters: 0 0 0

#Transform 358
Transform: AffineTransform_float_3_3
Parameters: 0.999994 0.000811233 0.0035329 -0.000801771 0.999997 -0.00261385 -0.00353411 0.00261115 0.999991 0.111412 0.0357741 -0.159419
FixedParameters: 0 0 0

#Transform 359
Transform: AffineTransform_float_3_3
Parameters: 0.999994 0.000742408 0.00338717 -0.000733588 0.999996 -0.0024835 -0.00338983 0.0024805 0.999991 0.121768 0.0228861 -0.163122
FixedParameters: 0 0 0

#Transform 360
Transform: AffineTransform_float_3_3
Parameters: 0.999994 0.000763097 0.00333016 -0.000754902 0.999997 -0.00243253 -0.00333185 0.00242947 0.999992 0.117517 0.0120775 -0.165188
FixedParameters: 0 0 0

#Transform 361
Transform: AffineTransform_float_3_3
Parameters: 0.999994 0.000679171 0.00319648 -0.000671829 0.999998 -0.00224416 -0.00319752 0.00224184 0.999993 0.109011 0.0343627 -0.142823
FixedParameters: 0 0 0

#Transform 362
Transform: AffineTransform_float_3_3
Parameters: 0.999994 0.000806841 0.00319603 -0.000799159 0.999996 -0.00245357 -0.00319797 0.00245143 0.999992 0.107178 0.0316106 -0.154828
FixedParameters: 0 0 0

#Transform 363
Transform: AffineTransform_float_3_3
Parameters: 0.999993 0.000926997 0.00355967 -0.000918003 0.999997 -0.00252828 -0.00356233 0.00252471 0.99999 0.104285 0.017896 -0.160764
FixedParameters: 0 0 0

#Transform 364
Transform: AffineTransform_float_3_3
Parameters: 0.999994 0.000717555 0.00319609 -0.000708448 0.999996 -0.00267628 -0.00319791 0.00267472 0.999992 0.107082 0.0267291 -0.142665
FixedParameters: 0 0 0

#Transform 365
Transform: AffineTransform_float_3_3
Parameters: 0.999994 0.000877604 0.00319565 -0.000869397 0.999996 -0.00269279 -0.00319735 0.00269021 0.999992 0.110919 0.0487182 -0.157823
FixedParameters: 0 0 0

#Transform 366
Transform: AffineTransform_float_3_3
Parameters: 0.999994 0.000750075 0.00319588 -0.000740926 0.999995 -0.00283938 -0.00319811 0.00283762 0.999991 0.0975935 0.0425701 -0.132874
FixedParameters: 0 0 0

#Transform 367
Transform: AffineTransform_float_3_3
Parameters: 0.999994 0.000721587 0.00319607 -0.000713412 0.999996 -0.0026873 -0.00319793 0.00268471 0.999992 0.098019 0.0376118 -0.129177
FixedParameters: 0 0 0

#Transform 368
Transform: AffineTransform_float_3_3
Parameters: 0.999994 0.000714474 0.00338902 -0.000704524 0.999996 -0.0027964 -0.00339098 0.00279359 0.999991 0.105118 0.0536743 -0.153359
FixedParameters: 0 0 0

#Transform 369
Transform: AffineTransform_float_3_3
Parameters: 0.999994 0.000865928 0.0035526 -0.000855074 0.999995 -0.00279506 -0.0035544 0.00279194 0.99999 0.105368 0.0378349 -0.158022
FixedParameters: 0 0 0

#Transform 370
Transform: AffineTransform_float_3_3
Parameters: 0.999993 0.000954216 0.00348949 -0.00094478 0.999996 -0.00264232 -0.00349251 0.00263869 0.999991 0.107659 0.0152818 -0.146856
FixedParameters: 0 0 0

#Transform 371
Transform: AffineTransform_float_3_3
Parameters: 0.999993 0.000764372 0.00352398 -0.000755629 0.999996 -0.00265968 -0.00352602 0.00265732 0.999991 0.110638 0.029845 -0.141111
FixedParameters: 0 0 0

#Transform 372
Transform: AffineTransform_float_3_3
Parameters: 0.999995 0.000953448 0.00319549 -0.000944554 0.999996 -0.00264403 -0.00319751 0.00264097 0.999992 0.111706 0.0384215 -0.146446
FixedParameters: 0 0 0

#Transform 373
Transform: AffineTransform_float_3_3
Parameters: 0.999994 0.000838048 0.00334174 -0.000828949 0.999996 -0.00270879 -0.00334426 0.00270521 0.99999 0.102838 0.0330901 -0.145367
FixedParameters: 0 0 0

#Transform 374
Transform: AffineTransform_float_3_3
Parameters: 0.999994 0.000854214 0.00328388 -0.000845786 0.999996 -0.00250179 -0.00328613 0.00249921 0.999992 0.105437 0.0175233 -0.135753
FixedParameters: 0 0 0

#Transform 375
Transform: AffineTransform_float_3_3
Parameters: 0.999994 0.000691368 0.00336309 -0.000681631 0.999996 -0.00278631 -0.00336491 0.00278369 0.999991 0.107047 0.0356424 -0.132177
FixedParameters: 0 0 0

#Transform 376
Transform: AffineTransform_float_3_3
Parameters: 0.999994 0.000809305 0.00319566 -0.000799698 0.999996 -0.00291157 -0.00319734 0.00290943 0.99999 0.106716 0.0559421 -0.154906
FixedParameters: 0 0 0

#Transform 377
Transform: AffineTransform_float_3_3
Parameters: 0.999994 0.000691808 0.00319589 -0.000682191 0.999995 -0.0030692 -0.00319811 0.0030668 0.99999 0.108737 0.0408359 -0.170356
FixedParameters: 0 0 0

#Transform 378
Transform: AffineTransform_float_3_3
Parameters: 0.999995 0.00104006 0.00319507 -0.00103194 0.999996 -0.00283531 -0.00319794 0.00283269 0.999991 0.102443 0.0150714 -0.166262
FixedParameters: 0 0 0

#Transform 379
Transform: AffineTransform_float_3_3
Parameters: 0.999994 0.00112735 0.00329948 -0.00111765 0.999995 -0.00313771 -0.00330252 0.0031333 0.999989 0.0898915 0.0230118 -0.171834
FixedParameters: 0 0 0

#Transform 380
Transform: AffineTransform_float_3_3
Parameters: 0.999995 0.000944295 0.00319498 -0.000933706 0.999995 -0.003222 -0.00319802 0.003219 0.999989 0.104121 0.0242972 -0.195117
FixedParameters: 0 0 0

#Transform 381
Transform: AffineTransform_float_3_3
Parameters: 0.999994 0.00101805 0.00334696 -0.00100795 0.999995 -0.00300339 -0.00335004 0.00300061 0.99999 0.0969746 0.000660917 -0.179372
FixedParameters: 0 0 0

#Transform 382
Transform: AffineTransform_float_3_3
Parameters: 0.999995 0.000996003 0.00319521 -0.000986997 0.999995 -0.00281817 -0.00319779 0.00281483 0.999991 0.108305 0.00724598 -0.157985
FixedParameters: 0 0 0

#Transform 383
Transform: AffineTransform_float_3_3
Parameters: 0.999995 0.00109529 0.00319449 -0.00108471 0.999994 -0.00322248 -0.00319751 0.00321852 0.999989 0.107764 0.0434934 -0.169397
FixedParameters: 0 0 0

#Transform 384
Transform: AffineTransform_float_3_3
Parameters: 0.999994 0.00114501 0.00319479 -0.001136 0.999996 -0.00281865 -0.00319821 0.00281536 0.999991 0.106954 0.0301778 -0.179847
FixedParameters: 0 0 0

#Transform 385
Transform: AffineTransform_float_3_3
Parameters: 0.999995 0.00110659 0.0031947 -0.00109741 0.999995 -0.00300252 -0.00319731 0.00299948 0.999991 0.100166 0.0183519 -0.177085
FixedParameters: 0 0 0

#Transform 386
Transform: AffineTransform_float_3_3
Parameters: 0.999994 0.00117301 0.00319471 -0.001164 0.999996 -0.00281874 -0.00319829 0.00281527 0.999991 0.105794 0.0133335 -0.16128
FixedParameters: 0 0 0

#Transform 387
Transform: AffineTransform_float_3_3
Parameters: 0.999994 0.00126636 0.00319391 -0.00125664 0.999994 -0.00324503 -0.00319809 0.00324097 0.999989 0.106072 0.0543455 -0.17139
FixedParameters: 0 0 0

#Transform 388
Transform: AffineTransform_float_3_3
Parameters: 0.999994 0.00137696 0.00319372 -0.00136704 0.999994 -0.00311839 -0.00319827 0.00311362 0.99999 0.105473 0.0409844 -0.175412
FixedParameters: 0 0 0

#Transform 389
Transform: AffineTransform_float_3_3
Parameters: 0.999994 0.00136451 0.00319396 -0.00135549 0.999994 -0.00297635 -0.00319805 0.00297265 0.999991 0.106902 0.0220521 -0.172813
FixedParameters: 0 0 0

#Transform 390
Transform: AffineTransform_float_3_3
Parameters: 0.999993 0.00131603 0.00344381 -0.00130497 0.999994 -0.00320352 -0.0034482 0.00319848 0.999989 0.104809 0.0428726 -0.16741
FixedParameters: 0 0 0

#Transform 391
Transform: AffineTransform_float_3_3
Parameters: 0.999994 0.00120258 0.00328151 -0.00119242 0.999995 -0.00291993 -0.00328449 0.00291607 0.999991 0.096323 0.0410528 -0.194048
FixedParameters: 0 0 0

#Transform 392
Transform: AffineTransform_float_3_3
Parameters: 0.999995 0.00116311 0.00312499 -0.00115488 0.999996 -0.00259762 -0.00312801 0.00259338 0.999991 0.0962281 0.00545916 -0.18808
FixedParameters: 0 0 0

#Transform 393
Transform: AffineTransform_float_3_3
Parameters: 0.999994 0.00150354 0.00319399 -0.00149546 0.999996 -0.00267579 -0.00319801 0.00267121 0.999992 0.0948284 0.0227058 -0.157843
FixedParameters: 0 0 0

#Transform 394
Transform: AffineTransform_float_3_3
Parameters: 0.999994 0.00113817 0.0031951 -0.00112983 0.999996 -0.00255662 -0.0031979 0.00255337 0.999991 0.101224 0.0244199 -0.155352
FixedParameters: 0 0 0

#Transform 395
Transform: AffineTransform_float_3_3
Parameters: 0.999994 0.00116165 0.00319523 -0.00115435 0.999997 -0.0023957 -0.00319777 0.0023923 0.999992 0.100872 0.0227369 -0.132223
FixedParameters: 0 0 0

#Transform 396
Transform: AffineTransform_float_3_3
Parameters: 0.999994 0.00117011 0.00319541 -0.00116289 0.999997 -0.00222673 -0.0031976 0.00222227 0.999993 0.100771 0.0412401 -0.128168
FixedParameters: 0 0 0

#Transform 397
Transform: AffineTransform_float_3_3
Parameters: 0.999994 0.00132546 0.00319492 -0.00131754 0.999997 -0.00233622 -0.00319808 0.00233178 0.999992 0.0980396 0.0444806 -0.136916
FixedParameters: 0 0 0

#Transform 398
Transform: AffineTransform_float_3_3
Parameters: 0.999994 0.0012561 0.00319561 -0.0012499 0.999998 -0.00191001 -0.00319739 0.001906 0.999993 0.092408 0.0205183 -0.120313
FixedParameters: 0 0 0

#Transform 399
Transform: AffineTransform_float_3_3
Parameters: 0.999994 0.00130977 0.00319482 -0.00130123 0.999996 -0.00243417 -0.00319817 0.00242983 0.999992 0.106745 0.0504173 -0.138302
FixedParameters: 0 0 0

#Transform 400
Transform: AffineTransform_float_3_3
Parameters: 0.999994 0.00118445 0.00319525 -0.00117655 0.999996 -0.00233377 -0.00319775 0.00232923 0.999992 0.10564 0.0539345 -0.139284
FixedParameters: 0 0 0

#Transform 401
Transform: AffineTransform_float_3_3
Parameters: 0.999995 0.00111083 0.00319563 -0.00110317 0.999997 -0.00213954 -0.00319736 0.00213546 0.999992 0.102661 0.0322227 -0.118373
FixedParameters: 0 0 0

#Transform 402
Transform: AffineTransform_float_3_3
Parameters: 0.999995 0.00112253 0.00319537 -0.00111447 0.999996 -0.00235657 -0.00319763 0.00235242 0.999992 0.106073 0.0620937 -0.121868
FixedParameters: 0 0 0

#Transform 403
Transform: AffineTransform_float_3_3
Parameters: 0.999994 0.00122948 0.00319437 -0.00122052 0.999995 -0.00296791 -0.00319763 0.00296408 0.99999 0.107447 0.0283215 -0.16655
FixedParameters: 0 0 0

#Transform 404
Transform: AffineTransform_float_3_3
Parameters: 0.999993 0.00145127 0.00327991 -0.00144173 0.999995 -0.00282675 -0.00328308 0.00282125 0.99999 0.102219 -0.0140872 -0.153264
FixedParameters: 0 0 0

#Transform 405
Transform: AffineTransform_float_3_3
Parameters: 0.999994 0.00141866 0.00319372 -0.00140933 0.999995 -0.00302652 -0.00319828 0.00302148 0.999991 0.106301 0.0293027 -0.161266
FixedParameters: 0 0 0

#Transform 406
Transform: AffineTransform_float_3_3
Parameters: 0.999994 0.00129135 0.00319464 -0.00128366 0.999996 -0.00261312 -0.00319736 0.00260889 0.999992 0.104096 0.0252432 -0.163598
FixedParameters: 0 0 0

#Transform 407
Transform: AffineTransform_float_3_3
Parameters: 0.999993 0.00149119 0.00325126 -0.00148281 0.999995 -0.00251884 -0.00325574 0.00251416 0.999992 0.093956 0.0154005 -0.157678
FixedParameters: 0 0 0

#Transform 408
Transform: AffineTransform_float_3_3
Parameters: 0.999994 0.00146628 0.00319421 -0.00145772 0.999995 -0.00259167 -0.00319778 0.00258732 0.999991 0.100274 0.0526698 -0.155906
FixedParameters: 0 0 0

#Transform 409
Transform: AffineTransform_float_3_3
Parameters: 0.999994 0.0013217 0.0032769 -0.0013143 0.999997 -0.00235132 -0.0032801 0.00234768 0.999992 0.113218 0.0256363 -0.157444
FixedParameters: 0 0 0

#Transform 410
Transform: AffineTransform_float_3_3
Parameters: 0.999993 0.00157287 0.00338289 -0.00156413 0.999996 -0.00262331 -0.00338711 0.00261769 0.999991 0.100132 0.019118 -0.161877
FixedParameters: 0 0 0

#Transform 411
Transform: AffineTransform_float_3_3
Parameters: 0.999994 0.00140083 0.00336074 -0.00139316 0.999997 -0.0023327 -0.00336425 0.0023273 0.999991 0.100036 0.0349631 -0.143092
FixedParameters: 0 0 0

#Transform 412
Transform: AffineTransform_float_3_3
Parameters: 0.999994 0.0013101 0.0031951 -0.0013029 0.999996 -0.00222218 -0.0031979 0.00221782 0.999993 0.104401 0.0396014 -0.136438
FixedParameters: 0 0 0

#Transform 413
Transform: AffineTransform_float_3_3
Parameters: 0.999994 0.00136793 0.00319504 -0.00136107 0.999996 -0.00217036 -0.00319796 0.00216564 0.999992 0.102021 0.0164145 -0.132072
FixedParameters: 0 0 0

#Transform 414
Transform: AffineTransform_float_3_3
Parameters: 0.999994 0.00126973 0.00319533 -0.00126227 0.999997 -0.00210705 -0.00319766 0.00210295 0.999992 0.09867 0.0214112 -0.129921
FixedParameters: 0 0 0

#Transform 415
Transform: AffineTransform_float_3_3
Parameters: 0.999994 0.00124328 0.00319518 -0.00123572 0.999996 -0.00227796 -0.00319782 0.00227404 0.999993 0.103419 0.0367144 -0.14962
FixedParameters: 0 0 0

#Transform 416
Transform: AffineTransform_float_3_3
Parameters: 0.999995 0.00122562 0.00283415 -0.00121837 0.999996 -0.00233846 -0.00283686 0.00233453 0.999994 0.109711 0.0374143 -0.156419
FixedParameters: 0 0 0

#Transform 417
Transform: AffineTransform_float_3_3
Parameters: 0.999995 0.00136689 0.00306994 -0.00136012 0.999996 -0.00224319 -0.00307306 0.00223981 0.999993 0.114425 0.00518957 -0.154436
FixedParameters: 0 0 0

#Transform 418
Transform: AffineTransform_float_3_3
Parameters: 0.999994 0.00130828 0.00306791 -0.00130072 0.999997 -0.00237301 -0.00307109 0.002369 0.999993 0.105583 0.0367988 -0.164168
FixedParameters: 0 0 0

#Transform 419
Transform: AffineTransform_float_3_3
Parameters: 0.999995 0.00132217 0.00278861 -0.00131483 0.999996 -0.00257168 -0.00279139 0.00256832 0.999993 0.105468 0.019962 -0.169954
FixedParameters: 0 0 0

#Transform 420
Transform: AffineTransform_float_3_3
Parameters: 0.999994 0.0013179 0.00319516 -0.0013111 0.999997 -0.0021612 -0.00319784 0.0021578 0.999992 0.114056 0.0157516 -0.160807
FixedParameters: 0 0 0

#Transform 421
Transform: AffineTransform_float_3_3
Parameters: 0.999994 0.00163334 0.00287784 -0.00162566 0.999996 -0.00255169 -0.00288215 0.00254731 0.999992 0.0937644 0.0364614 -0.170411
FixedParameters: 0 0 0

#Transform 422
Transform: AffineTransform_float_3_3
Parameters: 0.999994 0.00164056 0.00282062 -0.00163244 0.999995 -0.00267962 -0.00282438 0.00267538 0.999992 0.101228 0.0186641 -0.169122
FixedParameters: 0 0 0

#Transform 423
Transform: AffineTransform_float_3_3
Parameters: 0.999994 0.00154125 0.00287212 -0.00153374 0.999995 -0.00252542 -0.00287688 0.00252058 0.999992 0.103973 0.00205148 -0.158747
FixedParameters: 0 0 0

#Transform 424
Transform: AffineTransform_float_3_3
Parameters: 0.999994 0.00191052 0.0028099 -0.00190248 0.999994 -0.00267736 -0.0028151 0.00267263 0.999992 0.107584 0.0251195 -0.172784
FixedParameters: 0 0 0

#Transform 425
Transform: AffineTransform_float_3_3
Parameters: 0.999994 0.00175821 0.00300321 -0.00174979 0.999994 -0.00273427 -0.00300779 0.00272873 0.999992 0.108212 0.0198556 -0.189818
FixedParameters: 0 0 0

#Transform 426
Transform: AffineTransform_float_3_3
Parameters: 0.999995 0.00149165 0.00281095 -0.00148335 0.999995 -0.00272218 -0.00281505 0.00271782 0.999993 0.115006 0.0203207 -0.167183
FixedParameters: 0 0 0

#Transform 427
Transform: AffineTransform_float_3_3
Parameters: 0.999994 0.0014918 0.002897 -0.0014832 0.999996 -0.00269331 -0.002901 0.00268869 0.999992 0.105162 0.0107947 -0.163606
FixedParameters: 0 0 0

#Transform 428
Transform: AffineTransform_float_3_3
Parameters: 0.999993 0.00167978 0.00314079 -0.00166922 0.999994 -0.00311326 -0.00314621 0.00310873 0.99999 0.108281 0.0301975 -0.179371
FixedParameters: 0 0 0

#Transform 429
Transform: AffineTransform_float_3_3
Parameters: 0.999994 0.00175886 0.00306279 -0.00174814 0.999992 -0.00354338 -0.00306921 0.00353862 0.999989 0.103296 0.0292047 -0.19509
FixedParameters: 0 0 0

#Transform 430
Transform: AffineTransform_float_3_3
Parameters: 0.999995 0.00149293 0.00281027 -0.00148407 0.999994 -0.00317719 -0.00281473 0.00317281 0.999991 0.109313 0.00639594 -0.181765
FixedParameters: 0 0 0

#Transform 431
Transform: AffineTransform_float_3_3
Parameters: 0.999995 0.00136334 0.00293868 -0.00135466 0.999994 -0.003177 -0.00294331 0.003173 0.99999 0.107211 0.0129688 -0.175453
FixedParameters: 0 0 0

#Transform 432
Transform: AffineTransform_float_3_3
Parameters: 0.999995 0.00138617 0.00307789 -0.00137683 0.999994 -0.00297825 -0.00308211 0.00297474 0.999991 0.114035 0.0282932 -0.172224
FixedParameters: 0 0 0

#Transform 433
Transform: AffineTransform_float_3_3
Parameters: 0.999995 0.00149174 0.0028109 -0.00148326 0.999995 -0.00275518 -0.00281509 0.00275082 0.999993 0.10201 0.0257573 -0.171019
FixedParameters: 0 0 0

#Transform 434
Transform: AffineTransform_float_3_3
Parameters: 0.999994 0.00149202 0.0029119 -0.00148398 0.999995 -0.00275534 -0.0029161 0.00275166 0.999992 0.0871791 0.00864453 -0.154621
FixedParameters: 0 0 0

#Transform 435
Transform: AffineTransform_float_3_3
Parameters: 0.999994 0.00162197 0.00281041 -0.00161403 0.999994 -0.00283655 -0.00281459 0.00283245 0.999992 0.0988374 0.0189379 -0.147463
FixedParameters: 0 0 0

#Transform 436
Transform: AffineTransform_float_3_3
Parameters: 0.999994 0.00169074 0.00281036 -0.00168226 0.999995 -0.00275574 -0.00281464 0.00275126 0.999993 0.0944959 0.0400215 -0.151352
FixedParameters: 0 0 0

#Transform 437
Transform: AffineTransform_float_3_3
Parameters: 0.999995 0.00170224 0.00271309 -0.00169575 0.999996 -0.00230261 -0.00271691 0.00229739 0.999993 0.0865114 0.0324041 -0.159457
FixedParameters: 0 0 0

#Transform 438
Transform: AffineTransform_float_3_3
Parameters: 0.999996 0.00143675 0.00269194 -0.00143125 0.999996 -0.00213786 -0.00269506 0.00213414 0.999994 0.0914756 0.0398134 -0.127883
FixedParameters: 0 0 0

#Transform 439
Transform: AffineTransform_float_3_3
Parameters: 0.999995 0.00153485 0.00249903 -0.00153015 0.999997 -0.00194183 -0.00250197 0.00193817 0.999995 0.0918601 0.0555026 -0.109811
FixedParameters: 0 0 0

#Transform 440
Transform: AffineTransform_float_3_3
Parameters: 0.999997 0.00121425 0.00234529 -0.00120875 0.999997 -0.00223884 -0.00234771 0.00223616 0.999994 0.0990302 0.0701884 -0.131827
FixedParameters: 0 0 0

#Transform 441
Transform: AffineTransform_float_3_3
Parameters: 0.999996 0.00142172 0.00254181 -0.00141628 0.999996 -0.00225061 -0.00254419 0.00224739 0.999994 0.0891358 0.0504683 -0.129788
FixedParameters: 0 0 0

#Transform 442
Transform: AffineTransform_float_3_3
Parameters: 0.999996 0.00130808 0.00225363 -0.00130392 0.999997 -0.00181194 -0.00225536 0.00180905 0.999996 0.0918104 0.0263797 -0.107173
FixedParameters: 0 0 0

#Transform 443
Transform: AffineTransform_float_3_3
Parameters: 0.999996 0.00132508 0.0022536 -0.00132092 0.999998 -0.00181198 -0.00225539 0.00180902 0.999996 0.0866292 0.0529579 -0.0836236
FixedParameters: 0 0 0

#Transform 444
Transform: AffineTransform_float_3_3
Parameters: 0.999996 0.0012108 0.00225396 -0.0012072 0.999998 -0.00168673 -0.00225604 0.00168327 0.999996 0.0895241 0.0451227 -0.108955
FixedParameters: 0 0 0

#Transform 445
Transform: AffineTransform_float_3_3
Parameters: 0.999997 0.00120553 0.00216003 -0.00120247 0.999998 -0.0016346 -0.00216197 0.0016314 0.999997 0.0929521 0.0438807 -0.0966524
FixedParameters: 0 0 0

#Transform 446
Transform: AffineTransform_float_3_3
Parameters: 0.999997 0.00141971 0.00225367 -0.0014153 0.999997 -0.0016452 -0.00225533 0.0016428 0.999996 0.0858006 0.0413184 -0.11347
FixedParameters: 0 0 0

#Transform 447
Transform: AffineTransform_float_3_3
Parameters: 0.999996 0.00164319 0.00231403 -0.00163881 0.999997 -0.0018128 -0.00231697 0.0018092 0.999995 0.0781098 0.0567766 -0.0996801
FixedParameters: 0 0 0

#Transform 448
Transform: AffineTransform_float_3_3
Parameters: 0.999996 0.00157233 0.00225298 -0.00156767 0.999997 -0.00192354 -0.00225602 0.00192046 0.999995 0.0861229 0.0479211 -0.0913047
FixedParameters: 0 0 0

#Transform 449
Transform: AffineTransform_float_3_3
Parameters: 0.999996 0.00148794 0.00236653 -0.00148406 0.999997 -0.00166552 -0.00236947 0.00166248 0.999996 0.0804311 0.0274086 -0.0751946
FixedParameters: 0 0 0

#Transform 450
Transform: AffineTransform_float_3_3
Parameters: 0.999996 0.00148158 0.00237477 -0.00147842 0.999998 -0.00150952 -0.00237623 0.00150549 0.999996 0.0864646 0.0438071 -0.0605358
FixedParameters: 0 0 0

#Transform 451
Transform: AffineTransform_float_3_3
Parameters: 0.999996 0.00128547 0.00225403 -0.00128153 0.999998 -0.00153889 -0.00225597 0.00153611 0.999997 0.0913089 0.0689872 -0.0621904
FixedParameters: 0 0 0

#Transform 452
Transform: AffineTransform_float_3_3
Parameters: 0.999997 0.00122685 0.00240304 -0.00122315 0.999998 -0.00160394 -0.00240496 0.00160105 0.999996 0.0776956 0.0611612 -0.0731478
FixedParameters: 0 0 0

#Transform 453
Transform: AffineTransform_float_3_3
Parameters: 0.999997 0.00115316 0.00240701 -0.00114884 0.999998 -0.00172877 -0.00240899 0.00172623 0.999995 0.0819886 0.0506707 -0.0705024
FixedParameters: 0 0 0
