#Insight Transform File V1.0
#Transform 0
Transform: AffineTransform_float_3_3
Parameters: 1 0 0 0 0.999999 -0.001367 0 0.001367 0.999999 -0.018226 -0.058764 -0.028356
FixedParameters: 0 0 0

#Transform 1
Transform: AffineTransform_float_3_3
Parameters: 1 7.39999e-05 -1.01158e-07 -7.39999e-05 0.999999 -0.001367 -1.01158e-07 0.001367 0.999999 -0.0177008 -0.0644465 -0.0283528
FixedParameters: 0 0 0

#Transform 2
Transform: AffineTransform_float_3_3
Parameters: 1 0 0 0 0.999998 -0.001583 0 0.001583 0.999998 -0.014268 -0.0486953 -0.0443366
FixedParameters: 0 0 0

#Transform 3
Transform: AffineTransform_float_3_3
Parameters: 1 0 0 0 0.999999 -0.001539 0 0.001539 0.999999 -0.014137 -0.0556785 -0.0484717
FixedParameters: 0 0 0

#Transform 4
Transform: AffineTransform_float_3_3
Parameters: 1 0 0 0 0.999999 -0.001515 0 0.001515 0.999999 -0.013553 -0.0429154 -0.0441488
FixedParameters: 0 0 0

#Transform 5
Transform: AffineTransform_float_3_3
Parameters: 1 -2.2977e-07 -0.000185 -2.2977e-07 0.999999 -0.001242 0.000185 0.001242 0.999999 -0.00609869 -0.0579931 -0.0347682
FixedParameters: 0 0 0

#Transform 6
Transform: AffineTransform_float_3_3
Parameters: 1 0 0 0 0.999999 -0.001248 0 0.001248 0.999999 -0.011424 -0.0407662 -0.0256887
FixedParameters: 0 0 0

#Transform 7
Transform: AffineTransform_float_3_3
Parameters: 1 -2.13252e-07 -0.000156 -2.13252e-07 0.999999 -0.001367 0.000156 0.001367 0.999999 -0.0086114 -0.0465191 -0.023873
FixedParameters: 0 0 0

#Transform 8
Transform: AffineTransform_float_3_3
Parameters: 1 0 0 0 0.999999 -0.001367 0 0.001367 0.999999 1.42109e-14 -0.0377501 -0.0231643
FixedParameters: 0 0 0

#Transform 9
Transform: AffineTransform_float_3_3
Parameters: 1 -1.95481e-07 -0.000143 -1.95481e-07 0.999999 -0.001367 0.000143 0.001367 0.999999 0.00164366 -0.0305262 -0.0281486
FixedParameters: 0 0 0

#Transform 10
Transform: AffineTransform_float_3_3
Parameters: 1 0 0 0 0.999999 -0.000798999 0 0.000798999 0.999999 1.42109e-14 -0.0365012 -0.0163954
FixedParameters: 0 0 0

#Transform 11
Transform: AffineTransform_float_3_3
Parameters: 1 -0.000202061 -9.2868e-05 0.000201939 1 -0.000653018 9.31319e-05 0.000652981 1 0.00528218 -0.0154257 -0.0132636
FixedParameters: 0 0 0

#Transform 12
Transform: AffineTransform_float_3_3
Parameters: 1 -0.000316061 -0.000100808 0.000315939 1 -0.000607032 0.000101192 0.000606968 1 0.00770739 -0.0259959 -0.0123391
FixedParameters: 0 0 0

#Transform 13
Transform: AffineTransform_float_3_3
Parameters: 1 6.00857e-05 0.000146965 -5.99143e-05 1 -0.000583009 -0.000147035 0.000582991 1 -0.00290359 -0.00973986 -0.00456768
FixedParameters: 0 0 0

#Transform 14
Transform: AffineTransform_float_3_3
Parameters: 1 5.41709e-05 0.000213957 -5.3829e-05 0.999999 -0.000799011 -0.000214043 0.000798988 0.999999 -0.00356321 -0.0238108 -0.010971
FixedParameters: 0 0 0

#Transform 15
Transform: AffineTransform_float_3_3
Parameters: 1 5.40995e-05 0.00027498 -5.39004e-05 1 -0.000362015 -0.000275019 0.000361985 1 0.00282906 0.00224938 -0.0071627
FixedParameters: 0 0 0

#Transform 16
Transform: AffineTransform_float_3_3
Parameters: 1 0.000107 -3.8734e-08 -0.000107 1 -0.000362 -3.8734e-08 0.000362 1 -0.00225296 0.00228698 -0.00719268
FixedParameters: 0 0 0

#Transform 17
Transform: AffineTransform_float_3_3
Parameters: 1 5.4e-05 4.158e-09 -5.4e-05 1 7.7e-05 4.158e-09 -7.7e-05 1 0.00299365 -0.0119269 0.0125906
FixedParameters: 0 0 0

#Transform 18
Transform: AffineTransform_float_3_3
Parameters: 1 5.4e-05 4.158e-09 -5.4e-05 1 7.7e-05 4.158e-09 -7.7e-05 1 -0.00117531 -0.0111582 0.00599356
FixedParameters: 0 0 0

#Transform 19
Transform: AffineTransform_float_3_3
Parameters: 1 0.000173 1.3321e-08 -0.000173 1 7.7e-05 1.3321e-08 -7.7e-05 1 -0.00367079 -0.0189136 0.00186315
FixedParameters: 0 0 0

#Transform 20
Transform: AffineTransform_float_3_3
Parameters: 1 5.4e-05 4.158e-09 -5.4e-05 1 7.7e-05 4.158e-09 -7.7e-05 1 -0.00117514 -0.00786349 0.0018663
FixedParameters: 0 0 0

#Transform 21
Transform: AffineTransform_float_3_3
Parameters: 1 0.00019 1.463e-08 -0.00019 1 7.7e-05 1.463e-08 -7.7e-05 1 -0.00165959 -0.00204963 -0.0137911
FixedParameters: 0 0 0

#Transform 22
Transform: AffineTransform_float_3_3
Parameters: 1 5.4e-05 -1.134e-09 -5.4e-05 1 -2.1e-05 -1.134e-09 2.1e-05 1 -0.0011751 -0.00713675 -5.7704e-05
FixedParameters: 0 0 0

#Transform 23
Transform: AffineTransform_float_3_3
Parameters: 1 5.4e-05 -1.7496e-08 -5.4e-05 1 -0.000324 -1.7496e-08 0.000324 1 -0.00117453 0.00340552 -0.00635716
FixedParameters: 0 0 0

#Transform 24
Transform: AffineTransform_float_3_3
Parameters: 1 0.000148 1.924e-09 -0.000148 1 1.3e-05 1.924e-09 -1.3e-05 1 -0.00313615 -0.000373242 0.0116028
FixedParameters: 0 0 0

#Transform 25
Transform: AffineTransform_float_3_3
Parameters: 1 0.000547 1.43861e-07 -0.000547 1 0.000263 1.43861e-07 -0.000263 1 -0.0113563 0.0188668 0.00578607
FixedParameters: 0 0 0

#Transform 26
Transform: AffineTransform_float_3_3
Parameters: 1 0.000314 2.4178e-08 -0.000314 1 7.7e-05 2.4178e-08 -7.7e-05 1 -0.00659451 0.0209591 0.00921008
FixedParameters: 0 0 0

#Transform 27
Transform: AffineTransform_float_3_3
Parameters: 1 0.000389007 -8.897e-05 -0.000388993 1 7.70346e-05 8.90299e-05 -7.69654e-05 1 -0.00211804 -0.00121465 -0.0051853
FixedParameters: 0 0 0

#Transform 28
Transform: AffineTransform_float_3_3
Parameters: 1 0.000445159 8.21441e-05 -0.000445841 0.999998 -0.00192304 -8.28579e-05 0.00192396 0.999998 -0.00608137 -0.0250465 -0.0291331
FixedParameters: 0 0 0

#Transform 29
Transform: AffineTransform_float_3_3
Parameters: 1 0.000247 -2.75652e-07 -0.000247 1 -0.001116 -2.75652e-07 0.001116 1 -0.00513329 -0.00697324 -0.00837098
FixedParameters: 0 0 0

#Transform 30
Transform: AffineTransform_float_3_3
Parameters: 1 0.000247646 0.000262392 -0.000247355 0.999997 -0.00245906 -0.000262609 0.00245893 0.999997 -0.00807786 0.0539091 -0.00873332
FixedParameters: 0 0 0

#Transform 31
Transform: AffineTransform_float_3_3
Parameters: 1 6.497e-05 -0.000319006 -6.503e-05 1 -9.39793e-05 0.000318994 9.40207e-05 1 0.00218929 0.0430947 0.00119084
FixedParameters: 0 0 0

#Transform 32
Transform: AffineTransform_float_3_3
Parameters: 1 0.000247042 -0.000287964 -0.000246958 1 0.000146071 0.000288036 -0.000145929 1 -0.00872759 -0.0082831 -0.00139336
FixedParameters: 0 0 0

#Transform 33
Transform: AffineTransform_float_3_3
Parameters: 1 -3.43171e-05 -0.000382972 3.36828e-05 0.999999 -0.000828012 0.000383028 0.000827986 0.999999 0.000883027 0.00487164 -0.0361151
FixedParameters: 0 0 0

#Transform 34
Transform: AffineTransform_float_3_3
Parameters: 1 -6.03542e-05 -0.000489956 6.06457e-05 0.999999 -0.000723029 0.000490044 0.00072297 0.999999 0.00683692 0.0399886 0.000240797
FixedParameters: 0 0 0

#Transform 35
Transform: AffineTransform_float_3_3
Parameters: 1 0.000198654 -0.000518133 -0.000199346 1 -0.000667896 0.000517867 0.000668103 0.999999 0.00169686 0.0282243 -0.00415747
FixedParameters: 0 0 0

#Transform 36
Transform: AffineTransform_float_3_3
Parameters: 1 0.000218981 -0.000593007 -0.000219019 1 -3.18701e-05 0.000592993 3.21299e-05 1 0.0021082 0.0276058 0.0227953
FixedParameters: 0 0 0

#Transform 37
Transform: AffineTransform_float_3_3
Parameters: 0.999999 0.00025807 -0.000741975 -0.00025793 1 9.41914e-05 0.000742024 -9.38085e-05 0.999999 0.00293549 0.0261836 0.0136884
FixedParameters: 0 0 0

#Transform 38
Transform: AffineTransform_float_3_3
Parameters: 1 0.000251927 -0.00060503 -0.000252073 1 -0.000120847 0.000604969 0.000121152 1 0.00159815 0.0286213 0.00932971
FixedParameters: 0 0 0

#Transform 39
Transform: AffineTransform_float_3_3
Parameters: 1 0.000306933 -0.000526039 -0.000307067 1 -0.000127838 0.000525961 0.000128161 1 -0.000427689 0.0287975 0.00489932
FixedParameters: 0 0 0

#Transform 40
Transform: AffineTransform_float_3_3
Parameters: 1 0.000305981 -0.00059801 -0.000306019 1 -3.1817e-05 0.00059799 3.2183e-05 1 0.000323632 0.0157492 -0.00525706
FixedParameters: 0 0 0

#Transform 41
Transform: AffineTransform_float_3_3
Parameters: 1 0.000346984 -0.000499011 -0.000347016 1 -3.18268e-05 0.000498989 3.21731e-05 1 0.000784901 0.0276866 -0.00515676
FixedParameters: 0 0 0

#Transform 42
Transform: AffineTransform_float_3_3
Parameters: 0.999999 0.000124915 -0.000749014 -0.000125085 1 -0.000113906 0.000748985 0.000114094 0.999999 0.00577574 0.0285183 -0.00699849
FixedParameters: 0 0 0

#Transform 43
Transform: AffineTransform_float_3_3
Parameters: 0.999999 0.000201977 -0.000719006 -0.000202023 1 -3.18547e-05 0.000718993 3.21452e-05 0.999999 0.00392867 0.0429901 0.0182043
FixedParameters: 0 0 0

#Transform 44
Transform: AffineTransform_float_3_3
Parameters: 1 0.000251951 -0.000553022 -0.000251049 1 -8.88612e-05 0.000552977 8.91393e-05 1 0.00106556 0.0411943 -0.00641772
FixedParameters: 0 0 0

#Transform 45
Transform: AffineTransform_float_3_3
Parameters: 0.999999 0.000314084 -0.00067296 -0.000313916 1 0.000125211 0.000673039 -0.000124789 1 0.00108694 0.0430393 0.0125211
FixedParameters: 0 0 0

#Transform 46
Transform: AffineTransform_float_3_3
Parameters: 1 0.00043321 -0.000776883 -0.000432791 1 0.000270336 0.000776117 -0.000269664 0.999999 -0.00659052 0.0512159 0.013223
FixedParameters: 0 0 0

#Transform 47
Transform: AffineTransform_float_3_3
Parameters: 0.999999 0.00050697 -0.00075702 -0.00050703 1 -3.96162e-05 0.00075698 3.93838e-05 0.999999 -0.00536875 0.04271 -0.00545124
FixedParameters: 0 0 0

#Transform 48
Transform: AffineTransform_float_3_3
Parameters: 0.999999 0.000365995 -0.000747002 -0.000366006 1 -7.72659e-06 0.000746997 7.2734e-06 0.999999 0.000817738 0.0488555 -0.00472314
FixedParameters: 0 0 0

#Transform 49
Transform: AffineTransform_float_3_3
Parameters: 0.999999 0.000517783 -0.000664169 -0.000518217 1 -0.000326656 0.000663831 0.000326344 0.999999 -0.0032997 0.0418721 -0.0113612
FixedParameters: 0 0 0

#Transform 50
Transform: AffineTransform_float_3_3
Parameters: 0.999999 0.000393201 -0.000719889 -0.000392798 1 0.000280283 0.000720109 -0.000279717 0.999999 0.00748229 0.0324255 0.0142767
FixedParameters: 0 0 0

#Transform 51
Transform: AffineTransform_float_3_3
Parameters: 0.999999 0.000346085 -0.000768961 -0.000345914 1 0.000111266 0.000769038 -0.000110734 0.999999 0.00729786 0.0414737 0.00513512
FixedParameters: 0 0 0

#Transform 52
Transform: AffineTransform_float_3_3
Parameters: 0.999999 0.000705212 -0.000535721 -0.000704788 0.999999 0.000395378 0.000536279 -0.000395622 1 -0.00860482 0.0414438 0.0233037
FixedParameters: 0 0 0

#Transform 53
Transform: AffineTransform_float_3_3
Parameters: 0.999999 0.000483251 -0.000635809 -0.000482748 1 0.000395307 0.000636191 -0.000395692 0.999999 -0.00289776 0.0457986 0.0184216
FixedParameters: 0 0 0

#Transform 54
Transform: AffineTransform_float_3_3
Parameters: 0.999999 0.000483138 -0.000587886 -0.000482861 1 0.000236284 0.000588114 -0.000235716 1 0.00538505 0.0431569 0.00910016
FixedParameters: 0 0 0

#Transform 55
Transform: AffineTransform_float_3_3
Parameters: 0.999999 0.000483333 -0.000841808 -0.000483667 1 0.000395407 0.000842191 -0.000395593 0.999999 0.009641 0.0600254 0.0146315
FixedParameters: 0 0 0

#Transform 56
Transform: AffineTransform_float_3_3
Parameters: 0.999999 0.000483139 -0.000776913 -0.00048286 1 0.000179375 0.000777086 -0.000178625 0.999999 0.00630152 0.051212 -0.000847459
FixedParameters: 0 0 0

#Transform 57
Transform: AffineTransform_float_3_3
Parameters: 1 0.00048339 -0.00098581 -0.00048361 1 0.000395477 0.000986192 -0.000395524 1 0.0119874 0.0509475 0.0202067
FixedParameters: 0 0 0

#Transform 58
Transform: AffineTransform_float_3_3
Parameters: 0.999999 0.000483203 -0.000745867 -0.000482796 1 0.00027336 0.000746131 -0.000272639 0.999999 0.00844226 0.0660986 0.00998826
FixedParameters: 0 0 0

#Transform 59
Transform: AffineTransform_float_3_3
Parameters: 0.999999 0.000296244 -0.000835913 -0.000295756 1 0.000292247 0.000836086 -0.000291752 0.999999 0.0104039 0.0573918 0.0118538
FixedParameters: 0 0 0

#Transform 60
Transform: AffineTransform_float_3_3
Parameters: 0.999999 0.000364199 -0.000704897 -0.000364802 1 0.000281257 0.000705102 -0.000281743 0.999999 0.0103792 0.0674162 0.00115788
FixedParameters: 0 0 0

#Transform 61
Transform: AffineTransform_float_3_3
Parameters: 0.999999 0.000279328 -0.000829889 -0.000278672 1 0.000395231 0.00083011 -0.000395768 0.999999 0.0200936 0.0465917 0.0204069
FixedParameters: 0 0 0

#Transform 62
Transform: AffineTransform_float_3_3
Parameters: 0.999999 0.000279167 -0.000800941 -0.000278832 1 0.000209223 0.000801058 -0.000208776 0.999999 0.0123966 0.0557805 0.00811545
FixedParameters: 0 0 0

#Transform 63
Transform: AffineTransform_float_3_3
Parameters: 0.999999 0.000279323 -0.000816889 -0.000279677 1 0.000395228 0.00081611 -0.000395772 0.999999 0.0132157 0.050341 0.0153989
FixedParameters: 0 0 0

#Transform 64
Transform: AffineTransform_float_3_3
Parameters: 0.999999 0.000308114 -0.000936963 -0.000307886 1 0.000121289 0.000937038 -0.000121711 1 0.0112258 0.0702328 0.0143403
FixedParameters: 0 0 0

#Transform 65
Transform: AffineTransform_float_3_3
Parameters: 1 0.00034838 -0.000959863 -0.000347621 1 0.000395334 0.000960139 -0.000395666 1 0.0066924 0.0574738 0.0116217
FixedParameters: 0 0 0

#Transform 66
Transform: AffineTransform_float_3_3
Parameters: 1 0.000378382 -0.000965851 -0.000377619 1 0.000395365 0.00096515 -0.000395635 1 0.00164879 0.0630481 0.0146157
FixedParameters: 0 0 0

#Transform 67
Transform: AffineTransform_float_3_3
Parameters: 0.999999 0.000204344 -0.000868919 -0.000203657 1 0.000395177 0.00086808 -0.000395823 0.999999 0.00830584 0.0404929 0.0125424
FixedParameters: 0 0 0

#Transform 68
Transform: AffineTransform_float_3_3
Parameters: 1 0.000430365 -0.00092183 -0.000430636 1 0.000395397 0.00092217 -0.000395603 0.999999 0.00392124 0.0564869 0.00354888
FixedParameters: 0 0 0

#Transform 69
Transform: AffineTransform_float_3_3
Parameters: 0.999999 0.000345333 -0.000840863 -0.000344667 1 0.00039529 0.000841136 -0.000395709 0.999999 0.00513873 0.0476351 0.0140119
FixedParameters: 0 0 0

#Transform 70
Transform: AffineTransform_float_3_3
Parameters: 0.999999 0.000279318 -0.000802889 -0.000279683 1 0.000395224 0.00080211 -0.000395776 0.999999 0.00784871 0.0614994 0.0202933
FixedParameters: 0 0 0

#Transform 71
Transform: AffineTransform_float_3_3
Parameters: 0.999999 0.000181285 -0.000854939 -0.000180715 1 0.000333154 0.00085506 -0.000332845 0.999999 0.0132899 0.0527486 0.0312413
FixedParameters: 0 0 0

#Transform 72
Transform: AffineTransform_float_3_3
Parameters: 0.999999 0.000221111 -0.000796969 -0.000220889 1 0.000139176 0.00079703 -0.000138824 0.999999 0.0114727 0.0712317 0.0143078
FixedParameters: 0 0 0

#Transform 73
Transform: AffineTransform_float_3_3
Parameters: 0.999999 7.63001e-05 -0.000759969 -7.56997e-05 1 0.000395057 0.000760029 -0.000394942 0.999999 0.0146886 0.0537222 0.0289261
FixedParameters: 0 0 0

#Transform 74
Transform: AffineTransform_float_3_3
Parameters: 0.999999 0.000184376 -0.000950927 -0.000184624 1 0.000395176 0.000951073 -0.000395825 1 0.0153888 0.0745951 0.0240385
FixedParameters: 0 0 0

#Transform 75
Transform: AffineTransform_float_3_3
Parameters: 0.999999 0.000263328 -0.000994913 -0.000263672 1 0.000329263 0.000995087 -0.000329738 1 0.013935 0.0516175 0.0250672
FixedParameters: 0 0 0

#Transform 76
Transform: AffineTransform_float_3_3
Parameters: 0.999999 0.000277329 -0.000740876 -0.000277671 1 0.000444206 0.000741123 -0.000443794 0.999999 0.011575 0.0652012 0.0359526
FixedParameters: 0 0 0

#Transform 77
Transform: AffineTransform_float_3_3
Parameters: 1 0.000305449 -0.00103687 -0.000304551 1 0.000433316 0.00103713 -0.000432684 1 0.00791765 0.0751297 0.0312544
FixedParameters: 0 0 0

#Transform 78
Transform: AffineTransform_float_3_3
Parameters: 1 0.00022558 -0.00115589 -0.00022442 1 0.00050226 0.00115611 -0.00050174 0.999999 0.0163015 0.0806989 0.0464647
FixedParameters: 0 0 0

#Transform 79
Transform: AffineTransform_float_3_3
Parameters: 1 0.00028553 -0.00107786 -0.000284469 1 0.000492307 0.00107814 -0.000491693 1 0.0116365 0.0896106 0.0367703
FixedParameters: 0 0 0

#Transform 80
Transform: AffineTransform_float_3_3
Parameters: 1 0.000402944 -0.00115567 -0.000402056 0.999999 0.000816465 0.00115633 -0.000816534 0.999999 -0.00117845 0.0849617 0.0468929
FixedParameters: 0 0 0

#Transform 81
Transform: AffineTransform_float_3_3
Parameters: 0.999999 0.000581852 -0.00115557 -0.000581147 0.999999 0.000738672 0.00115543 -0.000737328 0.999999 -0.000718871 0.0926928 0.0471567
FixedParameters: 0 0 0

#Transform 82
Transform: AffineTransform_float_3_3
Parameters: 1 0.000313879 -0.00115576 -0.00031312 0.999999 0.000761362 0.00115624 -0.000760637 0.999999 0.0122822 0.0923766 0.0472644
FixedParameters: 0 0 0

#Transform 83
Transform: AffineTransform_float_3_3
Parameters: 0.999999 0.000440944 -0.00115564 -0.000440057 0.999999 0.000816509 0.00115536 -0.000816491 0.999999 0.0164041 0.0917409 0.049871
FixedParameters: 0 0 0

#Transform 84
Transform: AffineTransform_float_3_3
Parameters: 0.999999 0.000440944 -0.00115564 -0.000440057 0.999999 0.000816509 0.00115536 -0.000816491 0.999999 0.00672293 0.0723138 0.0469397
FixedParameters: 0 0 0

#Transform 85
Transform: AffineTransform_float_3_3
Parameters: 0.999999 0.000625501 -0.00115573 -0.000624499 0.999999 0.000433722 0.00115627 -0.000433277 0.999999 0.00137625 0.0961554 0.0571715
FixedParameters: 0 0 0

#Transform 86
Transform: AffineTransform_float_3_3
Parameters: 0.999999 0.000520105 -0.0011555 -0.000518896 1 0.000956601 0.0011555 -0.0009554 0.999999 0.0147656 0.0953825 0.0762331
FixedParameters: 0 0 0

#Transform 87
Transform: AffineTransform_float_3_3
Parameters: 0.999998 0.000742211 -0.00148339 -0.000740788 1 0.0008171 0.0014846 -0.000815899 0.999998 -0.00888037 0.104064 0.0876525
FixedParameters: 0 0 0

#Transform 88
Transform: AffineTransform_float_3_3
Parameters: 0.999999 0.000941029 -0.00115516 -0.000939971 0.999999 0.000891087 0.00115584 -0.000889913 0.999999 -0.010848 0.110743 0.0726919
FixedParameters: 0 0 0

#Transform 89
Transform: AffineTransform_float_3_3
Parameters: 0.999999 0.000778314 -0.00132723 -0.000776687 0.999999 0.000990032 0.00132777 -0.000988968 0.999998 -0.00703053 0.103659 0.0850771
FixedParameters: 0 0 0

#Transform 90
Transform: AffineTransform_float_3_3
Parameters: 0.999999 0.00101631 -0.00115485 -0.00101469 0.999999 0.00113417 0.00115615 -0.00113283 0.999998 -0.0195395 0.0971509 0.0646681
FixedParameters: 0 0 0

#Transform 91
Transform: AffineTransform_float_3_3
Parameters: 0.999999 0.000864335 -0.001155 -0.000862665 0.999999 0.001156 0.001156 -0.001155 0.999998 -0.0123358 0.0831008 0.0502953
FixedParameters: 0 0 0

#Transform 92
Transform: AffineTransform_float_3_3
Parameters: 0.999999 0.000674178 -0.00109327 -0.000672823 0.999999 0.00107674 0.00109373 -0.00107626 0.999999 -0.00127605 0.103785 0.0512359
FixedParameters: 0 0 0

#Transform 93
Transform: AffineTransform_float_3_3
Parameters: 0.999999 0.000542356 -0.00129643 -0.000541645 1 0.0010457 0.00129657 -0.0010453 0.999998 0.00476955 0.0808914 0.0423836
FixedParameters: 0 0 0

#Transform 94
Transform: AffineTransform_float_3_3
Parameters: 0.999998 0.00105892 -0.00139955 -0.00105708 0.999998 0.00137048 0.00140045 -0.00136952 0.999998 -0.0127394 0.0846084 0.0668063
FixedParameters: 0 0 0

#Transform 95
Transform: AffineTransform_float_3_3
Parameters: 0.999999 0.00105885 -0.00145565 -0.00105715 0.999998 0.00127354 0.00145735 -0.00127246 0.999998 -0.0108069 0.0978209 0.054442
FixedParameters: 0 0 0

#Transform 96
Transform: AffineTransform_float_3_3
Parameters: 0.999998 0.000960093 -0.00176686 -0.000957907 0.999999 0.00118469 0.00176814 -0.0011833 0.999997 -0.00551771 0.105412 0.0626549
FixedParameters: 0 0 0

#Transform 97
Transform: AffineTransform_float_3_3
Parameters: 0.999998 0.000960153 -0.00163174 -0.000957848 0.999998 0.00131956 0.00163227 -0.00131843 0.999998 -0.00967788 0.0936381 0.0480113
FixedParameters: 0 0 0

#Transform 98
Transform: AffineTransform_float_3_3
Parameters: 0.999999 0.000740153 -0.00163603 -0.000738849 0.999999 0.00131521 0.00163697 -0.00131479 0.999998 -0.00030735 0.0951399 0.0585182
FixedParameters: 0 0 0

#Transform 99
Transform: AffineTransform_float_3_3
Parameters: 0.999998 0.000899419 -0.00140009 -0.00089758 0.999999 0.00101426 0.00140091 -0.00101274 0.999999 -0.00790191 0.101597 0.0416742
FixedParameters: 0 0 0

#Transform 100
Transform: AffineTransform_float_3_3
Parameters: 0.999999 0.00101369 -0.00150286 -0.00101231 0.999999 0.00112752 0.00150414 -0.00112648 0.999998 -0.012835 0.100359 0.0594493
FixedParameters: 0 0 0

#Transform 101
Transform: AffineTransform_float_3_3
Parameters: 0.999999 0.000740307 -0.00158092 -0.000738693 0.999998 0.00145917 0.00158208 -0.00145783 0.999997 -0.00339916 0.0965887 0.0563816
FixedParameters: 0 0 0

#Transform 102
Transform: AffineTransform_float_3_3
Parameters: 0.999999 0.000990276 -0.00155956 -0.000987725 0.999999 0.00145954 0.00156044 -0.00145746 0.999997 -0.0128754 0.0883138 0.0509883
FixedParameters: 0 0 0

#Transform 103
Transform: AffineTransform_float_3_3
Parameters: 0.999999 0.000885254 -0.00154471 -0.000882747 0.999998 0.00145936 0.00154529 -0.00145763 0.999997 -0.0123907 0.0965223 0.04079
FixedParameters: 0 0 0

#Transform 104
Transform: AffineTransform_float_3_3
Parameters: 0.999998 0.000985343 -0.00160556 -0.000983658 0.999999 0.00145958 0.00160644 -0.00145742 0.999997 -0.0179793 0.101402 0.0509499
FixedParameters: 0 0 0

#Transform 105
Transform: AffineTransform_float_3_3
Parameters: 0.999998 0.0011523 -0.00169344 -0.0011507 0.999999 0.00135795 0.00169556 -0.00135605 0.999997 -0.016288 0.09783 0.0544815
FixedParameters: 0 0 0

#Transform 106
Transform: AffineTransform_float_3_3
Parameters: 0.999998 0.000918476 -0.00169766 -0.000915522 0.999998 0.00145956 0.00169934 -0.00145744 0.999997 -0.0127531 0.0965731 0.0658078
FixedParameters: 0 0 0

#Transform 107
Transform: AffineTransform_float_3_3
Parameters: 0.999998 0.00063774 -0.00187807 -0.000635258 0.999998 0.0014592 0.00187993 -0.0014578 0.999997 -0.00242377 0.103078 0.0529423
FixedParameters: 0 0 0

#Transform 108
Transform: AffineTransform_float_3_3
Parameters: 0.999998 0.000801479 -0.00157874 -0.00079852 0.999998 0.00157126 0.00157926 -0.00156974 0.999998 -0.00879696 0.120039 0.0724228
FixedParameters: 0 0 0

#Transform 109
Transform: AffineTransform_float_3_3
Parameters: 0.999999 0.000834242 -0.00153679 -0.000831757 0.999998 0.00145928 0.00153821 -0.00145772 0.999998 -0.00393467 0.113062 0.0673097
FixedParameters: 0 0 0

#Transform 110
Transform: AffineTransform_float_3_3
Parameters: 0.999998 0.000633291 -0.00163011 -0.000630708 0.999999 0.00140603 0.00163089 -0.00140497 0.999997 -0.000284395 0.115655 0.0798017
FixedParameters: 0 0 0

#Transform 111
Transform: AffineTransform_float_3_3
Parameters: 0.999999 0.000941153 -0.00159873 -0.000938846 0.999998 0.0013475 0.00160027 -0.0013455 0.999998 -0.0110313 0.101455 0.0786225
FixedParameters: 0 0 0

#Transform 112
Transform: AffineTransform_float_3_3
Parameters: 0.999999 0.000928179 -0.00149365 -0.00092582 0.999998 0.00145938 0.00149535 -0.00145761 0.999998 -0.0128864 0.112929 0.0808811
FixedParameters: 0 0 0

#Transform 113
Transform: AffineTransform_float_3_3
Parameters: 0.999999 0.000814069 -0.00157193 -0.000811933 0.999999 0.00131528 0.00157307 -0.00131472 0.999998 -0.0124588 0.121659 0.0951737
FixedParameters: 0 0 0

#Transform 114
Transform: AffineTransform_float_3_3
Parameters: 0.999999 0.00101369 -0.00115452 -0.00101232 0.999999 0.00145917 0.00115548 -0.00145783 0.999999 -0.0154767 0.127531 0.107332
FixedParameters: 0 0 0

#Transform 115
Transform: AffineTransform_float_3_3
Parameters: 0.999999 0.00109612 -0.00151246 -0.00109388 0.999999 0.00140366 0.00151354 -0.00140134 0.999998 -0.0116492 0.106905 0.0851525
FixedParameters: 0 0 0

#Transform 116
Transform: AffineTransform_float_3_3
Parameters: 0.999998 0.000877148 -0.00147272 -0.000874851 0.999998 0.00145929 0.00147328 -0.00145771 0.999998 -0.0106641 0.0997902 0.0741101
FixedParameters: 0 0 0

#Transform 117
Transform: AffineTransform_float_3_3
Parameters: 0.999998 0.00122649 -0.00156906 -0.00122351 0.999998 0.00158692 0.00157094 -0.00158508 0.999998 -0.0143192 0.111099 0.0710784
FixedParameters: 0 0 0

#Transform 118
Transform: AffineTransform_float_3_3
Parameters: 0.999998 0.00121458 -0.00148489 -0.00121242 0.999998 0.0017398 0.00148711 -0.0017382 0.999998 -0.0148634 0.100921 0.0566996
FixedParameters: 0 0 0

#Transform 119
Transform: AffineTransform_float_3_3
Parameters: 0.999998 0.00120002 -0.00147136 -0.00119798 0.999999 0.00137277 0.00147265 -0.00137124 0.999998 -0.0133997 0.104995 0.0588173
FixedParameters: 0 0 0

#Transform 120
Transform: AffineTransform_float_3_3
Parameters: 0.999998 0.000973496 -0.00164653 -0.000970503 0.999999 0.0015166 0.00164847 -0.0015144 0.999998 -0.00596153 0.114383 0.0571468
FixedParameters: 0 0 0

#Transform 121
Transform: AffineTransform_float_3_3
Parameters: 0.999999 0.000961907 -0.00146275 -0.000960092 0.999998 0.00130441 0.00146425 -0.00130259 0.999998 -0.00828166 0.110098 0.0653105
FixedParameters: 0 0 0

#Transform 122
Transform: AffineTransform_float_3_3
Parameters: 0.999999 0.00100656 -0.00150629 -0.00100444 0.999998 0.00169952 0.00150771 -0.00169749 0.999998 -0.00995877 0.101462 0.073567
FixedParameters: 0 0 0

#Transform 123
Transform: AffineTransform_float_3_3
Parameters: 0.999998 0.000972229 -0.00133137 -0.000969769 0.999998 0.00167429 0.00133362 -0.00167271 0.999997 -0.00435776 0.101667 0.0729934
FixedParameters: 0 0 0

#Transform 124
Transform: AffineTransform_float_3_3
Parameters: 0.999998 0.000877136 -0.00138865 -0.000874866 0.999999 0.00153722 0.00138935 -0.00153678 0.999998 -0.00782652 0.103222 0.0670349
FixedParameters: 0 0 0

#Transform 125
Transform: AffineTransform_float_3_3
Parameters: 0.999998 0.000976814 -0.00132867 -0.000975185 0.999998 0.0013663 0.00132933 -0.0013647 0.999998 -0.0144588 0.105114 0.0666153
FixedParameters: 0 0 0

#Transform 126
Transform: AffineTransform_float_3_3
Parameters: 0.999998 0.000876796 -0.00134083 -0.000875204 0.999998 0.00133918 0.00134217 -0.00133882 0.999998 -0.00832523 0.123424 0.088895
FixedParameters: 0 0 0

#Transform 127
Transform: AffineTransform_float_3_3
Parameters: 0.999999 0.000876627 -0.00115477 -0.000875372 0.999998 0.00140901 0.00115623 -0.00140799 0.999999 -0.000549661 0.1167 0.0854693
FixedParameters: 0 0 0

#Transform 128
Transform: AffineTransform_float_3_3
Parameters: 0.999999 0.00104666 -0.0011545 -0.00104534 0.999999 0.00143821 0.0011555 -0.00143679 0.999999 -0.00967467 0.128291 0.103708
FixedParameters: 0 0 0

#Transform 129
Transform: AffineTransform_float_3_3
Parameters: 0.999999 0.000875994 -0.00103416 -0.000875007 0.999999 0.000960906 0.00103484 -0.000960095 0.999999 -0.00813562 0.121095 0.113775
FixedParameters: 0 0 0

#Transform 130
Transform: AffineTransform_float_3_3
Parameters: 0.999999 0.000876781 -0.00115465 -0.000875219 0.999999 0.00154201 0.00115635 -0.00154099 0.999998 -0.00909712 0.126292 0.113012
FixedParameters: 0 0 0

#Transform 131
Transform: AffineTransform_float_3_3
Parameters: 0.999999 0.00070672 -0.00115495 -0.00070428 0.999998 0.00148881 0.00115605 -0.00148818 0.999998 -0.00607508 0.115298 0.124787
FixedParameters: 0 0 0

#Transform 132
Transform: AffineTransform_float_3_3
Parameters: 0.999998 0.000999716 -0.0013147 -0.000997283 0.999998 0.00130531 0.0013163 -0.00130469 0.999999 -0.014963 0.139823 0.105982
FixedParameters: 0 0 0

#Transform 133
Transform: AffineTransform_float_3_3
Parameters: 0.999998 0.00116309 -0.00109684 -0.00116191 0.999999 0.000997275 0.00109816 -0.000995724 0.999999 -0.0260369 0.119136 0.121232
FixedParameters: 0 0 0

#Transform 134
Transform: AffineTransform_float_3_3
Parameters: 0.999999 0.00087664 -0.00115476 -0.000875359 0.999998 0.00142001 0.00115624 -0.00141899 0.999999 -0.00879986 0.118951 0.0847427
FixedParameters: 0 0 0

#Transform 135
Transform: AffineTransform_float_3_3
Parameters: 0.999999 0.00116565 -0.000694914 -0.00116535 0.999999 0.000932811 0.000696087 -0.00093219 1 -0.0136322 0.144103 0.103442
FixedParameters: 0 0 0

#Transform 136
Transform: AffineTransform_float_3_3
Parameters: 0.999999 0.000876005 -0.000940065 -0.000874995 0.999999 0.00106882 0.000940936 -0.00106818 0.999999 -0.00706275 0.121194 0.0900894
FixedParameters: 0 0 0

#Transform 137
Transform: AffineTransform_float_3_3
Parameters: 0.999998 0.000955582 -0.00128382 -0.000954416 0.999999 0.00123323 0.00128518 -0.00123177 0.999999 -0.00897755 0.114603 0.0871552
FixedParameters: 0 0 0

#Transform 138
Transform: AffineTransform_float_3_3
Parameters: 0.999999 0.000876787 -0.0013068 -0.000875214 0.999998 0.00136715 0.0013072 -0.00136686 0.999998 -0.00713096 0.0947105 0.0963641
FixedParameters: 0 0 0

#Transform 139
Transform: AffineTransform_float_3_3
Parameters: 0.999998 0.00111806 -0.00122913 -0.00111594 0.999998 0.00167437 0.00123087 -0.00167263 0.999998 -0.0230715 0.0934822 0.10277
FixedParameters: 0 0 0

#Transform 140
Transform: AffineTransform_float_3_3
Parameters: 0.999999 0.00123021 -0.00131694 -0.00122779 0.999998 0.00167462 0.00131906 -0.00167338 0.999997 -0.0196813 0.116917 0.0856716
FixedParameters: 0 0 0

#Transform 141
Transform: AffineTransform_float_3_3
Parameters: 0.999998 0.00087787 -0.00146729 -0.000875129 0.999997 0.00195629 0.00146871 -0.00195471 0.999997 -0.00529266 0.0788366 0.059626
FixedParameters: 0 0 0

#Transform 142
Transform: AffineTransform_float_3_3
Parameters: 0.999998 0.00113872 -0.00155101 -0.00113628 0.999998 0.00175277 0.00155299 -0.00175023 0.999998 -0.0226947 0.113953 0.0653679
FixedParameters: 0 0 0

#Transform 143
Transform: AffineTransform_float_3_3
Parameters: 0.999999 0.0010917 -0.0013999 -0.0010893 0.999997 0.00192853 0.0014021 -0.00192747 0.999997 -0.0211599 0.103996 0.0689854
FixedParameters: 0 0 0

#Transform 144
Transform: AffineTransform_float_3_3
Parameters: 0.999998 0.00112902 -0.00120711 -0.00112698 0.999998 0.00167436 0.00120889 -0.00167264 0.999998 -0.0223766 0.117043 0.0637151
FixedParameters: 0 0 0

#Transform 145
Transform: AffineTransform_float_3_3
Parameters: 0.999999 0.00108956 -0.001393 -0.00108744 0.999997 0.00183652 0.001395 -0.00183448 0.999998 -0.0187561 0.104683 0.0671528
FixedParameters: 0 0 0

#Transform 146
Transform: AffineTransform_float_3_3
Parameters: 0.999998 0.000877488 -0.00136741 -0.000874512 0.999998 0.0018192 0.00136859 -0.0018178 0.999998 -0.0133208 0.0981137 0.0667557
FixedParameters: 0 0 0

#Transform 147
Transform: AffineTransform_float_3_3
Parameters: 0.999999 0.00101345 -0.00146131 -0.00101055 0.999998 0.00167448 0.0014637 -0.00167352 0.999998 -0.0146792 0.0997878 0.0636494
FixedParameters: 0 0 0

#Transform 148
Transform: AffineTransform_float_3_3
Parameters: 0.999999 0.00123638 -0.00131076 -0.00123462 0.999997 0.00181762 0.00131325 -0.00181538 0.999998 -0.0145532 0.1147 0.0667108
FixedParameters: 0 0 0

#Transform 149
Transform: AffineTransform_float_3_3
Parameters: 0.999999 0.00107782 -0.00140585 -0.00107519 0.999998 0.00200152 0.00140816 -0.00200049 0.999997 -0.0101649 0.096199 0.0646383
FixedParameters: 0 0 0

#Transform 150
Transform: AffineTransform_float_3_3
Parameters: 0.999998 0.000877828 -0.00140524 -0.000875173 0.999997 0.00201123 0.00140676 -0.00201077 0.999997 -0.00596743 0.0958936 0.0395184
FixedParameters: 0 0 0

#Transform 151
Transform: AffineTransform_float_3_3
Parameters: 0.999998 0.001069 -0.00163805 -0.001066 0.999998 0.00182875 0.00163995 -0.00182725 0.999997 -0.0131034 0.0979574 0.0356436
FixedParameters: 0 0 0

#Transform 152
Transform: AffineTransform_float_3_3
Parameters: 0.999998 0.00115127 -0.00157261 -0.00114773 0.999997 0.00207881 0.00157439 -0.00207719 0.999996 -0.0181905 0.0951537 0.0103681
FixedParameters: 0 0 0

#Transform 153
Transform: AffineTransform_float_3_3
Parameters: 0.999998 0.00122979 -0.00188689 -0.00122521 0.999996 0.00253832 0.00189012 -0.00253568 0.999995 -0.019054 0.0776873 0.0105706
FixedParameters: 0 0 0

#Transform 154
Transform: AffineTransform_float_3_3
Parameters: 0.999998 0.00125754 -0.00188699 -0.00125246 0.999997 0.00240337 0.00189002 -0.00240163 0.999996 -0.0249175 0.101621 0.0251534
FixedParameters: 0 0 0

#Transform 155
Transform: AffineTransform_float_3_3
Parameters: 0.999998 0.00118936 -0.00171599 -0.00118464 0.999996 0.00253804 0.00171901 -0.00253596 0.999996 -0.0254718 0.0787936 0.0322823
FixedParameters: 0 0 0

#Transform 156
Transform: AffineTransform_float_3_3
Parameters: 0.999998 0.00122407 -0.00188737 -0.00121993 0.999997 0.00215531 0.00188963 -0.00215369 0.999996 -0.0243205 0.104824 0.0546273
FixedParameters: 0 0 0

#Transform 157
Transform: AffineTransform_float_3_3
Parameters: 0.999997 0.00111227 -0.00188807 -0.00110872 0.999998 0.0017351 0.00188992 -0.0017329 0.999996 -0.0220693 0.108181 0.0654133
FixedParameters: 0 0 0

#Transform 158
Transform: AffineTransform_float_3_3
Parameters: 0.999998 0.00118074 -0.00173346 -0.00117626 0.999997 0.00215604 0.00173554 -0.00215396 0.999996 -0.0218918 0.118131 0.0546443
FixedParameters: 0 0 0

#Transform 159
Transform: AffineTransform_float_3_3
Parameters: 0.999998 0.000878623 -0.00188832 -0.000875377 0.999998 0.00191866 0.00188968 -0.00191734 0.999997 -0.0122173 0.12114 0.0546939
FixedParameters: 0 0 0

#Transform 160
Transform: AffineTransform_float_3_3
Parameters: 0.999998 0.00123092 -0.00166785 -0.00122808 0.999997 0.00175105 0.00167015 -0.00174895 0.999997 -0.0209635 0.114923 0.0462327
FixedParameters: 0 0 0

#Transform 161
Transform: AffineTransform_float_3_3
Parameters: 0.999998 0.0012339 -0.0016198 -0.0012311 0.999997 0.001789 0.0016222 -0.001787 0.999997 -0.0262357 0.113802 0.0508384
FixedParameters: 0 0 0

#Transform 162
Transform: AffineTransform_float_3_3
Parameters: 0.999998 0.00122444 -0.00147498 -0.00122156 0.999998 0.0016528 0.00147702 -0.00165119 0.999997 -0.017712 0.122198 0.0561952
FixedParameters: 0 0 0

#Transform 163
Transform: AffineTransform_float_3_3
Parameters: 0.999998 0.00123696 -0.00166681 -0.00123404 0.999997 0.00177606 0.00166919 -0.00177494 0.999997 -0.022347 0.117339 0.0521152
FixedParameters: 0 0 0

#Transform 164
Transform: AffineTransform_float_3_3
Parameters: 0.999998 0.00114078 -0.00175054 -0.00113722 0.999997 0.00216 0.00175346 -0.002158 0.999996 -0.0137789 0.103461 0.0753874
FixedParameters: 0 0 0

#Transform 165
Transform: AffineTransform_float_3_3
Parameters: 0.999998 0.00125319 -0.0014743 -0.00124981 0.999997 0.00215985 0.0014767 -0.00215815 0.999996 -0.0130659 0.117094 0.0710184
FixedParameters: 0 0 0

#Transform 166
Transform: AffineTransform_float_3_3
Parameters: 0.999998 0.00124935 -0.00159237 -0.00124564 0.999997 0.00210599 0.00159562 -0.00210401 0.999996 -0.016513 0.102436 0.0799175
FixedParameters: 0 0 0

#Transform 167
Transform: AffineTransform_float_3_3
Parameters: 0.999998 0.00127198 -0.00147444 -0.00126902 0.999997 0.00201787 0.00147656 -0.00201613 0.999997 -0.0242664 0.114854 0.0701802
FixedParameters: 0 0 0

#Transform 168
Transform: AffineTransform_float_3_3
Parameters: 0.999998 0.00135899 -0.00147425 -0.00135601 0.999997 0.002025 0.00147675 -0.002023 0.999997 -0.0297503 0.114869 0.0817039
FixedParameters: 0 0 0

#Transform 169
Transform: AffineTransform_float_3_3
Parameters: 0.999998 0.00117924 -0.00169174 -0.00117676 0.999998 0.001917 0.00169426 -0.00191501 0.999996 -0.0223923 0.122984 0.0790622
FixedParameters: 0 0 0

#Transform 170
Transform: AffineTransform_float_3_3
Parameters: 0.999998 0.00133194 -0.00182513 -0.00132806 0.999997 0.00216043 0.00182787 -0.00215757 0.999996 -0.0288355 0.127508 0.0823498
FixedParameters: 0 0 0

#Transform 171
Transform: AffineTransform_float_3_3
Parameters: 0.999997 0.00127741 -0.00204325 -0.00127359 0.999997 0.00216061 0.00204575 -0.00215739 0.999995 -0.0171075 0.128663 0.0823929
FixedParameters: 0 0 0

#Transform 172
Transform: AffineTransform_float_3_3
Parameters: 0.999997 0.00117964 -0.00177659 -0.00117636 0.999997 0.0020491 0.00177941 -0.00204691 0.999997 -0.00812567 0.134681 0.0695576
FixedParameters: 0 0 0

#Transform 173
Transform: AffineTransform_float_3_3
Parameters: 0.999998 0.00142983 -0.00177092 -0.00142617 0.999996 0.00216053 0.00177408 -0.00215747 0.999996 -0.0265091 0.133353 0.0628413
FixedParameters: 0 0 0

#Transform 174
Transform: AffineTransform_float_3_3
Parameters: 0.999997 0.00137667 -0.00172328 -0.00137233 0.999996 0.00271037 0.00172672 -0.00270863 0.999995 -0.0284818 0.127312 0.0849259
FixedParameters: 0 0 0

#Transform 175
Transform: AffineTransform_float_3_3
Parameters: 0.999998 0.00118046 -0.00155663 -0.00117654 0.999995 0.00286284 0.00156037 -0.00286116 0.999994 -0.0273745 0.135838 0.0968888
FixedParameters: 0 0 0

#Transform 176
Transform: AffineTransform_float_3_3
Parameters: 0.999998 0.00132563 -0.00147374 -0.00132237 0.999996 0.00245995 0.00147626 -0.00245805 0.999996 -0.0364675 0.101823 0.0887488
FixedParameters: 0 0 0

#Transform 177
Transform: AffineTransform_float_3_3
Parameters: 0.999998 0.00118029 -0.00158381 -0.0011767 0.999995 0.00270987 0.00158719 -0.00270813 0.999995 -0.0267548 0.12211 0.0718155
FixedParameters: 0 0 0

#Transform 178
Transform: AffineTransform_float_3_3
Parameters: 0.999998 0.00118061 -0.0018731 -0.00117639 0.999997 0.00246121 0.0018759 -0.00245879 0.999995 -0.0235652 0.109773 0.0672854
FixedParameters: 0 0 0

#Transform 179
Transform: AffineTransform_float_3_3
Parameters: 0.999997 0.00118037 -0.00178011 -0.00117663 0.999997 0.0024531 0.00178289 -0.0024509 0.999996 -0.0221064 0.101523 0.0651679
FixedParameters: 0 0 0

#Transform 180
Transform: AffineTransform_float_3_3
Parameters: 0.999998 0.00138823 -0.00184783 -0.00138377 0.999997 0.00228656 0.00185117 -0.00228444 0.999995 -0.0276773 0.0976187 0.0475091
FixedParameters: 0 0 0

#Transform 181
Transform: AffineTransform_float_3_3
Parameters: 0.999997 0.00167259 -0.00190148 -0.00167241 0.999998 0.000313181 0.00190152 -0.00030982 0.999998 -0.0568986 0.139634 -0.00744456
FixedParameters: 0 0 0

#Transform 182
Transform: AffineTransform_float_3_3
Parameters: 0.999996 0.00187485 -0.00209414 -0.00187515 0.999998 -7.10735e-05 0.00209386 7.4926e-05 0.999998 -0.0693659 0.0518382 -0.00360506
FixedParameters: 0 0 0

#Transform 183
Transform: AffineTransform_float_3_3
Parameters: 0.999996 0.00201838 -0.00227667 -0.00201762 0.999998 0.000168594 0.00227734 -0.000164404 0.999998 -0.0669536 0.106989 0.00656917
FixedParameters: 0 0 0

#Transform 184
Transform: AffineTransform_float_3_3
Parameters: 0.999996 0.00191277 -0.00231319 -0.00191223 0.999998 -9.85771e-05 0.00231281 0.000103424 0.999998 -0.0687626 0.110964 -0.00637323
FixedParameters: 0 0 0

#Transform 185
Transform: AffineTransform_float_3_3
Parameters: 0.999996 0.00177737 -0.00244773 -0.00177663 0.999999 0.000153349 0.00244827 -0.000148649 0.999997 -0.0620836 0.136154 -0.0107338
FixedParameters: 0 0 0

#Transform 186
Transform: AffineTransform_float_3_3
Parameters: 0.999995 0.0021303 -0.00227372 -0.0021297 0.999997 0.000133843 0.00227428 -0.000129156 0.999998 -0.0773965 0.127279 -0.0135719
FixedParameters: 0 0 0

#Transform 187
Transform: AffineTransform_float_3_3
Parameters: 0.999995 0.00207206 -0.0024218 -0.00207294 0.999998 -0.000384982 0.0024212 0.000390019 0.999997 -0.0704 0.130171 -0.0243232
FixedParameters: 0 0 0

#Transform 188
Transform: AffineTransform_float_3_3
Parameters: 0.999995 0.0020487 -0.00249589 -0.0020503 0.999997 -0.000920887 0.00249411 0.000925114 0.999997 -0.0693601 0.153167 -0.0116723
FixedParameters: 0 0 0

#Transform 189
Transform: AffineTransform_float_3_3
Parameters: 0.999996 0.00177529 -0.00227534 -0.00177671 0.999998 -0.000749961 0.00227366 0.00075404 0.999997 -0.0474926 0.134194 -0.0146073
FixedParameters: 0 0 0

#Transform 190
Transform: AffineTransform_float_3_3
Parameters: 0.999996 0.00199326 -0.00227465 -0.00199374 0.999998 -0.000322467 0.00227436 0.000326535 0.999998 -0.0520392 0.129448 -0.00593976
FixedParameters: 0 0 0

#Transform 191
Transform: AffineTransform_float_3_3
Parameters: 0.999995 0.00211929 -0.00227559 -0.00212071 0.999998 -0.000749178 0.00227441 0.000753824 0.999997 -0.0546422 0.11865 -0.0147226
FixedParameters: 0 0 0

#Transform 192
Transform: AffineTransform_float_3_3
Parameters: 0.999995 0.00199413 -0.0024915 -0.00199587 0.999997 -0.000749031 0.0024895 0.000753968 0.999996 -0.0540636 0.113582 -0.00268753
FixedParameters: 0 0 0

#Transform 193
Transform: AffineTransform_float_3_3
Parameters: 0.999995 0.00199887 -0.0024969 -0.00200013 0.999998 -0.000450008 0.00249609 0.000454992 0.999997 -0.0564423 0.134059 -0.008584
FixedParameters: 0 0 0

#Transform 194
Transform: AffineTransform_float_3_3
Parameters: 0.999996 0.0017749 -0.00227564 -0.0017771 0.999998 -0.00092096 0.00227436 0.000925041 0.999997 -0.0541405 0.123686 -0.0145087
FixedParameters: 0 0 0

#Transform 195
Transform: AffineTransform_float_3_3
Parameters: 0.999996 0.00177516 -0.00227544 -0.00177684 0.999998 -0.00080796 0.00227456 0.000812041 0.999997 -0.0475475 0.11431 -0.00600469
FixedParameters: 0 0 0

#Transform 196
Transform: AffineTransform_float_3_3
Parameters: 0.999997 0.00177548 -0.00202334 -0.00177652 0.999998 -0.000750408 0.00202267 0.000753594 0.999997 -0.0504513 0.129446 0.0161059
FixedParameters: 0 0 0

#Transform 197
Transform: AffineTransform_float_3_3
Parameters: 0.999996 0.0018334 -0.00212838 -0.0018346 0.999998 -0.000750099 0.00212662 0.000753902 0.999998 -0.0504428 0.15229 0.0240081
FixedParameters: 0 0 0

#Transform 198
Transform: AffineTransform_float_3_3
Parameters: 0.999996 0.00177596 -0.0023018 -0.00177704 0.999999 -0.000448912 0.0023012 0.000453089 0.999997 -0.0473153 0.121721 0.030396
FixedParameters: 0 0 0

#Transform 199
Transform: AffineTransform_float_3_3
Parameters: 0.999996 0.00198075 -0.0020562 -0.00198225 0.999998 -0.000605926 0.00205579 0.000610074 0.999997 -0.0543305 0.146036 0.0250314
FixedParameters: 0 0 0

#Transform 200
Transform: AffineTransform_float_3_3
Parameters: 0.999997 0.00177547 -0.00203134 -0.00177653 0.999998 -0.000750394 0.00202967 0.000753606 0.999997 -0.0503599 0.125074 0.00383981
FixedParameters: 0 0 0

#Transform 201
Transform: AffineTransform_float_3_3
Parameters: 0.999996 0.00187135 -0.00219341 -0.00187265 0.999998 -0.000749896 0.00219159 0.000753105 0.999998 -0.0504533 0.140327 -0.00372495
FixedParameters: 0 0 0

#Transform 202
Transform: AffineTransform_float_3_3
Parameters: 0.999995 0.0017752 -0.00239833 -0.0017768 0.999998 -0.000749742 0.00239666 0.000753258 0.999997 -0.0460835 0.151227 -0.0153708
FixedParameters: 0 0 0

#Transform 203
Transform: AffineTransform_float_3_3
Parameters: 0.999995 0.00195693 -0.00250783 -0.00195807 0.999998 -0.000423092 0.00250717 0.000427908 0.999997 -0.0485528 0.158324 -0.0530697
FixedParameters: 0 0 0

#Transform 204
Transform: AffineTransform_float_3_3
Parameters: 0.999993 0.0023716 -0.00274821 -0.0023734 0.999997 -0.000505481 0.00274779 0.00051152 0.999996 -0.0544128 0.162559 -0.0766023
FixedParameters: 0 0 0

#Transform 205
Transform: AffineTransform_float_3_3
Parameters: 0.999995 0.00200393 -0.00215093 -0.00200607 0.999997 -0.000960689 0.00214907 0.000965311 0.999997 -0.0536975 0.128261 -0.0147647
FixedParameters: 0 0 0

#Transform 206
Transform: AffineTransform_float_3_3
Parameters: 0.999995 0.00177478 -0.0023157 -0.00177722 0.999998 -0.000955888 0.0023143 0.000960111 0.999997 -0.0564362 0.129304 0.0149058
FixedParameters: 0 0 0

#Transform 207
Transform: AffineTransform_float_3_3
Parameters: 0.999995 0.00196266 -0.00251982 -0.00196533 0.999997 -0.000925052 0.00251718 0.000929944 0.999996 -0.0530862 0.149866 0.0215352
FixedParameters: 0 0 0

#Transform 208
Transform: AffineTransform_float_3_3
Parameters: 0.999994 0.00217219 -0.00241563 -0.00217481 0.999998 -0.000748751 0.00241437 0.000753249 0.999997 -0.0619165 0.141628 0.0226293
FixedParameters: 0 0 0

#Transform 209
Transform: AffineTransform_float_3_3
Parameters: 0.999996 0.00195323 -0.00235847 -0.00195477 0.999998 -0.000749393 0.00235653 0.000753606 0.999997 -0.0504014 0.132598 0.0193393
FixedParameters: 0 0 0

#Transform 210
Transform: AffineTransform_float_3_3
Parameters: 0.999994 0.00218072 -0.00244613 -0.00218227 0.999997 -0.000517664 0.00244486 0.000523334 0.999997 -0.0601585 0.163556 0.020939
FixedParameters: 0 0 0

#Transform 211
Transform: AffineTransform_float_3_3
Parameters: 0.999995 0.00209517 -0.00243057 -0.00209682 0.999997 -0.000748907 0.00242842 0.000754091 0.999997 -0.0523865 0.160479 0.00273022
FixedParameters: 0 0 0

#Transform 212
Transform: AffineTransform_float_3_3
Parameters: 0.999996 0.00196446 -0.00235029 -0.00196655 0.999998 -0.000655381 0.00234871 0.000659617 0.999997 -0.0507176 0.1618 0.021246
FixedParameters: 0 0 0

#Transform 213
Transform: AffineTransform_float_3_3
Parameters: 0.999996 0.00198752 -0.00232326 -0.00198948 0.999998 -0.000633381 0.00232174 0.000637617 0.999997 -0.0494061 0.161548 0.0129218
FixedParameters: 0 0 0

#Transform 214
Transform: AffineTransform_float_3_3
Parameters: 0.999995 0.00201626 -0.00236234 -0.00201974 0.999998 -0.00115823 0.00235966 0.00116276 0.999996 -0.0517 0.143023 -0.007043
FixedParameters: 0 0 0

#Transform 215
Transform: AffineTransform_float_3_3
Parameters: 0.999995 0.00194758 -0.00231919 -0.00194942 0.999998 -0.000611482 0.0023178 0.000615517 0.999997 -0.0506255 0.160925 0.00434747
FixedParameters: 0 0 0

#Transform 216
Transform: AffineTransform_float_3_3
Parameters: 0.999995 0.0019683 -0.00221252 -0.0019697 0.999998 -0.000767645 0.00221048 0.000772354 0.999998 -0.0522518 0.149473 0.0182115
FixedParameters: 0 0 0

#Transform 217
Transform: AffineTransform_float_3_3
Parameters: 0.999996 0.00177597 -0.00225181 -0.00177703 0.999999 -0.000454001 0.00225019 0.000457998 0.999998 -0.0478397 0.142843 0.00768567
FixedParameters: 0 0 0

#Transform 218
Transform: AffineTransform_float_3_3
Parameters: 0.999996 0.00184656 -0.00220821 -0.00184744 0.999998 -0.000651923 0.00220679 0.000656078 0.999998 -0.0497192 0.142268 0.00354491
FixedParameters: 0 0 0

#Transform 219
Transform: AffineTransform_float_3_3
Parameters: 0.999996 0.00177534 -0.00215637 -0.00177666 0.999998 -0.000768172 0.00215563 0.00077283 0.999998 -0.0488546 0.148938 0.00115214
FixedParameters: 0 0 0

#Transform 220
Transform: AffineTransform_float_3_3
Parameters: 0.999996 0.00177556 -0.00221415 -0.00177644 0.999998 -0.00064707 0.00221285 0.000650932 0.999998 -0.0482067 0.167742 0.0203376
FixedParameters: 0 0 0

#Transform 221
Transform: AffineTransform_float_3_3
Parameters: 0.999995 0.00194738 -0.00229637 -0.00194961 0.999998 -0.000701526 0.00229463 0.000705472 0.999997 -0.0508896 0.165579 0.0258491
FixedParameters: 0 0 0

#Transform 222
Transform: AffineTransform_float_3_3
Parameters: 0.999996 0.00177527 -0.00224537 -0.00177673 0.999998 -0.000768014 0.00224463 0.000771988 0.999997 -0.0478335 0.152748 0.00107917
FixedParameters: 0 0 0

#Transform 223
Transform: AffineTransform_float_3_3
Parameters: 0.999995 0.00197032 -0.00218052 -0.00197268 0.999998 -0.000767702 0.00217848 0.000772296 0.999998 -0.0551269 0.143355 0.00579137
FixedParameters: 0 0 0

#Transform 224
Transform: AffineTransform_float_3_3
Parameters: 0.999996 0.00177601 -0.00200287 -0.00177698 0.999999 -0.000489443 0.00200112 0.000493556 0.999998 -0.0506065 0.14026 0.00699113
FixedParameters: 0 0 0

#Transform 225
Transform: AffineTransform_float_3_3
Parameters: 0.999995 0.00221761 -0.00216043 -0.00221839 0.999998 -0.00064121 0.00215857 0.00064579 0.999997 -0.0666327 0.14192 0.00378482
FixedParameters: 0 0 0

#Transform 226
Transform: AffineTransform_float_3_3
Parameters: 0.999995 0.00177575 -0.00239993 -0.00177725 0.999999 -0.000519737 0.00239907 0.000524263 0.999997 -0.0461228 0.140563 0.0224459
FixedParameters: 0 0 0

#Transform 227
Transform: AffineTransform_float_3_3
Parameters: 0.999996 0.0021363 -0.00221265 -0.0021377 0.999998 -0.000767274 0.00221036 0.000772726 0.999998 -0.0557586 0.138942 0.00122262
FixedParameters: 0 0 0

#Transform 228
Transform: AffineTransform_float_3_3
Parameters: 0.999996 0.0020413 -0.00220257 -0.00204269 0.999997 -0.000767504 0.00220043 0.000772495 0.999998 -0.0517848 0.153002 0.00381654
FixedParameters: 0 0 0

#Transform 229
Transform: AffineTransform_float_3_3
Parameters: 0.999995 0.00213283 -0.00223212 -0.00213317 0.999997 -0.000523241 0.00223088 0.000527761 0.999998 -0.0533393 0.15272 0.0155016
FixedParameters: 0 0 0

#Transform 230
Transform: AffineTransform_float_3_3
Parameters: 0.999995 0.0020153 -0.00221055 -0.0020177 0.999997 -0.000767543 0.00220845 0.000772454 0.999998 -0.0532977 0.143374 0.00876335
FixedParameters: 0 0 0

#Transform 231
Transform: AffineTransform_float_3_3
Parameters: 0.999995 0.00209493 -0.00207308 -0.00209606 0.999997 -0.000511657 0.00207192 0.000516342 0.999997 -0.0564801 0.137134 0.00973504
FixedParameters: 0 0 0

#Transform 232
Transform: AffineTransform_float_3_3
Parameters: 0.999995 0.00208705 -0.0022728 -0.00208896 0.999998 -0.000858257 0.0022702 0.000862743 0.999997 -0.0540961 0.144434 0.0114089
FixedParameters: 0 0 0

#Transform 233
Transform: AffineTransform_float_3_3
Parameters: 0.999996 0.00198515 -0.00213079 -0.00198585 0.999998 -0.00039677 0.00213021 0.00040123 0.999997 -0.0514415 0.139168 0.0227284
FixedParameters: 0 0 0

#Transform 234
Transform: AffineTransform_float_3_3
Parameters: 0.999996 0.00204393 -0.00192819 -0.00204607 0.999998 -0.00107006 0.00192681 0.00107394 0.999998 -0.0570203 0.146806 -0.00519036
FixedParameters: 0 0 0

#Transform 235
Transform: AffineTransform_float_3_3
Parameters: 0.999996 0.00203525 -0.00226657 -0.00203774 0.999997 -0.000767385 0.00226443 0.000772612 0.999997 -0.0581842 0.143355 0.018328
FixedParameters: 0 0 0

#Transform 236
Transform: AffineTransform_float_3_3
Parameters: 0.999996 0.00177532 -0.00218437 -0.00177668 0.999998 -0.000768122 0.00218263 0.000771878 0.999998 -0.058054 0.154581 0.0342179
FixedParameters: 0 0 0

#Transform 237
Transform: AffineTransform_float_3_3
Parameters: 0.999996 0.00186718 -0.00236644 -0.00186882 0.999998 -0.000767581 0.00236456 0.000772418 0.999997 -0.0561551 0.143287 0.0380119
FixedParameters: 0 0 0

#Transform 238
Transform: AffineTransform_float_3_3
Parameters: 0.999996 0.0019961 -0.00229952 -0.0019989 0.999997 -0.00125941 0.00229748 0.00126359 0.999996 -0.0588309 0.148882 0.0120084
FixedParameters: 0 0 0

#Transform 239
Transform: AffineTransform_float_3_3
Parameters: 0.999996 0.00177522 -0.00230937 -0.00177678 0.999998 -0.0007679 0.00230863 0.000772102 0.999997 -0.0471439 0.143328 0.0286652
FixedParameters: 0 0 0

#Transform 240
Transform: AffineTransform_float_3_3
Parameters: 0.999996 0.00197104 -0.00236464 -0.00197296 0.999997 -0.000827338 0.00236336 0.000831662 0.999997 -0.0572198 0.148502 0.0295687
FixedParameters: 0 0 0

#Transform 241
Transform: AffineTransform_float_3_3
Parameters: 0.999995 0.00195612 -0.00243551 -0.00195787 0.999998 -0.000767235 0.00243449 0.000772766 0.999996 -0.0495118 0.153185 0.022323
FixedParameters: 0 0 0

#Transform 242
Transform: AffineTransform_float_3_3
Parameters: 0.999995 0.00204101 -0.0023907 -0.00204299 0.999997 -0.000831119 0.0023883 0.000835878 0.999997 -0.0518746 0.146887 0.0209759
FixedParameters: 0 0 0

#Transform 243
Transform: AffineTransform_float_3_3
Parameters: 0.999995 0.00207215 -0.00240759 -0.00207385 0.999997 -0.00076701 0.0024064 0.00077199 0.999997 -0.0496219 0.16009 0.0222552
FixedParameters: 0 0 0

#Transform 244
Transform: AffineTransform_float_3_3
Parameters: 0.999995 0.00211799 -0.00261463 -0.00212001 0.999997 -0.000766461 0.00261337 0.000772539 0.999997 -0.0509498 0.153617 0.0223124
FixedParameters: 0 0 0

#Transform 245
Transform: AffineTransform_float_3_3
Parameters: 0.999994 0.00243781 -0.00250915 -0.00243919 0.999997 -0.000469882 0.00250785 0.000476116 0.999996 -0.0677793 0.15556 0.0387389
FixedParameters: 0 0 0

#Transform 246
Transform: AffineTransform_float_3_3
Parameters: 0.999995 0.00250068 -0.00228944 -0.00250232 0.999996 -0.000572274 0.00228856 0.000577726 0.999997 -0.062502 0.141164 0.0262747
FixedParameters: 0 0 0

#Transform 247
Transform: AffineTransform_float_3_3
Parameters: 0.999995 0.00214821 -0.00228868 -0.00214979 0.999998 -0.000781084 0.00228732 0.000785918 0.999997 -0.0550968 0.151134 0.0220171
FixedParameters: 0 0 0

#Transform 248
Transform: AffineTransform_float_3_3
Parameters: 0.999995 0.00217398 -0.00226894 -0.00217602 0.999997 -0.000888067 0.00226706 0.000893933 0.999997 -0.0621823 0.144749 0.0197449
FixedParameters: 0 0 0

#Transform 249
Transform: AffineTransform_float_3_3
Parameters: 0.999995 0.00203576 -0.00248284 -0.00203824 0.999998 -0.000900945 0.00248116 0.000906057 0.999997 -0.0505669 0.144878 0.019543
FixedParameters: 0 0 0

#Transform 250
Transform: AffineTransform_float_3_3
Parameters: 0.999995 0.00203664 -0.00234818 -0.00203836 0.999998 -0.000576216 0.00234682 0.000581782 0.999997 -0.0521327 0.15739 0.0263043
FixedParameters: 0 0 0

#Transform 251
Transform: AffineTransform_float_3_3
Parameters: 0.999995 0.00192435 -0.00242931 -0.00192565 0.999998 -0.000677325 0.00242769 0.000681675 0.999997 -0.0516858 0.158945 0.0302375
FixedParameters: 0 0 0

#Transform 252
Transform: AffineTransform_float_3_3
Parameters: 0.999995 0.00206841 -0.00228744 -0.00206959 0.999997 -0.000693269 0.00228656 0.000697733 0.999997 -0.0534289 0.161227 0.0237991
FixedParameters: 0 0 0

#Transform 253
Transform: AffineTransform_float_3_3
Parameters: 0.999995 0.00201395 -0.00236474 -0.00201605 0.999997 -0.000863236 0.00236225 0.000868761 0.999997 -0.0515175 0.162642 0.0203733
FixedParameters: 0 0 0

#Transform 254
Transform: AffineTransform_float_3_3
Parameters: 0.999995 0.00225377 -0.00246812 -0.00225523 0.999998 -0.000495437 0.00246688 0.000501563 0.999997 -0.0553645 0.167078 0.0440341
FixedParameters: 0 0 0

#Transform 255
Transform: AffineTransform_float_3_3
Parameters: 0.999995 0.00231276 -0.00226626 -0.00231324 0.999997 -0.000543761 0.00226474 0.000548241 0.999998 -0.0648942 0.171108 0.0456075
FixedParameters: 0 0 0

#Transform 256
Transform: AffineTransform_float_3_3
Parameters: 0.999995 0.00222518 -0.00235278 -0.00222582 0.999998 -0.000347765 0.00235222 0.000353236 0.999997 -0.0559184 0.166868 0.0570403
FixedParameters: 0 0 0

#Transform 257
Transform: AffineTransform_float_3_3
Parameters: 0.999996 0.00203 -0.00217094 -0.002031 0.999998 -0.000459593 0.00217006 0.000464407 0.999998 -0.0539595 0.173156 0.0490483
FixedParameters: 0 0 0

#Transform 258
Transform: AffineTransform_float_3_3
Parameters: 0.999994 0.00231766 -0.00227938 -0.00231934 0.999997 -0.00102572 0.00227662 0.00103028 0.999997 -0.0657342 0.174721 0.0371224
FixedParameters: 0 0 0

#Transform 259
Transform: AffineTransform_float_3_3
Parameters: 0.999995 0.00220467 -0.00223631 -0.00220633 0.999998 -0.000591069 0.00223469 0.00059593 0.999998 -0.0590475 0.177875 0.0462667
FixedParameters: 0 0 0

#Transform 260
Transform: AffineTransform_float_3_3
Parameters: 0.999995 0.0020298 -0.00248697 -0.00203119 0.999998 -0.000477951 0.00248602 0.000483048 0.999997 -0.050339 0.153046 0.0328164
FixedParameters: 0 0 0

#Transform 261
Transform: AffineTransform_float_3_3
Parameters: 0.999995 0.00223729 -0.00245565 -0.00223871 0.999997 -0.000287504 0.00245435 0.000293493 0.999997 -0.0552014 0.155371 0.0473241
FixedParameters: 0 0 0

#Transform 262
Transform: AffineTransform_float_3_3
Parameters: 0.999995 0.00246291 -0.00228318 -0.0024631 0.999997 -0.000477379 0.00228182 0.000482623 0.999998 -0.064269 0.148246 0.0286774
FixedParameters: 0 0 0

#Transform 263
Transform: AffineTransform_float_3_3
Parameters: 0.999993 0.00281983 -0.00245019 -0.00282017 0.999996 -6.50905e-05 0.00244981 7.19085e-05 0.999997 -0.067161 0.146051 0.01806
FixedParameters: 0 0 0

#Transform 264
Transform: AffineTransform_float_3_3
Parameters: 0.999993 0.00261763 -0.00249939 -0.00261837 0.999996 -0.000145457 0.00249961 0.000151544 0.999997 -0.0623445 0.146914 0.0184961
FixedParameters: 0 0 0

#Transform 265
Transform: AffineTransform_float_3_3
Parameters: 0.999993 0.00246039 -0.00259758 -0.00246061 0.999997 -0.00023161 0.00259742 0.000237392 0.999996 -0.058021 0.147803 0.0388372
FixedParameters: 0 0 0

#Transform 266
Transform: AffineTransform_float_3_3
Parameters: 0.999995 0.00220109 -0.00252479 -0.00220191 0.999997 -0.000357442 0.00252421 0.000363558 0.999996 -0.066788 0.164732 0.0203613
FixedParameters: 0 0 0

#Transform 267
Transform: AffineTransform_float_3_3
Parameters: 0.999994 0.00220022 -0.00240064 -0.00220278 0.999998 -0.000740716 0.00239936 0.000746283 0.999997 -0.0549057 0.153671 0.0294732
FixedParameters: 0 0 0

#Transform 268
Transform: AffineTransform_float_3_3
Parameters: 0.999995 0.00220121 -0.00220479 -0.00220279 0.999998 -0.000356145 0.00220421 0.000360854 0.999998 -0.067645 0.149339 0.0398494
FixedParameters: 0 0 0

#Transform 269
Transform: AffineTransform_float_3_3
Parameters: 0.999995 0.00220094 -0.00216807 -0.00220206 0.999997 -0.000485228 0.00216692 0.000490771 0.999997 -0.0660409 0.168488 0.0583582
FixedParameters: 0 0 0

#Transform 270
Transform: AffineTransform_float_3_3
Parameters: 0.999994 0.0024988 -0.00217223 -0.0024992 0.999997 -8.95716e-05 0.00217177 9.44273e-05 0.999997 -0.0731234 0.14627 0.0478302
FixedParameters: 0 0 0

#Transform 271
Transform: AffineTransform_float_3_3
Parameters: 0.999995 0.00237196 -0.00235204 -0.00237204 0.999997 -1.54209e-05 0.00235196 2.05789e-05 0.999997 -0.059094 0.14541 0.0400045
FixedParameters: 0 0 0

#Transform 272
Transform: AffineTransform_float_3_3
Parameters: 0.999995 0.0022017 -0.00236528 -0.0022023 0.999997 -0.000123792 0.00236572 0.000129209 0.999997 -0.0552953 0.14659 0.0214996
FixedParameters: 0 0 0

#Transform 273
Transform: AffineTransform_float_3_3
Parameters: 0.999994 0.00220196 -0.00241204 -0.00220204 0.999997 -1.56887e-05 0.00241196 2.03111e-05 0.999997 -0.0586939 0.145289 0.0342781
FixedParameters: 0 0 0

#Transform 274
Transform: AffineTransform_float_3_3
Parameters: 0.999994 0.00250296 -0.00240205 -0.00250304 0.999997 -1.49877e-05 0.00240196 2.10121e-05 0.999997 -0.0611639 0.152717 0.0301836
FixedParameters: 0 0 0

#Transform 275
Transform: AffineTransform_float_3_3
Parameters: 0.999994 0.00259669 -0.00239042 -0.00259831 0.999997 -0.000543793 0.00238958 0.000550209 0.999997 -0.0632166 0.151426 0.0127789
FixedParameters: 0 0 0

#Transform 276
Transform: AffineTransform_float_3_3
Parameters: 0.999994 0.00275664 -0.00242041 -0.00275736 0.999996 -0.000145327 0.00242059 0.000152674 0.999997 -0.0661789 0.162166 0.02598
FixedParameters: 0 0 0

#Transform 277
Transform: AffineTransform_float_3_3
Parameters: 0.999993 0.00261244 -0.00249058 -0.00261355 0.999996 -0.000218492 0.00248942 0.000225505 0.999997 -0.0623871 0.147765 0.0232365
FixedParameters: 0 0 0

#Transform 278
Transform: AffineTransform_float_3_3
Parameters: 0.999993 0.00271396 -0.00232105 -0.00271404 0.999997 -1.47007e-05 0.00232095 2.02991e-05 0.999998 -0.0664003 0.141478 0.0434692
FixedParameters: 0 0 0

#Transform 279
Transform: AffineTransform_float_3_3
Parameters: 0.999994 0.00258079 -0.00238323 -0.00258021 0.999996 -8.58513e-05 0.00238277 9.215e-05 0.999997 -0.062935 0.146159 0.0387697
FixedParameters: 0 0 0

#Transform 280
Transform: AffineTransform_float_3_3
Parameters: 0.999995 0.00230375 -0.00245112 -0.00230625 0.999997 -0.000915352 0.00244988 0.000920649 0.999996 -0.05638 0.15558 0.00489106
FixedParameters: 0 0 0

#Transform 281
Transform: AffineTransform_float_3_3
Parameters: 0.999995 0.00224485 -0.0021572 -0.00224615 0.999998 -0.000530157 0.0021558 0.000534842 0.999997 -0.0584533 0.151253 0.0130751
FixedParameters: 0 0 0

#Transform 282
Transform: AffineTransform_float_3_3
Parameters: 0.999994 0.00230455 -0.00235142 -0.00230645 0.999997 -0.00061558 0.00235057 0.00062042 0.999997 -0.0702318 0.152271 0.0142336
FixedParameters: 0 0 0

#Transform 283
Transform: AffineTransform_float_3_3
Parameters: 0.999995 0.00225065 -0.00231934 -0.00225035 0.999998 -0.000149782 0.00231866 0.000155219 0.999998 -0.0716825 0.157151 0.0148059
FixedParameters: 0 0 0
