#Insight Transform File V1.0
#Transform 0
Transform: AffineTransform_float_3_3
Parameters: 1 1.38187e-07 0.000133 1.38187e-07 1 -0.001039 -0.000133 0.001039 1 -0.00147572 -0.0430477 -0.0361344
FixedParameters: 0 0 0

#Transform 1
Transform: AffineTransform_float_3_3
Parameters: 1 0 0 0 1 -0.000242 0 0.000242 1 1.42109e-14 -0.053967 -0.00530054
FixedParameters: 0 0 0

#Transform 2
Transform: AffineTransform_float_3_3
Parameters: 1 0 0 0 1 -0.00041 0 0.00041 1 -0.003799 -0.0500812 -0.0295394
FixedParameters: 0 0 0

#Transform 3
Transform: AffineTransform_float_3_3
Parameters: 1 0 0 0 1 -0.00041 0 0.00041 1 1.42109e-14 -0.0500898 -0.00875545
FixedParameters: 0 0 0

#Transform 4
Transform: AffineTransform_float_3_3
Parameters: 1 0 0 0 1 -0.000217 0 0.000217 1 1.42109e-14 -0.028597 -0.0164663
FixedParameters: 0 0 0

#Transform 5
Transform: AffineTransform_float_3_3
Parameters: 1 -1.939e-08 -7e-05 -1.939e-08 1 -0.000277 7e-05 0.000277 1 0.000778478 -0.0453646 -0.00596025
FixedParameters: 0 0 0

#Transform 6
Transform: AffineTransform_float_3_3
Parameters: 1 0 0 0 1 -0.00014 0 0.00014 1 1.42109e-14 -0.0296555 0.0117795
FixedParameters: 0 0 0

#Transform 7
Transform: AffineTransform_float_3_3
Parameters: 1 0.000115 -2.9555e-08 -0.000115 1 -0.000257 -2.9555e-08 0.000257 1 -0.00715119 -0.0195651 -0.0118208
FixedParameters: 0 0 0

#Transform 8
Transform: AffineTransform_float_3_3
Parameters: 1 0 0 0 1 -0.000161 0 0.000161 1 1.42109e-14 -0.0370911 -0.0193709
FixedParameters: 0 0 0

#Transform 9
Transform: AffineTransform_float_3_3
Parameters: 1 0 0 0 1 -0.00041 0 0.00041 1 -0.004535 -0.034404 -0.020381
FixedParameters: 0 0 0

#Transform 10
Transform: AffineTransform_float_3_3
Parameters: 1 0 0 0 1 -0.00041 0 0.00041 1 1.42109e-14 -0.0344012 -0.027125
FixedParameters: 0 0 0

#Transform 11
Transform: AffineTransform_float_3_3
Parameters: 1 0 0 0 1 -3.5e-05 0 3.5e-05 1 1.42109e-14 -0.0384999 -0.000886938
FixedParameters: 0 0 0

#Transform 12
Transform: AffineTransform_float_3_3
Parameters: 1 0 0 0 1 5.4e-05 0 -5.4e-05 1 1.42109e-14 -0.0104237 -0.00778273
FixedParameters: 0 0 0

#Transform 13
Transform: AffineTransform_float_3_3
Parameters: 1 0 0 0 1 -0.00041 0 0.00041 1 1.42109e-14 -0.0320876 -0.0286781
FixedParameters: 0 0 0

#Transform 14
Transform: AffineTransform_float_3_3
Parameters: 1 0 0 0 1 -0.00041 0 0.00041 1 1.42109e-14 -0.0417079 -0.018241
FixedParameters: 0 0 0

#Transform 15
Transform: AffineTransform_float_3_3
Parameters: 1 -5.724e-09 -5.3e-05 -5.724e-09 1 -0.000108 5.3e-05 0.000108 1 0.000609776 -0.00602908 -0.0121542
FixedParameters: 0 0 0

#Transform 16
Transform: AffineTransform_float_3_3
Parameters: 1 0.000162 -3.5964e-08 -0.000162 1 -0.000222 -3.5964e-08 0.000222 1 -0.00343151 -0.0270494 -0.00477215
FixedParameters: 0 0 0

#Transform 17
Transform: AffineTransform_float_3_3
Parameters: 1 -0.000113017 -0.000103982 0.000112983 1 -0.000161012 0.000104018 0.000160988 1 0.00350738 -0.0107408 -0.0071419
FixedParameters: 0 0 0

#Transform 18
Transform: AffineTransform_float_3_3
Parameters: 1 0 0 0 1 -0.00025 0 0.00025 1 1.42109e-14 0.000708949 -0.027506
FixedParameters: 0 0 0

#Transform 19
Transform: AffineTransform_float_3_3
Parameters: 1 0 0 0 1 -0.000182 0 0.000182 1 1.42109e-14 -0.0156499 -0.00392432
FixedParameters: 0 0 0

#Transform 20
Transform: AffineTransform_float_3_3
Parameters: 1 0 0 0 1 -1e-05 0 1e-05 1 1.42109e-14 -0.0175033 -0.000336344
FixedParameters: 0 0 0

#Transform 21
Transform: AffineTransform_float_3_3
Parameters: 1 0 0 0 1 -0.000297 0 0.000297 1 5e-06 -0.0143551 -0.0228117
FixedParameters: 0 0 0

#Transform 22
Transform: AffineTransform_float_3_3
Parameters: 1 5.99844e-05 -0.000117008 -6.00156e-05 1 -0.000132993 0.000116992 0.000133007 1 -1.88761e-05 -0.0232627 -0.0117395
FixedParameters: 0 0 0

#Transform 23
Transform: AffineTransform_float_3_3
Parameters: 1 0 0 0 1 -0.000216 0 0.000216 1 1.42109e-14 -0.0152298 -0.00472713
FixedParameters: 0 0 0

#Transform 24
Transform: AffineTransform_float_3_3
Parameters: 1 0 0 0 1 -0.00041 0 0.00041 1 1.42109e-14 -0.0358252 -0.0246976
FixedParameters: 0 0 0

#Transform 25
Transform: AffineTransform_float_3_3
Parameters: 1 0 0 0 1 0.000242 0 -0.000242 1 1.42109e-14 -0.0346145 0.00499886
FixedParameters: 0 0 0

#Transform 26
Transform: AffineTransform_float_3_3
Parameters: 1 0 0 0 1 -5.9e-05 0 5.9e-05 1 1.42109e-14 -0.018356 -0.0148179
FixedParameters: 0 0 0

#Transform 27
Transform: AffineTransform_float_3_3
Parameters: 1 8.89924e-05 -5.40125e-05 -8.90076e-05 1 -0.000139995 5.39875e-05 0.000140005 1 -0.00136118 -0.0203902 -0.0117819
FixedParameters: 0 0 0

#Transform 28
Transform: AffineTransform_float_3_3
Parameters: 1 0.000159 -5.088e-09 -0.000159 1 -3.2e-05 -5.088e-09 3.2e-05 1 -0.00335872 -0.0140596 0.00595561
FixedParameters: 0 0 0

#Transform 29
Transform: AffineTransform_float_3_3
Parameters: 1 0 0 0 1 -0.00047 0 0.00047 1 1.42109e-14 0.00646871 -0.0100719
FixedParameters: 0 0 0

#Transform 30
Transform: AffineTransform_float_3_3
Parameters: 1 -0.00017 -7.82e-09 0.00017 1 4.6e-05 -7.82e-09 -4.6e-05 1 0.00356274 -0.016877 0.000818752
FixedParameters: 0 0 0

#Transform 31
Transform: AffineTransform_float_3_3
Parameters: 1 2.6e-05 -7.332e-09 -2.6e-05 1 -0.000282 -7.332e-09 0.000282 1 -0.00579598 -0.0132865 -0.0171429
FixedParameters: 0 0 0

#Transform 32
Transform: AffineTransform_float_3_3
Parameters: 1 0.000172 2.0124e-08 -0.000172 1 0.000117 2.0124e-08 -0.000117 1 -0.00366169 -0.0197137 -0.0230613
FixedParameters: 0 0 0

#Transform 33
Transform: AffineTransform_float_3_3
Parameters: 1 0.000105 4.83e-09 -0.000105 1 4.6e-05 4.83e-09 -4.6e-05 1 -0.00214254 -0.0168291 -0.00886425
FixedParameters: 0 0 0

#Transform 34
Transform: AffineTransform_float_3_3
Parameters: 1 3.8e-05 -2.09e-09 -3.8e-05 1 -5.5e-05 -2.09e-09 5.5e-05 1 -0.000784464 -0.00588222 -0.0144413
FixedParameters: 0 0 0

#Transform 35
Transform: AffineTransform_float_3_3
Parameters: 1 0.000131003 -6.7994e-05 -0.000130997 1 4.60089e-05 6.8006e-05 -4.59911e-05 1 0.0052659 -0.00279836 -0.0141084
FixedParameters: 0 0 0

#Transform 36
Transform: AffineTransform_float_3_3
Parameters: 1 0.000174006 -0.000121992 -0.000173994 1 4.60212e-05 0.000122008 -4.59788e-05 1 -0.00230158 0.0013498 0.000788156
FixedParameters: 0 0 0

#Transform 37
Transform: AffineTransform_float_3_3
Parameters: 1 -1.1e-05 -5.06e-10 1.1e-05 1 4.6e-05 -5.06e-10 -4.6e-05 1 0.000308211 0.0158979 0.000817245
FixedParameters: 0 0 0

#Transform 38
Transform: AffineTransform_float_3_3
Parameters: 1 0.000318 -3.339e-08 -0.000318 1 -0.000105 -3.339e-08 0.000105 1 -0.00667725 0.0148366 -0.00238721
FixedParameters: 0 0 0

#Transform 39
Transform: AffineTransform_float_3_3
Parameters: 1 0.000317968 -0.000132076 -0.000318032 1 -0.000239958 0.000132924 0.000240042 1 -0.00961539 0.000433814 -0.00525389
FixedParameters: 0 0 0

#Transform 40
Transform: AffineTransform_float_3_3
Parameters: 1 0.000318 -3.498e-08 -0.000318 1 -0.00011 -3.498e-08 0.00011 1 -0.00667976 0.00693449 -0.00243609
FixedParameters: 0 0 0

#Transform 41
Transform: AffineTransform_float_3_3
Parameters: 1 0.000318035 -0.000179939 -0.000317966 1 0.000191057 0.000180061 -0.000191943 1 -0.00470078 -0.0160352 0.0262673
FixedParameters: 0 0 0

#Transform 42
Transform: AffineTransform_float_3_3
Parameters: 1 0.000201994 -0.000492002 -0.000202006 1 -1.29006e-05 0.000491997 1.30994e-05 1 0.00115752 0.021793 -0.0003124
FixedParameters: 0 0 0

#Transform 43
Transform: AffineTransform_float_3_3
Parameters: 1 0.000318 6.2964e-08 -0.000318 1 0.000198 6.2964e-08 -0.000198 1 -0.00668161 0.00109936 0.0212307
FixedParameters: 0 0 0

#Transform 44
Transform: AffineTransform_float_3_3
Parameters: 1 0.00015407 -0.00054198 -0.000153929 1 0.000130083 0.00054202 -0.000129916 1 0.00272773 0.0142842 0.00267433
FixedParameters: 0 0 0

#Transform 45
Transform: AffineTransform_float_3_3
Parameters: 1 3.89939e-05 -0.000409001 -3.90061e-05 1 -1.4984e-05 0.000408999 1.50159e-05 1 0.00365863 0.00886013 0.0115506
FixedParameters: 0 0 0

#Transform 46
Transform: AffineTransform_float_3_3
Parameters: 1 0.000318009 -0.000205985 -0.00031799 1 4.60655e-05 0.000206015 -4.59345e-05 1 -0.00955979 0.0089793 0.000849115
FixedParameters: 0 0 0

#Transform 47
Transform: AffineTransform_float_3_3
Parameters: 1 0.000318 -2.385e-08 -0.000318 1 -7.5e-05 -2.385e-08 7.5e-05 1 -0.012804 0.00938027 -0.00176256
FixedParameters: 0 0 0

#Transform 48
Transform: AffineTransform_float_3_3
Parameters: 1 0.000318 1.4628e-08 -0.000318 1 4.6e-05 1.4628e-08 -4.6e-05 1 -0.00668109 0.00273538 0.00081585
FixedParameters: 0 0 0

#Transform 49
Transform: AffineTransform_float_3_3
Parameters: 1 0.000401 1.8446e-08 -0.000401 1 4.6e-05 1.8446e-08 -4.6e-05 1 -0.008442 0.0273412 -0.00127028
FixedParameters: 0 0 0

#Transform 50
Transform: AffineTransform_float_3_3
Parameters: 1 0.000318006 -0.000136985 -0.000317994 1 4.60436e-05 0.000137015 -4.59564e-05 1 -0.00518846 -8.17676e-05 0.00786808
FixedParameters: 0 0 0

#Transform 51
Transform: AffineTransform_float_3_3
Parameters: 1 0.000318031 -0.000115914 -0.000317969 1 0.000269037 0.000116086 -0.000268963 1 -0.00955137 0.00707233 0.00555013
FixedParameters: 0 0 0

#Transform 52
Transform: AffineTransform_float_3_3
Parameters: 1 0.000123073 -0.000334973 -0.000122927 1 0.000217041 0.000335027 -0.000216959 1 0.00109249 0.00767131 0.00446814
FixedParameters: 0 0 0

#Transform 53
Transform: AffineTransform_float_3_3
Parameters: 1 0.00031798 -9.60649e-05 -0.00031802 1 -0.000203969 9.59351e-05 0.00020403 1 -0.00563216 -0.00680801 -0.00442974
FixedParameters: 0 0 0

#Transform 54
Transform: AffineTransform_float_3_3
Parameters: 1 0.000317965 -0.000136082 -0.000318035 1 -0.000256957 0.000135918 0.000257043 1 -0.00518931 0.0153133 -0.0319643
FixedParameters: 0 0 0

#Transform 55
Transform: AffineTransform_float_3_3
Parameters: 1 0.000317975 -0.000336023 -0.000318024 1 -7.28931e-05 0.000335977 7.31068e-05 1 -0.00297207 -0.00258007 -0.017321
FixedParameters: 0 0 0

#Transform 56
Transform: AffineTransform_float_3_3
Parameters: 1 0.000318077 -0.000564956 -0.000317922 1 0.00013718 0.000565043 -0.00013682 1 -0.000473576 0.0207881 0.00277535
FixedParameters: 0 0 0

#Transform 57
Transform: AffineTransform_float_3_3
Parameters: 1 0.000318003 -0.000170994 -0.000317997 1 1.80544e-05 0.000171006 -1.79456e-05 1 -0.00483178 0.0167112 -0.0199094
FixedParameters: 0 0 0

#Transform 58
Transform: AffineTransform_float_3_3
Parameters: 1 0.000654969 -0.000177115 -0.000655031 1 -0.000175884 0.000176885 0.000176116 1 -0.0194506 0.00286866 -0.0117605
FixedParameters: 0 0 0

#Transform 59
Transform: AffineTransform_float_3_3
Parameters: 1 0.000446 -7.805e-08 -0.000446 1 -0.000175 -7.805e-08 0.000175 1 -0.00933846 0.00283671 -0.0256395
FixedParameters: 0 0 0

#Transform 60
Transform: AffineTransform_float_3_3
Parameters: 1 0.000528031 -0.000212922 -0.000527968 1 0.000148112 0.000213078 -0.000147887 1 -0.0144602 -0.000675389 -0.00454803
FixedParameters: 0 0 0

#Transform 61
Transform: AffineTransform_float_3_3
Parameters: 0.999999 0.000682002 -0.000213994 -0.000681998 1 9.14594e-06 0.000214006 -8.85405e-06 1 -0.0118863 0.0176503 -0.0125253
FixedParameters: 0 0 0

#Transform 62
Transform: AffineTransform_float_3_3
Parameters: 1 0.00050102 -0.000221954 -0.00050098 1 9.11112e-05 0.000222046 -9.08887e-05 1 -0.00811027 -0.000111061 -0.0143736
FixedParameters: 0 0 0

#Transform 63
Transform: AffineTransform_float_3_3
Parameters: 1 0.00052512 -0.000373831 -0.000524879 1 0.000322196 0.000374169 -0.000321803 1 -0.0139873 -0.00264097 0.00669197
FixedParameters: 0 0 0

#Transform 64
Transform: AffineTransform_float_3_3
Parameters: 1 0.000396043 -0.000145882 -0.000395956 1 0.000298058 0.000146118 -0.000297942 1 -0.0136922 0.0128373 0.0245292
FixedParameters: 0 0 0

#Transform 65
Transform: AffineTransform_float_3_3
Parameters: 1 0.000318063 -0.000213906 -0.000317936 1 0.000297068 0.000214094 -0.000296932 1 -0.00432252 0.00889965 0.0245703
FixedParameters: 0 0 0

#Transform 66
Transform: AffineTransform_float_3_3
Parameters: 1 0.000318 1.2084e-08 -0.000318 1 3.8e-05 1.2084e-08 -3.8e-05 1 -0.0066729 0.0284937 -0.00109684
FixedParameters: 0 0 0

#Transform 67
Transform: AffineTransform_float_3_3
Parameters: 1 0.000318 5.4696e-08 -0.000318 1 0.000172 5.4696e-08 -0.000172 1 -0.00668243 -0.00147676 -0.0720784
FixedParameters: 0 0 0

#Transform 68
Transform: AffineTransform_float_3_3
Parameters: 1 0.00031797 -0.000357027 -0.00031803 1 -8.38865e-05 0.000356973 8.41135e-05 1 -0.0134037 -0.00983274 -0.0163878
FixedParameters: 0 0 0

#Transform 69
Transform: AffineTransform_float_3_3
Parameters: 1 0.000317998 -0.000313002 -0.000318002 1 -5.90046e-06 0.000312998 6.09953e-06 1 -0.0141825 0.0312368 -0.0114278
FixedParameters: 0 0 0

#Transform 70
Transform: AffineTransform_float_3_3
Parameters: 1 0.00047396 -0.000260073 -0.00047404 1 -0.000154877 0.000260927 0.000154124 1 -0.0158845 -0.00140435 -0.0312192
FixedParameters: 0 0 0

#Transform 71
Transform: AffineTransform_float_3_3
Parameters: 1 0.000396211 -0.000457817 -0.000396789 1 0.000461182 0.000457183 -0.000460819 1 -0.00334454 0.00600209 -0.00012242
FixedParameters: 0 0 0

#Transform 72
Transform: AffineTransform_float_3_3
Parameters: 1 0.000422032 -0.000244944 -0.000421968 1 0.000132103 0.000245056 -0.000131897 1 -0.00618623 0.0148736 -0.0155082
FixedParameters: 0 0 0

#Transform 73
Transform: AffineTransform_float_3_3
Parameters: 1 0.000506158 -0.000342767 -0.000505842 1 0.000461173 0.000343233 -0.000460826 1 -0.0152962 -0.00323701 -0.000191449
FixedParameters: 0 0 0

#Transform 74
Transform: AffineTransform_float_3_3
Parameters: 1 0.000523032 -0.000411958 -0.000522967 1 7.92154e-05 0.000412041 -7.87845e-05 1 -0.00642623 0.0315761 -0.011399
FixedParameters: 0 0 0

#Transform 75
Transform: AffineTransform_float_3_3
Parameters: 1 0.000482135 -0.000378828 -0.000482864 1 0.000357183 0.000379172 -0.000356817 1 -0.0114373 0.0125402 -0.00238278
FixedParameters: 0 0 0

#Transform 76
Transform: AffineTransform_float_3_3
Parameters: 1 0.000633132 -0.000287708 -0.000632867 0.999999 0.000461182 0.000288292 -0.000460817 1 -0.0101278 0.034386 -0.000225511
FixedParameters: 0 0 0

#Transform 77
Transform: AffineTransform_float_3_3
Parameters: 1 0.00052803 -0.000300947 -0.00052797 1 0.000100159 0.000301053 -9.9841e-05 1 -0.0125465 0.0241428 -0.00786817
FixedParameters: 0 0 0

#Transform 78
Transform: AffineTransform_float_3_3
Parameters: 0.999999 0.000625156 -0.000339712 -0.000624843 0.999999 0.000461212 0.000339288 -0.000460788 1 -0.011975 0.0394148 0.0165386
FixedParameters: 0 0 0

#Transform 79
Transform: AffineTransform_float_3_3
Parameters: 1 0.000498073 -0.000352897 -0.000497927 1 0.000206176 0.000353102 -0.000205824 1 -0.00658439 0.0441671 -0.0164072
FixedParameters: 0 0 0

#Transform 80
Transform: AffineTransform_float_3_3
Parameters: 0.999999 0.000547082 -0.000514912 -0.000546917 1 0.000160282 0.000515087 -0.000159718 1 -0.0146457 0.0234298 -0.00647579
FixedParameters: 0 0 0

#Transform 81
Transform: AffineTransform_float_3_3
Parameters: 1 0.000508137 -0.000397825 -0.000507862 1 0.000345202 0.000398175 -0.000344798 1 -0.00632817 0.0335957 0.00412109
FixedParameters: 0 0 0

#Transform 82
Transform: AffineTransform_float_3_3
Parameters: 1 0.000318138 -0.000447902 -0.000317861 1 0.000309142 0.000448098 -0.000308857 1 -0.00174313 0.0255804 -0.00338234
FixedParameters: 0 0 0

#Transform 83
Transform: AffineTransform_float_3_3
Parameters: 1 0.00031829 -0.000476806 -0.00031771 1 0.000608151 0.000477193 -0.000607848 0.999999 -0.0135517 0.0162342 0.0189758
FixedParameters: 0 0 0

#Transform 84
Transform: AffineTransform_float_3_3
Parameters: 1 0.000318222 -0.000482853 -0.000317777 1 0.000461153 0.000483146 -0.000460846 1 -0.0106306 0.031499 -0.00447169
FixedParameters: 0 0 0

#Transform 85
Transform: AffineTransform_float_3_3
Parameters: 0.999999 0.000603374 -0.000524569 -0.000602625 0.999999 0.000713316 0.000525429 -0.000712683 0.999999 -0.0127478 0.0163735 0.0139233
FixedParameters: 0 0 0

#Transform 86
Transform: AffineTransform_float_3_3
Parameters: 0.999999 0.000557204 -0.000443743 -0.000557795 0.999999 0.000461247 0.000443257 -0.000460753 1 -0.0068465 0.0478018 0.00186914
FixedParameters: 0 0 0

#Transform 87
Transform: AffineTransform_float_3_3
Parameters: 0.999999 0.000588241 -0.000523728 -0.000587758 0.999999 0.000461308 0.000523271 -0.000460692 1 -0.0133222 0.0277227 0.015843
FixedParameters: 0 0 0

#Transform 88
Transform: AffineTransform_float_3_3
Parameters: 1 0.000318418 -0.000609781 -0.000318582 0.999999 0.000686194 0.000609218 -0.000685806 0.999999 -0.0093251 0.0419364 0.0206083
FixedParameters: 0 0 0

#Transform 89
Transform: AffineTransform_float_3_3
Parameters: 1 0.000502175 -0.000379768 -0.000501825 1 0.00046119 0.000380231 -0.000460809 1 -0.0128604 0.0438335 0.0157361
FixedParameters: 0 0 0

#Transform 90
Transform: AffineTransform_float_3_3
Parameters: 1 0.000518197 -0.000428761 -0.000517802 1 0.000461222 0.000429239 -0.000460777 1 -0.0105169 0.0314906 0.0158055
FixedParameters: 0 0 0

#Transform 91
Transform: AffineTransform_float_3_3
Parameters: 1 0.000500213 -0.000461769 -0.000499787 1 0.000461231 0.00046223 -0.000460769 1 -0.014745 0.0372002 -0.00486799
FixedParameters: 0 0 0

#Transform 92
Transform: AffineTransform_float_3_3
Parameters: 0.999999 0.00031835 -0.000673835 -0.000317651 1 0.000518214 0.000674164 -0.000518785 0.999999 -0.00506772 0.0331743 0.0169632
FixedParameters: 0 0 0

#Transform 93
Transform: AffineTransform_float_3_3
Parameters: 0.999999 0.000318612 -0.000673711 -0.000318388 0.999999 0.000909215 0.00067329 -0.000908786 1 0.000752562 0.0487257 0.0209108
FixedParameters: 0 0 0

#Transform 94
Transform: AffineTransform_float_3_3
Parameters: 0.999999 0.000318451 -0.000673787 -0.000318549 0.999999 0.000669214 0.000673213 -0.000668785 0.999999 0.000756895 0.027713 0.0119857
FixedParameters: 0 0 0

#Transform 95
Transform: AffineTransform_float_3_3
Parameters: 1 0.000318382 -0.000495754 -0.000317617 0.999999 0.000771157 0.000496245 -0.000770842 0.999999 -0.00117616 0.0264929 0.0223442
FixedParameters: 0 0 0

#Transform 96
Transform: AffineTransform_float_3_3
Parameters: 1 0.000512148 -0.000357788 -0.000511852 1 0.000414183 0.000358212 -0.000413816 1 -0.00678139 0.0374471 -0.00501953
FixedParameters: 0 0 0

#Transform 97
Transform: AffineTransform_float_3_3
Parameters: 1 0.000318219 -0.000439841 -0.000317781 1 0.00049814 0.000440158 -0.00049786 1 -0.00181873 0.0335643 0.00282986
FixedParameters: 0 0 0

#Transform 98
Transform: AffineTransform_float_3_3
Parameters: 1 0.000318367 -0.000570795 -0.000317633 0.999999 0.000643181 0.000571204 -0.000642818 0.999999 -0.000333752 0.0445315 0.00933009
FixedParameters: 0 0 0

#Transform 99
Transform: AffineTransform_float_3_3
Parameters: 1 0.000430199 -0.00050483 -0.000429801 1 0.000394217 0.000505169 -0.000393783 1 -0.00338256 0.0306603 -0.0128787
FixedParameters: 0 0 0

#Transform 100
Transform: AffineTransform_float_3_3
Parameters: 1 0.000318438 -0.000481711 -0.000318561 0.999999 0.000909154 0.00048229 -0.000908847 1 -0.00132613 0.0322462 0.0382994
FixedParameters: 0 0 0

#Transform 101
Transform: AffineTransform_float_3_3
Parameters: 1 0.000318421 -0.000534749 -0.000318579 0.999999 0.00078717 0.000535251 -0.000786829 0.999999 -0.000724433 0.0438933 0.0142119
FixedParameters: 0 0 0

#Transform 102
Transform: AffineTransform_float_3_3
Parameters: 0.999999 0.000546491 -0.000673601 -0.000545509 0.999999 0.000729367 0.000673398 -0.000729632 0.999999 -0.00396723 0.0382836 0.0205473
FixedParameters: 0 0 0

#Transform 103
Transform: AffineTransform_float_3_3
Parameters: 0.999999 0.000318386 -0.000673817 -0.000317614 1 0.000573214 0.000674182 -0.000572785 0.999999 0.000758047 0.0476972 0.0122867
FixedParameters: 0 0 0

#Transform 104
Transform: AffineTransform_float_3_3
Parameters: 0.999999 0.000479436 -0.000673689 -0.000479563 0.999999 0.000648323 0.00067331 -0.000647677 0.999999 -0.00262487 0.0392342 0.00580495
FixedParameters: 0 0 0

#Transform 105
Transform: AffineTransform_float_3_3
Parameters: 1 0.000318554 -0.000609711 -0.000318445 1 0.000909195 0.00061029 -0.000908807 1 7.31488e-05 0.0364985 0.0206425
FixedParameters: 0 0 0

#Transform 106
Transform: AffineTransform_float_3_3
Parameters: 0.999999 0.000519494 -0.000673619 -0.000518505 0.999999 0.00073435 0.000673381 -0.000733651 1 -0.0034192 0.0484348 -0.00161823
FixedParameters: 0 0 0

#Transform 107
Transform: AffineTransform_float_3_3
Parameters: 0.999999 0.000318525 -0.000673752 -0.000318475 0.999999 0.000780215 0.000673249 -0.000779786 1 0.0007587 0.0378087 0.0125876
FixedParameters: 0 0 0

#Transform 108
Transform: AffineTransform_float_3_3
Parameters: 1 0.000495739 -0.000748513 -0.000494262 1 0.000985371 0.000749488 -0.000985629 0.999999 -0.00214202 0.0490567 0.0181834
FixedParameters: 0 0 0

#Transform 109
Transform: AffineTransform_float_3_3
Parameters: 0.999999 0.000513543 -0.000673586 -0.000513457 0.999999 0.000806346 0.000673414 -0.000805654 1 -0.00332555 0.0498152 0.0118289
FixedParameters: 0 0 0

#Transform 110
Transform: AffineTransform_float_3_3
Parameters: 0.999999 0.000617659 -0.000724439 -0.000617341 1 0.000909448 0.000724561 -0.000908554 1 -0.00499073 0.0426297 0.0208778
FixedParameters: 0 0 0

#Transform 111
Transform: AffineTransform_float_3_3
Parameters: 0.999999 0.000552526 -0.000673567 -0.000551473 0.999999 0.000782371 0.000673431 -0.000781627 0.999999 -0.00409685 0.0538581 0.0207613
FixedParameters: 0 0 0

#Transform 112
Transform: AffineTransform_float_3_3
Parameters: 0.999999 0.00047126 -0.000673817 -0.000470739 1 0.000387317 0.000674182 -0.000386682 0.999999 -0.00241996 0.0404836 0.00446086
FixedParameters: 0 0 0

#Transform 113
Transform: AffineTransform_float_3_3
Parameters: 0.999999 0.000318756 -0.000673643 -0.000318245 1 0.00112222 0.000673357 -0.00112179 0.999999 0.000742647 0.0325232 0.0279768
FixedParameters: 0 0 0

#Transform 114
Transform: AffineTransform_float_3_3
Parameters: 0.999999 0.000318349 -0.000673835 -0.000317651 1 0.000518214 0.000674164 -0.000517785 0.999999 0.000757938 0.0531302 -0.00279244
FixedParameters: 0 0 0

#Transform 115
Transform: AffineTransform_float_3_3
Parameters: 0.999999 0.000616612 -0.00067344 -0.000615388 1 0.000909415 0.00067356 -0.000908586 1 -0.0054389 0.0298466 0.0234668
FixedParameters: 0 0 0

#Transform 116
Transform: AffineTransform_float_3_3
Parameters: 0.999999 0.000318253 -0.00067388 -0.000317746 1 0.000376214 0.000674119 -0.000375785 0.999999 0.000769529 0.0835117 0.0121489
FixedParameters: 0 0 0

#Transform 117
Transform: AffineTransform_float_3_3
Parameters: 0.999999 0.000453612 -0.000673588 -0.000452388 1 0.000909306 0.000673411 -0.000908696 1 0.000357664 0.0516641 0.0335659
FixedParameters: 0 0 0

#Transform 118
Transform: AffineTransform_float_3_3
Parameters: 0.999999 0.000508612 -0.000673538 -0.000508388 1 0.000909343 0.000673462 -0.000908659 1 -0.00324506 0.0350501 0.0234686
FixedParameters: 0 0 0

#Transform 119
Transform: AffineTransform_float_3_3
Parameters: 0.999999 0.000318612 -0.000673711 -0.000318388 0.999999 0.000909215 0.00067329 -0.000908786 1 0.000759943 0.077279 0.0234309
FixedParameters: 0 0 0

#Transform 120
Transform: AffineTransform_float_3_3
Parameters: 1 0.000559742 -0.000815492 -0.000558259 1 0.000909456 0.000815508 -0.000908545 1 0.00447643 0.022586 0.0235096
FixedParameters: 0 0 0

#Transform 121
Transform: AffineTransform_float_3_3
Parameters: 0.999999 0.000318444 -0.00067379 -0.000318556 0.999999 0.000659214 0.00067321 -0.000658785 0.999999 0.000767339 0.0578887 0.0181459
FixedParameters: 0 0 0

#Transform 122
Transform: AffineTransform_float_3_3
Parameters: 0.999999 0.000542519 -0.000673582 -0.000541481 0.999999 0.000770364 0.000673417 -0.000770634 0.999999 -0.00726411 0.0822526 0.0167245
FixedParameters: 0 0 0

#Transform 123
Transform: AffineTransform_float_3_3
Parameters: 1 0.000655699 -0.000768405 -0.000655302 1 0.000909505 0.000768596 -0.000908497 1 -0.00536273 0.0804953 0.0292721
FixedParameters: 0 0 0

#Transform 124
Transform: AffineTransform_float_3_3
Parameters: 1 0.000773688 -0.000901411 -0.000773313 1 0.000762698 0.000901591 -0.000762304 1 -0.00642852 0.0911199 0.0203298
FixedParameters: 0 0 0

#Transform 125
Transform: AffineTransform_float_3_3
Parameters: 1 0.000318958 -0.00105371 -0.000318043 1 0.000909336 0.00105329 -0.000908665 0.999999 0.0048171 0.089623 0.0547025
FixedParameters: 0 0 0

#Transform 126
Transform: AffineTransform_float_3_3
Parameters: 0.999999 0.000686425 -0.000673566 -0.000686574 0.999999 0.000632462 0.000673433 -0.000631537 0.999999 -0.00204336 0.0925514 0.0255228
FixedParameters: 0 0 0

#Transform 127
Transform: AffineTransform_float_3_3
Parameters: 0.999999 0.000694612 -0.000673369 -0.000693388 1 0.000909468 0.00067363 -0.000908533 1 -0.00263457 0.0802369 0.0532279
FixedParameters: 0 0 0

#Transform 128
Transform: AffineTransform_float_3_3
Parameters: 1 0.000696322 -0.000818727 -0.000696678 0.999999 0.000393571 0.000818274 -0.000392431 1 -0.000438896 0.0926768 0.0270887
FixedParameters: 0 0 0

#Transform 129
Transform: AffineTransform_float_3_3
Parameters: 1 0.000661821 -0.000902399 -0.00066118 1 0.000909598 0.000902602 -0.000908404 0.999999 0.00227259 0.0707472 0.0443221
FixedParameters: 0 0 0

#Transform 130
Transform: AffineTransform_float_3_3
Parameters: 1 0.000646873 -0.000862347 -0.000646127 1 0.00101156 0.000863655 -0.00101144 0.999999 -0.000607229 0.0763428 0.0437508
FixedParameters: 0 0 0

#Transform 131
Transform: AffineTransform_float_3_3
Parameters: 0.999999 0.000724612 -0.000673341 -0.000723388 1 0.000909488 0.000673658 -0.000908513 1 -0.00772201 0.0594225 0.0328614
FixedParameters: 0 0 0

#Transform 132
Transform: AffineTransform_float_3_3
Parameters: 1 0.000708995 -0.000959266 -0.000708006 0.999999 0.00103668 0.000959735 -0.00103632 0.999999 0.00138406 0.0703152 0.0460488
FixedParameters: 0 0 0

#Transform 133
Transform: AffineTransform_float_3_3
Parameters: 1 0.000773493 -0.000817534 -0.000773506 0.999999 0.000603633 0.000818467 -0.000602367 1 -0.00279817 0.0732351 0.0265155
FixedParameters: 0 0 0

#Transform 134
Transform: AffineTransform_float_3_3
Parameters: 1 0.000677965 -0.0009323 -0.000677036 0.999999 0.00103463 0.000932701 -0.00103437 0.999999 -0.00402828 0.0689473 0.0498402
FixedParameters: 0 0 0

#Transform 135
Transform: AffineTransform_float_3_3
Parameters: 1 0.000767613 -0.000673303 -0.000767388 1 0.000909518 0.000673698 -0.000908484 1 -0.00881732 0.0685544 0.0404984
FixedParameters: 0 0 0

#Transform 136
Transform: AffineTransform_float_3_3
Parameters: 1 0.000664773 -0.000849396 -0.000663228 1 0.000909564 0.000849604 -0.000908436 0.999999 -0.00461509 0.0594294 0.0430746
FixedParameters: 0 0 0

#Transform 137
Transform: AffineTransform_float_3_3
Parameters: 0.999999 0.000660612 -0.0006734 -0.000660388 1 0.000909446 0.0006736 -0.000908556 1 -0.00639133 0.0766112 0.0339607
FixedParameters: 0 0 0

#Transform 138
Transform: AffineTransform_float_3_3
Parameters: 1 0.000679751 -0.000825383 -0.00067925 1 0.000909562 0.000825618 -0.00090844 0.999999 -0.00524612 0.0594781 0.0365403
FixedParameters: 0 0 0

#Transform 139
Transform: AffineTransform_float_3_3
Parameters: 1 0.00050305 -0.000971458 -0.000501952 1 0.00107949 0.000971543 -0.00107951 0.999999 7.28087e-05 0.0576123 0.050753
FixedParameters: 0 0 0

#Transform 140
Transform: AffineTransform_float_3_3
Parameters: 1 0.000732948 -0.00088922 -0.000732053 0.999999 0.00106565 0.000889781 -0.00106535 0.999999 -0.00557537 0.0577132 0.0323859
FixedParameters: 0 0 0

#Transform 141
Transform: AffineTransform_float_3_3
Parameters: 1 0.000527148 -0.00103942 -0.000525854 1 0.00110355 0.00103958 -0.00110345 0.999999 0.000346839 0.0734061 0.0341378
FixedParameters: 0 0 0

#Transform 142
Transform: AffineTransform_float_3_3
Parameters: 1 0.000672898 -0.000987389 -0.000671103 1 0.000909664 0.000987611 -0.000908337 0.999999 -0.00322164 0.0773966 0.0331524
FixedParameters: 0 0 0

#Transform 143
Transform: AffineTransform_float_3_3
Parameters: 0.999999 0.000487844 -0.000865524 -0.000487155 1 0.000975423 0.000866475 -0.000974578 0.999999 -0.00312443 0.0843417 0.0486035
FixedParameters: 0 0 0

#Transform 144
Transform: AffineTransform_float_3_3
Parameters: 1 0.000656659 -0.00088051 -0.000656343 1 0.000747579 0.000880492 -0.000747423 1 -0.00415333 0.0814974 0.0203492
FixedParameters: 0 0 0

#Transform 145
Transform: AffineTransform_float_3_3
Parameters: 1 0.000489866 -0.000884522 -0.000489135 1 0.000978434 0.000884479 -0.000977568 0.999999 -0.00276477 0.074237 0.0487262
FixedParameters: 0 0 0

#Transform 146
Transform: AffineTransform_float_3_3
Parameters: 0.999999 0.000513771 -0.000848533 -0.000513228 1 0.000909437 0.000849467 -0.000908565 0.999999 -0.00136476 0.0970988 0.0407481
FixedParameters: 0 0 0

#Transform 147
Transform: AffineTransform_float_3_3
Parameters: 0.999999 0.000601612 -0.000673453 -0.000600388 1 0.000909405 0.000673546 -0.000908596 1 -0.00513072 0.0720812 0.0472296
FixedParameters: 0 0 0

#Transform 148
Transform: AffineTransform_float_3_3
Parameters: 0.999999 0.000532825 -0.000673347 -0.000532175 0.999999 0.00122536 0.000673652 -0.00122464 0.999999 -0.000262878 0.076432 0.0538453
FixedParameters: 0 0 0

#Transform 149
Transform: AffineTransform_float_3_3
Parameters: 0.999999 0.000527639 -0.000673499 -0.000527361 1 0.000949356 0.000673501 -0.000948646 1 -0.00366655 0.0716675 0.0432518
FixedParameters: 0 0 0

#Transform 150
Transform: AffineTransform_float_3_3
Parameters: 1 0.000481423 -0.00104735 -0.000479578 0.999999 0.0013585 0.00104765 -0.0013575 0.999998 -0.00538857 0.0827947 0.0566664
FixedParameters: 0 0 0

#Transform 151
Transform: AffineTransform_float_3_3
Parameters: 0.999999 0.00067295 -0.00105039 -0.000672051 1 0.000903707 0.00105161 -0.000903293 0.999999 -0.002595 0.0886631 0.0395266
FixedParameters: 0 0 0

#Transform 152
Transform: AffineTransform_float_3_3
Parameters: 0.999999 0.000591682 -0.000673401 -0.000591318 1 0.0010124 0.000673599 -0.0010126 1 -0.00500849 0.0780955 0.0676517
FixedParameters: 0 0 0

#Transform 153
Transform: AffineTransform_float_3_3
Parameters: 1 0.000469883 -0.000964571 -0.000469118 1 0.000915454 0.00096443 -0.000914548 0.999999 0.000670929 0.0884213 0.0473688
FixedParameters: 0 0 0

#Transform 154
Transform: AffineTransform_float_3_3
Parameters: 0.999999 0.000143853 -0.000916866 -0.000143146 0.999999 0.000931131 0.000917133 -0.000930868 0.999999 0.00716701 0.0849056 0.076456
FixedParameters: 0 0 0

#Transform 155
Transform: AffineTransform_float_3_3
Parameters: 0.999999 0.000318694 -0.000878749 -0.000318306 0.999999 0.00078928 0.000879252 -0.00078972 1 0.0030125 0.105488 0.0734107
FixedParameters: 0 0 0

#Transform 156
Transform: AffineTransform_float_3_3
Parameters: 0.999999 0.000676401 -0.000673596 -0.000675598 0.999999 0.000596455 0.000673402 -0.000595544 0.999999 -0.00674799 0.115153 0.0658127
FixedParameters: 0 0 0

#Transform 157
Transform: AffineTransform_float_3_3
Parameters: 1 0.000502027 -0.000974473 -0.000500975 1 0.00105249 0.000974528 -0.00105251 0.999999 0.000132533 0.0992746 0.0863148
FixedParameters: 0 0 0

#Transform 158
Transform: AffineTransform_float_3_3
Parameters: 0.999999 0.000318817 -0.000845692 -0.000318182 0.999999 0.000966269 0.000846308 -0.00096573 0.999999 0.00264322 0.0938714 0.0726087
FixedParameters: 0 0 0

#Transform 159
Transform: AffineTransform_float_3_3
Parameters: 1 0.000240424 -0.00104867 -0.000238575 0.999999 0.00135825 0.00104932 -0.00135775 0.999998 -0.00058834 0.103564 0.0854265
FixedParameters: 0 0 0

#Transform 160
Transform: AffineTransform_float_3_3
Parameters: 0.999999 0.000318932 -0.000987699 -0.000318067 1 0.000944315 0.0009883 -0.000943686 0.999999 0.00423414 0.124462 0.0543529
FixedParameters: 0 0 0

#Transform 161
Transform: AffineTransform_float_3_3
Parameters: 0.999999 0.000709852 -0.000673103 -0.000708148 0.999999 0.00126448 0.000673896 -0.00126452 0.999999 -0.00742473 0.11015 0.0893085
FixedParameters: 0 0 0

#Transform 162
Transform: AffineTransform_float_3_3
Parameters: 1 0.000526261 -0.000928286 -0.000525739 0.999999 0.00135849 0.000928715 -0.00135751 0.999998 -0.000918615 0.109198 0.0654097
FixedParameters: 0 0 0

#Transform 163
Transform: AffineTransform_float_3_3
Parameters: 1 0.000656939 -0.000820249 -0.000656062 0.999999 0.00114454 0.000820751 -0.00114346 0.999999 0.00323165 0.0934485 0.0809484
FixedParameters: 0 0 0

#Transform 164
Transform: AffineTransform_float_3_3
Parameters: 1 0.000319161 -0.00104765 -0.00031784 1 0.00110833 0.00104735 -0.00110767 0.999999 0.0141767 0.104881 0.073382
FixedParameters: 0 0 0

#Transform 165
Transform: AffineTransform_float_3_3
Parameters: 1 0.000421466 -0.00107943 -0.000420533 0.999999 0.00135845 0.00108057 -0.00135754 0.999998 0.00298762 0.0877087 0.0665071
FixedParameters: 0 0 0

#Transform 166
Transform: AffineTransform_float_3_3
Parameters: 1 0.000188596 -0.00108472 -0.000186404 0.999999 0.0014712 0.00108528 -0.0014708 0.999999 0.00796529 0.10049 0.0594573
FixedParameters: 0 0 0

#Transform 167
Transform: AffineTransform_float_3_3
Parameters: 0.999999 0.000318677 -0.00067368 -0.000318324 1 0.00100422 0.00067332 -0.00100379 1 0.000759513 0.0916125 0.0501188
FixedParameters: 0 0 0

#Transform 168
Transform: AffineTransform_float_3_3
Parameters: 1 0.000764062 -0.000887087 -0.000762939 0.999999 0.00119668 0.000887914 -0.00119632 0.999999 -0.0063129 0.0980108 0.0561026
FixedParameters: 0 0 0

#Transform 169
Transform: AffineTransform_float_3_3
Parameters: 0.999999 0.000384915 -0.000673478 -0.000384086 0.999999 0.00135826 0.000673522 -0.00135774 0.999999 -0.000663464 0.0876745 0.0667345
FixedParameters: 0 0 0

#Transform 170
Transform: AffineTransform_float_3_3
Parameters: 1 0.000554321 -0.000888177 -0.000553679 0.999998 0.00148749 0.000888824 -0.00148651 0.999998 -0.010442 0.101979 0.0632962
FixedParameters: 0 0 0

#Transform 171
Transform: AffineTransform_float_3_3
Parameters: 1 0.000651303 -0.000959116 -0.000649696 0.999999 0.00135862 0.000960883 -0.00135737 0.999998 -0.00308191 0.118797 0.0512254
FixedParameters: 0 0 0

#Transform 172
Transform: AffineTransform_float_3_3
Parameters: 1 0.00031997 -0.00111244 -0.000318031 0.999999 0.00177036 0.00111256 -0.00176965 0.999998 0.00543879 0.105514 0.0873143
FixedParameters: 0 0 0

#Transform 173
Transform: AffineTransform_float_3_3
Parameters: 1 0.000319483 -0.00104755 -0.000318517 0.999999 0.00141534 0.00104845 -0.00141467 0.999999 0.00478658 0.0935901 0.0442819
FixedParameters: 0 0 0

#Transform 174
Transform: AffineTransform_float_3_3
Parameters: 0.999999 0.000401132 -0.00094652 -0.000399868 0.999999 0.00119638 0.000946478 -0.00119562 0.999999 0.00200458 0.0796428 0.0535305
FixedParameters: 0 0 0

#Transform 175
Transform: AffineTransform_float_3_3
Parameters: 1 0.00055837 -0.00100824 -0.00055663 0.999999 0.00135856 0.00100876 -0.00135744 0.999999 -0.000669541 0.100666 0.0508199
FixedParameters: 0 0 0

#Transform 176
Transform: AffineTransform_float_3_3
Parameters: 1 0.000485749 -0.00108567 -0.00048525 0.999999 0.000690527 0.00108634 -0.000689473 0.999999 0.0017641 0.103226 0.0271775
FixedParameters: 0 0 0

#Transform 177
Transform: AffineTransform_float_3_3
Parameters: 0.999999 0.000475233 -0.000904352 -0.000473767 0.999999 0.00136343 0.000904646 -0.00136257 0.999998 -0.0028687 0.0964446 0.066901
FixedParameters: 0 0 0

#Transform 178
Transform: AffineTransform_float_3_3
Parameters: 1 0.000319268 -0.00103561 -0.000317732 0.999999 0.00122433 0.00103639 -0.00122367 0.999998 0.00467728 0.0907414 0.0566844
FixedParameters: 0 0 0

#Transform 179
Transform: AffineTransform_float_3_3
Parameters: 0.999999 0.000319344 -0.000904526 -0.000317656 0.999999 0.00148629 0.000904473 -0.00148571 0.999999 0.00332619 0.0888409 0.0630016
FixedParameters: 0 0 0

#Transform 180
Transform: AffineTransform_float_3_3
Parameters: 0.999999 0.00059562 -0.00111013 -0.000594381 0.999999 0.00145866 0.00111087 -0.00145834 0.999999 -0.000347659 0.0957164 0.0510623
FixedParameters: 0 0 0

#Transform 181
Transform: AffineTransform_float_3_3
Parameters: 0.999999 0.000320272 -0.00126843 -0.000317727 0.999999 0.0017914 0.00126957 -0.00179059 0.999997 0.00724268 0.0965963 0.075129
FixedParameters: 0 0 0

#Transform 182
Transform: AffineTransform_float_3_3
Parameters: 0.999999 0.00114341 -0.000903224 -0.00114259 0.999998 0.00155503 0.000904778 -0.00155397 0.999999 -0.0140044 0.117225 0.0542891
FixedParameters: 0 0 0

#Transform 183
Transform: AffineTransform_float_3_3
Parameters: 0.999999 0.000913856 -0.00114452 -0.000912143 0.999999 0.00162105 0.00114648 -0.00161995 0.999998 -0.0106492 0.0984702 0.0682913
FixedParameters: 0 0 0

#Transform 184
Transform: AffineTransform_float_3_3
Parameters: 0.999999 0.00045285 -0.00132437 -0.000451149 0.999999 0.0013966 0.00132563 -0.0013964 0.999998 0.00518276 0.117511 0.0538457
FixedParameters: 0 0 0

#Transform 185
Transform: AffineTransform_float_3_3
Parameters: 0.999999 0.000587657 -0.00118618 -0.000586343 0.999999 0.0013967 0.00118682 -0.0013963 0.999999 0.000728198 0.0783893 0.0697423
FixedParameters: 0 0 0

#Transform 186
Transform: AffineTransform_float_3_3
Parameters: 0.999999 0.000695555 -0.00111303 -0.000694445 0.999999 0.00139677 0.00111397 -0.00139623 0.999999 -0.00708513 0.100881 0.0782579
FixedParameters: 0 0 0

#Transform 187
Transform: AffineTransform_float_3_3
Parameters: 0.999999 0.00020205 -0.00129068 -0.000199951 0.999998 0.00158826 0.00129032 -0.00158774 0.999998 0.0016981 0.113172 0.107059
FixedParameters: 0 0 0

#Transform 188
Transform: AffineTransform_float_3_3
Parameters: 0.999999 0.000340202 -0.00127642 -0.0003378 0.999999 0.00172443 0.00127658 -0.00172457 0.999997 -0.000225122 0.137021 0.115715
FixedParameters: 0 0 0

#Transform 189
Transform: AffineTransform_float_3_3
Parameters: 0.999999 0.000358266 -0.000934515 -0.000356734 0.999999 0.00135533 0.000934483 -0.00135467 0.999998 -0.00911701 0.125611 0.129976
FixedParameters: 0 0 0
