#Insight Transform File V1.0
#Transform 0
Transform: AffineTransform_float_3_3
Parameters: 1 4.54475e-07 0.000245 4.54475e-07 0.999999 -0.001855 -0.000245 0.001855 0.999998 0.000479157 0.00393629 -0.0122194
FixedParameters: 0 0 0

#Transform 1
Transform: AffineTransform_float_3_3
Parameters: 1 0 0 0 0.999999 -0.00158 0 0.00158 0.999999 0 0.0181105 -0.0142473
FixedParameters: 0 0 0

#Transform 2
Transform: AffineTransform_float_3_3
Parameters: 1 1.5168e-07 9.59999e-05 1.5168e-07 0.999999 -0.00158 -9.59999e-05 0.00158 0.999998 0.00122678 0.0180875 -0.0104649
FixedParameters: 0 0 0

#Transform 3
Transform: AffineTransform_float_3_3
Parameters: 1 0.000258 -4.0764e-07 -0.000258 0.999998 -0.00158 -4.0764e-07 0.00158 0.999999 -0.0023919 0.0175851 -0.0102811
FixedParameters: 0 0 0

#Transform 4
Transform: AffineTransform_float_3_3
Parameters: 1 0.000196848 -0.000129232 -0.000197152 1 -0.00117698 0.000128768 0.00117703 1 0.00013687 0.0132211 -0.00293406
FixedParameters: 0 0 0

#Transform 5
Transform: AffineTransform_float_3_3
Parameters: 1 0.000267923 -6.23331e-05 -0.000268078 0.999999 -0.00124298 6.26668e-05 0.00124302 0.999999 -0.00157087 -0.00188925 -0.00426912
FixedParameters: 0 0 0

#Transform 6
Transform: AffineTransform_float_3_3
Parameters: 1 0.000221 -3.56252e-07 -0.000221 0.999998 -0.001612 -3.56252e-07 0.001612 0.999998 -0.00393073 0.0222463 -0.0315456
FixedParameters: 0 0 0

#Transform 7
Transform: AffineTransform_float_3_3
Parameters: 1 0 0 0 0.999999 -0.001572 0 0.001572 0.999999 0.017677 0.0109474 -0.00289132
FixedParameters: 0 0 0

#Transform 8
Transform: AffineTransform_float_3_3
Parameters: 1 9.75556e-05 0.000358849 -9.64441e-05 0.999999 -0.00154803 -0.00035915 0.00154796 0.999998 0.00445041 -0.00904366 -0.0118202
FixedParameters: 0 0 0

#Transform 9
Transform: AffineTransform_float_3_3
Parameters: 1 4.9175e-07 0.00035 4.9175e-07 0.999999 -0.001405 -0.00035 0.001405 0.999999 0.00766587 -0.0100297 -0.0148639
FixedParameters: 0 0 0

#Transform 10
Transform: AffineTransform_float_3_3
Parameters: 1 0.000171486 0.000334752 -0.000170515 0.999999 -0.00145006 -0.000334248 0.00144994 0.999999 0.00434164 -0.00522195 -0.0171434
FixedParameters: 0 0 0

#Transform 11
Transform: AffineTransform_float_3_3
Parameters: 1 0.000185449 0.000356767 -0.000185551 0.999999 -0.00125807 -0.000357234 0.00125793 0.999999 -0.000232503 0.00705305 -0.0101574
FixedParameters: 0 0 0

#Transform 12
Transform: AffineTransform_float_3_3
Parameters: 1 0.000162364 0.000278788 -0.000162635 0.999999 -0.00130605 -0.000279213 0.00130596 0.999999 0.000134065 0.0137311 -0.0199735
FixedParameters: 0 0 0

#Transform 13
Transform: AffineTransform_float_3_3
Parameters: 1 0.000354302 0.00031466 -0.000353698 1 -0.000960112 -0.00031534 0.000959889 1 -0.00347261 0.000172388 -0.00438077
FixedParameters: 0 0 0

#Transform 14
Transform: AffineTransform_float_3_3
Parameters: 1 0.000219222 0.00020276 -0.000219777 1 -0.00109605 -0.000203241 0.00109596 1 0.000961492 0.00518508 -0.0161138
FixedParameters: 0 0 0

#Transform 15
Transform: AffineTransform_float_3_3
Parameters: 1 0.000200207 0.000248833 -0.000199793 0.999999 -0.000832049 -0.000249166 0.00083195 0.999999 -8.426e-05 0.00211358 -0.0166425
FixedParameters: 0 0 0

#Transform 16
Transform: AffineTransform_float_3_3
Parameters: 1 0 0 0 1 -0.000445 0 0.000445 1 0.005061 -0.00198776 -0.00418833
FixedParameters: 0 0 0

#Transform 17
Transform: AffineTransform_float_3_3
Parameters: 1 0 0 0 1 -0.00047 0 0.00047 1 0.001535 -0.00172194 0.00932454
FixedParameters: 0 0 0

#Transform 18
Transform: AffineTransform_float_3_3
Parameters: 1 0.000149 -5.7514e-08 -0.000149 1 -0.000386 -5.7514e-08 0.000386 1 4.33567e-05 0.0103201 -0.00778862
FixedParameters: 0 0 0

#Transform 19
Transform: AffineTransform_float_3_3
Parameters: 1 0 0 0 1 -0.000405 0 0.000405 1 0.003114 0.00714391 -0.0149146
FixedParameters: 0 0 0

#Transform 20
Transform: AffineTransform_float_3_3
Parameters: 1 0 0 0 1 -0.000142 0 0.000142 1 0.001651 -0.000707608 -0.000674944
FixedParameters: 0 0 0

#Transform 21
Transform: AffineTransform_float_3_3
Parameters: 1 0 0 0 1 4.8e-05 0 -4.8e-05 1 0.005894 0.00607261 0.00456202
FixedParameters: 0 0 0

#Transform 22
Transform: AffineTransform_float_3_3
Parameters: 1 5.7e-05 1.7898e-08 -5.7e-05 1 0.000314 1.7898e-08 -0.000314 1 0.000273085 -0.00294024 0.0176241
FixedParameters: 0 0 0

#Transform 23
Transform: AffineTransform_float_3_3
Parameters: 1 7.49867e-05 8.50118e-05 -7.50133e-05 1 0.000156994 -8.49882e-05 -0.000157006 1 0.00188948 0.0209183 0.0041135
FixedParameters: 0 0 0

#Transform 24
Transform: AffineTransform_float_3_3
Parameters: 1 0 0 0 1 0.000335 0 -0.000335 1 0.006367 0.00249555 0.0150483
FixedParameters: 0 0 0

#Transform 25
Transform: AffineTransform_float_3_3
Parameters: 1 0 0 0 0.999999 0.000718 0 -0.000718 0.999999 0.005105 -0.0100622 0.0241398
FixedParameters: 0 0 0

#Transform 26
Transform: AffineTransform_float_3_3
Parameters: 1 -0.000457999 -6.641e-07 0.000458001 0.999999 0.00145 3.35899e-07 -0.00145 0.999999 0.0103928 -0.0102285 0.0531986
FixedParameters: 0 0 0

#Transform 27
Transform: AffineTransform_float_3_3
Parameters: 1 -0.000575999 -8.352e-07 0.000576001 0.999999 0.00145 1.64799e-07 -0.00145 0.999999 0.0154569 0.00672677 0.045643
FixedParameters: 0 0 0

#Transform 28
Transform: AffineTransform_float_3_3
Parameters: 1 -0.000484 -4.235e-07 0.000484 0.999999 0.000874999 -4.235e-07 -0.000874999 0.999999 0.0203044 0.00604999 0.0409829
FixedParameters: 0 0 0

#Transform 29
Transform: AffineTransform_float_3_3
Parameters: 1 -0.000400208 0.000182546 0.000399792 1 0.00113507 -0.000183454 -0.00113493 1 0.0100526 -0.0064765 0.0506782
FixedParameters: 0 0 0

#Transform 30
Transform: AffineTransform_float_3_3
Parameters: 1 -0.000403 -4.34031e-07 0.000403 1 0.001077 -4.34031e-07 -0.001077 1 0.0101065 -0.0102011 0.0416282
FixedParameters: 0 0 0

#Transform 31
Transform: AffineTransform_float_3_3
Parameters: 1 -0.00057622 0.000197359 0.000575781 0.999999 0.00111211 -0.000197641 -0.00111289 1 0.0157948 0.0123979 0.0362491
FixedParameters: 0 0 0

#Transform 32
Transform: AffineTransform_float_3_3
Parameters: 1 -0.000576177 0.0001694 0.000575824 1 0.0010421 -0.0001696 -0.0010419 1 0.0164282 0.0111598 0.0206435
FixedParameters: 0 0 0

#Transform 33
Transform: AffineTransform_float_3_3
Parameters: 1 -0.000576248 0.000306533 0.000575751 0.999999 0.000810176 -0.000307466 -0.000809822 0.999999 0.0184256 0.00355966 0.0163295
FixedParameters: 0 0 0

#Transform 34
Transform: AffineTransform_float_3_3
Parameters: 1 -0.000576203 0.000236506 0.000575797 1 0.000857136 -0.000237493 -0.000856863 0.999999 0.0208641 -0.000200952 0.0211188
FixedParameters: 0 0 0

#Transform 35
Transform: AffineTransform_float_3_3
Parameters: 1 -0.0005762 0.000250538 0.000575798 0.999999 0.000801144 -0.000251461 -0.000800855 0.999999 0.0251086 0.0119242 0.0163254
FixedParameters: 0 0 0

#Transform 36
Transform: AffineTransform_float_3_3
Parameters: 1 -0.000576 -4.12992e-07 0.000576 0.999999 0.000716999 -4.12992e-07 -0.000716999 0.999999 0.0217752 0.00612286 0.0272872
FixedParameters: 0 0 0

#Transform 37
Transform: AffineTransform_float_3_3
Parameters: 1 -0.000634181 0.000284595 0.000634818 0.999999 0.00063818 -0.000285405 -0.000637819 1 0.0258036 0.00422718 0.0317683
FixedParameters: 0 0 0

#Transform 38
Transform: AffineTransform_float_3_3
Parameters: 1 -0.000576401 0.000394414 0.000576599 1 0.00101723 -0.000394587 -0.00101677 1 0.0234802 0.0122992 0.0197316
FixedParameters: 0 0 0

#Transform 39
Transform: AffineTransform_float_3_3
Parameters: 1 -0.000449319 0.000314545 0.000449681 1 0.00101414 -0.000314456 -0.00101386 1 0.0221713 0.00107045 0.0170377
FixedParameters: 0 0 0

#Transform 40
Transform: AffineTransform_float_3_3
Parameters: 1 -0.000576209 0.000204412 0.000575791 1 0.00102112 -0.000204588 -0.00102088 1 0.0256795 0.00279122 0.0132871
FixedParameters: 0 0 0

#Transform 41
Transform: AffineTransform_float_3_3
Parameters: 1 -0.000576105 7.21647e-05 0.000575895 0.999999 0.00145004 -7.28351e-05 -0.00144996 0.999999 0.0271658 -0.0132551 0.0279718
FixedParameters: 0 0 0

#Transform 42
Transform: AffineTransform_float_3_3
Parameters: 1 -0.000575999 -1.1209e-06 0.000576001 0.999998 0.001946 -1.20898e-07 -0.001946 0.999998 0.0204638 0.0120421 0.0369425
FixedParameters: 0 0 0

#Transform 43
Transform: AffineTransform_float_3_3
Parameters: 1 -0.000575999 -8.352e-07 0.000576001 0.999999 0.00145 1.64799e-07 -0.00145 0.999999 0.027978 0.0239235 0.0280521
FixedParameters: 0 0 0

#Transform 44
Transform: AffineTransform_float_3_3
Parameters: 1 -0.000576436 0.000300164 0.000576564 0.999999 0.00145017 -0.000300836 -0.00144983 0.999999 0.0245658 -0.00107841 0.0331816
FixedParameters: 0 0 0

#Transform 45
Transform: AffineTransform_float_3_3
Parameters: 1 -0.000575999 -8.352e-07 0.000576001 0.999999 0.00145 1.64799e-07 -0.00145 0.999999 0.0279785 0.0230027 0.0440755
FixedParameters: 0 0 0

#Transform 46
Transform: AffineTransform_float_3_3
Parameters: 1 -0.000576269 0.000237347 0.00057573 0.999999 0.00113314 -0.000238652 -0.00113286 1 0.0252359 0.0192329 0.0493058
FixedParameters: 0 0 0

#Transform 47
Transform: AffineTransform_float_3_3
Parameters: 1 -0.000575999 -7.70688e-07 0.000576001 0.999999 0.001338 2.29311e-07 -0.001338 0.999999 0.0279788 0.0121628 0.0363361
FixedParameters: 0 0 0

#Transform 48
Transform: AffineTransform_float_3_3
Parameters: 1 -0.000576412 0.000359341 0.000576589 0.999999 0.00114421 -0.00035966 -0.00114479 1 0.0275646 0.00194478 0.0264031
FixedParameters: 0 0 0

#Transform 49
Transform: AffineTransform_float_3_3
Parameters: 1 -0.000576277 0.000230307 0.000576723 0.999999 0.00120213 -0.000230693 -0.00120187 1 0.0253512 -0.00144269 0.0334797
FixedParameters: 0 0 0

#Transform 50
Transform: AffineTransform_float_3_3
Parameters: 1 -0.000453373 0.000257343 0.000452627 0.999999 0.00145012 -0.000257656 -0.00144988 0.999999 0.0228104 0.00262469 0.0329754
FixedParameters: 0 0 0

#Transform 51
Transform: AffineTransform_float_3_3
Parameters: 1 -0.0004072 0.000171526 0.000406801 0.999999 0.00116507 -0.000171474 -0.00116493 1 0.0229935 0.0210691 0.0328891
FixedParameters: 0 0 0

#Transform 52
Transform: AffineTransform_float_3_3
Parameters: 1 -0.000399289 0.000199421 0.000398709 0.999999 0.00145008 -0.000200578 -0.00144992 0.999999 0.0224974 0.00711909 0.0379325
FixedParameters: 0 0 0

#Transform 53
Transform: AffineTransform_float_3_3
Parameters: 1 -0.000575999 -1.0224e-06 0.000576001 0.999999 0.001775 -2.2402e-08 -0.001775 0.999999 0.0240365 0.014362 0.0334592
FixedParameters: 0 0 0

#Transform 54
Transform: AffineTransform_float_3_3
Parameters: 1 -0.000239 -4.46452e-07 0.000239 0.999998 0.001868 -4.46452e-07 -0.001868 0.999999 0.0122745 0.0127199 0.0485718
FixedParameters: 0 0 0

#Transform 55
Transform: AffineTransform_float_3_3
Parameters: 1 -0.00028 -5.2836e-07 0.000280001 0.999998 0.001887 4.71638e-07 -0.001887 0.999998 0.00955841 0.028866 0.0556987
FixedParameters: 0 0 0

#Transform 56
Transform: AffineTransform_float_3_3
Parameters: 1 -0.000251804 -0.000102484 0.000252197 0.999998 0.00191997 0.000102516 -0.00192003 0.999998 0.0111223 0.0121417 0.0543197
FixedParameters: 0 0 0

#Transform 57
Transform: AffineTransform_float_3_3
Parameters: 1 -0.000204 -4.0596e-07 0.000204 0.999998 0.00199 -4.0596e-07 -0.00199 0.999998 0.00958054 0.0112303 0.0652392
FixedParameters: 0 0 0

#Transform 58
Transform: AffineTransform_float_3_3
Parameters: 1 -0.000247761 -0.000103574 0.000248238 0.999998 0.00231698 0.000102425 -0.00231703 0.999998 0.0125695 0.00754723 0.0693872
FixedParameters: 0 0 0

#Transform 59
Transform: AffineTransform_float_3_3
Parameters: 1 -0.000249 -4.66377e-07 0.000249 0.999998 0.001873 -4.66377e-07 -0.001873 0.999998 0.0101125 0.0220926 0.0690875
FixedParameters: 0 0 0

#Transform 60
Transform: AffineTransform_float_3_3
Parameters: 1 -0.000324999 -6.92575e-07 0.000325001 0.999997 0.002131 3.07423e-07 -0.002131 0.999997 0.0137065 0.00977726 0.0717501
FixedParameters: 0 0 0

#Transform 61
Transform: AffineTransform_float_3_3
Parameters: 1 -0.000575998 -1.22745e-06 0.000576 0.999997 0.002131 -2.27458e-07 -0.002131 0.999997 0.0171249 0.0102539 0.0754561
FixedParameters: 0 0 0

#Transform 62
Transform: AffineTransform_float_3_3
Parameters: 1 -0.000575651 -0.000164227 0.00057635 0.999997 0.0021309 0.000163772 -0.00213109 0.999997 0.0193627 0.0101941 0.0645969
FixedParameters: 0 0 0

#Transform 63
Transform: AffineTransform_float_3_3
Parameters: 1 -0.000575757 -0.000112256 0.000576243 0.999998 0.00218194 0.000110743 -0.00218206 0.999997 0.0200895 0.00975563 0.0654001
FixedParameters: 0 0 0

#Transform 64
Transform: AffineTransform_float_3_3
Parameters: 1 -0.000575855 -8.30131e-05 0.000576145 0.999999 0.00175895 8.19867e-05 -0.00175905 0.999999 0.0215604 0.0145615 0.0671089
FixedParameters: 0 0 0

#Transform 65
Transform: AffineTransform_float_3_3
Parameters: 1 -0.000575999 -1.0057e-06 0.000576001 0.999999 0.001746 -5.698e-09 -0.001746 0.999999 0.0196563 0.0147096 0.0574987
FixedParameters: 0 0 0

#Transform 66
Transform: AffineTransform_float_3_3
Parameters: 1 -0.000520999 -9.23734e-07 0.000521001 0.999999 0.001773 7.6265e-08 -0.001773 0.999999 0.0270097 0.0143002 0.0580113
FixedParameters: 0 0 0

#Transform 67
Transform: AffineTransform_float_3_3
Parameters: 1 -0.000575999 -1.15661e-06 0.000576001 0.999998 0.002008 -1.5661e-07 -0.002008 0.999998 0.0226993 -0.016588 0.0676913
FixedParameters: 0 0 0

#Transform 68
Transform: AffineTransform_float_3_3
Parameters: 1 -0.000576265 0.00014898 0.000575735 0.999999 0.00177109 -0.00015002 -0.00177092 0.999999 0.0262905 0.0112932 0.0576898
FixedParameters: 0 0 0

#Transform 69
Transform: AffineTransform_float_3_3
Parameters: 1 -0.000576201 0.000125074 0.000575798 0.999998 0.00160707 -0.000125925 -0.00160693 0.999998 0.0265753 0.0116548 0.0581813
FixedParameters: 0 0 0

#Transform 70
Transform: AffineTransform_float_3_3
Parameters: 1 -0.000575999 -9.87264e-07 0.000576001 0.999999 0.001714 1.2734e-08 -0.001714 0.999998 0.0279823 0.016479 0.0569113
FixedParameters: 0 0 0

#Transform 71
Transform: AffineTransform_float_3_3
Parameters: 1 -0.000575999 -9.10655e-07 0.000576001 0.999998 0.001581 8.93429e-08 -0.001581 0.999999 0.0279785 0.0230206 0.0680988
FixedParameters: 0 0 0

#Transform 72
Transform: AffineTransform_float_3_3
Parameters: 1 -0.000575999 -1.01664e-06 0.000576001 0.999999 0.001765 -1.6642e-08 -0.001765 0.999999 0.0201913 0.00603241 0.0647987
FixedParameters: 0 0 0

#Transform 73
Transform: AffineTransform_float_3_3
Parameters: 1 -0.000575999 -9.10655e-07 0.000576001 0.999998 0.001581 8.93429e-08 -0.001581 0.999999 0.0177442 0.0286859 0.0657218
FixedParameters: 0 0 0

#Transform 74
Transform: AffineTransform_float_3_3
Parameters: 1 -0.000575999 -9.10655e-07 0.000576001 0.999998 0.001581 8.93429e-08 -0.001581 0.999999 0.0175879 0.0257212 0.0722525
FixedParameters: 0 0 0

#Transform 75
Transform: AffineTransform_float_3_3
Parameters: 1 -0.000343999 -5.43864e-07 0.000344001 0.999998 0.001581 4.56135e-07 -0.001581 0.999999 0.0141004 0.0354739 0.063819
FixedParameters: 0 0 0

#Transform 76
Transform: AffineTransform_float_3_3
Parameters: 1 -0.000274 -4.95118e-07 0.000274 0.999999 0.001807 -4.95118e-07 -0.001807 0.999999 0.0134398 0.0125032 0.0786301
FixedParameters: 0 0 0

#Transform 77
Transform: AffineTransform_float_3_3
Parameters: 1 -0.000239889 -7.03793e-05 0.00024011 0.999998 0.00158098 6.96205e-05 -0.00158102 0.999998 0.0156059 0.00485183 0.0704053
FixedParameters: 0 0 0

#Transform 78
Transform: AffineTransform_float_3_3
Parameters: 1 -0.000184 -3.32856e-07 0.000184 0.999999 0.001809 -3.32856e-07 -0.001809 0.999999 0.0209857 0.0228299 0.0850215
FixedParameters: 0 0 0

#Transform 79
Transform: AffineTransform_float_3_3
Parameters: 1 -0.000151 -2.38731e-07 0.000151 0.999998 0.001581 -2.38731e-07 -0.001581 0.999999 0.020365 0.0351449 0.0702599
FixedParameters: 0 0 0

#Transform 80
Transform: AffineTransform_float_3_3
Parameters: 1 -0.000164 -2.69616e-07 0.000164 0.999998 0.001644 -2.69616e-07 -0.001644 0.999998 0.0127631 0.0293291 0.0713773
FixedParameters: 0 0 0

#Transform 81
Transform: AffineTransform_float_3_3
Parameters: 1 -0.000113 -2.0792e-07 0.000113 0.999999 0.00184 -2.0792e-07 -0.00184 0.999999 0.0101519 0.0221584 0.0905726
FixedParameters: 0 0 0

#Transform 82
Transform: AffineTransform_float_3_3
Parameters: 1 -0.00020782 -9.14094e-05 0.000208181 0.999998 0.00196898 9.15903e-05 -0.00196902 0.999998 0.0124867 0.0253969 0.0930597
FixedParameters: 0 0 0

#Transform 83
Transform: AffineTransform_float_3_3
Parameters: 1 -0.000164 -3.26524e-07 0.000164 0.999998 0.001991 -3.26524e-07 -0.001991 0.999998 0.0121288 0.025201 0.0934064
FixedParameters: 0 0 0

#Transform 84
Transform: AffineTransform_float_3_3
Parameters: 1 -0.000269 -5.1648e-07 0.000269001 0.999998 0.00192 4.83518e-07 -0.00192 0.999998 0.0145518 0.0342157 0.0919501
FixedParameters: 0 0 0

#Transform 85
Transform: AffineTransform_float_3_3
Parameters: 1 -0.00023 -4.2688e-07 0.00023 0.999999 0.001856 -4.2688e-07 -0.001856 0.999999 0.0141407 0.0364404 0.0879655
FixedParameters: 0 0 0

#Transform 86
Transform: AffineTransform_float_3_3
Parameters: 1 -0.000212 -3.69092e-07 0.000212 0.999998 0.001741 -3.69092e-07 -0.001741 0.999998 0.0113678 0.00677073 0.0889674
FixedParameters: 0 0 0

#Transform 87
Transform: AffineTransform_float_3_3
Parameters: 1 -0.00011 -2.3056e-07 0.00011 0.999998 0.002096 -2.3056e-07 -0.002096 0.999998 0.0112342 0.0104046 0.0919919
FixedParameters: 0 0 0

#Transform 88
Transform: AffineTransform_float_3_3
Parameters: 1 -0.000162 -3.3777e-07 0.000162 0.999998 0.002085 -3.3777e-07 -0.002085 0.999998 0.0108933 0.0214897 0.0862583
FixedParameters: 0 0 0

#Transform 89
Transform: AffineTransform_float_3_3
Parameters: 1 -0.000218 -4.87666e-07 0.000218 0.999998 0.002237 -4.87666e-07 -0.002237 0.999998 0.0165249 0.030269 0.076705
FixedParameters: 0 0 0

#Transform 90
Transform: AffineTransform_float_3_3
Parameters: 1 -0.000235798 -8.45652e-05 0.000236203 0.999997 0.00239598 8.44343e-05 -0.00239602 0.999997 0.0136549 0.0284703 0.081528
FixedParameters: 0 0 0

#Transform 91
Transform: AffineTransform_float_3_3
Parameters: 1 -0.000301999 -7.73723e-07 0.000302001 0.999996 0.002562 2.26273e-07 -0.002562 0.999996 0.0158681 0.0311536 0.0924483
FixedParameters: 0 0 0

#Transform 92
Transform: AffineTransform_float_3_3
Parameters: 1 -0.000193624 -0.000145502 0.000194377 0.999996 0.00258897 0.000145497 -0.00258903 0.999996 0.0027122 0.0262251 0.128624
FixedParameters: 0 0 0

#Transform 93
Transform: AffineTransform_float_3_3
Parameters: 1 -0.000356818 -6.50047e-05 0.000356182 0.999996 0.00281498 6.39976e-05 -0.00281502 0.999996 0.0181315 0.0551689 0.121805
FixedParameters: 0 0 0

#Transform 94
Transform: AffineTransform_float_3_3
Parameters: 1 -0.000348999 -8.22593e-07 0.000349001 0.999997 0.002357 1.77404e-07 -0.002357 0.999997 0.017272 0.0539012 0.103824
FixedParameters: 0 0 0

#Transform 95
Transform: AffineTransform_float_3_3
Parameters: 1 -0.000344285 0.000135277 0.000343715 0.999997 0.00210105 -0.000135722 -0.00210095 0.999998 0.0222178 0.0423254 0.0990714
FixedParameters: 0 0 0

#Transform 96
Transform: AffineTransform_float_3_3
Parameters: 1 -0.000321407 0.000171238 0.000320593 0.999997 0.00237306 -0.000171761 -0.00237295 0.999997 0.0214717 0.0197547 0.108701
FixedParameters: 0 0 0

#Transform 97
Transform: AffineTransform_float_3_3
Parameters: 1 -0.000252544 0.000205333 0.000252455 0.999997 0.00264405 -0.000206668 -0.00264395 0.999997 0.0151055 0.00927293 0.11085
FixedParameters: 0 0 0

#Transform 98
Transform: AffineTransform_float_3_3
Parameters: 1 -0.000575998 -1.40947e-06 0.000576001 0.999997 0.002447 -4.09475e-07 -0.002447 0.999997 0.0279762 0.0270618 0.105585
FixedParameters: 0 0 0

#Transform 99
Transform: AffineTransform_float_3_3
Parameters: 1 -0.000377592 0.000253119 0.000377408 0.999997 0.0023351 -0.000253882 -0.00233491 0.999997 0.0237454 0.0271308 0.103091
FixedParameters: 0 0 0

#Transform 100
Transform: AffineTransform_float_3_3
Parameters: 1 -0.000576497 0.000209637 0.000576504 0.999997 0.00236512 -0.000210364 -0.00236488 0.999997 0.0295487 0.0270916 0.0968664
FixedParameters: 0 0 0

#Transform 101
Transform: AffineTransform_float_3_3
Parameters: 1 -0.000576268 0.000111626 0.000575731 0.999997 0.00238507 -0.000113373 -0.00238494 0.999997 0.0317905 0.0156431 0.0881527
FixedParameters: 0 0 0

#Transform 102
Transform: AffineTransform_float_3_3
Parameters: 1 -0.000576763 0.000346733 0.000576236 0.999998 0.0021972 -0.000348267 -0.0021968 0.999997 0.0240286 0.0164448 0.0911913
FixedParameters: 0 0 0

#Transform 103
Transform: AffineTransform_float_3_3
Parameters: 0.999999 -0.000577077 0.000439589 0.000575921 0.999997 0.00244725 -0.00044141 -0.00244675 0.999997 0.0229404 0.026172 0.0931024
FixedParameters: 0 0 0

#Transform 104
Transform: AffineTransform_float_3_3
Parameters: 1 -0.000440892 0.000378965 0.000440108 0.999997 0.00235017 -0.000380035 -0.00234983 0.999997 0.021212 0.0270685 0.09339
FixedParameters: 0 0 0

#Transform 105
Transform: AffineTransform_float_3_3
Parameters: 0.999999 -0.00057695 0.000446775 0.000576048 0.999997 0.00212526 -0.000448225 -0.00212474 0.999997 0.0228824 0.0297846 0.0813398
FixedParameters: 0 0 0

#Transform 106
Transform: AffineTransform_float_3_3
Parameters: 0.999999 -0.000577366 0.000557588 0.000576635 0.999997 0.00244732 -0.000558412 -0.00244668 0.999997 0.021625 0.0260855 0.0868372
FixedParameters: 0 0 0

#Transform 107
Transform: AffineTransform_float_3_3
Parameters: 1 -0.000576886 0.000400728 0.000576116 0.999998 0.00220723 -0.000401272 -0.00220677 0.999998 0.0234118 0.0289324 0.0828775
FixedParameters: 0 0 0

#Transform 108
Transform: AffineTransform_float_3_3
Parameters: 0.999999 -0.000576989 0.000427669 0.000576013 0.999997 0.00230825 -0.000428331 -0.00230875 0.999997 0.0230928 0.0277631 0.096101
FixedParameters: 0 0 0

#Transform 109
Transform: AffineTransform_float_3_3
Parameters: 0.999999 -0.000577025 0.000434643 0.000575977 0.999997 0.00235425 -0.000435357 -0.00235375 0.999997 0.0273826 0.0272981 0.108082
FixedParameters: 0 0 0

#Transform 110
Transform: AffineTransform_float_3_3
Parameters: 0.999999 -0.000576976 0.000416652 0.000576023 0.999997 0.00233824 -0.000418348 -0.00233776 0.999997 0.0303794 0.0274649 0.101069
FixedParameters: 0 0 0

#Transform 111
Transform: AffineTransform_float_3_3
Parameters: 0.999999 -0.000577142 0.000610923 0.000575857 0.999998 0.00186835 -0.000612076 -0.00186765 0.999998 0.0371729 0.038118 0.0749755
FixedParameters: 0 0 0

#Transform 112
Transform: AffineTransform_float_3_3
Parameters: 0.999999 -0.000577557 0.000752808 0.000576442 0.999997 0.00206643 -0.000754192 -0.00206656 0.999997 0.0355738 0.0207686 0.0822384
FixedParameters: 0 0 0

#Transform 113
Transform: AffineTransform_float_3_3
Parameters: 0.999999 -0.000577346 0.000613737 0.000576654 0.999998 0.00219036 -0.000615265 -0.00219065 0.999998 0.0371682 0.0150775 0.0783296
FixedParameters: 0 0 0

#Transform 114
Transform: AffineTransform_float_3_3
Parameters: 1 -0.000576832 0.000399801 0.000576167 0.999997 0.00207923 -0.000401198 -0.00207877 0.999998 0.0395762 0.0303229 0.0767043
FixedParameters: 0 0 0

#Transform 115
Transform: AffineTransform_float_3_3
Parameters: 0.999999 -0.000577121 0.000546819 0.000575878 0.999997 0.00204831 -0.00054818 -0.00204768 0.999998 0.0378657 0.0306864 0.0758122
FixedParameters: 0 0 0

#Transform 116
Transform: AffineTransform_float_3_3
Parameters: 0.999999 -0.000577437 0.000733871 0.000576565 0.999998 0.00195642 -0.000734129 -0.00195658 0.999998 0.0358132 0.0316491 0.073786
FixedParameters: 0 0 0

#Transform 117
Transform: AffineTransform_float_3_3
Parameters: 0.999999 -0.000577722 0.000804766 0.000576278 0.999997 0.00213946 -0.000805234 -0.00213854 0.999998 0.0378737 0.0295851 0.0616015
FixedParameters: 0 0 0

#Transform 118
Transform: AffineTransform_float_3_3
Parameters: 1 -0.000577855 0.000799664 0.000576146 0.999997 0.00231646 -0.000801337 -0.00231654 0.999997 0.0349009 0.0275889 0.0614405
FixedParameters: 0 0 0

#Transform 119
Transform: AffineTransform_float_3_3
Parameters: 0.999999 -0.000577687 0.000806794 0.000576311 0.999997 0.00209047 -0.000808206 -0.00208953 0.999998 0.0349674 0.0301584 0.0695398
FixedParameters: 0 0 0

#Transform 120
Transform: AffineTransform_float_3_3
Parameters: 1 -0.000577788 0.000922884 0.000576213 0.999998 0.00193553 -0.000924117 -0.00193547 0.999997 0.0452897 0.0516825 0.0667877
FixedParameters: 0 0 0

#Transform 121
Transform: AffineTransform_float_3_3
Parameters: 1 -0.000577643 0.000864905 0.000576357 0.999998 0.0018985 -0.000866096 -0.0018975 0.999998 0.0438637 0.0400139 0.0702037
FixedParameters: 0 0 0

#Transform 122
Transform: AffineTransform_float_3_3
Parameters: 1 -0.000577728 0.000818785 0.000576274 0.999997 0.00210847 -0.000819218 -0.00210853 0.999998 0.0428832 0.0299532 0.0651589
FixedParameters: 0 0 0

#Transform 123
Transform: AffineTransform_float_3_3
Parameters: 1 -0.000577707 0.0008188 0.000576296 0.999997 0.00208247 -0.000819203 -0.00208253 0.999998 0.0536659 0.0131577 0.0676256
FixedParameters: 0 0 0

#Transform 124
Transform: AffineTransform_float_3_3
Parameters: 1 -0.000577555 0.000818905 0.000576447 0.999998 0.00189847 -0.000819096 -0.00189753 0.999998 0.0536485 0.0324149 0.0635733
FixedParameters: 0 0 0

#Transform 125
Transform: AffineTransform_float_3_3
Parameters: 1 -0.000577642 0.000818845 0.00057636 0.999998 0.00200347 -0.000819157 -0.00200353 0.999997 0.053645 0.0311495 0.0620695
FixedParameters: 0 0 0

#Transform 126
Transform: AffineTransform_float_3_3
Parameters: 1 -0.000473676 0.000819033 0.000472324 0.999998 0.00204539 -0.000819968 -0.00204461 0.999997 0.0432146 0.0304518 0.0584735
FixedParameters: 0 0 0

#Transform 127
Transform: AffineTransform_float_3_3
Parameters: 1 -0.000578274 0.000972652 0.000575728 0.999997 0.00233656 -0.000973348 -0.00233544 0.999997 0.0445452 0.0274942 0.0681663
FixedParameters: 0 0 0

#Transform 128
Transform: AffineTransform_float_3_3
Parameters: 1 -0.000487831 0.000818913 0.000486172 0.999998 0.0022334 -0.000819089 -0.0022336 0.999997 0.0463849 0.0427197 0.0694108
FixedParameters: 0 0 0

#Transform 129
Transform: AffineTransform_float_3_3
Parameters: 1 -0.000577933 0.000961842 0.000576067 0.999998 0.00200856 -0.00096316 -0.00200845 0.999998 0.0519859 0.0435871 0.0561046
FixedParameters: 0 0 0

#Transform 130
Transform: AffineTransform_float_3_3
Parameters: 0.999999 -0.000315609 0.000819381 0.000314391 0.999998 0.00196326 -0.000819618 -0.00196274 0.999997 0.040186 0.0275223 0.0596393
FixedParameters: 0 0 0

#Transform 131
Transform: AffineTransform_float_3_3
Parameters: 0.999999 -0.000399569 0.000819236 0.000397431 0.999998 0.00191533 -0.000819762 -0.00191467 0.999998 0.0443166 0.0291568 0.0687148
FixedParameters: 0 0 0

#Transform 132
Transform: AffineTransform_float_3_3
Parameters: 1 -0.00057766 0.000818831 0.000576342 0.999998 0.00202647 -0.000819169 -0.00202553 0.999997 0.0441452 0.0178368 0.0615386
FixedParameters: 0 0 0

#Transform 133
Transform: AffineTransform_float_3_3
Parameters: 0.999999 -0.000283758 0.000819393 0.000282242 0.999997 0.00214523 -0.000819607 -0.00214477 0.999998 0.0410072 0.0258541 0.0636862
FixedParameters: 0 0 0

#Transform 134
Transform: AffineTransform_float_3_3
Parameters: 1 -0.00057756 0.000753808 0.00057644 0.999997 0.00206743 -0.000755194 -0.00206756 0.999997 0.05434 0.0272586 0.0623022
FixedParameters: 0 0 0

#Transform 135
Transform: AffineTransform_float_3_3
Parameters: 0.999999 -0.000305268 0.000665419 0.000303733 0.999998 0.0019052 -0.00066558 -0.0019048 0.999998 0.0505474 0.0286872 0.0561095
FixedParameters: 0 0 0

#Transform 136
Transform: AffineTransform_float_3_3
Parameters: 0.999999 -0.000348745 0.000819259 0.000347255 0.999997 0.00212929 -0.000819741 -0.00212872 0.999998 0.0496529 0.0156247 0.0634196
FixedParameters: 0 0 0

#Transform 137
Transform: AffineTransform_float_3_3
Parameters: 0.999999 -0.000311309 0.000938566 0.000310689 0.999999 0.00139529 -0.000939433 -0.00139471 0.999998 0.0371125 0.046451 0.0682496
FixedParameters: 0 0 0

#Transform 138
Transform: AffineTransform_float_3_3
Parameters: 0.999999 -0.000397889 0.000819568 0.000397111 1 0.00108533 -0.000819431 -0.00108467 0.999999 0.040951 0.0434212 0.07746
FixedParameters: 0 0 0

#Transform 139
Transform: AffineTransform_float_3_3
Parameters: 1 -0.000577089 0.000819235 0.000575913 0.999999 0.00132747 -0.000819766 -0.00132753 0.999999 0.0423693 0.0274941 0.0659901
FixedParameters: 0 0 0

#Transform 140
Transform: AffineTransform_float_3_3
Parameters: 0.999999 -0.000418088 0.000819445 0.000416913 0.999999 0.00132734 -0.000819554 -0.00132766 0.999999 0.0423401 0.0492043 0.0669823
FixedParameters: 0 0 0

#Transform 141
Transform: AffineTransform_float_3_3
Parameters: 0.999999 -0.000341029 0.000819572 0.000339971 0.999999 0.00125628 -0.000819427 -0.00125572 0.999999 0.0385218 0.0578344 0.0724587
FixedParameters: 0 0 0

#Transform 142
Transform: AffineTransform_float_3_3
Parameters: 0.999999 -0.000263006 0.000819678 0.000261995 0.999999 0.00122722 -0.000819322 -0.00122679 0.999999 0.037719 0.0442302 0.0857443
FixedParameters: 0 0 0

#Transform 143
Transform: AffineTransform_float_3_3
Parameters: 0.999999 -0.000283823 0.000720676 0.000283178 1 0.0011412 -0.000720324 -0.0011418 0.999999 0.0411746 0.0664044 0.0701942
FixedParameters: 0 0 0

#Transform 144
Transform: AffineTransform_float_3_3
Parameters: 0.999999 -0.000299934 0.000769636 0.000299067 0.999999 0.00121323 -0.000769363 -0.00121377 0.999999 0.0452344 0.0656153 0.0725913
FixedParameters: 0 0 0

#Transform 145
Transform: AffineTransform_float_3_3
Parameters: 0.999999 -0.000377088 0.0008195 0.000375913 0.999999 0.00132731 -0.000819499 -0.00132769 0.999999 0.0420788 0.0414979 0.0788997
FixedParameters: 0 0 0

#Transform 146
Transform: AffineTransform_float_3_3
Parameters: 0.999999 -0.000326088 0.000819567 0.000324913 0.999999 0.00132727 -0.000819432 -0.00132773 0.999999 0.0441317 0.0451774 0.0890902
FixedParameters: 0 0 0

#Transform 147
Transform: AffineTransform_float_3_3
Parameters: 0.999999 -0.000274088 0.000819636 0.000272913 0.999999 0.00132722 -0.000819362 -0.00132678 0.999999 0.0409004 0.0549982 0.0726678
FixedParameters: 0 0 0

#Transform 148
Transform: AffineTransform_float_3_3
Parameters: 0.999999 -0.000576905 0.000681235 0.000576095 0.999999 0.00132739 -0.000681765 -0.00132761 0.999999 0.055274 0.0582577 0.0600467
FixedParameters: 0 0 0

#Transform 149
Transform: AffineTransform_float_3_3
Parameters: 0.999999 -0.000378332 0.000819386 0.000376667 0.999998 0.00162631 -0.000819613 -0.00162569 0.999999 0.0463217 0.0417359 0.0617742
FixedParameters: 0 0 0

#Transform 150
Transform: AffineTransform_float_3_3
Parameters: 0.999999 -0.000577155 0.000819187 0.000575845 0.999999 0.00140947 -0.000819812 -0.00140953 0.999998 0.0537319 0.0517069 0.0576503
FixedParameters: 0 0 0

#Transform 151
Transform: AffineTransform_float_3_3
Parameters: 0.999999 -0.000220271 0.000819659 0.000218729 0.999999 0.00155118 -0.00081934 -0.00155082 0.999999 0.0473144 0.0512565 0.0675711
FixedParameters: 0 0 0

#Transform 152
Transform: AffineTransform_float_3_3
Parameters: 1 -0.000577384 0.000915129 0.000576616 0.999998 0.00151253 -0.000915874 -0.00151147 0.999999 0.052553 0.0520227 0.0678513
FixedParameters: 0 0 0

#Transform 153
Transform: AffineTransform_float_3_3
Parameters: 0.999999 -0.000338088 0.000819552 0.000336913 0.999999 0.00132728 -0.000819448 -0.00132772 0.999999 0.0494835 0.0502692 0.066538
FixedParameters: 0 0 0

#Transform 154
Transform: AffineTransform_float_3_3
Parameters: 0.999999 -0.000415088 0.000819449 0.000413913 0.999999 0.00132734 -0.00081955 -0.00132766 0.999999 0.0480139 0.0456233 0.0636724
FixedParameters: 0 0 0

#Transform 155
Transform: AffineTransform_float_3_3
Parameters: 0.999999 -0.000577272 0.000873159 0.000575728 0.999999 0.0014565 -0.000873839 -0.0014565 0.999998 0.0530932 0.0394261 0.0671213
FixedParameters: 0 0 0

#Transform 156
Transform: AffineTransform_float_3_3
Parameters: 1 -0.000577226 0.000819137 0.000575774 0.999998 0.00149647 -0.000819862 -0.00149553 0.999998 0.0536522 0.0554289 0.0793036
FixedParameters: 0 0 0

#Transform 157
Transform: AffineTransform_float_3_3
Parameters: 1 -0.000577326 0.000819068 0.000576675 0.999998 0.00161747 -0.000819935 -0.00161753 0.999999 0.0536451 0.0539041 0.0720154
FixedParameters: 0 0 0

#Transform 158
Transform: AffineTransform_float_3_3
Parameters: 1 -0.000759133 0.000818951 0.000757867 0.999999 0.00138262 -0.000820049 -0.00138238 0.999998 0.056374 0.038567 0.0834305
FixedParameters: 0 0 0

#Transform 159
Transform: AffineTransform_float_3_3
Parameters: 1 -0.000670364 0.000818887 0.000668639 0.999999 0.00166355 -0.000819114 -0.00166345 0.999999 0.0543874 0.0413272 0.100614
FixedParameters: 0 0 0

#Transform 160
Transform: AffineTransform_float_3_3
Parameters: 1 -0.00069141 0.000903924 0.000689589 0.999998 0.00155962 -0.000905077 -0.00155838 0.999999 0.0503622 0.0549209 0.11306
FixedParameters: 0 0 0

#Transform 161
Transform: AffineTransform_float_3_3
Parameters: 0.999999 -0.000704683 0.00115498 0.000703317 0.999998 0.00145681 -0.00115603 -0.00145619 0.999999 0.0493879 0.0693309 0.104398
FixedParameters: 0 0 0

#Transform 162
Transform: AffineTransform_float_3_3
Parameters: 0.999999 -0.000703118 0.00119075 0.000701882 0.999998 0.00177784 -0.00119225 -0.00177716 0.999997 0.0495357 0.0580295 0.0939709
FixedParameters: 0 0 0

#Transform 163
Transform: AffineTransform_float_3_3
Parameters: 1 -0.000635453 0.000989069 0.000633547 0.999998 0.00146863 -0.000989932 -0.00146837 0.999999 0.0514185 0.0629705 0.0901539
FixedParameters: 0 0 0

#Transform 164
Transform: AffineTransform_float_3_3
Parameters: 0.999999 -0.000752757 0.00122893 0.000751242 0.999998 0.00142992 -0.00123008 -0.00142908 0.999998 0.0510095 0.059052 0.0967896
FixedParameters: 0 0 0

#Transform 165
Transform: AffineTransform_float_3_3
Parameters: 0.999999 -0.000932754 0.0012597 0.000931245 0.999998 0.00139217 -0.0012613 -0.00139182 0.999998 0.0591085 0.0607835 0.0953487
FixedParameters: 0 0 0

#Transform 166
Transform: AffineTransform_float_3_3
Parameters: 0.999999 -0.000706639 0.00117802 0.000705361 0.999999 0.00139083 -0.00117898 -0.00139017 0.999999 0.0567538 0.056792 0.0850766
FixedParameters: 0 0 0

#Transform 167
Transform: AffineTransform_float_3_3
Parameters: 0.999999 -0.000712989 0.0012839 0.000711011 0.999998 0.00154891 -0.0012851 -0.00154808 0.999998 0.0550939 0.0462454 0.0854511
FixedParameters: 0 0 0

#Transform 168
Transform: AffineTransform_float_3_3
Parameters: 0.999999 -0.000583564 0.00107916 0.000582437 0.999999 0.00144863 -0.00107985 -0.00144837 0.999999 0.0553821 0.0449195 0.0863057
FixedParameters: 0 0 0

#Transform 169
Transform: AffineTransform_float_3_3
Parameters: 0.999999 -0.000658938 0.00125298 0.000657061 0.999998 0.00154682 -0.00125402 -0.00154617 0.999998 0.0540751 0.0409312 0.0877365
FixedParameters: 0 0 0

#Transform 170
Transform: AffineTransform_float_3_3
Parameters: 0.999999 -0.000600171 0.00140808 0.000597827 0.999998 0.00154284 -0.00140892 -0.00154116 0.999998 0.0463542 0.054946 0.0873734
FixedParameters: 0 0 0

#Transform 171
Transform: AffineTransform_float_3_3
Parameters: 0.999999 -0.000631874 0.00123204 0.000630126 0.999998 0.00152078 -0.00123296 -0.00152022 0.999998 0.0576955 0.0599551 0.087223
FixedParameters: 0 0 0

#Transform 172
Transform: AffineTransform_float_3_3
Parameters: 0.999999 -0.000683798 0.00125802 0.000682202 0.999998 0.00142886 -0.00125898 -0.00142814 0.999998 0.0562758 0.0460468 0.0832782
FixedParameters: 0 0 0

#Transform 173
Transform: AffineTransform_float_3_3
Parameters: 0.999998 -0.000811085 0.00138478 0.000808913 0.999998 0.00150612 -0.00138622 -0.00150488 0.999998 0.0622415 0.0492025 0.0762665
FixedParameters: 0 0 0

#Transform 174
Transform: AffineTransform_float_3_3
Parameters: 0.999999 -0.000738565 0.00102487 0.000736433 0.999998 0.00152776 -0.00102613 -0.00152624 0.999999 0.0645895 0.0553654 0.085389
FixedParameters: 0 0 0

#Transform 175
Transform: AffineTransform_float_3_3
Parameters: 0.999999 -0.000728192 0.00137284 0.000726808 0.999998 0.001597 -0.00137316 -0.001596 0.999998 0.0569709 0.0544613 0.0856331
FixedParameters: 0 0 0

#Transform 176
Transform: AffineTransform_float_3_3
Parameters: 0.999998 -0.000818212 0.00135266 0.000816787 0.999999 0.00163511 -0.00135434 -0.00163389 0.999997 0.0684714 0.0516883 0.0828797
FixedParameters: 0 0 0

#Transform 177
Transform: AffineTransform_float_3_3
Parameters: 0.999999 -0.00070913 0.00122277 0.000706871 0.999998 0.00174087 -0.00122423 -0.00174013 0.999997 0.0576297 0.0349144 0.0940412
FixedParameters: 0 0 0

#Transform 178
Transform: AffineTransform_float_3_3
Parameters: 0.999999 -0.000635144 0.0012309 0.000632857 0.999999 0.00174078 -0.0012321 -0.00174022 0.999997 0.0538676 0.0384953 0.101732
FixedParameters: 0 0 0

#Transform 179
Transform: AffineTransform_float_3_3
Parameters: 0.999999 -0.000629131 0.00128396 0.00062687 0.999999 0.00165881 -0.00128504 -0.00165819 0.999998 0.0547324 0.053686 0.0896374
FixedParameters: 0 0 0

#Transform 180
Transform: AffineTransform_float_3_3
Parameters: 0.999999 -0.000638275 0.00125785 0.000636725 0.999998 0.0018078 -0.00125915 -0.0018072 0.999997 0.0540323 0.0519398 0.0923052
FixedParameters: 0 0 0

#Transform 181
Transform: AffineTransform_float_3_3
Parameters: 0.999999 -0.000599334 0.00122886 0.000597665 0.999998 0.00189974 -0.00123014 -0.00189827 0.999998 0.0548378 0.0508477 0.0940848
FixedParameters: 0 0 0

#Transform 182
Transform: AffineTransform_float_3_3
Parameters: 0.999999 -0.000648151 0.00123487 0.00064585 0.999999 0.0017408 -0.00123613 -0.0017402 0.999997 0.0505552 0.0597125 0.0911436
FixedParameters: 0 0 0

#Transform 183
Transform: AffineTransform_float_3_3
Parameters: 0.999999 -0.000529128 0.00122208 0.000526873 0.999999 0.00174065 -0.00122292 -0.00174035 0.999997 0.0534902 0.0637484 0.0911457
FixedParameters: 0 0 0

#Transform 184
Transform: AffineTransform_float_3_3
Parameters: 0.999999 -0.000505901 0.00116518 0.000504099 0.999999 0.00163159 -0.00116582 -0.00163041 0.999998 0.0489076 0.05387 0.102924
FixedParameters: 0 0 0

#Transform 185
Transform: AffineTransform_float_3_3
Parameters: 0.999999 -0.00055214 0.00122904 0.000549861 0.999999 0.00174068 -0.00122996 -0.00174032 0.999997 0.0484889 0.0525981 0.103803
FixedParameters: 0 0 0

#Transform 186
Transform: AffineTransform_float_3_3
Parameters: 0.999999 -0.00050098 0.00127322 0.000499019 0.999998 0.00155564 -0.00127378 -0.00155436 0.999998 0.0533366 0.0546444 0.105788
FixedParameters: 0 0 0

#Transform 187
Transform: AffineTransform_float_3_3
Parameters: 0.999999 -0.00044443 0.00134253 0.00044357 1 0.0010656 -0.00134247 -0.0010644 0.999998 0.0518247 0.0542944 0.0789005
FixedParameters: 0 0 0

#Transform 188
Transform: AffineTransform_float_3_3
Parameters: 0.999999 -0.000492823 0.00131332 0.000490178 0.999999 0.00138765 -0.00131368 -0.00138735 0.999998 0.0502298 0.056513 0.0847443
FixedParameters: 0 0 0

#Transform 189
Transform: AffineTransform_float_3_3
Parameters: 0.999999 -0.000560017 0.00122808 0.000557984 0.999999 0.00164169 -0.00122892 -0.00164131 0.999998 0.0479624 0.0448345 0.0953451
FixedParameters: 0 0 0

#Transform 190
Transform: AffineTransform_float_3_3
Parameters: 0.999999 -0.000555117 0.00129409 0.000552883 0.999998 0.00163572 -0.00129491 -0.00163528 0.999998 0.0480314 0.0516623 0.0990808
FixedParameters: 0 0 0

#Transform 191
Transform: AffineTransform_float_3_3
Parameters: 0.999999 -0.000477145 0.00129121 0.000475856 0.999998 0.00166061 -0.00129179 -0.00166038 0.999998 0.0503845 0.0604224 0.0959981
FixedParameters: 0 0 0

#Transform 192
Transform: AffineTransform_float_3_3
Parameters: 0.999999 -0.000466134 0.00122519 0.000463868 0.999999 0.00174057 -0.00122581 -0.00174043 0.999997 0.050195 0.0543817 0.10047
FixedParameters: 0 0 0

#Transform 193
Transform: AffineTransform_float_3_3
Parameters: 0.999999 -0.000585315 0.0012339 0.000582684 0.999998 0.00187672 -0.0012351 -0.00187528 0.999998 0.0496016 0.0526147 0.11047
FixedParameters: 0 0 0

#Transform 194
Transform: AffineTransform_float_3_3
Parameters: 0.999999 -0.000765249 0.00129167 0.00076275 0.999998 0.00174099 -0.00129333 -0.00174001 0.999997 0.0551781 0.0473582 0.099667
FixedParameters: 0 0 0

#Transform 195
Transform: AffineTransform_float_3_3
Parameters: 0.999999 -0.000611312 0.00132794 0.000608688 0.999999 0.00174081 -0.00132906 -0.00174019 0.999997 0.0552646 0.0602125 0.103722
FixedParameters: 0 0 0

#Transform 196
Transform: AffineTransform_float_3_3
Parameters: 0.999999 -0.000610736 0.00131573 0.000607265 0.999997 0.0020788 -0.00131627 -0.0020782 0.999997 0.0539162 0.0445198 0.10301
FixedParameters: 0 0 0

#Transform 197
Transform: AffineTransform_float_3_3
Parameters: 0.999999 -0.00068138 0.00123669 0.000678619 0.999998 0.00192384 -0.00123831 -0.00192316 0.999998 0.0558501 0.0368705 0.0943959
FixedParameters: 0 0 0

#Transform 198
Transform: AffineTransform_float_3_3
Parameters: 0.999998 -0.000613792 0.00146383 0.000611208 0.999998 0.0019069 -0.00146517 -0.0019061 0.999997 0.0504037 0.0439057 0.10561
FixedParameters: 0 0 0

#Transform 199
Transform: AffineTransform_float_3_3
Parameters: 0.999999 -0.000704385 0.00136978 0.000701615 0.999998 0.00174096 -0.00137122 -0.00174004 0.999997 0.0500924 0.0583888 0.100981
FixedParameters: 0 0 0

#Transform 200
Transform: AffineTransform_float_3_3
Parameters: 0.999999 -0.000635262 0.0012989 0.00063274 0.999999 0.00174082 -0.0012991 -0.00174018 0.999997 0.0525306 0.0528467 0.0909769
FixedParameters: 0 0 0

#Transform 201
Transform: AffineTransform_float_3_3
Parameters: 0.999999 -0.000656232 0.00128186 0.000653768 0.999999 0.00174084 -0.00128314 -0.00174016 0.999997 0.0553953 0.0447709 0.091068
FixedParameters: 0 0 0

#Transform 202
Transform: AffineTransform_float_3_3
Parameters: 0.999999 -0.000803188 0.0012566 0.000800813 0.999998 0.00174101 -0.0012574 -0.00173999 0.999997 0.0573235 0.0449096 0.107767
FixedParameters: 0 0 0

#Transform 203
Transform: AffineTransform_float_3_3
Parameters: 0.999999 -0.00071023 0.00128077 0.000707771 0.999998 0.00174091 -0.00128123 -0.00174009 0.999997 0.0556433 0.0677643 0.0984
FixedParameters: 0 0 0

#Transform 204
Transform: AffineTransform_float_3_3
Parameters: 0.999999 -0.00070463 0.00136765 0.000701369 0.999998 0.00192296 -0.00136935 -0.00192204 0.999997 0.0596946 0.0472597 0.1018
FixedParameters: 0 0 0

#Transform 205
Transform: AffineTransform_float_3_3
Parameters: 0.999999 -0.000628885 0.00142373 0.000626114 0.999998 0.00202589 -0.00142527 -0.00202511 0.999997 0.0547081 0.0525248 0.0925488
FixedParameters: 0 0 0

#Transform 206
Transform: AffineTransform_float_3_3
Parameters: 0.999999 -0.000703424 0.00138277 0.000701575 0.999998 0.00175297 -0.00138423 -0.00175203 0.999997 0.0660741 0.0535143 0.0828308
FixedParameters: 0 0 0

#Transform 207
Transform: AffineTransform_float_3_3
Parameters: 0.999999 -0.000725313 0.00137378 0.000722687 0.999999 0.00168299 -0.00137522 -0.001682 0.999997 0.0619194 0.04831 0.0897948
FixedParameters: 0 0 0

#Transform 208
Transform: AffineTransform_float_3_3
Parameters: 0.999998 -0.000748324 0.00150685 0.000746676 0.999999 0.00154213 -0.00150815 -0.00154087 0.999997 0.0588385 0.0473299 0.0982844
FixedParameters: 0 0 0

#Transform 209
Transform: AffineTransform_float_3_3
Parameters: 0.999999 -0.00103526 0.00136129 0.00103274 0.999998 0.00165941 -0.00136371 -0.00165759 0.999997 0.0721221 0.0500634 0.106465
FixedParameters: 0 0 0

#Transform 210
Transform: AffineTransform_float_3_3
Parameters: 0.999999 -0.000688497 0.00137175 0.000686504 0.999998 0.00181994 -0.00137225 -0.00181906 0.999998 0.0599189 0.0382791 0.105306
FixedParameters: 0 0 0

#Transform 211
Transform: AffineTransform_float_3_3
Parameters: 0.999999 -0.000741654 0.00135155 0.000739345 0.999998 0.001963 -0.00135345 -0.001962 0.999997 0.067037 0.0602231 0.108727
FixedParameters: 0 0 0

#Transform 212
Transform: AffineTransform_float_3_3
Parameters: 0.999999 -0.00068352 0.00134572 0.00068048 0.999998 0.00187192 -0.00134728 -0.00187108 0.999998 0.0592784 0.0617413 0.106307
FixedParameters: 0 0 0

#Transform 213
Transform: AffineTransform_float_3_3
Parameters: 0.999998 -0.000760768 0.00147858 0.00075823 0.999998 0.00187212 -0.00148042 -0.00187088 0.999997 0.0659999 0.0603058 0.102793
FixedParameters: 0 0 0

#Transform 214
Transform: AffineTransform_float_3_3
Parameters: 0.999999 -0.000554051 0.0012651 0.000551948 0.999998 0.0016217 -0.0012659 -0.0016203 0.999998 0.0646489 0.0481438 0.0890129
FixedParameters: 0 0 0

#Transform 215
Transform: AffineTransform_float_3_3
Parameters: 0.999999 -0.000490497 0.00133408 0.000487501 0.999998 0.00187165 -0.00133591 -0.00187035 0.999998 0.0602969 0.0448067 0.0934104
FixedParameters: 0 0 0

#Transform 216
Transform: AffineTransform_float_3_3
Parameters: 0.999999 -0.000659162 0.00140399 0.000656837 0.999998 0.00153992 -0.00140501 -0.00153907 0.999998 0.060682 0.0748433 0.0870993
FixedParameters: 0 0 0

#Transform 217
Transform: AffineTransform_float_3_3
Parameters: 0.999999 -0.000506452 0.00131006 0.000503548 0.999998 0.00187166 -0.00131094 -0.00187034 0.999998 0.0524944 0.0422996 0.111027
FixedParameters: 0 0 0

#Transform 218
Transform: AffineTransform_float_3_3
Parameters: 0.999999 -0.000703955 0.00136948 0.000701044 0.999998 0.00215696 -0.00137151 -0.00215604 0.999996 0.0519719 0.0503702 0.151255
FixedParameters: 0 0 0

#Transform 219
Transform: AffineTransform_float_3_3
Parameters: 0.999998 -0.000673677 0.00147578 0.000671322 0.999998 0.00181399 -0.00147722 -0.00181301 0.999998 0.0479272 0.0718702 0.159039
FixedParameters: 0 0 0

#Transform 220
Transform: AffineTransform_float_3_3
Parameters: 0.999999 -0.000660447 0.00135481 0.000657553 0.999998 0.00180589 -0.00135619 -0.00180511 0.999997 0.0569514 0.0918404 0.144996
FixedParameters: 0 0 0

#Transform 221
Transform: AffineTransform_float_3_3
Parameters: 0.999998 -0.000579026 0.00150384 0.000575975 0.999998 0.00201187 -0.00150416 -0.00201113 0.999997 0.0526847 0.0733296 0.148361
FixedParameters: 0 0 0

#Transform 222
Transform: AffineTransform_float_3_3
Parameters: 0.999999 -0.000497836 0.00144402 0.000494162 0.999998 0.00196472 -0.00144497 -0.00196328 0.999997 0.0523134 0.0702044 0.142324
FixedParameters: 0 0 0

#Transform 223
Transform: AffineTransform_float_3_3
Parameters: 0.999999 -0.000451828 0.0014091 0.000449171 0.999998 0.00200763 -0.0014099 -0.00200636 0.999997 0.0539608 0.0824123 0.135373
FixedParameters: 0 0 0

#Transform 224
Transform: AffineTransform_float_3_3
Parameters: 0.999999 -0.000474565 0.00140814 0.000472436 0.999998 0.00182067 -0.00140886 -0.00182033 0.999998 0.0616752 0.0818841 0.12347
FixedParameters: 0 0 0

#Transform 225
Transform: AffineTransform_float_3_3
Parameters: 0.999999 -0.000364369 0.00137737 0.000361631 0.999999 0.0017205 -0.00137762 -0.0017195 0.999997 0.0513306 0.0684142 0.119127
FixedParameters: 0 0 0

#Transform 226
Transform: AffineTransform_float_3_3
Parameters: 0.999999 -0.000232798 0.00154258 0.000230204 0.999999 0.00181336 -0.00154242 -0.00181364 0.999997 0.048982 0.0564139 0.13673
FixedParameters: 0 0 0

#Transform 227
Transform: AffineTransform_float_3_3
Parameters: 0.999999 -0.000257421 0.00136755 0.000254581 0.999999 0.00176935 -0.00136745 -0.00176965 0.999998 0.0582826 0.0759077 0.138337
FixedParameters: 0 0 0

#Transform 228
Transform: AffineTransform_float_3_3
Parameters: 0.999999 -0.000306663 0.00136641 0.000304338 0.999998 0.00194842 -0.0013666 -0.00194858 0.999997 0.0545928 0.0675199 0.127661
FixedParameters: 0 0 0

#Transform 229
Transform: AffineTransform_float_3_3
Parameters: 0.999999 -0.000285879 0.00153847 0.000283122 0.999998 0.00187144 -0.00153853 -0.00187056 0.999997 0.0569428 0.0506816 0.134223
FixedParameters: 0 0 0

#Transform 230
Transform: AffineTransform_float_3_3
Parameters: 0.999999 -0.00027327 0.00174749 0.000270729 0.999998 0.00187148 -0.00174851 -0.00187052 0.999996 0.0542145 0.0644028 0.126227
FixedParameters: 0 0 0

#Transform 231
Transform: AffineTransform_float_3_3
Parameters: 0.999998 -0.000181234 0.00172866 0.000177764 0.999998 0.00187131 -0.00172933 -0.00187069 0.999997 0.0528411 0.0714699 0.126201
FixedParameters: 0 0 0

#Transform 232
Transform: AffineTransform_float_3_3
Parameters: 0.999998 -0.000181217 0.00171966 0.000178783 0.999998 0.00187131 -0.00171934 -0.00187069 0.999997 0.0486446 0.0741535 0.122852
FixedParameters: 0 0 0

#Transform 233
Transform: AffineTransform_float_3_3
Parameters: 0.999998 -0.00023406 0.00163556 0.000230938 0.999998 0.00187138 -0.00163643 -0.00187062 0.999997 0.0548945 0.066584 0.120904
FixedParameters: 0 0 0

#Transform 234
Transform: AffineTransform_float_3_3
Parameters: 0.999998 -0.000248379 0.0016795 0.000245619 0.999998 0.00201241 -0.0016805 -0.00201158 0.999996 0.0546566 0.0569928 0.126982
FixedParameters: 0 0 0

#Transform 235
Transform: AffineTransform_float_3_3
Parameters: 0.999998 -0.000385261 0.00160422 0.000381738 0.999998 0.00203361 -0.00160478 -0.00203238 0.999996 0.0579019 0.0507664 0.119154
FixedParameters: 0 0 0

#Transform 236
Transform: AffineTransform_float_3_3
Parameters: 0.999999 -0.000412581 0.00137923 0.000409417 0.999998 0.00187157 -0.00138077 -0.00187043 0.999998 0.06086 0.0589378 0.116812
FixedParameters: 0 0 0

#Transform 237
Transform: AffineTransform_float_3_3
Parameters: 0.999999 -0.000384579 0.00137828 0.000381421 0.999998 0.00187153 -0.00137872 -0.00187047 0.999998 0.0544123 0.0553362 0.11676
FixedParameters: 0 0 0

#Transform 238
Transform: AffineTransform_float_3_3
Parameters: 0.999998 -0.000248152 0.00168454 0.000244847 0.999998 0.00187142 -0.00168546 -0.00187058 0.999997 0.0466652 0.0654416 0.132217
FixedParameters: 0 0 0

#Transform 239
Transform: AffineTransform_float_3_3
Parameters: 0.999998 -0.000283922 0.00156147 0.000281077 0.999998 0.00187144 -0.00156253 -0.00187056 0.999997 0.0485063 0.0605875 0.143652
FixedParameters: 0 0 0

#Transform 240
Transform: AffineTransform_float_3_3
Parameters: 0.999998 -0.000164259 0.00163167 0.00016074 0.999998 0.00199726 -0.00163232 -0.00199673 0.999996 0.0459698 0.0730195 0.135883
FixedParameters: 0 0 0

#Transform 241
Transform: AffineTransform_float_3_3
Parameters: 0.999998 -0.000370433 0.00167725 0.000366566 0.999998 0.00204762 -0.00167775 -0.00204638 0.999997 0.0567981 0.0746386 0.137561
FixedParameters: 0 0 0

#Transform 242
Transform: AffineTransform_float_3_3
Parameters: 0.999999 -0.000361024 0.00178419 0.000356975 0.999998 0.00225464 -0.00178581 -0.00225436 0.999996 0.0552986 0.0547375 0.138903
FixedParameters: 0 0 0

#Transform 243
Transform: AffineTransform_float_3_3
Parameters: 0.999998 -0.000180188 0.00166466 0.000176813 0.999998 0.0019153 -0.00166434 -0.0019147 0.999997 0.0536213 0.0583152 0.13345
FixedParameters: 0 0 0

#Transform 244
Transform: AffineTransform_float_3_3
Parameters: 0.999998 -0.000599965 0.00178067 0.000596035 0.999998 0.00222607 -0.00178233 -0.00222494 0.999996 0.0596291 0.0722119 0.138661
FixedParameters: 0 0 0

#Transform 245
Transform: AffineTransform_float_3_3
Parameters: 0.999998 -0.000585179 0.00199378 0.00058182 0.999997 0.00209616 -0.00199522 -0.00209484 0.999996 0.0570217 0.0637444 0.130281
FixedParameters: 0 0 0

#Transform 246
Transform: AffineTransform_float_3_3
Parameters: 0.999998 -0.000585146 0.00187671 0.000581853 0.999998 0.0022091 -0.00187829 -0.00220791 0.999996 0.0583575 0.0625124 0.138276
FixedParameters: 0 0 0

#Transform 247
Transform: AffineTransform_float_3_3
Parameters: 0.999998 -0.000489193 0.00192494 0.000484807 0.999998 0.00217794 -0.00192606 -0.00217706 0.999996 0.0582143 0.0628224 0.137566
FixedParameters: 0 0 0

#Transform 248
Transform: AffineTransform_float_3_3
Parameters: 0.999998 -0.000464546 0.00183911 0.000461451 0.999998 0.00192885 -0.00184089 -0.00192715 0.999996 0.0565806 0.065513 0.133412
FixedParameters: 0 0 0

#Transform 249
Transform: AffineTransform_float_3_3
Parameters: 0.999998 -0.000485908 0.00182096 0.000482092 0.999997 0.00214588 -0.00182204 -0.00214512 0.999996 0.0572108 0.0630403 0.13731
FixedParameters: 0 0 0

#Transform 250
Transform: AffineTransform_float_3_3
Parameters: 0.999999 -0.000584631 0.00169375 0.00058137 0.999998 0.00214299 -0.00169525 -0.00214201 0.999997 0.060436 0.058041 0.163434
FixedParameters: 0 0 0

#Transform 251
Transform: AffineTransform_float_3_3
Parameters: 0.999998 -0.000584588 0.00186488 0.000581412 0.999998 0.00192409 -0.00186612 -0.00192291 0.999997 0.0584791 0.0843049 0.161218
FixedParameters: 0 0 0

#Transform 252
Transform: AffineTransform_float_3_3
Parameters: 0.999998 -0.000768367 0.00174452 0.000764635 0.999998 0.00192934 -0.00174548 -0.00192866 0.999996 0.0630283 0.0764897 0.153611
FixedParameters: 0 0 0

#Transform 253
Transform: AffineTransform_float_3_3
Parameters: 0.999998 -0.000651855 0.00180361 0.000648147 0.999998 0.00213717 -0.00180439 -0.00213583 0.999996 0.0603644 0.060972 0.157308
FixedParameters: 0 0 0

#Transform 254
Transform: AffineTransform_float_3_3
Parameters: 0.999999 -0.000585234 0.00175659 0.000581765 0.999997 0.00241002 -0.00175841 -0.00240897 0.999995 0.0597312 0.0530487 0.162359
FixedParameters: 0 0 0

#Transform 255
Transform: AffineTransform_float_3_3
Parameters: 0.999999 -0.000584875 0.00166464 0.000581123 0.999997 0.00232797 -0.00166636 -0.00232603 0.999996 0.0607223 0.0769527 0.160998
FixedParameters: 0 0 0

#Transform 256
Transform: AffineTransform_float_3_3
Parameters: 0.999998 -0.000584538 0.00182187 0.000581461 0.999998 0.00194206 -0.00182313 -0.00194094 0.999997 0.0589444 0.0941284 0.160737
FixedParameters: 0 0 0

#Transform 257
Transform: AffineTransform_float_3_3
Parameters: 0.999999 -0.000584811 0.00173572 0.000581189 0.999998 0.00219501 -0.00173728 -0.00219399 0.999996 0.0599657 0.0664494 0.167901
FixedParameters: 0 0 0

#Transform 258
Transform: AffineTransform_float_3_3
Parameters: 0.999999 -0.000584951 0.00169664 0.000581049 0.999997 0.00232799 -0.00169836 -0.00232701 0.999996 0.0604069 0.0769331 0.178013
FixedParameters: 0 0 0

#Transform 259
Transform: AffineTransform_float_3_3
Parameters: 0.999998 -0.000363629 0.00172624 0.00035937 0.999997 0.00210162 -0.00172776 -0.00210138 0.999997 0.0494348 0.0747948 0.170119
FixedParameters: 0 0 0

#Transform 260
Transform: AffineTransform_float_3_3
Parameters: 0.999998 -0.000330797 0.00168526 0.0003272 0.999998 0.00225356 -0.00168674 -0.00225245 0.999996 0.0560066 0.0682031 0.159718
FixedParameters: 0 0 0

#Transform 261
Transform: AffineTransform_float_3_3
Parameters: 0.999998 -0.000374759 0.00161513 0.00037124 0.999997 0.0023276 -0.00161587 -0.0023264 0.999996 0.0576314 0.0632931 0.146519
FixedParameters: 0 0 0

#Transform 262
Transform: AffineTransform_float_3_3
Parameters: 0.999999 -0.000349203 0.00142222 0.000345794 0.999998 0.00225249 -0.00142378 -0.0022515 0.999996 0.0592851 0.063326 0.160162
FixedParameters: 0 0 0

#Transform 263
Transform: AffineTransform_float_3_3
Parameters: 0.999998 -0.000256355 0.00156545 0.000253643 0.999997 0.0021434 -0.00156655 -0.0021426 0.999997 0.0494798 0.091133 0.157924
FixedParameters: 0 0 0

#Transform 264
Transform: AffineTransform_float_3_3
Parameters: 0.999999 -0.000282699 0.00138045 0.000280299 0.999998 0.00195539 -0.00138155 -0.00195461 0.999997 0.0513063 0.0765245 0.141054
FixedParameters: 0 0 0

#Transform 265
Transform: AffineTransform_float_3_3
Parameters: 0.999998 -0.000267193 0.00158446 0.000263809 0.999998 0.00201442 -0.00158453 -0.00201458 0.999996 0.0560463 0.0605384 0.138588
FixedParameters: 0 0 0

#Transform 266
Transform: AffineTransform_float_3_3
Parameters: 0.999998 -0.000236715 0.00169649 0.000233284 0.999997 0.0021894 -0.00169751 -0.0021896 0.999996 0.0542612 0.0616297 0.13957
FixedParameters: 0 0 0

#Transform 267
Transform: AffineTransform_float_3_3
Parameters: 0.999998 -0.000323575 0.00159428 0.000320425 0.999998 0.00224252 -0.00159472 -0.00224149 0.999996 0.0569782 0.0728926 0.146005
FixedParameters: 0 0 0

#Transform 268
Transform: AffineTransform_float_3_3
Parameters: 0.999999 -0.000227989 0.0013465 0.000225011 0.999997 0.0022203 -0.0013465 -0.00221969 0.999996 0.0510957 0.0643533 0.133569
FixedParameters: 0 0 0

#Transform 269
Transform: AffineTransform_float_3_3
Parameters: 0.999999 -0.000121847 0.00125173 0.000118155 0.999998 0.00227415 -0.00125127 -0.00227385 0.999996 0.0571676 0.0469694 0.141087
FixedParameters: 0 0 0

#Transform 270
Transform: AffineTransform_float_3_3
Parameters: 0.999998 -0.000111739 0.00160674 0.00010826 0.999998 0.00232718 -0.00160726 -0.00232682 0.999996 0.0530697 0.0454609 0.152675
FixedParameters: 0 0 0

#Transform 271
Transform: AffineTransform_float_3_3
Parameters: 0.999999 -8.7446e-05 0.0014808 8.35534e-05 0.999998 0.00232713 -0.0014812 -0.00232687 0.999996 0.0539996 0.0474592 0.150125
FixedParameters: 0 0 0

#Transform 272
Transform: AffineTransform_float_3_3
Parameters: 0.999999 -6.0101e-05 0.00138187 5.68986e-05 0.999997 0.00224408 -0.00138213 -0.00224392 0.999996 0.0546347 0.0644586 0.144636
FixedParameters: 0 0 0

#Transform 273
Transform: AffineTransform_float_3_3
Parameters: 0.999999 -0.000163913 0.00125162 0.000161088 0.999998 0.0023272 -0.00125138 -0.0023268 0.999996 0.0580174 0.0539664 0.134542
FixedParameters: 0 0 0

#Transform 274
Transform: AffineTransform_float_3_3
Parameters: 0.999999 0.000160535 0.0013944 -0.000164463 0.999997 0.00248477 -0.0013936 -0.00248523 0.999996 0.0465782 0.0475145 0.131114
FixedParameters: 0 0 0

#Transform 275
Transform: AffineTransform_float_3_3
Parameters: 0.999998 0.000195299 0.00159146 -0.000198704 0.999998 0.00232669 -0.00159154 -0.00232631 0.999996 0.0427757 0.0429299 0.117174
FixedParameters: 0 0 0

#Transform 276
Transform: AffineTransform_float_3_3
Parameters: 0.999999 0.000275087 0.00125264 -0.000277913 0.999998 0.00232665 -0.00125136 -0.00232635 0.999996 0.045355 0.0694102 0.11925
FixedParameters: 0 0 0

#Transform 277
Transform: AffineTransform_float_3_3
Parameters: 0.999999 8.5485e-05 0.0015492 -8.85166e-05 0.999998 0.00226887 -0.0015498 -0.00226914 0.999996 0.0459922 0.0471647 0.123274
FixedParameters: 0 0 0

#Transform 278
Transform: AffineTransform_float_3_3
Parameters: 0.999999 0.000121087 0.00125228 -0.000124913 0.999998 0.00232684 -0.00125171 -0.00232615 0.999996 0.0528222 0.0469154 0.129796
FixedParameters: 0 0 0

#Transform 279
Transform: AffineTransform_float_3_3
Parameters: 0.999999 0.000143562 0.00151933 -0.000147439 0.999998 0.00226378 -0.00151867 -0.00226322 0.999997 0.0494699 0.0646497 0.12921
FixedParameters: 0 0 0

#Transform 280
Transform: AffineTransform_float_3_3
Parameters: 0.999999 6.89278e-05 0.00151714 -7.20737e-05 0.999998 0.00202489 -0.00151786 -0.00202511 0.999997 0.0475244 0.0679319 0.120113
FixedParameters: 0 0 0

#Transform 281
Transform: AffineTransform_float_3_3
Parameters: 0.999999 4.56558e-05 0.00147911 -4.93439e-05 0.999998 0.00226093 -0.00147889 -0.00226107 0.999997 0.0516495 0.0517232 0.127541
FixedParameters: 0 0 0

#Transform 282
Transform: AffineTransform_float_3_3
Parameters: 0.999999 -2.87798e-05 0.00176294 2.522e-05 0.999997 0.00214405 -0.00176306 -0.00214395 0.999996 0.0497015 0.0559084 0.126443
FixedParameters: 0 0 0

#Transform 283
Transform: AffineTransform_float_3_3
Parameters: 0.999998 9.47793e-05 0.00161119 -9.72217e-05 0.999998 0.00199985 -0.00161081 -0.00199915 0.999996 0.0493527 0.0734272 0.108124
FixedParameters: 0 0 0

#Transform 284
Transform: AffineTransform_float_3_3
Parameters: 0.999999 0.000179145 0.00153833 -0.000181854 0.999999 0.00185572 -0.00153766 -0.00185628 0.999997 0.0486718 0.0651862 0.117027
FixedParameters: 0 0 0

#Transform 285
Transform: AffineTransform_float_3_3
Parameters: 0.999998 0.000274865 0.00158155 -0.000278134 0.999998 0.00198256 -0.00158045 -0.00198244 0.999997 0.0464176 0.0475385 0.124499
FixedParameters: 0 0 0

#Transform 286
Transform: AffineTransform_float_3_3
Parameters: 0.999998 0.000274911 0.00157854 -0.000278087 0.999998 0.00195656 -0.00157746 -0.00195744 0.999997 0.0464581 0.0577097 0.12376
FixedParameters: 0 0 0

#Transform 287
Transform: AffineTransform_float_3_3
Parameters: 0.999999 0.000275493 0.00125255 -0.000278506 0.999998 0.00200165 -0.00125145 -0.00200235 0.999997 0.0392964 0.073148 0.125118
FixedParameters: 0 0 0

#Transform 288
Transform: AffineTransform_float_3_3
Parameters: 0.999999 0.00027527 0.00140254 -0.000278732 0.999998 0.00194761 -0.00140246 -0.00194739 0.999997 0.0409542 0.064957 0.131301
FixedParameters: 0 0 0

#Transform 289
Transform: AffineTransform_float_3_3
Parameters: 0.999999 0.000275129 0.00146554 -0.000277869 0.999998 0.0019586 -0.00146446 -0.00195941 0.999997 0.0375073 0.0514472 0.135179
FixedParameters: 0 0 0

#Transform 290
Transform: AffineTransform_float_3_3
Parameters: 0.999999 0.000275636 0.00125252 -0.000278364 0.999998 0.00188865 -0.00125148 -0.00188835 0.999998 0.0393941 0.0623856 0.128085
FixedParameters: 0 0 0

#Transform 291
Transform: AffineTransform_float_3_3
Parameters: 0.999999 0.000275373 0.00141451 -0.000278627 0.999998 0.00185761 -0.00141349 -0.00185739 0.999998 0.0313821 0.085598 0.141775
FixedParameters: 0 0 0

#Transform 292
Transform: AffineTransform_float_3_3
Parameters: 0.999999 0.000204921 0.00125234 -0.000207078 0.999998 0.00165974 -0.00125166 -0.00166026 0.999998 0.0439514 0.0741159 0.126388
FixedParameters: 0 0 0

#Transform 293
Transform: AffineTransform_float_3_3
Parameters: 0.999999 0.000275426 0.00138851 -0.000278576 0.999998 0.00185462 -0.00138849 -0.00185439 0.999998 0.0409233 0.0343858 0.125418
FixedParameters: 0 0 0

#Transform 294
Transform: AffineTransform_float_3_3
Parameters: 0.999999 0.000275161 0.0015565 -0.000277839 0.999999 0.00182357 -0.0015565 -0.00182443 0.999997 0.0383698 0.0475735 0.124651
FixedParameters: 0 0 0

#Transform 295
Transform: AffineTransform_float_3_3
Parameters: 0.999999 0.000275426 0.00144549 -0.000278574 0.999999 0.0017816 -0.00144451 -0.0017814 0.999998 0.047937 0.0642067 0.115504
FixedParameters: 0 0 0

#Transform 296
Transform: AffineTransform_float_3_3
Parameters: 0.999999 0.000407597 0.00142369 -0.000410404 0.999998 0.00168842 -0.00142331 -0.00168858 0.999997 0.0457767 0.0569302 0.104532
FixedParameters: 0 0 0

#Transform 297
Transform: AffineTransform_float_3_3
Parameters: 0.999999 0.000442146 0.00125266 -0.000443853 0.999999 0.00148045 -0.00125134 -0.00148055 0.999998 0.047174 0.0511917 0.0909091
FixedParameters: 0 0 0

#Transform 298
Transform: AffineTransform_float_3_3
Parameters: 0.999999 0.00027599 0.00125244 -0.00027801 0.999998 0.00160565 -0.00125156 -0.00160535 0.999998 0.047074 0.049998 0.0931788
FixedParameters: 0 0 0

#Transform 299
Transform: AffineTransform_float_3_3
Parameters: 0.999999 0.000469508 0.00135387 -0.000472493 0.999998 0.00184136 -0.00135313 -0.00184164 0.999998 0.045472 0.0470587 0.0921833
FixedParameters: 0 0 0

#Transform 300
Transform: AffineTransform_float_3_3
Parameters: 0.999999 0.000586564 0.00144699 -0.000588437 0.999999 0.00168415 -0.00144601 -0.00168485 0.999998 0.0424074 0.0486191 0.0942502
FixedParameters: 0 0 0

#Transform 301
Transform: AffineTransform_float_3_3
Parameters: 0.999999 0.00027589 0.00134743 -0.000278109 0.999998 0.00156563 -0.00134657 -0.00156637 0.999998 0.0528663 0.0504347 0.0922681
FixedParameters: 0 0 0

#Transform 302
Transform: AffineTransform_float_3_3
Parameters: 0.999999 0.000275792 0.00142843 -0.00027821 0.999999 0.0015466 -0.00142857 -0.00154639 0.999998 0.0542546 0.050646 0.0702257
FixedParameters: 0 0 0

#Transform 303
Transform: AffineTransform_float_3_3
Parameters: 0.999999 0.000584059 0.00125291 -0.000585941 0.999998 0.00154927 -0.00125209 -0.00154973 0.999998 0.0445509 0.0500024 0.0671323
FixedParameters: 0 0 0

#Transform 304
Transform: AffineTransform_float_3_3
Parameters: 0.999999 0.000635684 0.00125318 -0.000638317 0.999998 0.0018492 -0.00125182 -0.0018498 0.999997 0.0436264 0.0372078 0.0763156
FixedParameters: 0 0 0

#Transform 305
Transform: AffineTransform_float_3_3
Parameters: 0.999999 0.000744922 0.00137113 -0.000747076 0.999998 0.00151498 -0.00136987 -0.00151602 0.999998 0.0403581 0.050105 0.0662797
FixedParameters: 0 0 0

#Transform 306
Transform: AffineTransform_float_3_3
Parameters: 0.999999 0.000782885 0.00135922 -0.000785116 0.999999 0.00155594 -0.00135878 -0.00155707 0.999998 0.0398549 0.0471637 0.0719751
FixedParameters: 0 0 0

#Transform 307
Transform: AffineTransform_float_3_3
Parameters: 0.999998 0.000805897 0.00137124 -0.000808102 0.999998 0.00153289 -0.00137076 -0.00153411 0.999998 0.0393061 0.0498571 0.0773338
FixedParameters: 0 0 0

#Transform 308
Transform: AffineTransform_float_3_3
Parameters: 0.999999 0.000647305 0.00140225 -0.000649694 0.999998 0.00192209 -0.00140075 -0.00192291 0.999997 0.0417644 0.0401347 0.090941
FixedParameters: 0 0 0

#Transform 309
Transform: AffineTransform_float_3_3
Parameters: 0.999998 0.000712886 0.00147202 -0.000715113 0.999998 0.00143595 -0.00147097 -0.00143705 0.999998 0.0398773 0.0618053 0.0807332
FixedParameters: 0 0 0

#Transform 310
Transform: AffineTransform_float_3_3
Parameters: 0.999998 0.000765384 0.00178512 -0.000768615 0.999998 0.00146463 -0.00178388 -0.00146637 0.999998 0.0396934 0.0532991 0.0850726
FixedParameters: 0 0 0
