#Insight Transform File V1.0
#Transform 0
Transform: AffineTransform_float_3_3
Parameters: 0.999998 -0.000712404 0.00160794 0.000719595 0.999992 -0.00410485 -0.00160506 0.00410615 0.999991 0.0183376 -0.00833943 -0.160491
FixedParameters: 0 0 0

#Transform 1
Transform: AffineTransform_float_3_3
Parameters: 0.999999 -0.000781303 0.00160827 0.000788696 0.999991 -0.00416774 -0.00160473 0.00416926 0.99999 0.0175894 -0.00282132 -0.182131
FixedParameters: 0 0 0

#Transform 2
Transform: AffineTransform_float_3_3
Parameters: 0.999998 -0.000670698 0.00149285 0.000677302 0.999991 -0.00422499 -0.00149015 0.004226 0.99999 0.0178789 -0.00817314 -0.177842
FixedParameters: 0 0 0

#Transform 3
Transform: AffineTransform_float_3_3
Parameters: 0.999999 -0.000428236 0.00127561 0.000432765 0.999993 -0.00373645 -0.00127439 0.00373755 0.999992 0.0121971 -0.0197965 -0.119971
FixedParameters: 0 0 0

#Transform 4
Transform: AffineTransform_float_3_3
Parameters: 1 -0.000428205 0.00113981 0.000432795 0.999991 -0.00420951 -0.00113819 0.00421049 0.999991 0.0139636 0.0157829 -0.125711
FixedParameters: 0 0 0

#Transform 5
Transform: AffineTransform_float_3_3
Parameters: 0.999999 -0.000294206 0.000749103 0.000296798 0.999993 -0.00373278 -0.000748897 0.00373222 0.999993 -2.25417e-05 0.00378233 -0.124767
FixedParameters: 0 0 0

#Transform 6
Transform: AffineTransform_float_3_3
Parameters: 1 0.000156263 -0.000252838 -0.000156738 1 0.00103804 0.000252163 -0.00103796 1 -0.000736554 0.00870576 0.0216306
FixedParameters: 0 0 0

#Transform 7
Transform: AffineTransform_float_3_3
Parameters: 1 0.000237666 -0.000509225 -0.000236334 0.999994 0.00327012 0.000509775 -0.00326988 0.999994 -0.0152077 0.0132029 0.0859846
FixedParameters: 0 0 0

#Transform 8
Transform: AffineTransform_float_3_3
Parameters: 1 9.89414e-05 -0.000366747 -9.80579e-05 0.999996 0.00256603 0.000367253 -0.00256596 0.999996 0.000715266 0.0076061 0.0565531
FixedParameters: 0 0 0

#Transform 9
Transform: AffineTransform_float_3_3
Parameters: 1 0.000146426 -0.000252754 -0.000146575 0.999998 0.00168404 0.000252247 -0.00168396 0.999998 -0.000553003 0.0283795 0.0426064
FixedParameters: 0 0 0

#Transform 10
Transform: AffineTransform_float_3_3
Parameters: 1 0.00011132 -0.00025286 -0.000110681 0.999999 0.00126403 0.00025214 -0.00126397 0.999999 -0.00480989 0.0405191 0.0129468
FixedParameters: 0 0 0

#Transform 11
Transform: AffineTransform_float_3_3
Parameters: 1 0.000111522 -0.000328823 -0.000110477 0.999998 0.00158804 0.000329176 -0.00158796 0.999998 -0.00576081 0.0278562 0.0153523
FixedParameters: 0 0 0

#Transform 12
Transform: AffineTransform_float_3_3
Parameters: 1 0.0003893 -0.000252538 -0.0003897 0.999999 0.0011881 0.000252463 -0.0011879 1 -0.00387634 0.030061 0.00988219
FixedParameters: 0 0 0

#Transform 13
Transform: AffineTransform_float_3_3
Parameters: 1 0.000111282 -0.000252876 -0.000110719 1 0.00111403 0.000252124 -0.00111397 1 9.01268e-06 0.0304824 0.00892519
FixedParameters: 0 0 0

#Transform 14
Transform: AffineTransform_float_3_3
Parameters: 1 -4.28838e-05 -0.000145034 4.31161e-05 0.999999 0.000800993 0.000144965 -0.000801006 0.999999 0.00151116 0.0320486 0.00457092
FixedParameters: 0 0 0

#Transform 15
Transform: AffineTransform_float_3_3
Parameters: 1 0.000111019 9.79786e-05 -0.000110981 1 -0.000193011 -9.80214e-05 0.000192989 1 -0.00189282 0.0160671 0.0257948
FixedParameters: 0 0 0

#Transform 16
Transform: AffineTransform_float_3_3
Parameters: 1 0.000110804 -0.000253086 -0.000110195 0.999999 -0.000772972 0.000252915 0.000773028 0.999999 -5.16695e-06 0.0689889 0.0304819
FixedParameters: 0 0 0

#Transform 17
Transform: AffineTransform_float_3_3
Parameters: 1 3.89824e-05 -6.20111e-05 -3.90176e-05 1 -0.000283998 6.19889e-05 0.000284002 1 -0.00589457 0.039576 -0.00297601
FixedParameters: 0 0 0

#Transform 18
Transform: AffineTransform_float_3_3
Parameters: 1 0.000111035 -0.000252985 -0.000110965 1 0.000138028 0.000253015 -0.000137972 1 -6.5079e-08 0.0171748 0.00734665
FixedParameters: 0 0 0

#Transform 19
Transform: AffineTransform_float_3_3
Parameters: 1 0.000110979 0.000161014 -0.000111021 1 0.000129982 -0.000160986 -0.000130018 1 -0.00578735 0.0104616 -0.00030315
FixedParameters: 0 0 0

#Transform 20
Transform: AffineTransform_float_3_3
Parameters: 1 -1.90031e-05 3.79985e-05 1.89969e-05 1 8.10007e-05 -3.80015e-05 -8.09993e-05 1 0.000164827 -0.000208991 0.00306088
FixedParameters: 0 0 0

#Transform 21
Transform: AffineTransform_float_3_3
Parameters: 1 -2.29986e-05 0.00012 2.30014e-05 1 -1.19972e-05 -0.00012 1.20028e-05 1 -0.000137431 0.0273981 -0.00487463
FixedParameters: 0 0 0

#Transform 22
Transform: AffineTransform_float_3_3
Parameters: 1 -3.79979e-05 0.000172 3.80021e-05 1 -1.19935e-05 -0.000172 1.20065e-05 1 -0.000250964 0.0165564 -0.00884392
FixedParameters: 0 0 0

#Transform 23
Transform: AffineTransform_float_3_3
Parameters: 1 0.000111002 0.000156999 -0.000110998 1 -1.20174e-05 -0.000157001 1.19826e-05 1 -0.0021579 0.0323332 0.00883785
FixedParameters: 0 0 0

#Transform 24
Transform: AffineTransform_float_3_3
Parameters: 1 0.000111116 0.000156918 -0.000110883 0.999999 -0.000742017 -0.000157082 0.000741982 0.999999 -0.00216074 0.0414181 -0.0156781
FixedParameters: 0 0 0

#Transform 25
Transform: AffineTransform_float_3_3
Parameters: 1 0.000111075 0.000156947 -0.000110925 1 -0.000479017 -0.000157053 0.000478982 1 -0.00215626 0.02477 -0.0136057
FixedParameters: 0 0 0

#Transform 26
Transform: AffineTransform_float_3_3
Parameters: 1 5.30692e-05 0.000156977 -5.29308e-05 1 -0.000441008 -0.000157023 0.000440992 1 -0.00141437 0.0196644 -0.0086623
FixedParameters: 0 0 0

#Transform 27
Transform: AffineTransform_float_3_3
Parameters: 1 0.000111004 8.39946e-05 -0.000110996 1 -4.90093e-05 -8.40054e-05 4.89907e-05 1 0.000923606 0.0083336 -0.00315622
FixedParameters: 0 0 0

#Transform 28
Transform: AffineTransform_float_3_3
Parameters: 1 0.000111101 0.000156928 -0.000110899 1 -0.000645017 -0.000157072 0.000644982 1 0.000803355 0.0294884 -0.025769
FixedParameters: 0 0 0

#Transform 29
Transform: AffineTransform_float_3_3
Parameters: 1 0.000111087 0.000156939 -0.000110913 1 -0.000552017 -0.000157061 0.000551982 1 -0.00217591 0.0121773 -0.0343227
FixedParameters: 0 0 0

#Transform 30
Transform: AffineTransform_float_3_3
Parameters: 1 0.000111168 0.000156881 -0.000110833 1 -0.00107302 -0.000156119 0.00107298 1 -0.0021668 0.015045 -0.0356385
FixedParameters: 0 0 0

#Transform 31
Transform: AffineTransform_float_3_3
Parameters: 1 -5.98616e-05 0.000157053 6.01383e-05 0.999999 -0.00088099 -0.000156947 0.000881009 0.999999 0.000100163 0.0138707 -0.0329542
FixedParameters: 0 0 0

#Transform 32
Transform: AffineTransform_float_3_3
Parameters: 1 0.000180523 0.000515817 -0.000180477 0.999999 -0.00101409 -0.000516183 0.00101391 1 -0.0051201 0.0146024 -0.0348007
FixedParameters: 0 0 0

#Transform 33
Transform: AffineTransform_float_3_3
Parameters: 1 0.000111331 0.000325887 -0.000110669 1 -0.00101404 -0.000326113 0.00101396 1 -0.00307038 0.031448 0.000147374
FixedParameters: 0 0 0

#Transform 34
Transform: AffineTransform_float_3_3
Parameters: 1 0.00011157 0.000348818 -0.000110432 0.999998 -0.00163304 -0.000348181 0.00163296 0.999998 -0.00319078 0.0467425 0.0210826
FixedParameters: 0 0 0

#Transform 35
Transform: AffineTransform_float_3_3
Parameters: 1 0.000222333 0.000573485 -0.000220668 0.999998 -0.00232313 -0.000573514 0.00232287 0.999997 -0.00189093 0.0168825 0.0048819
FixedParameters: 0 0 0

#Transform 36
Transform: AffineTransform_float_3_3
Parameters: 1 0.000110943 0.000490013 -0.000111057 1 0.000115946 -0.000489987 -0.000116054 1 -0.00397932 0.0408394 0.0681045
FixedParameters: 0 0 0

#Transform 37
Transform: AffineTransform_float_3_3
Parameters: 1 0.000110858 0.0001571 -0.000110142 0.999999 0.000905982 -0.0001569 -0.000906017 0.999999 -0.00214255 0.0611969 0.0861421
FixedParameters: 0 0 0

#Transform 38
Transform: AffineTransform_float_3_3
Parameters: 1 0.000111004 0.000431999 -0.000110996 1 -9.04795e-06 -0.000432001 8.95205e-06 1 -0.00368186 0.05544 0.0037374
FixedParameters: 0 0 0

#Transform 39
Transform: AffineTransform_float_3_3
Parameters: 1 0.00011165 0.00055687 -0.00011035 1 -0.00116706 -0.000557129 0.00116694 0.999999 -0.0043433 0.0377595 0.00297146
FixedParameters: 0 0 0

#Transform 40
Transform: AffineTransform_float_3_3
Parameters: 1 -4.68868e-05 0.000157034 4.71132e-05 0.999999 -0.000720992 -0.000156966 0.000721007 0.999999 0.00613859 0.0154317 0.0422819
FixedParameters: 0 0 0

#Transform 41
Transform: AffineTransform_float_3_3
Parameters: 1 0.000111288 0.000618948 -0.000110711 1 -0.000466068 -0.000619051 0.000465931 0.999999 -0.00463983 0.091397 0.0296611
FixedParameters: 0 0 0

#Transform 42
Transform: AffineTransform_float_3_3
Parameters: 1 0.000110913 0.000563017 -0.000111087 1 0.000154937 -0.000562983 -0.000155062 1 -0.00433488 0.0117032 0.0281692
FixedParameters: 0 0 0

#Transform 43
Transform: AffineTransform_float_3_3
Parameters: 1 3.8977e-06 0.00066 -4.1023e-06 1 0.000154997 -0.000659999 -0.000155003 1 -0.00340958 0.0359679 0.0216812
FixedParameters: 0 0 0

#Transform 44
Transform: AffineTransform_float_3_3
Parameters: 1 -7.47813e-05 0.000505032 7.42186e-05 1 -0.000432962 -0.000504968 0.000433038 1 -0.00162725 0.058811 -0.0189029
FixedParameters: 0 0 0

#Transform 45
Transform: AffineTransform_float_3_3
Parameters: 1 -0.000176096 0.000581274 0.000176904 0.999999 -0.0015559 -0.000580725 0.0015551 0.999998 0.00155586 0.0647935 0.0112628
FixedParameters: 0 0 0

#Transform 46
Transform: AffineTransform_float_3_3
Parameters: 1 -9.88412e-05 0.000628183 0.000100158 0.999999 -0.00184494 -0.000627816 0.00184506 0.999998 0.00384703 0.0139873 0.028296
FixedParameters: 0 0 0

#Transform 47
Transform: AffineTransform_float_3_3
Parameters: 1 -0.000142958 0.000492303 0.000144041 0.999997 -0.00211693 -0.000491696 0.00211707 0.999997 0.0037164 0.0154349 0.0209091
FixedParameters: 0 0 0

#Transform 48
Transform: AffineTransform_float_3_3
Parameters: 0.999999 -0.000201754 0.000722349 0.000203247 0.999998 -0.00172485 -0.00072265 0.00172515 0.999999 -0.000931139 0.0467854 0.00482101
FixedParameters: 0 0 0

#Transform 49
Transform: AffineTransform_float_3_3
Parameters: 1 -0.000221162 0.000569326 0.000221839 0.999999 -0.00147287 -0.000569674 0.00147313 0.999999 0.00531415 0.0244968 -0.0198681
FixedParameters: 0 0 0

#Transform 50
Transform: AffineTransform_float_3_3
Parameters: 1 -0.000236161 0.000569348 0.000236839 0.999999 -0.00147286 -0.000569651 0.00147313 0.999999 0.000301377 0.0244869 -0.0225262
FixedParameters: 0 0 0

#Transform 51
Transform: AffineTransform_float_3_3
Parameters: 0.999999 -0.000271799 0.000688475 0.000272202 0.999999 -0.00174481 -0.000688526 0.00174519 0.999998 0.000121202 0.0543571 -0.0121847
FixedParameters: 0 0 0

#Transform 52
Transform: AffineTransform_float_3_3
Parameters: 0.999999 -0.000203725 0.000761342 0.000205276 0.999998 -0.00167484 -0.000761657 0.00167516 0.999999 -0.0011466 0.0332326 -0.0137967
FixedParameters: 0 0 0

#Transform 53
Transform: AffineTransform_float_3_3
Parameters: 1 -0.000202162 0.000569298 0.000202839 0.999999 -0.00147288 -0.000569702 0.00147311 0.999999 -0.000192165 0.0341659 -0.00840266
FixedParameters: 0 0 0

#Transform 54
Transform: AffineTransform_float_3_3
Parameters: 1 -8.80929e-05 0.000695115 8.89069e-05 0.999999 -0.00130494 -0.000694884 0.00130506 0.999999 -0.00237065 0.0332957 -0.0151658
FixedParameters: 0 0 0

#Transform 55
Transform: AffineTransform_float_3_3
Parameters: 1 -0.000296163 0.000491505 0.000296836 0.999999 -0.00170286 -0.000490495 0.00170315 0.999999 0.00931434 0.0355289 -0.0205761
FixedParameters: 0 0 0

#Transform 56
Transform: AffineTransform_float_3_3
Parameters: 1 -0.000632672 0.000123689 0.000632329 0.999996 -0.00266892 -0.000122313 0.00266908 0.999997 0.0168289 0.0532003 0.0296421
FixedParameters: 0 0 0

#Transform 57
Transform: AffineTransform_float_3_3
Parameters: 1 -0.000403523 0.000570048 0.000405479 0.999996 -0.00259277 -0.000569951 0.00259323 0.999997 0.0106471 0.0560176 0.00031789
FixedParameters: 0 0 0

#Transform 58
Transform: AffineTransform_float_3_3
Parameters: 1 -0.000403252 0.00057024 0.00040475 0.999995 -0.00306777 -0.000569761 0.00306823 0.999995 0.0120524 0.024502 0.00818645
FixedParameters: 0 0 0

#Transform 59
Transform: AffineTransform_float_3_3
Parameters: 1 -0.000403403 0.000453425 0.000405599 0.999993 -0.00352681 -0.000452572 0.00352718 0.999993 0.00329876 0.0527275 0.0246775
FixedParameters: 0 0 0

#Transform 60
Transform: AffineTransform_float_3_3
Parameters: 1 -0.000403356 0.000570166 0.000405646 0.999996 -0.00288577 -0.000569831 0.00288623 0.999995 0.0116688 0.0025664 -0.00316408
FixedParameters: 0 0 0

#Transform 61
Transform: AffineTransform_float_3_3
Parameters: 1 -0.000403756 0.000503001 0.000405243 0.999997 -0.0024748 -0.000501998 0.0024752 0.999997 0.00775622 0.0141082 -0.0131698
FixedParameters: 0 0 0

#Transform 62
Transform: AffineTransform_float_3_3
Parameters: 1 -0.000204994 0.0004135 0.000206005 0.999997 -0.00243392 -0.0004125 0.00243408 0.999997 0.00461265 0.00965316 0.00616063
FixedParameters: 0 0 0

#Transform 63
Transform: AffineTransform_float_3_3
Parameters: 1 -0.00040399 0.000466875 0.000405009 0.999997 -0.00216381 -0.000466124 0.00216419 0.999997 0.0032219 0.0254238 -0.0250718
FixedParameters: 0 0 0

#Transform 64
Transform: AffineTransform_float_3_3
Parameters: 1 -0.000195075 0.000487371 0.000195927 0.999998 -0.00189991 -0.000487629 0.0018991 0.999998 0.00488681 0.0194304 -0.0214269
FixedParameters: 0 0 0

#Transform 65
Transform: AffineTransform_float_3_3
Parameters: 1 -0.000128792 0.000569274 0.00013021 0.999997 -0.00212392 -0.000569725 0.00212307 0.999997 0.00297857 0.0470115 -0.0245009
FixedParameters: 0 0 0

#Transform 66
Transform: AffineTransform_float_3_3
Parameters: 1 -0.000208919 0.000569398 0.000210083 0.999998 -0.00189988 -0.000569602 0.00189912 0.999998 0.00730691 0.0206079 -0.0421192
FixedParameters: 0 0 0

#Transform 67
Transform: AffineTransform_float_3_3
Parameters: 1 -0.000121717 0.000569276 0.000123285 0.999998 -0.00225493 -0.000569724 0.00225507 0.999998 -0.00119792 0.0225331 -0.0283363
FixedParameters: 0 0 0

#Transform 68
Transform: AffineTransform_float_3_3
Parameters: 1 -0.000233668 0.000569548 0.000235333 0.999997 -0.00233987 -0.000569451 0.00233913 0.999997 0.00493572 0.0369382 -0.043914
FixedParameters: 0 0 0

#Transform 69
Transform: AffineTransform_float_3_3
Parameters: 1 -0.000233751 0.000569515 0.00023525 0.999997 -0.00219487 -0.000569485 0.00219413 0.999998 0.00434367 0.022146 -0.0448234
FixedParameters: 0 0 0

#Transform 70
Transform: AffineTransform_float_3_3
Parameters: 1 -0.000403919 0.000569768 0.000405082 0.999998 -0.00189977 -0.000569232 0.00189923 0.999998 0.00263227 0.0141953 -0.0379588
FixedParameters: 0 0 0

#Transform 71
Transform: AffineTransform_float_3_3
Parameters: 1 -0.000403919 0.000569768 0.000405082 0.999998 -0.00189977 -0.000569232 0.00189923 0.999998 0.00752316 0.00951225 -0.0379704
FixedParameters: 0 0 0

#Transform 72
Transform: AffineTransform_float_3_3
Parameters: 1 3.29561e-06 0.000568994 -1.70438e-06 0.999998 -0.002277 -0.000569005 0.002277 0.999997 0.00246062 0.0318513 -0.0430728
FixedParameters: 0 0 0

#Transform 73
Transform: AffineTransform_float_3_3
Parameters: 1 -0.000213065 0.00041648 0.000213937 0.999998 -0.00224691 -0.00041652 0.00224709 0.999998 0.000820346 0.0225565 -0.0551253
FixedParameters: 0 0 0

#Transform 74
Transform: AffineTransform_float_3_3
Parameters: 1 -0.000403662 0.00056995 0.000405338 0.999997 -0.00234877 -0.000569049 0.00234923 0.999997 0.00262973 0.0113127 -0.0356806
FixedParameters: 0 0 0

#Transform 75
Transform: AffineTransform_float_3_3
Parameters: 1 -0.000227716 0.000569918 0.000230284 0.999992 -0.00401087 -0.000569081 0.00401113 0.999992 0.0087907 0.0516463 0.0197403
FixedParameters: 0 0 0

#Transform 76
Transform: AffineTransform_float_3_3
Parameters: 1 -0.000331749 0.000570315 0.000334254 0.999992 -0.00395181 -0.000569683 0.00395219 0.999992 0.0100999 0.0280746 0.00877331
FixedParameters: 0 0 0

#Transform 77
Transform: AffineTransform_float_3_3
Parameters: 1 -0.000111033 0.000391563 0.000112969 0.999988 -0.00502696 -0.000391437 0.00502705 0.999988 -0.000413407 0.0412357 0.0127259
FixedParameters: 0 0 0

#Transform 78
Transform: AffineTransform_float_3_3
Parameters: 1 -0.000197869 0.00049885 0.000200132 0.999991 -0.0042759 -0.000498149 0.0042761 0.99999 0.000190977 0.016459 -0.0128159
FixedParameters: 0 0 0

#Transform 79
Transform: AffineTransform_float_3_3
Parameters: 1 -0.00028309 0.000569953 0.00028491 0.999995 -0.00335384 -0.000569048 0.00335416 0.999994 0.00880764 0.00709171 -0.0282627
FixedParameters: 0 0 0

#Transform 80
Transform: AffineTransform_float_3_3
Parameters: 0.999999 -0.000280335 0.000816919 0.000282665 0.999994 -0.00326377 -0.000816082 0.00326423 0.999995 -0.000391519 -0.00314138 -0.0452647
FixedParameters: 0 0 0

#Transform 81
Transform: AffineTransform_float_3_3
Parameters: 1 -0.000324185 0.000570036 0.000325818 0.999995 -0.00318681 -0.000569964 0.00318718 0.999995 0.00147698 0.0207853 -0.0511258
FixedParameters: 0 0 0

#Transform 82
Transform: AffineTransform_float_3_3
Parameters: 0.999999 -0.000337152 0.000669933 0.000338848 0.999996 -0.00276077 -0.000669067 0.00276023 0.999996 0.00113787 0.012459 -0.061925
FixedParameters: 0 0 0

#Transform 83
Transform: AffineTransform_float_3_3
Parameters: 1 -0.00032933 0.000569968 0.00033167 0.999995 -0.00293181 -0.00056903 0.00293219 0.999995 0.00155346 0.0127924 -0.061842
FixedParameters: 0 0 0

#Transform 84
Transform: AffineTransform_float_3_3
Parameters: 0.999999 -0.000367848 0.000708122 0.000370151 0.999996 -0.00304074 -0.000706877 0.00304126 0.999995 0.00134037 0.018046 -0.0493102
FixedParameters: 0 0 0

#Transform 85
Transform: AffineTransform_float_3_3
Parameters: 0.999999 -0.000285261 0.000852921 0.000288739 0.999995 -0.00321276 -0.000852077 0.00321325 0.999995 0.00707202 0.0335012 -0.0534774
FixedParameters: 0 0 0

#Transform 86
Transform: AffineTransform_float_3_3
Parameters: 1 -0.000347277 0.000570053 0.000348726 0.999996 -0.0030248 -0.000569948 0.0030252 0.999996 0.00591429 0.0325649 -0.0382382
FixedParameters: 0 0 0

#Transform 87
Transform: AffineTransform_float_3_3
Parameters: 0.999999 -0.000356809 0.00075404 0.00035919 0.999995 -0.00290673 -0.000752959 0.00290727 0.999996 0.00740689 0.0239723 -0.0368103
FixedParameters: 0 0 0

#Transform 88
Transform: AffineTransform_float_3_3
Parameters: 0.999999 -0.000601309 0.00118488 0.000605692 0.999995 -0.00311729 -0.00118312 0.00311772 0.999995 0.0019849 0.0122969 -0.056095
FixedParameters: 0 0 0

#Transform 89
Transform: AffineTransform_float_3_3
Parameters: 0.999998 -0.00182969 0.000840053 0.00183231 0.999994 -0.00275946 -0.000835946 0.00276053 0.999996 0.0276349 -0.226264 0.0442742
FixedParameters: 0 0 0

#Transform 90
Transform: AffineTransform_float_3_3
Parameters: 0.999997 -0.00190349 0.000963982 0.00190451 0.999997 -0.00156517 -0.000961019 0.00156683 0.999999 0.0263102 0.0627889 0.0199245
FixedParameters: 0 0 0

#Transform 91
Transform: AffineTransform_float_3_3
Parameters: 0.999997 -0.00193659 0.00143533 0.00194142 0.999991 -0.00377922 -0.00142867 0.00378278 0.999992 0.0278745 0.3462 -0.117774
FixedParameters: 0 0 0

#Transform 92
Transform: AffineTransform_float_3_3
Parameters: 0.999998 -0.00121732 0.00101444 0.00122068 0.999992 -0.00363776 -0.00100956 0.00363923 0.999993 0.0305124 0.0679307 0.0194818
FixedParameters: 0 0 0

#Transform 93
Transform: AffineTransform_float_3_3
Parameters: 0.999998 -0.00121711 0.00101468 0.00122088 0.999992 -0.00383777 -0.00100932 0.00383923 0.999992 0.0249267 0.0683337 -0.0489626
FixedParameters: 0 0 0

#Transform 94
Transform: AffineTransform_float_3_3
Parameters: 0.999998 -0.00121716 0.00101462 0.00122083 0.999992 -0.00378977 -0.00100938 0.00379123 0.999993 0.0248155 -0.0167509 -0.0441404
FixedParameters: 0 0 0

#Transform 95
Transform: AffineTransform_float_3_3
Parameters: 0.999998 -0.00121773 0.00101394 0.00122027 0.999994 -0.00323377 -0.00101006 0.00323423 0.999995 0.0205299 -0.0253644 -0.0323985
FixedParameters: 0 0 0

#Transform 96
Transform: AffineTransform_float_3_3
Parameters: 0.999999 -0.000819969 0.000916821 0.000822032 0.999997 -0.00221725 -0.00091518 0.00221775 0.999997 0.0204672 -0.0433822 -0.0416129
FixedParameters: 0 0 0

#Transform 97
Transform: AffineTransform_float_3_3
Parameters: 0.999998 -0.0010372 0.00122638 0.0010398 0.999997 -0.00228673 -0.00122362 0.00228827 0.999997 0.0209279 -0.0330201 -0.035294
FixedParameters: 0 0 0

#Transform 98
Transform: AffineTransform_float_3_3
Parameters: 0.999998 -0.00100198 0.00132129 0.00100502 0.999997 -0.00228667 -0.0013187 0.00228832 0.999996 0.0174595 0.0164579 -0.0268549
FixedParameters: 0 0 0

#Transform 99
Transform: AffineTransform_float_3_3
Parameters: 0.999999 -0.000971687 0.00101223 0.000974312 0.999997 -0.00228702 -0.00100977 0.00228798 0.999997 0.0229842 0.0356842 -0.0368959
FixedParameters: 0 0 0

#Transform 100
Transform: AffineTransform_float_3_3
Parameters: 0.999999 -0.00110069 0.00101252 0.00110331 0.999997 -0.00228688 -0.00100948 0.00228811 0.999997 0.0257159 0.0531639 -0.0394467
FixedParameters: 0 0 0

#Transform 101
Transform: AffineTransform_float_3_3
Parameters: 0.999999 -0.000708008 0.00121075 0.000710989 0.999996 -0.00247214 -0.00120825 0.00247286 0.999996 0.0133921 0.0672271 -0.0368453
FixedParameters: 0 0 0

#Transform 102
Transform: AffineTransform_float_3_3
Parameters: 0.999998 -0.0011337 0.00116322 0.0011373 0.999996 -0.00283968 -0.00115978 0.00284032 0.999996 0.0195112 0.0679011 -0.0294316
FixedParameters: 0 0 0

#Transform 103
Transform: AffineTransform_float_3_3
Parameters: 0.999998 -0.000879426 0.00132271 0.000881571 0.999997 -0.00194584 -0.00132029 0.00194716 0.999997 0.0168672 0.0421874 0.0223831
FixedParameters: 0 0 0

#Transform 104
Transform: AffineTransform_float_3_3
Parameters: 0.999999 -0.000711138 7.71007e-06 0.00071087 0.999932 0.011658 -1.52884e-05 -0.011658 0.999932 -0.0120281 0.129245 0.260441
FixedParameters: 0 0 0

#Transform 105
Transform: AffineTransform_float_3_3
Parameters: 0.999999 -0.000703194 -0.000403905 0.000710808 0.999807 0.0196627 0.000390098 -0.0196633 0.999806 -0.00436517 0.0755781 0.308186
FixedParameters: 0 0 0

#Transform 106
Transform: AffineTransform_float_3_3
Parameters: 0.999999 -0.000684917 -0.000190455 0.000688091 0.99986 0.0166859 0.000179543 -0.0166861 0.999861 -0.0119223 0.0354818 0.317511
FixedParameters: 0 0 0

#Transform 107
Transform: AffineTransform_float_3_3
Parameters: 1 -0.000973477 -0.00040601 0.000980524 0.999865 0.0163896 0.000389982 -0.0163894 0.999865 -0.00122172 0.0454879 0.260699
FixedParameters: 0 0 0

#Transform 108
Transform: AffineTransform_float_3_3
Parameters: 0.999999 -0.000794536 -0.000401015 0.000800464 0.999905 0.0138147 0.000389979 -0.0138153 0.999905 -0.00661493 0.0355395 0.251535
FixedParameters: 0 0 0

#Transform 109
Transform: AffineTransform_float_3_3
Parameters: 1 -0.000974799 -0.000402825 0.000980205 0.999914 0.0131206 0.000390172 -0.0131214 0.999914 0.00117018 0.093034 0.267119
FixedParameters: 0 0 0

#Transform 110
Transform: AffineTransform_float_3_3
Parameters: 0.999999 -0.000981546 0.00011886 0.000980451 0.999923 0.0123771 -0.000131145 -0.0123769 0.999924 0.00638335 0.0989282 0.210697
FixedParameters: 0 0 0

#Transform 111
Transform: AffineTransform_float_3_3
Parameters: 0.999999 -0.000979994 0.00018788 0.000978004 0.999946 0.0103372 -0.00019812 -0.0103368 0.999946 0.00327495 0.104754 0.167897
FixedParameters: 0 0 0

#Transform 112
Transform: AffineTransform_float_3_3
Parameters: 0.999999 -0.00100742 0.000144396 0.00100558 0.999954 0.00954015 -0.0001536 -0.00953985 0.999955 0.00281041 0.102232 0.207614
FixedParameters: 0 0 0

#Transform 113
Transform: AffineTransform_float_3_3
Parameters: 0.999999 -0.000839013 0.000253428 0.000836982 0.999969 0.00784222 -0.000260571 -0.00784179 0.999969 0.000599721 0.0814502 0.202882
FixedParameters: 0 0 0

#Transform 114
Transform: AffineTransform_float_3_3
Parameters: 0.999999 -0.000837147 1.68315e-05 0.000836852 0.999973 0.00736902 -2.31674e-05 -0.00736899 0.999973 0.0114707 0.0770846 0.217444
FixedParameters: 0 0 0

#Transform 115
Transform: AffineTransform_float_3_3
Parameters: 0.999999 -0.000839154 0.000374206 0.000836841 0.999984 0.00572031 -0.000379792 -0.00571968 0.999983 0.00955698 0.0932377 0.125366
FixedParameters: 0 0 0

#Transform 116
Transform: AffineTransform_float_3_3
Parameters: 0.999999 -0.000837111 1.85242e-05 0.000836892 0.999986 0.00534702 -2.24752e-05 -0.00534698 0.999985 0.011459 0.0916906 0.106786
FixedParameters: 0 0 0

#Transform 117
Transform: AffineTransform_float_3_3
Parameters: 0.999999 -0.000838833 0.000340519 0.00083717 0.999986 0.00534729 -0.000344481 -0.00534671 0.999985 0.00201073 0.0820201 0.098057
FixedParameters: 0 0 0

#Transform 118
Transform: AffineTransform_float_3_3
Parameters: 0.999999 -0.000839052 0.000367347 0.000836944 0.999984 0.00555231 -0.000372652 -0.00555169 0.999984 0.00959904 0.0541755 0.096343
FixedParameters: 0 0 0

#Transform 119
Transform: AffineTransform_float_3_3
Parameters: 1 -0.000947945 0.000338605 0.000946054 0.999984 0.00569732 -0.000344396 -0.00569768 0.999983 0.0112576 0.0318632 0.0767264
FixedParameters: 0 0 0

#Transform 120
Transform: AffineTransform_float_3_3
Parameters: 0.999999 -0.000840323 0.000525724 0.000836674 0.99998 0.00629044 -0.000531274 -0.00629056 0.99998 0.00535834 0.0402641 0.11686
FixedParameters: 0 0 0

#Transform 121
Transform: AffineTransform_float_3_3
Parameters: 0.999999 -0.000839678 0.000470249 0.000836323 0.999983 0.00566639 -0.000474747 -0.0056666 0.999984 0.00910288 0.073186 0.0817877
FixedParameters: 0 0 0

#Transform 122
Transform: AffineTransform_float_3_3
Parameters: 1 -0.000839807 0.000545705 0.000837197 0.999986 0.00512346 -0.000549297 -0.00512354 0.999986 0.00861594 0.0592407 0.0685917
FixedParameters: 0 0 0

#Transform 123
Transform: AffineTransform_float_3_3
Parameters: 0.999999 -0.000839099 0.000452125 0.000836901 0.999989 0.00462338 -0.000455874 -0.00462262 0.999989 0.00279791 0.0614377 0.0619249
FixedParameters: 0 0 0

#Transform 124
Transform: AffineTransform_float_3_3
Parameters: 1 -0.000943968 0.00043879 0.000942031 0.999989 0.00446441 -0.00044321 -0.00446358 0.99999 0.00483843 0.0977305 0.0701537
FixedParameters: 0 0 0

#Transform 125
Transform: AffineTransform_float_3_3
Parameters: 0.999999 -0.000838812 0.000442582 0.00083719 0.999992 0.00407837 -0.000445417 -0.00407763 0.999991 0.00921445 0.0899945 0.0542496
FixedParameters: 0 0 0

#Transform 126
Transform: AffineTransform_float_3_3
Parameters: 1 -0.000839226 0.000630046 0.000836775 0.999994 0.00352453 -0.000632953 -0.00352347 0.999993 0.00811872 0.0634602 0.0495054
FixedParameters: 0 0 0

#Transform 127
Transform: AffineTransform_float_3_3
Parameters: 1 -0.000973655 0.000665587 0.000971346 0.999997 0.00248065 -0.000668412 -0.00248035 0.999996 0.00977123 0.0691504 0.0496292
FixedParameters: 0 0 0

#Transform 128
Transform: AffineTransform_float_3_3
Parameters: 0.999999 -0.00101501 0.000731221 0.00101399 0.999995 0.00274074 -0.000733782 -0.00274026 0.999996 0.0101339 0.0720122 0.061665
FixedParameters: 0 0 0

#Transform 129
Transform: AffineTransform_float_3_3
Parameters: 0.999998 -0.00139906 0.00178695 0.00139894 0.999999 3.64999e-05 -0.00178705 -3.44999e-05 0.999999 -0.0169624 0.0714676 -0.234316
FixedParameters: 0 0 0

#Transform 130
Transform: AffineTransform_float_3_3
Parameters: 0.999997 -0.00164968 0.00140655 0.00165132 0.999998 -0.000937679 -0.00140445 0.000940319 0.999998 -0.0262454 -0.0214165 -0.418842
FixedParameters: 0 0 0

#Transform 131
Transform: AffineTransform_float_3_3
Parameters: 1 -0.000352853 0.000462112 0.000353147 1 -0.000317837 -0.000461888 0.000317163 1 0.00255038 -0.161118 -0.00863115
FixedParameters: 0 0 0

#Transform 132
Transform: AffineTransform_float_3_3
Parameters: 1 -0.000382441 0.000461635 0.000381559 1 0.000954177 -0.000462364 -0.000953824 1 0.0112301 -0.0365553 0.0913498
FixedParameters: 0 0 0

#Transform 133
Transform: AffineTransform_float_3_3
Parameters: 1 -0.00101174 0.000160624 0.00101226 0.999998 -0.00160484 -0.000158375 0.00160516 0.999998 0.0312747 -0.0316138 -0.0273746
FixedParameters: 0 0 0

#Transform 134
Transform: AffineTransform_float_3_3
Parameters: 1 -0.00110032 0.000463614 0.00110068 0.999999 -0.00146649 -0.000462387 0.00146651 0.999999 0.0388372 0.051524 -0.0650434
FixedParameters: 0 0 0

#Transform 135
Transform: AffineTransform_float_3_3
Parameters: 0.999999 -0.000713273 -0.000146678 0.000713726 0.999998 -0.00185411 0.000148323 0.0018539 0.999999 0.0330253 0.034341 0.0252546
FixedParameters: 0 0 0

#Transform 136
Transform: AffineTransform_float_3_3
Parameters: 0.999999 -0.000742736 0.000233839 0.000743264 0.999999 -0.00112983 -0.00023316 0.00113017 1 0.026214 0.0303922 0.0831031
FixedParameters: 0 0 0

#Transform 137
Transform: AffineTransform_float_3_3
Parameters: 1 -0.000996864 0.000285478 0.000997138 1 -0.000479716 -0.000285522 0.000479285 1 0.0266398 0.129387 0.0403766
FixedParameters: 0 0 0

#Transform 138
Transform: AffineTransform_float_3_3
Parameters: 0.999999 -0.00100077 0.000293768 0.00100123 0.999999 -0.000767706 -0.000293232 0.000767294 0.999999 0.0278403 0.130968 0.0231651
FixedParameters: 0 0 0

#Transform 139
Transform: AffineTransform_float_3_3
Parameters: 1 -0.000925863 0.000391325 0.000926137 0.999999 -0.000350638 -0.000390676 0.000350362 1 0.0226027 0.104191 0.015306
FixedParameters: 0 0 0

#Transform 140
Transform: AffineTransform_float_3_3
Parameters: 1 -0.00100075 0.000462534 0.00100125 1 -0.000533537 -0.000461466 0.000533462 1 0.0254034 0.0770954 0.0375571
FixedParameters: 0 0 0

#Transform 141
Transform: AffineTransform_float_3_3
Parameters: 1 -0.00100077 0.00037363 0.00100124 1 -0.000629626 -0.00037337 0.000629374 0.999999 0.0275799 0.047803 0.0490475
FixedParameters: 0 0 0

#Transform 142
Transform: AffineTransform_float_3_3
Parameters: 1 -0.000687928 7.76452e-05 0.000688073 1 -0.000937947 -7.73546e-05 0.000938053 0.999999 0.0253121 -0.00144372 0.0930002
FixedParameters: 0 0 0

#Transform 143
Transform: AffineTransform_float_3_3
Parameters: 0.999999 -0.000881926 0.000118548 0.000882074 1 -0.000621896 -0.000118451 0.000622105 1 0.0290638 0.0320306 0.0890667
FixedParameters: 0 0 0

#Transform 144
Transform: AffineTransform_float_3_3
Parameters: 0.999999 -0.000938045 0.000217803 0.000937953 0.999999 0.000210204 -0.000218197 -0.000209795 1 0.028784 0.0306842 0.0363069
FixedParameters: 0 0 0

#Transform 145
Transform: AffineTransform_float_3_3
Parameters: 1 -0.0010959 0.000462247 0.0010961 1 -0.000225494 -0.000461753 0.000225506 1 0.0271127 0.0331461 0.0477573
FixedParameters: 0 0 0

#Transform 146
Transform: AffineTransform_float_3_3
Parameters: 1 -0.00108901 -4.77724e-05 0.00108899 1 -0.000209052 4.82276e-05 0.000208948 1 0.028603 0.0569525 0.0382943
FixedParameters: 0 0 0

#Transform 147
Transform: AffineTransform_float_3_3
Parameters: 1 -0.00108895 0.000162359 0.00108905 1 -0.000329823 -0.000161641 0.000330176 1 0.0287093 0.0720434 0.0246914
FixedParameters: 0 0 0

#Transform 148
Transform: AffineTransform_float_3_3
Parameters: 0.999999 -0.00108898 9.22689e-05 0.00108902 1 -0.0002469 -9.1732e-05 0.0002461 1 0.0287184 0.0512047 0.0506404
FixedParameters: 0 0 0

#Transform 149
Transform: AffineTransform_float_3_3
Parameters: 1 -0.00108887 0.000238579 0.00108913 1 -0.000531741 -0.000238421 0.00053226 1 0.0340798 0.0859433 0.0207382
FixedParameters: 0 0 0

#Transform 150
Transform: AffineTransform_float_3_3
Parameters: 0.999999 -0.000737949 7.35187e-05 0.000738052 1 -0.000702946 -7.34811e-05 0.000703055 1 0.0239845 0.0808918 0.0315588
FixedParameters: 0 0 0

#Transform 151
Transform: AffineTransform_float_3_3
Parameters: 0.999999 -0.000731941 0.000122353 0.000732059 0.999999 -0.00048291 -0.000122646 0.00048309 1 0.0236492 0.0448014 0.0344857
FixedParameters: 0 0 0

#Transform 152
Transform: AffineTransform_float_3_3
Parameters: 0.999999 -0.000947878 0.000150768 0.000948122 0.999999 -0.000809857 -0.000150232 0.000810143 0.999999 0.0265489 0.0506653 0.0456167
FixedParameters: 0 0 0

#Transform 153
Transform: AffineTransform_float_3_3
Parameters: 1 -0.00108911 -0.000139141 0.00108889 0.999999 -0.000789152 0.00013986 0.000789848 0.999999 0.031044 0.0310597 0.0473762
FixedParameters: 0 0 0

#Transform 154
Transform: AffineTransform_float_3_3
Parameters: 0.999999 -0.000941901 0.00013469 0.000942099 1 -0.000732873 -0.000134309 0.000733127 0.999999 0.0312247 0.0303594 0.0654367
FixedParameters: 0 0 0

#Transform 155
Transform: AffineTransform_float_3_3
Parameters: 0.999999 -0.000890027 -3.63476e-05 0.000889973 1 -0.000733033 3.66523e-05 0.000732968 0.999999 0.0284856 0.0329499 0.0535507
FixedParameters: 0 0 0

#Transform 156
Transform: AffineTransform_float_3_3
Parameters: 0.999999 -0.000891963 6.35262e-05 0.000892037 1 -0.000589944 -6.24736e-05 0.000590056 1 0.0272668 0.0462263 0.0201873
FixedParameters: 0 0 0

#Transform 157
Transform: AffineTransform_float_3_3
Parameters: 0.999999 -0.000918104 -0.000142327 0.000917896 1 -0.000733131 0.000142673 0.000732869 0.999999 0.0256753 0.0569733 0.0537646
FixedParameters: 0 0 0

#Transform 158
Transform: AffineTransform_float_3_3
Parameters: 0.999999 -0.000871953 4.88449e-05 0.000872047 0.999999 -0.000968957 -4.81549e-05 0.000969042 0.999999 0.022503 0.0514049 0.0416381
FixedParameters: 0 0 0

#Transform 159
Transform: AffineTransform_float_3_3
Parameters: 0.999999 -0.000901862 0.000139893 0.000902138 0.999999 -0.000989875 -0.000139107 0.000990126 1 0.0256641 0.0515156 0.0504285
FixedParameters: 0 0 0

#Transform 160
Transform: AffineTransform_float_3_3
Parameters: 1 -0.000694043 -4.63615e-05 0.000693957 1 -0.000920032 4.66384e-05 0.000919968 0.999999 0.0279042 0.0510967 0.0325011
FixedParameters: 0 0 0

#Transform 161
Transform: AffineTransform_float_3_3
Parameters: 0.999999 -0.000876778 0.000275707 0.000877222 1 -0.000806758 -0.000275292 0.000807242 0.999999 0.0249057 0.0389177 0.0494552
FixedParameters: 0 0 0

#Transform 162
Transform: AffineTransform_float_3_3
Parameters: 1 -0.000693942 6.16557e-05 0.000694058 1 -0.000944957 -6.13441e-05 0.000945043 0.999999 0.0214822 0.0511906 0.0256188
FixedParameters: 0 0 0

#Transform 163
Transform: AffineTransform_float_3_3
Parameters: 0.999999 -0.000873935 7.27882e-05 0.000874065 0.999999 -0.000901937 -7.22115e-05 0.000902063 0.999999 0.0262996 0.0510204 0.0327388
FixedParameters: 0 0 0

#Transform 164
Transform: AffineTransform_float_3_3
Parameters: 1 -0.000693911 7.77987e-05 0.000693089 0.999999 -0.00115095 -7.72023e-05 0.00115105 1 0.0244687 0.052419 0.0293739
FixedParameters: 0 0 0

#Transform 165
Transform: AffineTransform_float_3_3
Parameters: 1 -0.000693962 2.41041e-05 0.000694038 0.999998 -0.00159098 -2.38958e-05 0.00159102 0.999998 0.0266212 0.0546139 0.0101813
FixedParameters: 0 0 0

#Transform 166
Transform: AffineTransform_float_3_3
Parameters: 0.999999 -0.000864794 0.000102745 0.000864205 0.999997 -0.00201791 -0.000101257 0.00201709 0.999998 0.0276903 0.0570548 -0.00616408
FixedParameters: 0 0 0

#Transform 167
Transform: AffineTransform_float_3_3
Parameters: 0.999999 -0.000693617 0.0001904 0.000693382 0.999997 -0.00201787 -0.000188602 0.00201713 0.999998 0.0294687 0.0222691 0.00487317
FixedParameters: 0 0 0

#Transform 168
Transform: AffineTransform_float_3_3
Parameters: 0.999999 -0.000800664 0.00023415 0.000800336 0.999998 -0.00143581 -0.000233851 0.00143619 0.999999 0.0394019 0.0191829 0.0138255
FixedParameters: 0 0 0

#Transform 169
Transform: AffineTransform_float_3_3
Parameters: 1 -0.000694007 -5.05754e-06 0.000693992 0.999999 -0.001358 5.94245e-06 0.001358 0.999999 0.0296536 0.0397571 -0.0113972
FixedParameters: 0 0 0

#Transform 170
Transform: AffineTransform_float_3_3
Parameters: 1 -0.000694071 -4.8995e-05 0.000693928 0.999998 -0.00144803 5.00048e-05 0.00144797 0.999999 0.0249426 0.0496365 -0.00745664
FixedParameters: 0 0 0

#Transform 171
Transform: AffineTransform_float_3_3
Parameters: 1 -0.000694111 -8.3079e-05 0.000693889 0.999999 -0.00132706 8.39208e-05 0.00132694 0.999999 0.0264422 0.0520885 -0.0192877
FixedParameters: 0 0 0

#Transform 172
Transform: AffineTransform_float_3_3
Parameters: 1 -0.000694064 -5.6215e-05 0.000693936 0.999999 -0.00113104 5.67849e-05 0.00113096 1 0.0242507 0.0473048 -0.0155056
FixedParameters: 0 0 0

#Transform 173
Transform: AffineTransform_float_3_3
Parameters: 0.999999 -0.000787155 -9.47233e-05 0.000786845 0.999999 -0.00162208 9.62763e-05 0.00162192 0.999998 0.0244053 0.0527313 -0.00311087
FixedParameters: 0 0 0

#Transform 174
Transform: AffineTransform_float_3_3
Parameters: 1 -0.00069394 4.00451e-05 0.000694059 0.999998 -0.00150597 -3.89548e-05 0.00150603 0.999999 0.0285848 0.0464199 0.0139501
FixedParameters: 0 0 0

#Transform 175
Transform: AffineTransform_float_3_3
Parameters: 1 -0.000693867 0.000124744 0.000693134 0.999999 -0.00107191 -0.000124257 0.00107209 1 0.0258203 0.0383335 0.016319
FixedParameters: 0 0 0

#Transform 176
Transform: AffineTransform_float_3_3
Parameters: 1 -0.000694079 -6.92081e-05 0.000693921 0.999999 -0.00114105 6.97918e-05 0.00114095 1 0.024915 0.0386222 0.0114343
FixedParameters: 0 0 0

#Transform 177
Transform: AffineTransform_float_3_3
Parameters: 0.999999 -0.000800114 -0.000106142 0.000799886 0.999999 -0.00107209 0.000106858 0.00107192 1 0.0275661 0.0383145 -0.0103319
FixedParameters: 0 0 0

#Transform 178
Transform: AffineTransform_float_3_3
Parameters: 0.999999 -0.000749125 -9.80479e-05 0.000749875 0.999999 -0.00127107 9.89531e-05 0.00127093 0.999999 0.0252173 0.0392676 0.00568088
FixedParameters: 0 0 0

#Transform 179
Transform: AffineTransform_float_3_3
Parameters: 1 -0.000694044 -3.61658e-05 0.000693956 0.999999 -0.00120203 3.68342e-05 0.00120198 1 0.026257 0.0389249 -0.00811546
FixedParameters: 0 0 0

#Transform 180
Transform: AffineTransform_float_3_3
Parameters: 1 -0.000694123 -0.000107207 0.000693877 0.999999 -0.00114308 0.000107793 0.00114293 1 0.0283328 0.0386191 0.0155546
FixedParameters: 0 0 0

#Transform 181
Transform: AffineTransform_float_3_3
Parameters: 1 -0.000694169 -0.000122039 0.00069383 0.999999 -0.00138408 0.00012296 0.00138391 0.999999 0.0222173 0.0398986 0.00413006
FixedParameters: 0 0 0

#Transform 182
Transform: AffineTransform_float_3_3
Parameters: 1 -0.000694015 -9.9451e-06 0.000693984 0.999998 -0.00152001 1.10549e-05 0.00151999 0.999999 0.0262315 0.0405743 0.018413
FixedParameters: 0 0 0

#Transform 183
Transform: AffineTransform_float_3_3
Parameters: 1 -0.000694118 -7.49075e-05 0.000693881 0.999998 -0.00157405 7.60922e-05 0.00157395 0.999999 0.0260758 0.0585759 0.0141518
FixedParameters: 0 0 0

#Transform 184
Transform: AffineTransform_float_3_3
Parameters: 0.999999 -0.000694354 -0.000209834 0.000693646 0.999999 -0.00168015 0.000211165 0.00167985 0.999998 0.0242234 0.0565504 0.0181568
FixedParameters: 0 0 0

#Transform 185
Transform: AffineTransform_float_3_3
Parameters: 0.999999 -0.000694335 -0.000214918 0.000693663 0.999998 -0.00155915 0.000216082 0.00155885 0.999999 0.0239025 0.0353916 0.0146708
FixedParameters: 0 0 0

#Transform 186
Transform: AffineTransform_float_3_3
Parameters: 1 -0.000594258 -0.000146961 0.000594742 0.999999 -0.00174809 0.00014804 0.00174791 0.999999 0.0246969 0.0432885 0.0120379
FixedParameters: 0 0 0

#Transform 187
Transform: AffineTransform_float_3_3
Parameters: 1 -0.000592148 -0.0001092 0.000591851 0.999999 -0.00135106 0.0001108 0.00135093 0.999999 0.0267144 0.0313617 0.0200197
FixedParameters: 0 0 0

#Transform 188
Transform: AffineTransform_float_3_3
Parameters: 0.999999 -0.000694246 -0.000185078 0.000693753 0.999999 -0.00132813 0.000185921 0.00132787 0.999999 0.023877 0.0426884 0.0277495
FixedParameters: 0 0 0

#Transform 189
Transform: AffineTransform_float_3_3
Parameters: 0.999999 -0.000694344 -0.000171614 0.000693657 0.999998 -0.00199612 0.000172385 0.00199588 0.999998 0.0236741 0.0566149 0.00871734
FixedParameters: 0 0 0

#Transform 190
Transform: AffineTransform_float_3_3
Parameters: 1 -0.000473598 0.000112703 0.0004744 0.999994 -0.00359395 -0.000110296 0.00359405 0.999993 0.021734 0.112784 -0.00655864
FixedParameters: 0 0 0

#Transform 191
Transform: AffineTransform_float_3_3
Parameters: 1 -0.000359607 0.000463085 0.000361393 0.999996 -0.00301084 -0.000461914 0.00301117 0.999996 0.0322468 -0.00592678 0.0253693
FixedParameters: 0 0 0

#Transform 192
Transform: AffineTransform_float_3_3
Parameters: 1 -0.000373759 0.000463004 0.000375241 0.999997 -0.00268283 -0.000461995 0.00268317 0.999997 0.0233193 0.027943 0.0573153
FixedParameters: 0 0 0

#Transform 193
Transform: AffineTransform_float_3_3
Parameters: 1 -0.000516631 0.000228835 0.000516369 0.999998 -0.00161488 -0.000228166 0.00161512 0.999998 0.0260488 0.0153102 0.0137461
FixedParameters: 0 0 0

#Transform 194
Transform: AffineTransform_float_3_3
Parameters: 1 -0.000301611 0.000181647 0.000301387 0.999997 -0.00214494 -0.000180354 0.00214505 0.999997 0.0201035 0.0347876 0.0112541
FixedParameters: 0 0 0

#Transform 195
Transform: AffineTransform_float_3_3
Parameters: 1 -0.000510832 7.02287e-05 0.000511167 0.999997 -0.00240496 -6.87708e-05 0.00240504 0.999997 0.0197044 0.0474429 0.0198135
FixedParameters: 0 0 0

#Transform 196
Transform: AffineTransform_float_3_3
Parameters: 1 -0.000301899 4.46876e-05 0.000302102 0.999998 -0.00227699 -4.43122e-05 0.00227702 0.999998 0.0220904 0.0698647 0.00488367
FixedParameters: 0 0 0

#Transform 197
Transform: AffineTransform_float_3_3
Parameters: 1 -0.000532795 9.6143e-05 0.000533204 0.999997 -0.00214495 -9.48564e-05 0.00214505 0.999997 0.0208541 0.069097 0.018386
FixedParameters: 0 0 0

#Transform 198
Transform: AffineTransform_float_3_3
Parameters: 1 -0.000302023 -9.27366e-06 0.000301977 0.999997 -0.002405 9.72628e-06 0.002405 0.999997 0.0204109 0.0705078 0.00313143
FixedParameters: 0 0 0

#Transform 199
Transform: AffineTransform_float_3_3
Parameters: 1 -0.000519208 -8.37188e-05 0.000518791 0.999997 -0.00246804 8.52806e-05 0.00246796 0.999997 0.027086 0.0491111 0.0124298
FixedParameters: 0 0 0

#Transform 200
Transform: AffineTransform_float_3_3
Parameters: 1 -0.000519598 0.000164278 0.000519401 0.999997 -0.00245791 -0.000162724 0.00245808 0.999997 0.0267717 0.0358004 -0.00783363
FixedParameters: 0 0 0

#Transform 201
Transform: AffineTransform_float_3_3
Parameters: 1 -0.000302759 -0.000338323 0.000301242 0.999998 -0.0022401 0.000338676 0.0022399 0.999998 0.0216306 0.0161273 0.01642
FixedParameters: 0 0 0

#Transform 202
Transform: AffineTransform_float_3_3
Parameters: 1 -0.000302932 -0.000404303 0.000302069 0.999998 -0.00230312 0.000404697 0.00230288 0.999998 0.0222619 0.0352601 0.0131088
FixedParameters: 0 0 0

#Transform 203
Transform: AffineTransform_float_3_3
Parameters: 1 -0.000500031 -1.28485e-05 0.000499969 0.999997 -0.00230301 1.41515e-05 0.00230299 0.999998 0.0249986 0.0384952 -0.0122266
FixedParameters: 0 0 0

#Transform 204
Transform: AffineTransform_float_3_3
Parameters: 1 -0.000302352 -0.000135215 0.000301648 0.999996 -0.00259604 0.000135783 0.00259596 0.999996 0.0147938 0.0399089 0.000340084
FixedParameters: 0 0 0

#Transform 205
Transform: AffineTransform_float_3_3
Parameters: 1 -0.000302248 -9.8241e-05 0.000301753 0.999997 -0.00251203 9.87583e-05 0.00251197 0.999997 0.0272905 0.039486 -0.0202558
FixedParameters: 0 0 0

#Transform 206
Transform: AffineTransform_float_3_3
Parameters: 1 -0.000302136 -4.91742e-05 0.000301865 0.999996 -0.00273402 4.98255e-05 0.00273399 0.999997 0.0228921 0.0407049 -0.00363791
FixedParameters: 0 0 0

#Transform 207
Transform: AffineTransform_float_3_3
Parameters: 1 -0.000302214 -6.60287e-05 0.000301786 0.999995 -0.00321502 6.69706e-05 0.00321498 0.999995 0.0262524 0.0432777 -0.0264915
FixedParameters: 0 0 0

#Transform 208
Transform: AffineTransform_float_3_3
Parameters: 1 -0.000549132 -4.43934e-05 0.000548866 0.999995 -0.00292602 4.66062e-05 0.00292597 0.999995 0.0287163 0.0417463 -0.00416235
FixedParameters: 0 0 0

#Transform 209
Transform: AffineTransform_float_3_3
Parameters: 1 -0.000301524 0.000166863 0.000301476 0.999996 -0.00285995 -0.000166138 0.00286005 0.999996 0.0328617 0.0414363 -0.0301668
FixedParameters: 0 0 0

#Transform 210
Transform: AffineTransform_float_3_3
Parameters: 1 -0.000302904 -0.000398314 0.000302095 0.999998 -0.00226712 0.000399686 0.00226688 0.999998 0.0228593 0.0667724 0.00124699
FixedParameters: 0 0 0

#Transform 211
Transform: AffineTransform_float_3_3
Parameters: 1 -0.00030266 -0.000404506 0.00030134 0.999998 -0.00163212 0.000404492 0.00163188 0.999998 0.0229932 0.0173573 0.00594512
FixedParameters: 0 0 0

#Transform 212
Transform: AffineTransform_float_3_3
Parameters: 1 -0.000302461 -0.000189265 0.000301539 0.999997 -0.00243306 0.000189734 0.00243294 0.999997 0.022707 0.0420891 0.0172282
FixedParameters: 0 0 0

#Transform 213
Transform: AffineTransform_float_3_3
Parameters: 1 -0.000302821 -0.000345281 0.000301177 0.999997 -0.0023761 0.000346717 0.0023759 0.999997 0.0207041 0.0353567 0.00096787
FixedParameters: 0 0 0

#Transform 214
Transform: AffineTransform_float_3_3
Parameters: 1 -0.000302746 -0.000342341 0.000301252 0.999997 -0.0021781 0.000343657 0.00217789 0.999997 0.0268826 0.0378111 -0.00406561
FixedParameters: 0 0 0

#Transform 215
Transform: AffineTransform_float_3_3
Parameters: 1 -0.000302411 -0.000178305 0.00030159 0.999998 -0.00230106 0.000178694 0.00230095 0.999998 0.0241223 0.0384551 0.0190471
FixedParameters: 0 0 0

#Transform 216
Transform: AffineTransform_float_3_3
Parameters: 1 -0.000302563 -0.000244304 0.000301438 0.999998 -0.00230208 0.000244695 0.00230193 0.999998 0.0226748 0.0532408 0.0212404
FixedParameters: 0 0 0

#Transform 217
Transform: AffineTransform_float_3_3
Parameters: 1 -0.00030269 -0.000284267 0.000301308 0.999997 -0.00242409 0.000285731 0.00242391 0.999997 0.0214999 0.0694753 -0.00984031
FixedParameters: 0 0 0

#Transform 218
Transform: AffineTransform_float_3_3
Parameters: 1 -0.00030228 -0.000118288 0.000301721 0.999997 -0.00235604 0.000118711 0.00235597 0.999997 0.0177632 0.0398932 0.0182348
FixedParameters: 0 0 0

#Transform 219
Transform: AffineTransform_float_3_3
Parameters: 1 -0.000303134 -0.000548375 0.000301867 0.999998 -0.00206616 0.000548625 0.00206683 0.999997 0.0233889 0.0385151 0.00301377
FixedParameters: 0 0 0

#Transform 220
Transform: AffineTransform_float_3_3
Parameters: 1 -0.000302315 -0.000133288 0.000301686 0.999997 -0.00235604 0.000133711 0.00235596 0.999997 0.0187719 0.0285377 0.0308608
FixedParameters: 0 0 0

#Transform 221
Transform: AffineTransform_float_3_3
Parameters: 1 -0.000302563 -0.000225245 0.000301437 0.999997 -0.00249607 0.000225753 0.00249593 0.999997 0.0199582 0.0429705 0.000413668
FixedParameters: 0 0 0

#Transform 222
Transform: AffineTransform_float_3_3
Parameters: 1 -0.000302405 -0.000178315 0.000301596 0.999998 -0.00226706 0.000178684 0.00226695 0.999998 0.0258231 0.0417856 -0.00802701
FixedParameters: 0 0 0

#Transform 223
Transform: AffineTransform_float_3_3
Parameters: 1 -0.0003029 -0.000381287 0.000302102 0.999997 -0.00235612 0.000381713 0.00235689 0.999997 0.021813 0.0421659 0.0200125
FixedParameters: 0 0 0

#Transform 224
Transform: AffineTransform_float_3_3
Parameters: 1 -0.000203337 -0.000146534 0.000202664 0.999998 -0.00229603 0.000146466 0.00229597 0.999998 0.0191152 0.0492644 0.00308438
FixedParameters: 0 0 0

#Transform 225
Transform: AffineTransform_float_3_3
Parameters: 1 -0.000302855 -0.000362287 0.000301146 0.999997 -0.00235611 0.000362711 0.00235689 0.999997 0.019637 0.029025 0.0159845
FixedParameters: 0 0 0

#Transform 226
Transform: AffineTransform_float_3_3
Parameters: 1 -0.000302313 -0.000138317 0.000301688 0.999998 -0.00225904 0.000138682 0.00225896 0.999998 0.0223406 0.0417823 -0.0129012
FixedParameters: 0 0 0

#Transform 227
Transform: AffineTransform_float_3_3
Parameters: 1 -0.000526863 6.11924e-05 0.000527137 0.999998 -0.00226297 -5.98072e-05 0.00226303 0.999997 0.0243055 0.0683963 0.0171984
FixedParameters: 0 0 0

#Transform 228
Transform: AffineTransform_float_3_3
Parameters: 1 -0.000301749 0.000103732 0.000301251 0.999997 -0.00242397 -0.00010327 0.00242403 0.999997 0.0230131 0.0362345 -0.00424919
FixedParameters: 0 0 0

#Transform 229
Transform: AffineTransform_float_3_3
Parameters: 1 -0.000512135 -5.16758e-05 0.000511866 0.999996 -0.00258602 5.23238e-05 0.00258597 0.999996 0.0369708 0.00363966 -0.00965518
FixedParameters: 0 0 0

#Transform 230
Transform: AffineTransform_float_3_3
Parameters: 1 -0.00030201 -4.35733e-06 0.000301989 0.999997 -0.002128 5.64264e-06 0.002128 0.999997 0.0247692 0.00100925 0.00748024
FixedParameters: 0 0 0

#Transform 231
Transform: AffineTransform_float_3_3
Parameters: 1 -0.000301883 5.366e-05 0.000302117 0.999997 -0.00218598 -5.33397e-05 0.00218601 0.999997 0.0277054 0.0372618 -0.00460444
FixedParameters: 0 0 0

#Transform 232
Transform: AffineTransform_float_3_3
Parameters: 1 -0.000302286 -0.000136368 0.000301715 0.999998 -0.00209104 0.000136631 0.00209096 0.999998 0.027555 0.0454822 0.0102518
FixedParameters: 0 0 0

#Transform 233
Transform: AffineTransform_float_3_3
Parameters: 1 -0.000302329 -0.000136273 0.000301672 0.999997 -0.00240504 0.000136726 0.00240496 0.999997 0.0254165 0.0604756 0.00965022
FixedParameters: 0 0 0

#Transform 234
Transform: AffineTransform_float_3_3
Parameters: 1 -0.000302298 -0.000136341 0.000301703 0.999997 -0.00218004 0.000136658 0.00217996 0.999997 0.0252471 0.0734651 0.00555167
FixedParameters: 0 0 0

#Transform 235
Transform: AffineTransform_float_3_3
Parameters: 1 -0.000302306 -0.000136324 0.000301695 0.999998 -0.00223804 0.000136676 0.00223796 0.999998 0.0208551 0.059685 -0.000132489
FixedParameters: 0 0 0

#Transform 236
Transform: AffineTransform_float_3_3
Parameters: 1 -0.000301929 3.46272e-05 0.000302072 0.999998 -0.00207699 -3.43727e-05 0.00207701 0.999998 0.0220349 0.0411315 -0.012815
FixedParameters: 0 0 0

#Transform 237
Transform: AffineTransform_float_3_3
Parameters: 1 -0.000302325 -0.000136282 0.000301676 0.999997 -0.00237604 0.000136717 0.00237696 0.999997 0.0229198 0.0360888 0.0100258
FixedParameters: 0 0 0

#Transform 238
Transform: AffineTransform_float_3_3
Parameters: 1 -0.000302492 -0.000188212 0.000301509 0.999997 -0.00260606 0.000188786 0.00260594 0.999996 0.0255122 0.0489448 -0.0115005
FixedParameters: 0 0 0

#Transform 239
Transform: AffineTransform_float_3_3
Parameters: 1 -0.000302364 -0.000136194 0.000301636 0.999997 -0.00266604 0.000136805 0.00266596 0.999997 0.0229535 0.0272204 -0.00433788
FixedParameters: 0 0 0

#Transform 240
Transform: AffineTransform_float_3_3
Parameters: 1 -0.000302364 -0.000136195 0.000301637 0.999997 -0.00266504 0.000136804 0.00266496 0.999997 0.022884 0.023091 -0.00651212
FixedParameters: 0 0 0

#Transform 241
Transform: AffineTransform_float_3_3
Parameters: 1 -0.000302363 -0.000136198 0.000301638 0.999997 -0.00265304 0.000136801 0.00265296 0.999997 0.0230619 0.037158 0.00714068
FixedParameters: 0 0 0

#Transform 242
Transform: AffineTransform_float_3_3
Parameters: 1 -0.000302319 -0.000136295 0.000301682 0.999997 -0.00233404 0.000136705 0.00233396 0.999998 0.0254955 0.0231697 -0.0178019
FixedParameters: 0 0 0

#Transform 243
Transform: AffineTransform_float_3_3
Parameters: 1 -0.000419366 -0.000135875 0.000418633 0.999997 -0.00268506 0.000137125 0.00268494 0.999997 0.02458 0.0273062 0.0078978
FixedParameters: 0 0 0

#Transform 244
Transform: AffineTransform_float_3_3
Parameters: 1 -0.000302368 -0.000136186 0.000301632 0.999997 -0.00269504 0.000136813 0.00269496 0.999997 0.0264076 0.0461933 0.00406613
FixedParameters: 0 0 0

#Transform 245
Transform: AffineTransform_float_3_3
Parameters: 1 -0.000439364 -0.000135828 0.000438636 0.999997 -0.00266806 0.000137171 0.00266794 0.999997 0.0221252 0.0446545 0.006126
FixedParameters: 0 0 0

#Transform 246
Transform: AffineTransform_float_3_3
Parameters: 1 -0.000536366 -0.000135559 0.000535633 0.999996 -0.00268807 0.00013744 0.00268793 0.999997 0.0300533 0.0446878 0.00572292
FixedParameters: 0 0 0

#Transform 247
Transform: AffineTransform_float_3_3
Parameters: 1 -0.000515052 -1.53344e-05 0.000514949 0.999994 -0.00323401 1.66654e-05 0.00323399 0.999995 0.0246613 0.0630699 0.0257113
FixedParameters: 0 0 0

#Transform 248
Transform: AffineTransform_float_3_3
Parameters: 1 -0.000509402 -0.000135498 0.000509599 0.999995 -0.00295007 0.000136504 0.00294993 0.999995 0.0274534 0.0430054 0.00691416
FixedParameters: 0 0 0

#Transform 249
Transform: AffineTransform_float_3_3
Parameters: 1 -0.000302058 -2.11857e-05 0.000301942 0.999997 -0.00269601 2.18141e-05 0.002696 0.999997 0.0214486 0.0272958 0.0104051
FixedParameters: 0 0 0

#Transform 250
Transform: AffineTransform_float_3_3
Parameters: 1 -0.000301884 4.47865e-05 0.000302116 0.999996 -0.00260498 -4.42131e-05 0.00260501 0.999996 0.0276989 0.0488378 0.0304429
FixedParameters: 0 0 0

#Transform 251
Transform: AffineTransform_float_3_3
Parameters: 1 -0.000302146 -5.21587e-05 0.000301851 0.999996 -0.00278502 5.38409e-05 0.00278498 0.999996 0.0253904 0.0460869 0.0259968
FixedParameters: 0 0 0

#Transform 252
Transform: AffineTransform_float_3_3
Parameters: 1 -0.000301948 1.79038e-05 0.000302053 0.999996 -0.00299299 -1.7096e-05 0.00299301 0.999995 0.0336418 0.047149 0.0460478
FixedParameters: 0 0 0

#Transform 253
Transform: AffineTransform_float_3_3
Parameters: 1 -0.0003017 9.79294e-05 0.0003013 0.999995 -0.00307897 -9.70728e-05 0.00307903 0.999996 0.0206251 0.0662233 0.0272271
FixedParameters: 0 0 0

#Transform 254
Transform: AffineTransform_float_3_3
Parameters: 1 -0.000301739 9.6819e-05 0.000301262 0.999997 -0.00271297 -9.61831e-05 0.00271303 0.999997 0.0217423 0.0421197 0.0461456
FixedParameters: 0 0 0

#Transform 255
Transform: AffineTransform_float_3_3
Parameters: 1 -0.00045037 -0.000135779 0.000450629 0.999996 -0.00271306 0.000137223 0.00271294 0.999997 0.0285903 0.0353733 0.0389575
FixedParameters: 0 0 0

#Transform 256
Transform: AffineTransform_float_3_3
Parameters: 1 -0.000302348 -0.000136229 0.000301652 0.999996 -0.00255004 0.00013677 0.00254996 0.999996 0.03447 0.050907 0.0125328
FixedParameters: 0 0 0

#Transform 257
Transform: AffineTransform_float_3_3
Parameters: 1 -0.00037207 -2.91209e-05 0.00037193 0.999997 -0.00236301 2.9879e-05 0.00236299 0.999997 0.0256434 0.0374543 0.0467333
FixedParameters: 0 0 0

#Transform 258
Transform: AffineTransform_float_3_3
Parameters: 1 -0.000556915 3.34431e-05 0.000557086 0.999997 -0.00259098 -3.25567e-05 0.00259102 0.999996 0.0370593 0.0451455 0.0169137
FixedParameters: 0 0 0

#Transform 259
Transform: AffineTransform_float_3_3
Parameters: 1 -0.00039777 9.69501e-05 0.00039823 0.999997 -0.00238796 -9.60493e-05 0.00238804 0.999997 0.0247477 0.0652044 0.0270242
FixedParameters: 0 0 0

#Transform 260
Transform: AffineTransform_float_3_3
Parameters: 1 -0.000611802 9.23223e-05 0.000612198 0.999998 -0.00216094 -9.06772e-05 0.00216106 0.999997 0.0310775 0.0599395 0.01824
FixedParameters: 0 0 0

#Transform 261
Transform: AffineTransform_float_3_3
Parameters: 1 -0.000302317 -0.000136298 0.000301683 0.999998 -0.00232304 0.000136701 0.00232296 0.999998 0.0344685 0.0606503 0.0314502
FixedParameters: 0 0 0

#Transform 262
Transform: AffineTransform_float_3_3
Parameters: 1 -0.000580763 0.000111243 0.000581238 0.999997 -0.00213993 -0.000110756 0.00214006 0.999997 0.0314135 0.050622 -0.00721836
FixedParameters: 0 0 0

#Transform 263
Transform: AffineTransform_float_3_3
Parameters: 1 -0.000302314 -0.000136306 0.000301687 0.999998 -0.00229704 0.000136693 0.00229696 0.999998 0.0259726 0.0367417 0.00314441
FixedParameters: 0 0 0

#Transform 264
Transform: AffineTransform_float_3_3
Parameters: 1 -0.000302209 -8.12275e-05 0.000301792 0.999996 -0.00255702 8.17719e-05 0.00255697 0.999996 0.0258705 0.0380676 -0.00045603
FixedParameters: 0 0 0

#Transform 265
Transform: AffineTransform_float_3_3
Parameters: 1 -0.000492303 -0.000135906 0.000491697 0.999998 -0.00222307 0.000137093 0.00222293 0.999998 0.0314457 0.0236974 0.0151472
FixedParameters: 0 0 0

#Transform 266
Transform: AffineTransform_float_3_3
Parameters: 1 -0.000302037 -1.63286e-05 0.000301964 0.999998 -0.00222301 1.66713e-05 0.002223 0.999997 0.026352 0.0362851 0.0233692
FixedParameters: 0 0 0

#Transform 267
Transform: AffineTransform_float_3_3
Parameters: 1 -0.000302317 -0.0001363 0.000301684 0.999998 -0.00231804 0.0001367 0.00231796 0.999998 0.0344581 0.0367935 0.0207406
FixedParameters: 0 0 0

#Transform 268
Transform: AffineTransform_float_3_3
Parameters: 1 -0.000302304 -0.000136328 0.000301697 0.999998 -0.00222304 0.000136671 0.00222296 0.999997 0.0257151 0.036316 0.0219806
FixedParameters: 0 0 0

#Transform 269
Transform: AffineTransform_float_3_3
Parameters: 1 -0.000302294 -0.000136349 0.000301706 0.999997 -0.00215304 0.00013665 0.00215296 0.999997 0.0224338 0.0457109 -0.00402168
FixedParameters: 0 0 0

#Transform 270
Transform: AffineTransform_float_3_3
Parameters: 1 -0.000302304 -0.000136328 0.000301697 0.999998 -0.00222304 0.000136671 0.00222296 0.999997 0.0224032 0.0524699 0.0220161
FixedParameters: 0 0 0

#Transform 271
Transform: AffineTransform_float_3_3
Parameters: 1 -0.00047725 -0.000136127 0.00047675 0.999998 -0.00182907 0.000136872 0.00182894 0.999999 0.0257 0.05029 0.0104119
FixedParameters: 0 0 0

#Transform 272
Transform: AffineTransform_float_3_3
Parameters: 1 -0.000302387 -0.000187377 0.000301614 0.999998 -0.00206206 0.000187622 0.00206194 0.999998 0.0238237 0.0577003 0.0242024
FixedParameters: 0 0 0

#Transform 273
Transform: AffineTransform_float_3_3
Parameters: 1 -0.000302272 -0.000136398 0.000301728 0.999998 -0.00199204 0.000136601 0.00199196 0.999998 0.0344736 0.0531317 0.0252594
FixedParameters: 0 0 0

#Transform 274
Transform: AffineTransform_float_3_3
Parameters: 1 -0.000302285 -0.000136369 0.000301715 0.999998 -0.00208904 0.000136631 0.00208896 0.999998 0.0251676 0.0536478 0.0238661
FixedParameters: 0 0 0

#Transform 275
Transform: AffineTransform_float_3_3
Parameters: 1 -0.000302237 -0.000136476 0.000301764 0.999999 -0.00173304 0.000136523 0.00173296 0.999998 0.0225113 0.0391853 0.0287191
FixedParameters: 0 0 0

#Transform 276
Transform: AffineTransform_float_3_3
Parameters: 1 -0.000302161 -7.63662e-05 0.000301838 0.999998 -0.00209802 7.76334e-05 0.00209798 0.999998 0.0243939 0.0434003 -0.0107873
FixedParameters: 0 0 0

#Transform 277
Transform: AffineTransform_float_3_3
Parameters: 1 -0.000302308 -0.00013632 0.000301693 0.999998 -0.00225004 0.000136679 0.00224996 0.999998 0.0223237 0.0240856 0.000955644
FixedParameters: 0 0 0

#Transform 278
Transform: AffineTransform_float_3_3
Parameters: 1 -0.000302288 -0.000136363 0.000301712 0.999997 -0.00210904 0.000136637 0.00210896 0.999998 0.0227028 0.023269 0.0164946
FixedParameters: 0 0 0

#Transform 279
Transform: AffineTransform_float_3_3
Parameters: 1 -0.000302288 -0.000136362 0.000301712 0.999997 -0.00211104 0.000136637 0.00211096 0.999998 0.0231528 0.0405216 0.0372525
FixedParameters: 0 0 0

#Transform 280
Transform: AffineTransform_float_3_3
Parameters: 1 -0.000301828 9.05742e-05 0.000301171 0.999998 -0.00190197 -8.94273e-05 0.00190203 0.999998 0.0247757 0.053344 0.00376982
FixedParameters: 0 0 0

#Transform 281
Transform: AffineTransform_float_3_3
Parameters: 1 -0.000370951 2.86429e-05 0.00037105 0.999999 -0.00173299 -2.8357e-05 0.00173301 0.999998 0.0220429 0.0324895 0.0205586
FixedParameters: 0 0 0

#Transform 282
Transform: AffineTransform_float_3_3
Parameters: 1 -0.000501973 1.39829e-05 0.000502026 0.999998 -0.00195799 -1.30171e-05 0.00195801 0.999998 0.0255162 0.0421976 0.0043947
FixedParameters: 0 0 0

#Transform 283
Transform: AffineTransform_float_3_3
Parameters: 1 -0.000301716 0.000146587 0.000301283 0.999998 -0.00194396 -0.000145415 0.00194404 0.999998 0.0220264 0.0740152 0.0176817
FixedParameters: 0 0 0

#Transform 284
Transform: AffineTransform_float_3_3
Parameters: 1 -0.000301892 5.06464e-05 0.000302108 0.999997 -0.00214098 -5.03533e-05 0.00214101 0.999997 0.0217481 0.0531731 0.0150426
FixedParameters: 0 0 0

#Transform 285
Transform: AffineTransform_float_3_3
Parameters: 1 -0.000302149 -7.84294e-05 0.00030185 0.999998 -0.00188902 7.95703e-05 0.00188898 0.999998 0.0201598 0.0330119 0.0341637
FixedParameters: 0 0 0

#Transform 286
Transform: AffineTransform_float_3_3
Parameters: 1 -0.000302405 -0.000199387 0.000301594 0.999998 -0.00202906 0.000200612 0.00202894 0.999998 0.01958 0.0379429 0.0498096
FixedParameters: 0 0 0

#Transform 287
Transform: AffineTransform_float_3_3
Parameters: 1 -0.00030226 -0.000136425 0.000301741 0.999998 -0.00190304 0.000136574 0.00190296 0.999998 0.0178171 0.0444764 0.0548649
FixedParameters: 0 0 0

#Transform 288
Transform: AffineTransform_float_3_3
Parameters: 1 -0.00030225 -0.000136448 0.000301751 0.999999 -0.00182604 0.000136551 0.00182596 0.999999 0.0173367 0.0438804 0.0377234
FixedParameters: 0 0 0

#Transform 289
Transform: AffineTransform_float_3_3
Parameters: 1 -0.000302277 -0.000136388 0.000301724 0.999998 -0.00202404 0.000136611 0.00202396 0.999998 0.0182352 0.0479253 0.0472346
FixedParameters: 0 0 0

#Transform 290
Transform: AffineTransform_float_3_3
Parameters: 1 -0.000302247 -0.000136455 0.000301754 0.999999 -0.00180404 0.000136545 0.00180396 0.999999 0.0229624 0.020946 0.0685446
FixedParameters: 0 0 0

#Transform 291
Transform: AffineTransform_float_3_3
Parameters: 1 -0.000302237 -0.000136476 0.000301764 0.999999 -0.00173304 0.000136523 0.00173296 0.999998 0.0252973 0.0566911 0.0489558
FixedParameters: 0 0 0

#Transform 292
Transform: AffineTransform_float_3_3
Parameters: 1 -0.000302252 -0.000136443 0.000301749 0.999999 -0.00184304 0.000136556 0.00184296 0.999999 0.0180931 0.0545424 0.0475352
FixedParameters: 0 0 0

#Transform 293
Transform: AffineTransform_float_3_3
Parameters: 1 -0.000302267 -0.000136409 0.000301733 0.999998 -0.00195604 0.00013659 0.00195596 0.999998 0.0182398 0.0578195 0.0645766
FixedParameters: 0 0 0

#Transform 294
Transform: AffineTransform_float_3_3
Parameters: 1 -0.000538257 -0.000135987 0.000537743 0.999998 -0.00188207 0.000137012 0.00188193 0.999998 0.0223094 0.0374024 0.0664072
FixedParameters: 0 0 0

#Transform 295
Transform: AffineTransform_float_3_3
Parameters: 1 -0.000302237 -0.000136476 0.000301764 0.999999 -0.00173304 0.000136523 0.00173296 0.999998 0.0192002 0.0390652 0.0737484
FixedParameters: 0 0 0

#Transform 296
Transform: AffineTransform_float_3_3
Parameters: 1 -0.000302206 -0.000136544 0.000301793 0.999999 -0.00151004 0.000137456 0.00150996 0.999999 0.0210376 0.0571855 0.04556
FixedParameters: 0 0 0

#Transform 297
Transform: AffineTransform_float_3_3
Parameters: 1 -0.000302048 -2.74766e-05 0.000301953 0.999999 -0.00173301 2.75233e-05 0.00173299 0.999998 0.0206708 0.0276509 0.0995752
FixedParameters: 0 0 0

#Transform 298
Transform: AffineTransform_float_3_3
Parameters: 1 -0.00030174 0.000299262 0.00030126 0.999999 -0.000869909 -0.000298738 0.000869089 0.999999 0.0175633 0.0586372 0.0819991
FixedParameters: 0 0 0

#Transform 299
Transform: AffineTransform_float_3_3
Parameters: 1 -0.000617555 0.000315872 0.000617445 0.999999 -0.0014108 -0.000315129 0.00141119 0.999999 0.0210726 0.0687141 0.117121
FixedParameters: 0 0 0

#Transform 300
Transform: AffineTransform_float_3_3
Parameters: 1 -0.000586809 0.000307364 0.00058719 0.999999 -0.000620819 -0.000306635 0.00062118 1 0.0210448 0.0588621 0.0977137
FixedParameters: 0 0 0

#Transform 301
Transform: AffineTransform_float_3_3
Parameters: 1 -0.00057287 0.000159468 0.000573131 1 -0.000816909 -0.000159532 0.000817092 0.999999 0.0193531 0.0612431 0.0955014
FixedParameters: 0 0 0

#Transform 302
Transform: AffineTransform_float_3_3
Parameters: 1 -0.000301929 8.72467e-05 0.000302071 0.999999 -0.000816973 -8.67532e-05 0.000817026 0.999999 0.0168601 0.036409 0.0711729
FixedParameters: 0 0 0

#Transform 303
Transform: AffineTransform_float_3_3
Parameters: 1 -0.000463112 -0.000136622 0.000462888 0.999999 -0.000817063 0.000137378 0.000816936 0.999999 0.017516 0.0427938 0.0893266
FixedParameters: 0 0 0

#Transform 304
Transform: AffineTransform_float_3_3
Parameters: 1 -0.000569137 -0.000136429 0.000568863 1 -0.00100408 0.000136571 0.00100392 0.999999 0.0211738 0.0719781 0.0868358
FixedParameters: 0 0 0

#Transform 305
Transform: AffineTransform_float_3_3
Parameters: 1 -0.000302006 -7.75326e-06 0.000301993 0.999999 -0.000817002 8.24673e-06 0.000816997 0.999999 0.0173033 0.0625629 0.0995147
FixedParameters: 0 0 0

#Transform 306
Transform: AffineTransform_float_3_3
Parameters: 1 -0.000534111 -0.000136564 0.000533888 0.999999 -0.000817072 0.000137436 0.000816926 0.999999 0.0182185 0.0624507 0.106125
FixedParameters: 0 0 0

#Transform 307
Transform: AffineTransform_float_3_3
Parameters: 1 -0.000666955 5.55449e-05 0.000667046 1 -0.000816963 -5.5455e-05 0.000817037 0.999999 0.0161211 0.0620685 0.112025
FixedParameters: 0 0 0

#Transform 308
Transform: AffineTransform_float_3_3
Parameters: 1 -0.000522122 -0.000136535 0.000521879 1 -0.000890071 0.000136464 0.000889929 0.999999 0.0168841 0.0712554 0.105245
FixedParameters: 0 0 0

#Transform 309
Transform: AffineTransform_float_3_3
Parameters: 1 -0.00030199 1.51939e-05 0.00030201 0.999999 -0.000641995 -1.58061e-05 0.000642005 1 0.0175341 0.0697987 0.108618
FixedParameters: 0 0 0

#Transform 310
Transform: AffineTransform_float_3_3
Parameters: 1 -0.000301931 0.000108193 0.000302069 0.999999 -0.000639967 -0.000107807 0.000640032 1 0.0136918 0.0494656 0.0739027
FixedParameters: 0 0 0

#Transform 311
Transform: AffineTransform_float_3_3
Parameters: 1 -0.000625939 6.36021e-05 0.00062606 1 -0.00096196 -6.23977e-05 0.000962039 0.999999 0.018238 0.0514007 0.0977627
FixedParameters: 0 0 0

#Transform 312
Transform: AffineTransform_float_3_3
Parameters: 1 -0.000526749 0.00030743 0.000527251 1 -0.000816838 -0.000306569 0.000817162 0.999999 0.0182536 0.0505506 0.0790781
FixedParameters: 0 0 0

#Transform 313
Transform: AffineTransform_float_3_3
Parameters: 1 -0.000493878 0.000149403 0.000494122 0.999999 -0.000816926 -0.000149596 0.000817073 0.999999 0.0188728 0.0404894 0.10136
FixedParameters: 0 0 0

#Transform 314
Transform: AffineTransform_float_3_3
Parameters: 1 -0.000615088 -0.000136602 0.000614911 0.999999 -0.000647084 0.000137398 0.000646915 1 0.0223177 0.0559849 0.0918838
FixedParameters: 0 0 0

#Transform 315
Transform: AffineTransform_float_3_3
Parameters: 1 -0.000625948 6.45114e-05 0.000626053 1 -0.00081696 -6.44885e-05 0.000817041 0.999999 0.0132991 0.0823634 0.106179
FixedParameters: 0 0 0

#Transform 316
Transform: AffineTransform_float_3_3
Parameters: 1 -0.000640882 0.000144524 0.000641118 1 -0.000816908 -0.000143476 0.000817092 0.999999 0.019154 0.0584007 0.106119
FixedParameters: 0 0 0

#Transform 317
Transform: AffineTransform_float_3_3
Parameters: 1 -0.000301901 0.000107277 0.000302099 0.999999 -0.000918967 -0.000107722 0.000919032 0.999999 0.0170012 0.06177 0.121034
FixedParameters: 0 0 0

#Transform 318
Transform: AffineTransform_float_3_3
Parameters: 1 -0.000570048 -6.5585e-05 0.000569952 0.999999 -0.000728037 6.54149e-05 0.000727962 0.999999 0.0205604 0.0542412 0.100638
FixedParameters: 0 0 0

#Transform 319
Transform: AffineTransform_float_3_3
Parameters: 1 -0.000492103 -0.000136627 0.000492896 0.999999 -0.000757067 0.000137374 0.000757932 0.999999 0.0170729 0.0647848 0.107016
FixedParameters: 0 0 0

#Transform 320
Transform: AffineTransform_float_3_3
Parameters: 1 -0.000614112 -0.000136498 0.000614889 1 -0.000817084 0.000136502 0.000816916 0.999999 0.0207145 0.060136 0.106226
FixedParameters: 0 0 0

#Transform 321
Transform: AffineTransform_float_3_3
Parameters: 1 -0.00030193 8.52467e-05 0.00030207 0.999999 -0.000816974 -8.57532e-05 0.000817025 0.999999 0.0174201 0.0650549 0.100864
FixedParameters: 0 0 0

#Transform 322
Transform: AffineTransform_float_3_3
Parameters: 1 -0.00054088 0.000146442 0.000541119 0.999999 -0.00081692 -0.000145558 0.000817078 0.999999 0.0204362 0.0469923 0.113547
FixedParameters: 0 0 0

#Transform 323
Transform: AffineTransform_float_3_3
Parameters: 1 -0.000598892 0.000152424 0.000599107 0.999999 -0.000707908 -0.000151576 0.00070809 0.999999 0.0206965 0.0442638 0.124764
FixedParameters: 0 0 0

#Transform 324
Transform: AffineTransform_float_3_3
Parameters: 1 -0.000569112 -0.000136535 0.000568889 1 -0.000817078 0.000136465 0.000816923 0.999999 0.0215093 0.0554908 0.11507
FixedParameters: 0 0 0

#Transform 325
Transform: AffineTransform_float_3_3
Parameters: 1 -0.000492019 -1.85183e-05 0.000491982 1 -0.000979009 1.84816e-05 0.000978991 0.999999 0.0153715 0.0531915 0.120506
FixedParameters: 0 0 0

#Transform 326
Transform: AffineTransform_float_3_3
Parameters: 1 -0.000534499 0.000217237 0.000535501 0.999997 -0.00231389 -0.000215761 0.00231412 0.999998 0.0194055 0.0772569 0.115557
FixedParameters: 0 0 0

#Transform 327
Transform: AffineTransform_float_3_3
Parameters: 0.999999 -0.000613276 0.000400111 0.000613723 0.999998 -0.00181076 -0.000398889 0.00181125 0.999999 0.0192171 0.0726905 0.14835
FixedParameters: 0 0 0

#Transform 328
Transform: AffineTransform_float_3_3
Parameters: 0.999999 -0.000725655 0.000336745 0.000726345 0.999999 -0.00102576 -0.000336255 0.00102624 1 0.0216517 0.056556 0.15925
FixedParameters: 0 0 0

#Transform 329
Transform: AffineTransform_float_3_3
Parameters: 0.999999 -0.000675634 0.000357692 0.000675366 0.999999 -0.00102376 -0.000357309 0.00102424 1 0.019441 0.0566342 0.118964
FixedParameters: 0 0 0

#Transform 330
Transform: AffineTransform_float_3_3
Parameters: 0.999999 -0.000725611 0.000316892 0.000726388 0.999999 -0.00122877 -0.000315107 0.00122923 0.999999 0.0209244 0.0738647 0.13854
FixedParameters: 0 0 0

#Transform 331
Transform: AffineTransform_float_3_3
Parameters: 0.999999 -0.000725826 0.000133942 0.000726173 0.999999 -0.0012979 -0.000133057 0.0012981 0.999999 0.0214049 0.085521 0.139866
FixedParameters: 0 0 0

#Transform 332
Transform: AffineTransform_float_3_3
Parameters: 0.999999 -0.000725593 0.000357825 0.000726406 0.999999 -0.00113674 -0.000357174 0.00113726 1 0.0194721 0.0860181 0.124213
FixedParameters: 0 0 0

#Transform 333
Transform: AffineTransform_float_3_3
Parameters: 0.999999 -0.000725612 0.00027901 0.000726387 0.999999 -0.0013918 -0.00027799 0.0013912 0.999999 0.0201663 0.0720269 0.124759
FixedParameters: 0 0 0

#Transform 334
Transform: AffineTransform_float_3_3
Parameters: 0.999999 -0.000725531 0.000337012 0.000726469 0.999999 -0.00139376 -0.000335988 0.00139324 0.999999 0.0209154 0.0641118 0.136034
FixedParameters: 0 0 0

#Transform 335
Transform: AffineTransform_float_3_3
Parameters: 0.999999 -0.000668579 0.000378745 0.000669422 0.999999 -0.00111375 -0.000378255 0.00111325 1 0.0186026 0.0535056 0.138533
FixedParameters: 0 0 0

#Transform 336
Transform: AffineTransform_float_3_3
Parameters: 0.999999 -0.000725901 7.10119e-05 0.000726098 0.999999 -0.00139395 -6.99886e-05 0.00139305 0.999999 0.0212677 0.0579176 0.114816
FixedParameters: 0 0 0

#Transform 337
Transform: AffineTransform_float_3_3
Parameters: 0.999999 -0.000725874 0.000104875 0.000726126 0.999999 -0.00120592 -0.000104124 0.00120608 1 0.0221031 0.0569585 0.122636
FixedParameters: 0 0 0

#Transform 338
Transform: AffineTransform_float_3_3
Parameters: 0.999999 -0.000725831 0.000131931 0.000726168 0.999999 -0.0012819 -0.00013107 0.0012811 0.999999 0.0182742 0.0645722 0.125398
FixedParameters: 0 0 0

#Transform 339
Transform: AffineTransform_float_3_3
Parameters: 1 -0.00066177 0.000174873 0.00066223 0.999999 -0.00131888 -0.000174127 0.00131912 0.999999 0.0173913 0.0886008 0.139665
FixedParameters: 0 0 0

#Transform 340
Transform: AffineTransform_float_3_3
Parameters: 0.999999 -0.000725567 0.000295066 0.000726432 0.999998 -0.00146879 -0.000293934 0.00146821 0.999999 0.0153206 0.0893729 0.142684
FixedParameters: 0 0 0

#Transform 341
Transform: AffineTransform_float_3_3
Parameters: 0.999999 -0.000725527 0.000295166 0.000726473 0.999999 -0.00160679 -0.000293833 0.00160721 0.999998 0.0201597 0.0819026 0.151918
FixedParameters: 0 0 0

#Transform 342
Transform: AffineTransform_float_3_3
Parameters: 0.999999 -0.000725007 0.000465549 0.000725994 0.999998 -0.00213566 -0.00046445 0.00213634 0.999997 0.0179156 0.10693 0.146329
FixedParameters: 0 0 0

#Transform 343
Transform: AffineTransform_float_3_3
Parameters: 0.999999 -0.000608887 0.000778657 0.000611114 0.999996 -0.00271653 -0.000777343 0.00271647 0.999996 0.0162732 0.0653488 0.162219
FixedParameters: 0 0 0

#Transform 344
Transform: AffineTransform_float_3_3
Parameters: 1 -0.000723534 0.000776305 0.000726465 0.999994 -0.00318044 -0.000773693 0.00318156 0.999994 0.0140834 0.183387 0.102763
FixedParameters: 0 0 0

#Transform 345
Transform: AffineTransform_float_3_3
Parameters: 1 -0.000871636 0.000448662 0.000872366 0.999995 -0.00305061 -0.000446341 0.00305139 0.999995 0.0234307 0.0234982 0.087393
FixedParameters: 0 0 0
