#Insight Transform File V1.0
#Transform 0
Transform: AffineTransform_float_3_3
Parameters: 1 -0.000311169 0.000435879 0.000310831 1 0.000388135 -0.000436121 -0.000388864 1 0.00187022 -0.0322646 0.0819709
FixedParameters: 0 0 0

#Transform 1
Transform: AffineTransform_float_3_3
Parameters: 1 -0.000465927 0.000346098 0.000466073 1 -0.000210839 -0.000345902 0.000211161 1 0.00469614 0.118252 0.0472218
FixedParameters: 0 0 0

#Transform 2
Transform: AffineTransform_float_3_3
Parameters: 1 -0.000435314 0.000384644 0.000434685 0.999999 0.000817167 -0.000385355 -0.000816832 0.999999 0.0040613 -0.243527 0.0708186
FixedParameters: 0 0 0

#Transform 3
Transform: AffineTransform_float_3_3
Parameters: 1 -0.000369522 0.000435557 0.000369477 0.999999 0.00119916 -0.000436443 -0.00119884 0.999999 -0.00411014 -0.0673082 0.0682424
FixedParameters: 0 0 0

#Transform 4
Transform: AffineTransform_float_3_3
Parameters: 1 -0.000322034 0.000288962 0.000321966 1 0.000118093 -0.000289038 -0.000117907 1 0.00289933 -0.0174971 0.0435606
FixedParameters: 0 0 0

#Transform 5
Transform: AffineTransform_float_3_3
Parameters: 1 -0.000307101 0.000139777 0.000306898 0.999999 0.000725043 -0.000140222 -0.000724957 0.999999 0.00363259 0.00476365 0.0426646
FixedParameters: 0 0 0

#Transform 6
Transform: AffineTransform_float_3_3
Parameters: 1 -0.000407353 0.000366608 0.000406646 0.999999 0.000964149 -0.000367392 -0.00096385 1 -0.00234395 -0.00723124 0.0379867
FixedParameters: 0 0 0

#Transform 7
Transform: AffineTransform_float_3_3
Parameters: 1 -0.000250134 0.000280881 0.000249866 1 0.00047607 -0.000281119 -0.00047593 1 0.00185401 -0.00888872 0.030669
FixedParameters: 0 0 0

#Transform 8
Transform: AffineTransform_float_3_3
Parameters: 1 -0.000286115 0.000142769 0.000285884 0.999999 0.00080704 -0.000143231 -0.000806958 0.999999 0.00326488 -0.01093 0.0354493
FixedParameters: 0 0 0

#Transform 9
Transform: AffineTransform_float_3_3
Parameters: 1 -8.61847e-05 0.000219928 8.58151e-05 0.999999 0.000840018 -0.000220072 -0.00083998 0.999999 -0.000169322 -0.0226181 0.0359619
FixedParameters: 0 0 0

#Transform 10
Transform: AffineTransform_float_3_3
Parameters: 1 0.000389749 0.000436224 -0.00039025 1 0.00057483 -0.000435775 -0.00057517 0.999999 -0.00848568 -0.00946505 -0.00125458
FixedParameters: 0 0 0

#Transform 11
Transform: AffineTransform_float_3_3
Parameters: 1 0.000100986 0.000354004 -0.000101014 1 3.99642e-05 -0.000353996 -4.00357e-05 1 -0.011795 -0.0325556 -0.00771937
FixedParameters: 0 0 0

#Transform 12
Transform: AffineTransform_float_3_3
Parameters: 1 3.79707e-05 0.000190006 -3.80293e-05 1 0.000153993 -0.000189994 -0.000154007 1 -0.00170171 -0.0452578 0.00967299
FixedParameters: 0 0 0

#Transform 13
Transform: AffineTransform_float_3_3
Parameters: 1 8.69141e-05 0.000108069 -8.70866e-05 0.999999 0.00079499 -0.000108931 -0.000795009 0.999999 -0.00506595 -0.0655762 0.027728
FixedParameters: 0 0 0

#Transform 14
Transform: AffineTransform_float_3_3
Parameters: 1 -4.09436e-05 -0.000104022 4.10564e-05 1 0.000541996 0.000103978 -0.000542004 1 0.0012341 -0.0264769 0.0239784
FixedParameters: 0 0 0

#Transform 15
Transform: AffineTransform_float_3_3
Parameters: 1 -7.80679e-05 0.00017597 7.7932e-05 1 0.000386014 -0.00017603 -0.000385986 1 8.40106e-07 -0.0190861 -0.00302698
FixedParameters: 0 0 0

#Transform 16
Transform: AffineTransform_float_3_3
Parameters: 1 -5.7039e-05 0.000160986 5.6961e-05 1 0.000242009 -0.000161014 -0.000241991 1 -0.00340002 -0.0161599 0.0118121
FixedParameters: 0 0 0

#Transform 17
Transform: AffineTransform_float_3_3
Parameters: 1 -6.04399e-06 0.000103997 5.95601e-06 1 0.000423001 -0.000104003 -0.000422999 1 -0.0040052 -0.023425 0.0117844
FixedParameters: 0 0 0

#Transform 18
Transform: AffineTransform_float_3_3
Parameters: 1 8.29828e-05 0.000158009 -8.30172e-05 1 0.000108987 -0.000157991 -0.000109013 1 -0.00692412 -0.0232868 0.00148282
FixedParameters: 0 0 0

#Transform 19
Transform: AffineTransform_float_3_3
Parameters: 1 7.69897e-05 9.00088e-05 -7.70103e-05 1 0.000113993 -8.99912e-05 -0.000114007 1 -0.00587141 -0.00116689 0.00193298
FixedParameters: 0 0 0

#Transform 20
Transform: AffineTransform_float_3_3
Parameters: 1 8.50158e-05 0.000212994 -8.49842e-05 1 -7.40181e-05 -0.000213006 7.39819e-05 1 -0.00258127 -0.00365516 -0.00364031
FixedParameters: 0 0 0

#Transform 21
Transform: AffineTransform_float_3_3
Parameters: 1 7.39414e-05 0.000242018 -7.40586e-05 1 0.000241982 -0.000241982 -0.000242018 1 -0.00257967 -0.034181 0.0184424
FixedParameters: 0 0 0

#Transform 22
Transform: AffineTransform_float_3_3
Parameters: 1 8.09684e-05 0.000196013 -8.10316e-05 1 0.000160984 -0.000195987 -0.000161016 1 -0.00238684 -0.0268359 0.0243424
FixedParameters: 0 0 0

#Transform 23
Transform: AffineTransform_float_3_3
Parameters: 1 -2.00056e-05 -8.79987e-05 1.99944e-05 1 -6.40018e-05 8.80013e-05 6.39982e-05 1 0.000913854 -0.0591834 0.0513171
FixedParameters: 0 0 0

#Transform 24
Transform: AffineTransform_float_3_3
Parameters: 1 -8.00103e-06 -4.69998e-05 7.99897e-06 1 -2.20004e-05 4.70002e-05 2.19996e-05 1 0.000450465 -0.0161098 0.044412
FixedParameters: 0 0 0

#Transform 25
Transform: AffineTransform_float_3_3
Parameters: 1 -0.000114982 0.000228009 0.000115018 1 -7.79738e-05 -0.000227991 7.70262e-05 1 0.000310226 -0.0267497 0.0443116
FixedParameters: 0 0 0

#Transform 26
Transform: AffineTransform_float_3_3
Parameters: 1 -4.19526e-05 0.000238008 4.20474e-05 1 -0.00019899 -0.000237992 0.00019901 1 0.00141116 -0.0159143 0.0246105
FixedParameters: 0 0 0

#Transform 27
Transform: AffineTransform_float_3_3
Parameters: 1 -0.000141992 0.000218005 0.000142008 1 -3.6969e-05 -0.000217995 3.7031e-05 1 0.000765014 -0.0287681 0.0165339
FixedParameters: 0 0 0

#Transform 28
Transform: AffineTransform_float_3_3
Parameters: 1 -0.000189926 0.000436032 0.000190074 1 -0.000168917 -0.000435968 0.000169083 1 8.32545e-05 -0.012737 -0.00213852
FixedParameters: 0 0 0

#Transform 29
Transform: AffineTransform_float_3_3
Parameters: 1 -1.97639e-06 0.000183 2.02361e-06 1 -0.000129 -0.000183 0.000129 1 -0.00110779 -0.0129154 -0.00169488
FixedParameters: 0 0 0

#Transform 30
Transform: AffineTransform_float_3_3
Parameters: 1 -1.7384e-06 0.000436001 2.2616e-06 1 -0.000599999 -0.000435999 0.000600001 0.999999 -0.00266975 -0.0100309 0.00511589
FixedParameters: 0 0 0

#Transform 31
Transform: AffineTransform_float_3_3
Parameters: 1 -1.82386e-06 0.000436001 2.17614e-06 1 -0.000403999 -0.000435999 0.000404001 1 -0.00265633 0.000723847 0.0130094
FixedParameters: 0 0 0

#Transform 32
Transform: AffineTransform_float_3_3
Parameters: 1 -1.87241e-06 0.000191001 2.12759e-06 1 -0.000667999 -0.000190999 0.000668 1 -0.0011164 -0.00737324 0.0066928
FixedParameters: 0 0 0

#Transform 33
Transform: AffineTransform_float_3_3
Parameters: 1 -0.000192942 0.000288039 0.000193058 1 -0.000201944 -0.000287961 0.000202056 1 0.00105576 -0.0215466 0.025976
FixedParameters: 0 0 0

#Transform 34
Transform: AffineTransform_float_3_3
Parameters: 1 -1.8965e-06 0.000207001 2.1035e-06 1 -0.000499999 -0.000206999 0.0005 1 -0.00125417 -0.0106298 0.0283392
FixedParameters: 0 0 0

#Transform 35
Transform: AffineTransform_float_3_3
Parameters: 1 -1.76238e-06 0.000436001 2.23762e-06 1 -0.000544999 -0.000435999 0.000545001 1 -0.00265792 -0.0128221 0.00929331
FixedParameters: 0 0 0

#Transform 36
Transform: AffineTransform_float_3_3
Parameters: 1 -1.64945e-06 0.000436001 2.35054e-06 0.999999 -0.000803998 -0.000435998 0.000804 0.999999 -0.00265644 -0.00876083 0.0127002
FixedParameters: 0 0 0

#Transform 37
Transform: AffineTransform_float_3_3
Parameters: 1 -1.87279e-06 0.000222001 2.12721e-06 1 -0.000572999 -0.000221999 0.000573 1 -0.00128996 -0.010181 0.0193795
FixedParameters: 0 0 0

#Transform 38
Transform: AffineTransform_float_3_3
Parameters: 1 5.83352e-05 0.000435955 -5.76647e-05 0.999999 -0.000769025 -0.000436044 0.000768974 0.999999 -0.00654848 -0.00894656 0.0285973
FixedParameters: 0 0 0

#Transform 39
Transform: AffineTransform_float_3_3
Parameters: 1 -1.79381e-06 0.000261001 2.20619e-06 0.999999 -0.000789999 -0.000260998 0.00079 0.999999 -0.00156494 -0.00881707 0.00807814
FixedParameters: 0 0 0

#Transform 40
Transform: AffineTransform_float_3_3
Parameters: 1 -1.83667e-06 0.000256001 2.16333e-06 1 -0.000637999 -0.000255999 0.000638 1 0.00103165 -0.00128609 0.0311504
FixedParameters: 0 0 0

#Transform 41
Transform: AffineTransform_float_3_3
Parameters: 1 -1.86589e-06 0.000217001 2.13411e-06 1 -0.000617999 -0.000216999 0.000618 1 -0.00129616 -0.00986631 0.029334
FixedParameters: 0 0 0

#Transform 42
Transform: AffineTransform_float_3_3
Parameters: 1 -0.000135845 0.000257082 0.000136154 1 -0.000600965 -0.000256918 0.000601035 1 0.000414748 -0.0100563 0.0259876
FixedParameters: 0 0 0

#Transform 43
Transform: AffineTransform_float_3_3
Parameters: 1 -0.000273795 0.000222253 0.000273205 0.999999 -0.000922938 -0.000221748 0.00092306 0.999999 0.00256381 0.0140077 0.0106268
FixedParameters: 0 0 0

#Transform 44
Transform: AffineTransform_float_3_3
Parameters: 1 -1.74104e-06 0.000240002 2.25896e-06 1 -0.001079 -0.000239998 0.001079 1 -0.00140592 -0.00692522 0.0292341
FixedParameters: 0 0 0

#Transform 45
Transform: AffineTransform_float_3_3
Parameters: 1 -1.52999e-06 0.000436002 2.47001e-06 1 -0.001078 -0.000435998 0.001078 1 -0.0026372 -0.00693543 0.0293144
FixedParameters: 0 0 0

#Transform 46
Transform: AffineTransform_float_3_3
Parameters: 1 -1.50645e-06 0.000436002 2.49355e-06 1 -0.001132 -0.000435998 0.001132 1 -0.0026616 -0.00659439 0.0261129
FixedParameters: 0 0 0

#Transform 47
Transform: AffineTransform_float_3_3
Parameters: 1 -1.4675e-06 0.000342003 2.53249e-06 0.999999 -0.001557 -0.000341996 0.001557 0.999998 -0.0020638 -0.0039489 -0.00510221
FixedParameters: 0 0 0

#Transform 48
Transform: AffineTransform_float_3_3
Parameters: 1 5.13307e-05 0.000276939 -5.06692e-05 1 -0.00119401 -0.000277061 0.00119399 0.999999 -0.000138201 -0.0218165 0.0293555
FixedParameters: 0 0 0

#Transform 49
Transform: AffineTransform_float_3_3
Parameters: 1 -1.72154e-06 0.000180003 2.27846e-06 0.999999 -0.001547 -0.000179997 0.001547 0.999999 -0.0010144 -0.0109252 0.0257899
FixedParameters: 0 0 0

#Transform 50
Transform: AffineTransform_float_3_3
Parameters: 1 -1.62228e-06 0.000266003 2.37772e-06 0.999999 -0.00142 -0.000265997 0.00142 0.999999 0.000728308 -0.00485441 0.0417408
FixedParameters: 0 0 0

#Transform 51
Transform: AffineTransform_float_3_3
Parameters: 1 7.62254e-05 0.000242929 -7.57744e-05 0.999999 -0.000928018 -0.00024307 0.000927981 0.999999 -0.000100242 -0.0222498 0.0444908
FixedParameters: 0 0 0

#Transform 52
Transform: AffineTransform_float_3_3
Parameters: 1 0.000101088 7.48814e-05 -0.000100912 1 -0.00117401 -7.51185e-05 0.00117399 1 0.00104448 -0.00632478 -0.0031358
FixedParameters: 0 0 0

#Transform 53
Transform: AffineTransform_float_3_3
Parameters: 1 0.000101132 0.000102871 -0.000100868 0.999999 -0.00128101 -0.000103129 0.00128099 0.999999 -0.00217095 -0.00570942 0.0235269
FixedParameters: 0 0 0

#Transform 54
Transform: AffineTransform_float_3_3
Parameters: 1 -1.88894e-06 8.80025e-05 2.11105e-06 0.999999 -0.001262 -8.79974e-05 0.001262 0.999999 -0.000454183 0.010314 0.0257277
FixedParameters: 0 0 0

#Transform 55
Transform: AffineTransform_float_3_3
Parameters: 1 -1.95423e-06 3.30027e-05 2.04577e-06 0.999999 -0.001387 -3.29972e-05 0.001387 0.999999 -0.000113382 0.00597689 0.0274611
FixedParameters: 0 0 0

#Transform 56
Transform: AffineTransform_float_3_3
Parameters: 1 -1.44698e-06 0.000378002 2.55301e-06 0.999999 -0.001463 -0.000377997 0.001463 0.999999 -0.00226638 0.010473 0.018645
FixedParameters: 0 0 0

#Transform 57
Transform: AffineTransform_float_3_3
Parameters: 1 -2.18295e-06 -0.000120997 2.81704e-06 0.999999 -0.001512 0.000121004 0.001512 0.999999 0.000834468 0.0100329 0.0252695
FixedParameters: 0 0 0

#Transform 58
Transform: AffineTransform_float_3_3
Parameters: 1 -1.768e-06 0.000149003 2.23199e-06 0.999999 -0.001557 -0.000148997 0.001557 0.999999 -0.000853726 -0.00391384 0.0250478
FixedParameters: 0 0 0

#Transform 59
Transform: AffineTransform_float_3_3
Parameters: 1 8.72393e-05 0.000156867 -8.77605e-05 0.999999 -0.00152501 -0.000157134 0.00152499 0.999999 0.00262549 -0.0156704 0.0149803
FixedParameters: 0 0 0

#Transform 60
Transform: AffineTransform_float_3_3
Parameters: 1 8.42668e-05 0.000164864 -8.37345e-05 0.999998 -0.00161801 -0.000164136 0.00161799 0.999998 0.0020674 -0.014403 0.0295276
FixedParameters: 0 0 0

#Transform 61
Transform: AffineTransform_float_3_3
Parameters: 1 -1.8365e-06 0.000107003 2.16349e-06 0.999999 -0.001528 -0.000106997 0.001528 0.999999 -0.000576594 -0.0192627 0.0337328
FixedParameters: 0 0 0

#Transform 62
Transform: AffineTransform_float_3_3
Parameters: 1 -1.70476e-06 0.000236002 2.29523e-06 0.999999 -0.001251 -0.000235997 0.001251 0.999999 -0.00140268 -0.00144265 0.0155584
FixedParameters: 0 0 0

#Transform 63
Transform: AffineTransform_float_3_3
Parameters: 1 0.000150103 6.27546e-05 -0.000149897 0.999998 -0.00163501 -6.32451e-05 0.00163499 0.999998 0.00125338 -0.0105655 0.0379057
FixedParameters: 0 0 0

#Transform 64
Transform: AffineTransform_float_3_3
Parameters: 1 -1.86568e-06 9.10028e-05 2.13431e-06 0.999999 -0.001476 -9.09969e-05 0.001476 0.999999 0.00255135 -0.00446045 0.0573242
FixedParameters: 0 0 0

#Transform 65
Transform: AffineTransform_float_3_3
Parameters: 1 -1.90354e-06 6.50029e-05 2.09646e-06 0.999999 -0.001484 -6.4997e-05 0.001484 0.999999 -0.000298612 0.012655 0.0527965
FixedParameters: 0 0 0

#Transform 66
Transform: AffineTransform_float_3_3
Parameters: 1 -2.14385e-06 -0.000136998 2.85615e-06 1 -0.00105 0.000137003 0.00105 1 0.00095423 0.00769219 0.0414023
FixedParameters: 0 0 0

#Transform 67
Transform: AffineTransform_float_3_3
Parameters: 1 0.000301204 0.000126516 -0.000300795 0.999998 -0.00160804 -0.000127484 0.00160796 0.999998 -0.00525608 0.019335 0.046478
FixedParameters: 0 0 0

#Transform 68
Transform: AffineTransform_float_3_3
Parameters: 1 0.000176274 0.000207768 -0.000176727 0.999999 -0.00131704 -0.000207233 0.00131796 0.999999 -0.00399114 0.010386 0.0573683
FixedParameters: 0 0 0

#Transform 69
Transform: AffineTransform_float_3_3
Parameters: 1 3.22587e-05 0.000157947 -3.17411e-05 0.999998 -0.001638 -0.000158052 0.00163799 0.999998 -0.00153897 0.0087867 0.0442494
FixedParameters: 0 0 0

#Transform 70
Transform: AffineTransform_float_3_3
Parameters: 1 0.000150482 0.000281743 -0.000150517 0.999998 -0.00171004 -0.000282258 0.00170996 0.999999 -0.0040716 0.00455753 0.0375557
FixedParameters: 0 0 0

#Transform 71
Transform: AffineTransform_float_3_3
Parameters: 1 0.000150292 0.000180758 -0.000150708 0.999998 -0.00161303 -0.000181243 0.00161297 0.999998 -0.00341051 -0.00355483 0.0217556
FixedParameters: 0 0 0

#Transform 72
Transform: AffineTransform_float_3_3
Parameters: 1 0.000150214 0.000116725 -0.000150785 0.999999 -0.00183302 -0.000117277 0.00183298 0.999999 -0.00303968 -0.0020703 0.0432632
FixedParameters: 0 0 0

#Transform 73
Transform: AffineTransform_float_3_3
Parameters: 1 0.000236321 0.000186594 -0.000235678 0.999998 -0.00172104 -0.000187406 0.00172096 0.999999 -0.00193891 -0.00295018 0.042865
FixedParameters: 0 0 0

#Transform 74
Transform: AffineTransform_float_3_3
Parameters: 1 9.71767e-05 0.000132871 -9.68245e-05 0.999999 -0.00132901 -0.000132129 0.00132899 0.999999 -0.00221988 -0.00534118 0.0349765
FixedParameters: 0 0 0

#Transform 75
Transform: AffineTransform_float_3_3
Parameters: 1 0.000150112 5.16766e-05 -0.000149888 0.999997 -0.00215501 -5.23231e-05 0.00215499 0.999997 -0.0026026 -0.000191888 0.0427677
FixedParameters: 0 0 0

#Transform 76
Transform: AffineTransform_float_3_3
Parameters: 1 0.000150351 0.000189723 -0.000150649 0.999999 -0.00184703 -0.000190279 0.00184697 0.999999 -0.00348556 0.00320093 0.0537238
FixedParameters: 0 0 0

#Transform 77
Transform: AffineTransform_float_3_3
Parameters: 1 0.000150387 0.000179677 -0.000150612 0.999997 -0.00215203 -0.000180324 0.00215197 0.999997 -0.00341586 0.0152513 0.0423356
FixedParameters: 0 0 0

#Transform 78
Transform: AffineTransform_float_3_3
Parameters: 1 0.000150258 0.000150743 -0.000150742 0.999998 -0.00170902 -0.000151258 0.00170898 0.999998 -0.00322599 0.00667285 0.0296227
FixedParameters: 0 0 0

#Transform 79
Transform: AffineTransform_float_3_3
Parameters: 1 0.000210267 0.000168667 -0.000209732 0.999998 -0.00158303 -0.000169332 0.00158296 0.999998 -0.00417959 0.0185466 0.0537705
FixedParameters: 0 0 0

#Transform 80
Transform: AffineTransform_float_3_3
Parameters: 1 0.000239049 2.14584e-05 -0.000238952 0.999998 -0.00226601 -2.15415e-05 0.002266 0.999998 -0.00368666 0.000567288 0.0635609
FixedParameters: 0 0 0

#Transform 81
Transform: AffineTransform_float_3_3
Parameters: 1 0.000150088 3.46198e-05 -0.000149913 0.999997 -0.002534 -3.438e-05 0.00253399 0.999997 -0.00250346 0.0146021 0.0464021
FixedParameters: 0 0 0

#Transform 82
Transform: AffineTransform_float_3_3
Parameters: 1 -3.11918e-06 -4.69922e-05 2.8808e-06 0.999997 -0.002536 4.70074e-05 0.002536 0.999997 0.000246103 0.00211036 0.048462
FixedParameters: 0 0 0

#Transform 83
Transform: AffineTransform_float_3_3
Parameters: 1 0.000202137 5.24764e-05 -0.000201865 0.999996 -0.00259101 -5.25232e-05 0.00259099 0.999996 0.0013302 0.00245295 0.0495122
FixedParameters: 0 0 0

#Transform 84
Transform: AffineTransform_float_3_3
Parameters: 1 0.000150291 0.000143696 -0.000150708 0.999998 -0.00202602 -0.000144306 0.00202598 0.999998 0.00378632 -0.00929278 0.0357058
FixedParameters: 0 0 0

#Transform 85
Transform: AffineTransform_float_3_3
Parameters: 1 0.000149739 -0.000101387 -0.000150263 0.999996 -0.00257998 0.000101613 0.00258001 0.999996 -0.00159431 -0.00771778 0.0597121
FixedParameters: 0 0 0

#Transform 86
Transform: AffineTransform_float_3_3
Parameters: 1 0.000150619 0.000257639 -0.00015038 0.999997 -0.00240204 -0.000258362 0.00240196 0.999997 -0.0038886 0.00131819 0.0718012
FixedParameters: 0 0 0

#Transform 87
Transform: AffineTransform_float_3_3
Parameters: 1 3.52013e-05 9.89286e-05 -3.47986e-05 0.999998 -0.002034 -9.9071e-05 0.002034 0.999998 -0.00115831 0.0261351 0.0777329
FixedParameters: 0 0 0

#Transform 88
Transform: AffineTransform_float_3_3
Parameters: 1 0.000151107 0.000435617 -0.000149892 0.999997 -0.00254106 -0.000436382 0.00254093 0.999996 -0.00501011 0.0200473 0.0701407
FixedParameters: 0 0 0

#Transform 89
Transform: AffineTransform_float_3_3
Parameters: 1 0.000150687 0.000263608 -0.000150315 0.999997 -0.00260404 -0.000263392 0.00260396 0.999996 -0.00388637 0.0189884 0.0681653
FixedParameters: 0 0 0

#Transform 90
Transform: AffineTransform_float_3_3
Parameters: 1 -0.000109522 0.000251209 0.000109477 0.999998 -0.00190297 -0.000250792 0.00190303 0.999998 0.00491898 0.00742749 0.0724802
FixedParameters: 0 0 0

#Transform 91
Transform: AffineTransform_float_3_3
Parameters: 1 5.15495e-05 0.00023388 -5.14525e-05 0.999997 -0.00234901 -0.000233122 0.00234899 0.999997 0.00524321 0.00452026 0.0761917
FixedParameters: 0 0 0

#Transform 92
Transform: AffineTransform_float_3_3
Parameters: 1 0.000150619 0.00028167 -0.000150381 0.999997 -0.00219504 -0.000282331 0.00219496 0.999997 0.00225594 -0.00203336 0.0784553
FixedParameters: 0 0 0

#Transform 93
Transform: AffineTransform_float_3_3
Parameters: 1 -5.66021e-05 0.000231098 5.73977e-05 0.999998 -0.00172199 -0.000230901 0.00172201 0.999998 0.00255764 -0.00982917 0.0748953
FixedParameters: 0 0 0

#Transform 94
Transform: AffineTransform_float_3_3
Parameters: 1 -0.000139724 0.000192201 0.000140275 0.999999 -0.00143497 -0.000191799 0.00143503 0.999999 0.00505721 0.0273191 0.0858039
FixedParameters: 0 0 0

#Transform 95
Transform: AffineTransform_float_3_3
Parameters: 1 -1.57202e-05 0.000174025 1.52798e-05 0.999998 -0.001608 -0.000173976 0.001608 0.999998 0.00576581 0.00883113 0.0794373
FixedParameters: 0 0 0

#Transform 96
Transform: AffineTransform_float_3_3
Parameters: 1 0.00015035 0.000193729 -0.000150649 0.999999 -0.00180603 -0.000194272 0.00180597 0.999999 0.00272664 0.0215552 0.0785893
FixedParameters: 0 0 0

#Transform 97
Transform: AffineTransform_float_3_3
Parameters: 1 0.000150424 0.000261757 -0.000150576 0.999998 -0.00161804 -0.000262244 0.00161796 0.999998 0.00382566 0.00727197 0.0667203
FixedParameters: 0 0 0

#Transform 98
Transform: AffineTransform_float_3_3
Parameters: 1 0.000150282 0.00013669 -0.000150717 0.999998 -0.00206402 -0.000137311 0.00206398 0.999998 -0.00314267 0.011185 0.0732984
FixedParameters: 0 0 0

#Transform 99
Transform: AffineTransform_float_3_3
Parameters: 1 -1.945e-05 0.000263041 1.95499e-05 0.999998 -0.00209099 -0.00026296 0.002091 0.999998 -0.00143194 0.0101782 0.0764167
FixedParameters: 0 0 0

#Transform 100
Transform: AffineTransform_float_3_3
Parameters: 1 0.000150396 0.000254767 -0.000150605 0.999999 -0.00155404 -0.000254234 0.00155396 0.999999 0.000317631 0.0186965 0.0929592
FixedParameters: 0 0 0

#Transform 101
Transform: AffineTransform_float_3_3
Parameters: 1 -7.47671e-05 0.000148118 7.42343e-05 0.999999 -0.00157299 -0.000148883 0.00157301 0.999999 0.00657123 0.0281477 0.0927882
FixedParameters: 0 0 0

#Transform 102
Transform: AffineTransform_float_3_3
Parameters: 1 -2.89277e-05 3.90537e-05 2.90741e-05 0.999999 -0.001853 -3.99462e-05 0.001853 0.999999 0.00750822 0.0299119 0.0887004
FixedParameters: 0 0 0

#Transform 103
Transform: AffineTransform_float_3_3
Parameters: 1 -0.000204007 -6.29774e-05 0.000203993 1 -0.000111013 6.30226e-05 0.000110987 1 0.00923096 0.0189099 0.114262
FixedParameters: 0 0 0

#Transform 104
Transform: AffineTransform_float_3_3
Parameters: 1 -0.000433025 4.67683e-05 0.000432975 1 0.00053502 -4.62316e-05 -0.00053498 1 0.00605091 0.0147253 0.121414
FixedParameters: 0 0 0

#Transform 105
Transform: AffineTransform_float_3_3
Parameters: 1 -0.000491996 -3.3064e-05 0.000492004 1 0.000129984 3.2936e-05 -0.000130016 1 0.00738301 0.0118236 0.128195
FixedParameters: 0 0 0

#Transform 106
Transform: AffineTransform_float_3_3
Parameters: 1 -0.000510011 6.79128e-05 0.000509988 1 0.000171035 -6.80872e-05 -0.000170965 1 0.00707821 0.0171404 0.137202
FixedParameters: 0 0 0

#Transform 107
Transform: AffineTransform_float_3_3
Parameters: 1 -0.000425002 1.19209e-05 0.000424998 1 0.000186005 -1.2079e-05 -0.000185995 1 0.00625859 0.0076852 0.129107
FixedParameters: 0 0 0

#Transform 108
Transform: AffineTransform_float_3_3
Parameters: 1 -0.000419 7.00209e-06 0.000419 1 -4.99707e-06 -6.9979e-06 5.00293e-06 1 0.0144892 0.0208877 0.103843
FixedParameters: 0 0 0

#Transform 109
Transform: AffineTransform_float_3_3
Parameters: 1 -0.000450964 8.01993e-05 0.000451035 1 -0.000441964 -7.98006e-05 0.000442036 1 0.0125126 0.0436027 0.125902
FixedParameters: 0 0 0

#Transform 110
Transform: AffineTransform_float_3_3
Parameters: 1 -0.000591992 5.50876e-05 0.000592008 1 -0.000147967 -5.49124e-05 0.000148033 1 0.0183039 0.0190399 0.117278
FixedParameters: 0 0 0

#Transform 111
Transform: AffineTransform_float_3_3
Parameters: 1 -0.000621959 9.32693e-05 0.00062204 0.999999 -0.000432942 -9.37306e-05 0.000433058 1 0.0148162 0.020824 0.116445
FixedParameters: 0 0 0

#Transform 112
Transform: AffineTransform_float_3_3
Parameters: 1 -0.000478964 7.02438e-05 0.000479036 1 -0.000508966 -7.07562e-05 0.000509034 1 0.0109273 0.0213297 0.116939
FixedParameters: 0 0 0

#Transform 113
Transform: AffineTransform_float_3_3
Parameters: 1 -0.000416983 4.41643e-05 0.000417017 1 -0.000393982 -4.38357e-05 0.000394018 1 0.0148476 0.0181318 0.113928
FixedParameters: 0 0 0

#Transform 114
Transform: AffineTransform_float_3_3
Parameters: 1 -0.000357943 8.92291e-05 0.000358057 0.999999 -0.000639968 -8.87708e-05 0.000640032 1 0.0142861 0.0158917 0.112355
FixedParameters: 0 0 0

#Transform 115
Transform: AffineTransform_float_3_3
Parameters: 1 -0.000613916 7.66723e-05 0.000614084 0.999999 -0.00109495 -7.63276e-05 0.00109505 1 0.0185798 0.0569498 0.123443
FixedParameters: 0 0 0

#Transform 116
Transform: AffineTransform_float_3_3
Parameters: 0.999999 -0.000621291 -0.000708871 0.000619709 0.999998 -0.00181944 0.000710129 0.00181956 0.999998 0.0373509 0.0836499 0.160433
FixedParameters: 0 0 0

#Transform 117
Transform: AffineTransform_float_3_3
Parameters: 1 -0.000555753 -0.000381906 0.000555247 0.999998 -0.00196921 0.000383094 0.00196879 0.999998 0.0360723 -0.0703289 0.178879
FixedParameters: 0 0 0

#Transform 118
Transform: AffineTransform_float_3_3
Parameters: 1 -0.000250311 0.000275627 0.000250687 0.999997 -0.00250193 -0.000274374 0.00250107 0.999997 0.0182095 -0.0456917 0.113189
FixedParameters: 0 0 0

#Transform 119
Transform: AffineTransform_float_3_3
Parameters: 1 -0.000250489 0.000173739 0.000250511 0.999995 -0.00294595 -0.000173263 0.00294604 0.999995 0.0178847 0.0339795 0.0937689
FixedParameters: 0 0 0

#Transform 120
Transform: AffineTransform_float_3_3
Parameters: 1 -0.000250387 0.000318483 0.000250612 0.999998 -0.00192592 -0.000317518 0.00192608 0.999998 0.0170811 0.0234809 0.117865
FixedParameters: 0 0 0

#Transform 121
Transform: AffineTransform_float_3_3
Parameters: 1 -0.000509738 0.000119127 0.000509262 0.999998 -0.00220994 -0.000117875 0.00221006 0.999998 0.0235511 0.0482584 0.088629
FixedParameters: 0 0 0

#Transform 122
Transform: AffineTransform_float_3_3
Parameters: 1 -0.000250047 0.000363657 0.000250951 0.999996 -0.00262191 -0.000362343 0.00262209 0.999997 0.0168572 0.0560561 0.0919933
FixedParameters: 0 0 0

#Transform 123
Transform: AffineTransform_float_3_3
Parameters: 1 -0.000250254 0.000290644 0.000250744 0.999996 -0.00256993 -0.000289356 0.00257007 0.999996 0.0176679 0.0504014 0.0927561
FixedParameters: 0 0 0

#Transform 124
Transform: AffineTransform_float_3_3
Parameters: 1 -0.000249619 0.000448771 0.00025038 0.999995 -0.00308189 -0.000447231 0.00308111 0.999995 0.0183909 0.053773 0.0761556
FixedParameters: 0 0 0

#Transform 125
Transform: AffineTransform_float_3_3
Parameters: 1 -0.000249753 0.000417748 0.000250248 0.999996 -0.0029879 -0.000417254 0.00298811 0.999996 0.0189131 0.0183084 0.0884657
FixedParameters: 0 0 0

#Transform 126
Transform: AffineTransform_float_3_3
Parameters: 1 -0.000378673 0.000481048 0.000379327 0.999996 -0.00276182 -0.000479954 0.00276218 0.999996 0.0233789 0.00214819 0.116847
FixedParameters: 0 0 0

#Transform 127
Transform: AffineTransform_float_3_3
Parameters: 1 -0.000170822 0.000556363 0.000172177 0.999997 -0.00211791 -0.000555637 0.0021181 0.999998 0.0193312 -0.0232622 0.0786548
FixedParameters: 0 0 0

#Transform 128
Transform: AffineTransform_float_3_3
Parameters: 1 -0.000250151 0.000461461 0.00025085 0.999999 -0.00183989 -0.000461539 0.00184012 0.999998 0.0183095 -0.0152676 0.09618
FixedParameters: 0 0 0

#Transform 129
Transform: AffineTransform_float_3_3
Parameters: 1 -0.000317581 0.000563802 0.00031942 0.999997 -0.00251982 -0.000563197 0.00251918 0.999996 0.0201587 0.000560893 0.0973803
FixedParameters: 0 0 0

#Transform 130
Transform: AffineTransform_float_3_3
Parameters: 1 -0.000249347 0.000580712 0.000250654 0.999996 -0.00284785 -0.000580288 0.00284814 0.999996 0.0172082 0.0139602 0.0983588
FixedParameters: 0 0 0

#Transform 131
Transform: AffineTransform_float_3_3
Parameters: 1 -0.000249645 0.0005656 0.000250356 0.999997 -0.00239686 -0.000565401 0.00239714 0.999997 0.0129066 0.0352357 0.0982916
FixedParameters: 0 0 0

#Transform 132
Transform: AffineTransform_float_3_3
Parameters: 1 -0.00024963 0.000564607 0.00025037 0.999997 -0.00242686 -0.000564394 0.00242714 0.999997 0.0151312 0.0456424 0.072049
FixedParameters: 0 0 0

#Transform 133
Transform: AffineTransform_float_3_3
Parameters: 1 -0.000250032 0.000381636 0.000250969 0.999996 -0.0025379 -0.000381364 0.00253809 0.999996 0.0144963 0.0293325 0.0747204
FixedParameters: 0 0 0

#Transform 134
Transform: AffineTransform_float_3_3
Parameters: 0.999999 -0.000249257 0.000734593 0.000250744 0.999997 -0.00237382 -0.000734406 0.00237418 0.999997 0.0154968 0.0283178 0.0899862
FixedParameters: 0 0 0

#Transform 135
Transform: AffineTransform_float_3_3
Parameters: 1 -0.000249476 0.000597638 0.000250525 0.999996 -0.00255085 -0.000597362 0.00255115 0.999996 0.00761463 0.029409 0.0935698
FixedParameters: 0 0 0

#Transform 136
Transform: AffineTransform_float_3_3
Parameters: 1 -0.000249805 0.000591506 0.000251194 0.999998 -0.00202085 -0.000590493 0.00202115 0.999998 0.0155182 0.0260191 0.082375
FixedParameters: 0 0 0

#Transform 137
Transform: AffineTransform_float_3_3
Parameters: 1 -0.000249527 0.000603611 0.000250474 0.999997 -0.00244185 -0.00060339 0.00244215 0.999997 0.0183783 0.0144798 0.0955849
FixedParameters: 0 0 0

#Transform 138
Transform: AffineTransform_float_3_3
Parameters: 1 -0.000249545 0.000594612 0.000250456 0.999997 -0.00244785 -0.000594388 0.00244815 0.999997 0.0136536 0.00705488 0.0939675
FixedParameters: 0 0 0

#Transform 139
Transform: AffineTransform_float_3_3
Parameters: 0.999999 -0.000249293 0.000690618 0.000250707 0.999997 -0.00247183 -0.000690382 0.00247217 0.999996 0.0101598 0.00837118 0.109397
FixedParameters: 0 0 0

#Transform 140
Transform: AffineTransform_float_3_3
Parameters: 1 -0.000249575 0.000536665 0.000250423 0.999997 -0.00265687 -0.000535337 0.00265714 0.999997 0.0205615 0.0301377 0.0930421
FixedParameters: 0 0 0

#Transform 141
Transform: AffineTransform_float_3_3
Parameters: 1 -0.000249415 0.000613647 0.000250583 0.999996 -0.00258385 -0.000612355 0.00258415 0.999997 0.01776 0.0296169 0.0809839
FixedParameters: 0 0 0

#Transform 142
Transform: AffineTransform_float_3_3
Parameters: 1 -0.000352407 0.000557011 0.000354593 0.999996 -0.0028628 -0.000555987 0.0028632 0.999995 0.0184911 0.0106423 0.0799399
FixedParameters: 0 0 0

#Transform 143
Transform: AffineTransform_float_3_3
Parameters: 1 -0.000192242 0.000586579 0.000193759 0.999995 -0.00299789 -0.000586422 0.00299811 0.999996 0.0123031 0.0322491 0.0761626
FixedParameters: 0 0 0

#Transform 144
Transform: AffineTransform_float_3_3
Parameters: 0.999999 -0.000186869 0.000693577 0.000189129 0.999996 -0.00307287 -0.000692422 0.00307313 0.999995 0.0103302 0.0327731 0.0930916
FixedParameters: 0 0 0

#Transform 145
Transform: AffineTransform_float_3_3
Parameters: 1 -0.000249275 0.000579745 0.000250725 0.999995 -0.00297686 -0.000579256 0.00297714 0.999996 0.0105998 0.0489629 0.0937081
FixedParameters: 0 0 0

#Transform 146
Transform: AffineTransform_float_3_3
Parameters: 1 -0.000249795 0.00053956 0.000251206 0.999998 -0.00223487 -0.00053944 0.00223514 0.999998 0.0140457 -0.00383291 0.0872282
FixedParameters: 0 0 0

#Transform 147
Transform: AffineTransform_float_3_3
Parameters: 1 -0.000249397 0.000573699 0.000250604 0.999996 -0.00279586 -0.000573301 0.00279614 0.999996 0.0109291 0.0195464 0.0685576
FixedParameters: 0 0 0

#Transform 148
Transform: AffineTransform_float_3_3
Parameters: 1 -0.000249602 0.000535654 0.000250399 0.999996 -0.00261187 -0.000535348 0.00261213 0.999997 0.0125899 0.00810312 0.0684667
FixedParameters: 0 0 0

#Transform 149
Transform: AffineTransform_float_3_3
Parameters: 1 -0.000249645 0.000519653 0.000250356 0.999996 -0.00260887 -0.000519349 0.00260913 0.999997 0.0136974 0.022513 0.0777603
FixedParameters: 0 0 0

#Transform 150
Transform: AffineTransform_float_3_3
Parameters: 1 -0.000249798 0.000543554 0.000251204 0.999998 -0.00221387 -0.000543446 0.00221314 0.999998 0.0106194 0.00613679 0.100867
FixedParameters: 0 0 0

#Transform 151
Transform: AffineTransform_float_3_3
Parameters: 1 -0.000249573 0.000604591 0.000250428 0.999997 -0.00236185 -0.00060441 0.00236215 0.999997 0.0146897 0.0443271 0.0839944
FixedParameters: 0 0 0

#Transform 152
Transform: AffineTransform_float_3_3
Parameters: 0.999999 -0.000249108 0.000681694 0.000250892 0.999996 -0.00277583 -0.000681306 0.00277617 0.999996 0.0137052 0.0309045 0.067854
FixedParameters: 0 0 0

#Transform 153
Transform: AffineTransform_float_3_3
Parameters: 1 -0.000249444 0.000603645 0.000250556 0.999996 -0.00257785 -0.000603356 0.00257815 0.999997 0.0128141 0.0210399 0.0764642
FixedParameters: 0 0 0

#Transform 154
Transform: AffineTransform_float_3_3
Parameters: 1 -0.000249598 0.000585599 0.000250403 0.999997 -0.00239485 -0.000585402 0.00239515 0.999997 0.0144801 0.0224361 0.0902849
FixedParameters: 0 0 0

#Transform 155
Transform: AffineTransform_float_3_3
Parameters: 1 -0.000249527 0.000602612 0.000250474 0.999997 -0.00244585 -0.000602389 0.00244515 0.999997 0.0170703 0.0288083 0.0700149
FixedParameters: 0 0 0

#Transform 156
Transform: AffineTransform_float_3_3
Parameters: 0.999999 -0.000249543 0.000702519 0.000250456 0.999998 -0.00207482 -0.000701482 0.00207417 0.999997 0.00949415 0.0156144 0.0790348
FixedParameters: 0 0 0

#Transform 157
Transform: AffineTransform_float_3_3
Parameters: 0.999999 -0.000368565 0.000674786 0.000369435 0.999997 -0.00212775 -0.000674216 0.00212725 0.999998 0.0153011 7.72601e-05 0.0850178
FixedParameters: 0 0 0

#Transform 158
Transform: AffineTransform_float_3_3
Parameters: 1 -0.000249291 0.000653654 0.00025071 0.999997 -0.00261584 -0.000653346 0.00261617 0.999997 0.0132833 0.00911358 0.0838473
FixedParameters: 0 0 0

#Transform 159
Transform: AffineTransform_float_3_3
Parameters: 1 -0.000249498 0.000603623 0.000250502 0.999997 -0.00248885 -0.000603378 0.00248915 0.999996 0.0103777 0.0226282 0.0831607
FixedParameters: 0 0 0

#Transform 160
Transform: AffineTransform_float_3_3
Parameters: 1 -0.000249756 0.000457681 0.000250245 0.999997 -0.00272089 -0.000457321 0.00272112 0.999996 0.0145344 0.0490121 0.0848524
FixedParameters: 0 0 0

#Transform 161
Transform: AffineTransform_float_3_3
Parameters: 0.999999 -0.000621871 0.000527333 0.000623129 0.999997 -0.00214167 -0.000526666 0.00214233 0.999997 0.0213877 0.0606824 0.0961056
FixedParameters: 0 0 0

#Transform 162
Transform: AffineTransform_float_3_3
Parameters: 0.999999 -0.000582573 0.000572455 0.000583425 0.999996 -0.00249467 -0.000570546 0.00249533 0.999996 0.0247701 0.0179893 0.0924873
FixedParameters: 0 0 0

#Transform 163
Transform: AffineTransform_float_3_3
Parameters: 0.999999 -0.000513307 0.000553575 0.000514694 0.999995 -0.00306272 -0.000552426 0.00306329 0.999995 0.0210676 0.0215876 0.115493
FixedParameters: 0 0 0

#Transform 164
Transform: AffineTransform_float_3_3
Parameters: 1 -0.000249328 0.000567737 0.000250672 0.999995 -0.00294586 -0.000567264 0.00294614 0.999996 0.0143892 0.020886 0.100174
FixedParameters: 0 0 0

#Transform 165
Transform: AffineTransform_float_3_3
Parameters: 1 -0.000249827 0.000537547 0.000251173 0.999997 -0.00218187 -0.000537453 0.00218213 0.999998 0.027227 0.0159929 0.106047
FixedParameters: 0 0 0

#Transform 166
Transform: AffineTransform_float_3_3
Parameters: 1 -0.000249332 0.000599696 0.000250666 0.999996 -0.00278285 -0.000598305 0.00278315 0.999996 0.0167327 0.00544188 0.0972485
FixedParameters: 0 0 0

#Transform 167
Transform: AffineTransform_float_3_3
Parameters: 1 -0.000249503 0.000554676 0.000250495 0.999997 -0.00269986 -0.000553326 0.00270014 0.999996 0.015275 0.0320778 0.105618
FixedParameters: 0 0 0

#Transform 168
Transform: AffineTransform_float_3_3
Parameters: 1 -0.000249316 0.000568741 0.000250684 0.999995 -0.00296186 -0.00056826 0.00296214 0.999996 0.0159126 0.0488305 0.118674
FixedParameters: 0 0 0

#Transform 169
Transform: AffineTransform_float_3_3
Parameters: 0.999999 -0.000248784 0.000711778 0.000251217 0.999995 -0.00311482 -0.000711221 0.00311518 0.999995 0.0144716 0.0413802 0.116325
FixedParameters: 0 0 0

#Transform 170
Transform: AffineTransform_float_3_3
Parameters: 1 -0.0001925 0.00054753 0.000194499 0.999996 -0.00274089 -0.000546469 0.00274111 0.999996 0.0139597 0.0261565 0.102791
FixedParameters: 0 0 0

#Transform 171
Transform: AffineTransform_float_3_3
Parameters: 1 -0.000321603 0.000518868 0.000323397 0.999997 -0.00269383 -0.000518131 0.00269417 0.999996 0.0142114 0.0299148 0.102536
FixedParameters: 0 0 0

#Transform 172
Transform: AffineTransform_float_3_3
Parameters: 1 -0.000249496 0.000569661 0.000250505 0.999997 -0.00264086 -0.00056934 0.00264114 0.999997 0.0175246 0.0125544 0.111446
FixedParameters: 0 0 0

#Transform 173
Transform: AffineTransform_float_3_3
Parameters: 0.999999 -0.000249005 0.000686726 0.000250993 0.999995 -0.00290683 -0.000685273 0.00290617 0.999995 0.0210511 0.0173696 0.105755
FixedParameters: 0 0 0

#Transform 174
Transform: AffineTransform_float_3_3
Parameters: 1 -0.000249431 0.000573685 0.00025057 0.999996 -0.00273686 -0.000573316 0.00273714 0.999996 0.0180814 0.0197113 0.0971006
FixedParameters: 0 0 0

#Transform 175
Transform: AffineTransform_float_3_3
Parameters: 1 -0.000249544 0.000537678 0.000250457 0.999997 -0.00270987 -0.000537323 0.00270914 0.999996 0.0186555 0.0195167 0.101308
FixedParameters: 0 0 0

#Transform 176
Transform: AffineTransform_float_3_3
Parameters: 1 -0.000427916 0.000454024 0.000429084 0.999997 -0.00239081 -0.000452976 0.00239019 0.999997 0.0196063 0.0246704 0.145088
FixedParameters: 0 0 0

#Transform 177
Transform: AffineTransform_float_3_3
Parameters: 0.999999 -0.000427287 0.000587249 0.000428714 0.999995 -0.00291875 -0.000586751 0.00291925 0.999995 0.0163652 0.0395109 0.142847
FixedParameters: 0 0 0

#Transform 178
Transform: AffineTransform_float_3_3
Parameters: 1 -0.000249215 0.000661675 0.000250783 0.999997 -0.00269884 -0.000660325 0.00269917 0.999996 0.0162654 0.0580518 0.145759
FixedParameters: 0 0 0

#Transform 179
Transform: AffineTransform_float_3_3
Parameters: 1 -0.000249534 0.000560655 0.000250467 0.999996 -0.00261586 -0.000560347 0.00261614 0.999997 0.0181186 0.0251545 0.150419
FixedParameters: 0 0 0

#Transform 180
Transform: AffineTransform_float_3_3
Parameters: 0.999999 -0.000249056 0.000668727 0.000250942 0.999995 -0.00290883 -0.000667273 0.00290816 0.999995 0.0165319 0.0423312 0.141989
FixedParameters: 0 0 0

#Transform 181
Transform: AffineTransform_float_3_3
Parameters: 0.999999 -0.000438171 0.000682178 0.000439831 0.999997 -0.0026827 -0.000681822 0.0026833 0.999996 0.01869 0.0270246 0.155112
FixedParameters: 0 0 0

#Transform 182
Transform: AffineTransform_float_3_3
Parameters: 0.999999 -0.000249508 0.000665561 0.000250491 0.999998 -0.00224284 -0.00066444 0.00224317 0.999998 0.0173426 0.0327335 0.136459
FixedParameters: 0 0 0

#Transform 183
Transform: AffineTransform_float_3_3
Parameters: 0.999999 -0.000249053 0.000723673 0.000250948 0.999997 -0.00269182 -0.000723327 0.00269218 0.999996 0.0260354 0.0398659 0.129864
FixedParameters: 0 0 0

#Transform 184
Transform: AffineTransform_float_3_3
Parameters: 0.999999 -0.000387549 0.00074076 0.000389451 0.999998 -0.00195871 -0.000740238 0.00195929 0.999998 0.0180755 0.0230822 0.163733
FixedParameters: 0 0 0

#Transform 185
Transform: AffineTransform_float_3_3
Parameters: 0.999999 -0.000420471 0.000681945 0.000421529 0.999998 -0.00224371 -0.000681056 0.00224429 0.999998 0.0288469 0.0236012 0.152885
FixedParameters: 0 0 0

#Transform 186
Transform: AffineTransform_float_3_3
Parameters: 1 -0.000515922 0.00091118 0.000518078 0.999998 -0.00228153 -0.00090982 0.00228247 0.999997 0.0287248 0.0653804 0.148033
FixedParameters: 0 0 0

#Transform 187
Transform: AffineTransform_float_3_3
Parameters: 0.999999 -0.000248844 0.00074772 0.000251153 0.999996 -0.00288381 -0.000746278 0.00288418 0.999995 0.0186941 0.0354539 0.136679
FixedParameters: 0 0 0

#Transform 188
Transform: AffineTransform_float_3_3
Parameters: 1 -0.000557827 0.000851429 0.000560172 0.999996 -0.00255452 -0.000849573 0.00255448 0.999997 0.0198895 0.0387817 0.165232
FixedParameters: 0 0 0

#Transform 189
Transform: AffineTransform_float_3_3
Parameters: 0.999999 -0.000541994 0.000771413 0.000544008 0.999997 -0.00260258 -0.000770586 0.00260342 0.999997 0.0198749 0.038074 0.178622
FixedParameters: 0 0 0

#Transform 190
Transform: AffineTransform_float_3_3
Parameters: 0.999999 -0.000372826 0.000820991 0.000375174 0.999997 -0.00264969 -0.000820008 0.00265031 0.999996 0.0200519 0.0302908 0.152519
FixedParameters: 0 0 0

#Transform 191
Transform: AffineTransform_float_3_3
Parameters: 1 -0.000249131 0.00065871 0.00025087 0.999996 -0.00283883 -0.00065829 0.00283916 0.999996 0.0264361 0.0254736 0.149585
FixedParameters: 0 0 0

#Transform 192
Transform: AffineTransform_float_3_3
Parameters: 0.999999 -0.000248636 0.000771765 0.000250362 0.999996 -0.00306481 -0.000770236 0.00306519 0.999995 0.0257669 0.0396691 0.152413
FixedParameters: 0 0 0

#Transform 193
Transform: AffineTransform_float_3_3
Parameters: 0.999999 -0.000248941 0.000665773 0.00025106 0.999995 -0.00309483 -0.000665226 0.00309517 0.999995 0.026384 0.0359712 0.157777
FixedParameters: 0 0 0

#Transform 194
Transform: AffineTransform_float_3_3
Parameters: 0.999999 -0.000249145 0.000683679 0.000250853 0.999997 -0.00271383 -0.000682322 0.00271417 0.999996 0.026322 0.014401 0.165696
FixedParameters: 0 0 0

#Transform 195
Transform: AffineTransform_float_3_3
Parameters: 0.999999 -0.0002492 0.000779577 0.000250801 0.999998 -0.00230981 -0.000779422 0.0023102 0.999997 0.0257052 0.0282626 0.164485
FixedParameters: 0 0 0

#Transform 196
Transform: AffineTransform_float_3_3
Parameters: 0.999999 -0.000464074 0.000734221 0.000465928 0.999997 -0.00262566 -0.000733779 0.00262534 0.999997 0.0291676 0.0233679 0.159525
FixedParameters: 0 0 0

#Transform 197
Transform: AffineTransform_float_3_3
Parameters: 0.999999 -0.000524221 0.000851716 0.000526775 0.999994 -0.00326455 -0.000849284 0.00326545 0.999995 0.0294001 0.0537985 0.15293
FixedParameters: 0 0 0

#Transform 198
Transform: AffineTransform_float_3_3
Parameters: 0.999999 -0.000566464 0.00082774 0.000569533 0.999995 -0.00306553 -0.000825257 0.00306647 0.999995 0.0243283 0.041122 0.15469
FixedParameters: 0 0 0

#Transform 199
Transform: AffineTransform_float_3_3
Parameters: 1 -0.000685222 0.000695756 0.000687779 0.999997 -0.00255853 -0.000694243 0.00255948 0.999997 0.0288596 0.0451905 0.147365
FixedParameters: 0 0 0

#Transform 200
Transform: AffineTransform_float_3_3
Parameters: 0.999999 -0.000475321 0.0007271 0.000476678 0.999997 -0.00230965 -0.000725901 0.00231035 0.999997 0.029326 0.0291476 0.16031
FixedParameters: 0 0 0

#Transform 201
Transform: AffineTransform_float_3_3
Parameters: 0.999999 -0.000433826 0.00077522 0.000436173 0.999996 -0.00280566 -0.000773779 0.00280634 0.999996 0.0255752 0.0235962 0.150141
FixedParameters: 0 0 0

#Transform 202
Transform: AffineTransform_float_3_3
Parameters: 0.999999 -0.000406915 0.000902942 0.000409085 0.999997 -0.00230963 -0.000902057 0.00231037 0.999997 0.0273083 0.0285389 0.170201
FixedParameters: 0 0 0

#Transform 203
Transform: AffineTransform_float_3_3
Parameters: 0.999999 -0.000302975 0.000876702 0.000305025 0.999998 -0.00230973 -0.000876297 0.00231027 0.999997 0.0259594 0.0160277 0.157431
FixedParameters: 0 0 0

#Transform 204
Transform: AffineTransform_float_3_3
Parameters: 1 -0.000490675 0.000932229 0.000493326 0.999997 -0.00249654 -0.000930772 0.00249646 0.999997 0.023574 0.015506 0.154661
FixedParameters: 0 0 0

#Transform 205
Transform: AffineTransform_float_3_3
Parameters: 1 -0.000455448 0.000890312 0.000457555 0.999996 -0.00286959 -0.000889692 0.00286941 0.999996 0.0279085 0.0439031 0.155238
FixedParameters: 0 0 0

#Transform 206
Transform: AffineTransform_float_3_3
Parameters: 1 -0.000248658 0.000894655 0.000250343 0.999997 -0.00261878 -0.000894348 0.00261923 0.999996 0.0248712 0.0211628 0.166419
FixedParameters: 0 0 0

#Transform 207
Transform: AffineTransform_float_3_3
Parameters: 1 -0.00037564 0.00090898 0.000378361 0.999996 -0.00259866 -0.000908021 0.00259834 0.999996 0.026755 0.0565675 0.170925
FixedParameters: 0 0 0

#Transform 208
Transform: AffineTransform_float_3_3
Parameters: 0.999999 -0.000658656 0.00108143 0.000661344 0.999998 -0.00216929 -0.00107957 0.00216971 0.999997 0.0299061 0.0274202 0.170358
FixedParameters: 0 0 0

#Transform 209
Transform: AffineTransform_float_3_3
Parameters: 0.999999 -0.0007134 0.00099986 0.000715601 0.999997 -0.00260229 -0.000998141 0.00260372 0.999996 0.026914 0.0496614 0.160144
FixedParameters: 0 0 0

#Transform 210
Transform: AffineTransform_float_3_3
Parameters: 1 -0.000639255 0.00102172 0.000642747 0.999996 -0.00268935 -0.00102028 0.00268965 0.999996 0.0299751 0.0501632 0.142681
FixedParameters: 0 0 0

#Transform 211
Transform: AffineTransform_float_3_3
Parameters: 1 -0.000527182 0.000937591 0.00052982 0.999996 -0.00300851 -0.000936411 0.0030085 0.999995 0.0267006 0.0334782 0.126667
FixedParameters: 0 0 0

#Transform 212
Transform: AffineTransform_float_3_3
Parameters: 1 -0.0004632 0.00105723 0.000466799 0.999997 -0.00264951 -0.00105577 0.00265049 0.999996 0.023703 0.035462 0.144094
FixedParameters: 0 0 0

#Transform 213
Transform: AffineTransform_float_3_3
Parameters: 1 -0.000618295 0.000829274 0.000619705 0.999997 -0.00205749 -0.000827727 0.00205751 0.999997 0.0308144 0.00222241 0.1961
FixedParameters: 0 0 0

#Transform 214
Transform: AffineTransform_float_3_3
Parameters: 0.999999 -0.000687579 0.00114806 0.000691424 0.999996 -0.00298221 -0.00114694 0.00298279 0.999995 0.0275784 0.085099 0.126162
FixedParameters: 0 0 0

#Transform 215
Transform: AffineTransform_float_3_3
Parameters: 0.999999 -0.000724076 0.00125228 0.000728923 0.999995 -0.00313609 -0.00124972 0.00313691 0.999995 0.0298283 0.0377842 0.1158
FixedParameters: 0 0 0

#Transform 216
Transform: AffineTransform_float_3_3
Parameters: 0.999999 -0.000708767 0.0012109 0.000712234 0.999996 -0.00267214 -0.0012091 0.00267286 0.999995 0.026797 0.0417705 0.139346
FixedParameters: 0 0 0

#Transform 217
Transform: AffineTransform_float_3_3
Parameters: 0.999999 -0.000717288 0.00111176 0.000719713 0.999997 -0.0024412 -0.00111025 0.0024418 0.999997 0.0304649 0.0454996 0.121898
FixedParameters: 0 0 0

#Transform 218
Transform: AffineTransform_float_3_3
Parameters: 0.999999 -0.000595473 0.00114684 0.000599529 0.999995 -0.00307832 -0.00114516 0.00307869 0.999995 0.0285058 0.0453723 0.121817
FixedParameters: 0 0 0

#Transform 219
Transform: AffineTransform_float_3_3
Parameters: 0.999999 -0.000520062 0.00112836 0.000522937 0.999997 -0.00260441 -0.00112664 0.00260559 0.999996 0.0274603 0.0447631 0.123249
FixedParameters: 0 0 0

#Transform 220
Transform: AffineTransform_float_3_3
Parameters: 0.999999 -0.000536565 0.00115261 0.000539434 0.999996 -0.00298238 -0.0011504 0.00298262 0.999995 0.0275494 0.0636072 0.124933
FixedParameters: 0 0 0

#Transform 221
Transform: AffineTransform_float_3_3
Parameters: 0.999999 -0.000563802 0.00114858 0.0005662 0.999996 -0.00278635 -0.00114743 0.00278665 0.999996 0.0279323 0.0550723 0.141343
FixedParameters: 0 0 0

#Transform 222
Transform: AffineTransform_float_3_3
Parameters: 0.999999 -0.000671341 0.00128991 0.000674656 0.999995 -0.00283813 -0.00128709 0.00283887 0.999995 0.0286862 0.0625495 0.134141
FixedParameters: 0 0 0

#Transform 223
Transform: AffineTransform_float_3_3
Parameters: 0.999999 -0.000662664 0.00129223 0.000667334 0.999994 -0.00335714 -0.00128977 0.00335886 0.999993 0.0286069 0.0486874 0.104252
FixedParameters: 0 0 0

#Transform 224
Transform: AffineTransform_float_3_3
Parameters: 0.999999 -0.000676193 0.00125606 0.000680807 0.999995 -0.00303315 -0.00125394 0.00303385 0.999994 0.0291005 0.0150754 0.098887
FixedParameters: 0 0 0

#Transform 225
Transform: AffineTransform_float_3_3
Parameters: 0.999999 -0.000540587 0.00120154 0.000543415 0.999996 -0.00284235 -0.00120046 0.00284265 0.999995 0.0227169 0.0316503 0.108499
FixedParameters: 0 0 0

#Transform 226
Transform: AffineTransform_float_3_3
Parameters: 0.999999 -0.00062423 0.00126986 0.000627771 0.999996 -0.00297121 -0.00126814 0.0029718 0.999995 0.0281426 0.0167618 0.118605
FixedParameters: 0 0 0

#Transform 227
Transform: AffineTransform_float_3_3
Parameters: 0.999999 -0.00048357 0.00117242 0.000486432 0.999995 -0.00292743 -0.00117158 0.00292757 0.999995 0.0266344 0.032678 0.120444
FixedParameters: 0 0 0

#Transform 228
Transform: AffineTransform_float_3_3
Parameters: 0.999999 -0.000649341 0.00121097 0.00065266 0.999995 -0.00302421 -0.00120903 0.00302479 0.999994 0.0245844 0.0545019 0.109529
FixedParameters: 0 0 0

#Transform 229
Transform: AffineTransform_float_3_3
Parameters: 0.999999 -0.000555098 0.00119036 0.000557902 0.999997 -0.00243934 -0.00118864 0.00243966 0.999997 0.0238087 0.055876 0.116024
FixedParameters: 0 0 0

#Transform 230
Transform: AffineTransform_float_3_3
Parameters: 0.999999 -0.000548894 0.00124038 0.000552108 0.999996 -0.00250532 -0.00123962 0.00250568 0.999996 0.0272283 0.0486272 0.0964634
FixedParameters: 0 0 0

#Transform 231
Transform: AffineTransform_float_3_3
Parameters: 0.999999 -0.000617191 0.001182 0.000620809 0.999994 -0.00322527 -0.00118 0.00322573 0.999994 0.0285572 0.0531865 0.0865943
FixedParameters: 0 0 0

#Transform 232
Transform: AffineTransform_float_3_3
Parameters: 0.999999 -0.000649465 0.00132174 0.000653536 0.999996 -0.00267614 -0.00132025 0.00267686 0.999995 0.0282415 0.055801 0.107377
FixedParameters: 0 0 0

#Transform 233
Transform: AffineTransform_float_3_3
Parameters: 0.999999 -0.00068627 0.00120813 0.00068973 0.999995 -0.00309017 -0.00120587 0.00309083 0.999994 0.0294468 0.0439758 0.0971458
FixedParameters: 0 0 0

#Transform 234
Transform: AffineTransform_float_3_3
Parameters: 0.999999 -0.0006062 0.00129578 0.0006098 0.999995 -0.00293421 -0.00129422 0.00293479 0.999995 0.0208835 0.0395485 0.102276
FixedParameters: 0 0 0

#Transform 235
Transform: AffineTransform_float_3_3
Parameters: 0.999999 -0.000679798 0.00124575 0.000683201 0.999997 -0.00257215 -0.00124325 0.00257285 0.999996 0.0259224 0.0312058 0.0924788
FixedParameters: 0 0 0

#Transform 236
Transform: AffineTransform_float_3_3
Parameters: 0.999999 -0.000694873 0.00115389 0.000698128 0.999996 -0.0027122 -0.00115211 0.0027128 0.999995 0.0274087 0.0352508 0.124028
FixedParameters: 0 0 0

#Transform 237
Transform: AffineTransform_float_3_3
Parameters: 0.999999 -0.000449213 0.00120642 0.000453789 0.999995 -0.00314046 -0.00120558 0.00314155 0.999995 0.0259942 0.0431203 0.125307
FixedParameters: 0 0 0

#Transform 238
Transform: AffineTransform_float_3_3
Parameters: 0.999999 -0.000666625 0.00115495 0.000669373 0.999996 -0.00292423 -0.00115205 0.00292577 0.999995 0.0294875 0.0513128 0.136343
FixedParameters: 0 0 0

#Transform 239
Transform: AffineTransform_float_3_3
Parameters: 0.999999 -0.000658911 0.00126114 0.000662088 0.999995 -0.00324417 -0.00125886 0.00324583 0.999994 0.0259989 0.0445943 0.124019
FixedParameters: 0 0 0

#Transform 240
Transform: AffineTransform_float_3_3
Parameters: 0.999999 -0.000450774 0.00119422 0.000454227 0.999996 -0.00270346 -0.00119278 0.00270354 0.999995 0.0261164 0.0360211 0.0933608
FixedParameters: 0 0 0

#Transform 241
Transform: AffineTransform_float_3_3
Parameters: 0.999999 -0.000594391 0.00118331 0.00059761 0.999998 -0.0022053 -0.00118268 0.00220671 0.999997 0.0282496 0.0467583 0.118516
FixedParameters: 0 0 0

#Transform 242
Transform: AffineTransform_float_3_3
Parameters: 0.999999 -0.000726388 0.00100562 0.000729614 0.999994 -0.00359627 -0.00100338 0.00359673 0.999993 0.0312618 0.0598437 0.133783
FixedParameters: 0 0 0

#Transform 243
Transform: AffineTransform_float_3_3
Parameters: 0.999999 -0.000837431 0.000121974 0.000837569 0.999989 -0.0047439 -0.000118028 0.0047441 0.999988 0.0502424 0.144516 0.190832
FixedParameters: 0 0 0

#Transform 244
Transform: AffineTransform_float_3_3
Parameters: 1 -0.000692513 0.000117894 0.000693487 0.999991 -0.00417792 -0.000115104 0.00417808 0.999992 0.0456701 -0.00885212 0.161937
FixedParameters: 0 0 0

#Transform 245
Transform: AffineTransform_float_3_3
Parameters: 1 -0.000658463 0.000971408 0.00066254 0.999993 -0.00364636 -0.000969591 0.00364664 0.999993 0.0355624 0.0183755 0.138409
FixedParameters: 0 0 0

#Transform 246
Transform: AffineTransform_float_3_3
Parameters: 1 -0.000528522 0.00109169 0.000531478 0.999995 -0.00318742 -0.00109031 0.00318858 0.999995 0.0364417 0.00211016 0.124952
FixedParameters: 0 0 0

#Transform 247
Transform: AffineTransform_float_3_3
Parameters: 0.999999 -0.000606347 0.00118587 0.000609654 0.999995 -0.00308328 -0.00118413 0.00308372 0.999994 0.0357684 0.0363798 0.108042
FixedParameters: 0 0 0

#Transform 248
Transform: AffineTransform_float_3_3
Parameters: 1 -0.000712834 0.000839699 0.000716167 0.999992 -0.0037764 -0.000837302 0.0037766 0.999993 0.0379933 0.0404979 0.145326
FixedParameters: 0 0 0

#Transform 249
Transform: AffineTransform_float_3_3
Parameters: 1 -0.000430619 -0.000414295 0.000428383 0.99998 -0.00630118 0.000416707 0.00630082 0.99998 0.041535 0.101598 0.234551
FixedParameters: 0 0 0

#Transform 250
Transform: AffineTransform_float_3_3
Parameters: 1 0.000139471 -0.000975107 -0.000146528 0.99997 -0.00772486 0.000973897 0.00772514 0.999969 0.0342583 0.0424304 0.285648
FixedParameters: 0 0 0

#Transform 251
Transform: AffineTransform_float_3_3
Parameters: 0.999999 0.000771648 -0.0011563 -0.000781349 0.999967 -0.00810911 0.0011497 0.0081099 0.999967 0.0216245 -0.0111916 0.227231
FixedParameters: 0 0 0

#Transform 252
Transform: AffineTransform_float_3_3
Parameters: 0.999998 0.00179599 -0.00149731 -0.00180701 0.999971 -0.00738531 0.00148369 0.00738868 0.999971 -0.000491033 -0.0917181 0.275173
FixedParameters: 0 0 0

#Transform 253
Transform: AffineTransform_float_3_3
Parameters: 0.999998 0.0012363 -0.00116225 -0.0012437 0.999977 -0.00664957 0.00115375 0.00665144 0.999977 0.00732169 -0.0659216 0.327307
FixedParameters: 0 0 0

#Transform 254
Transform: AffineTransform_float_3_3
Parameters: 0.999999 0.000676136 -0.00119904 -0.000685865 0.999973 -0.00740819 0.00119395 0.00740882 0.999972 0.0223729 -0.0765221 0.319358
FixedParameters: 0 0 0

#Transform 255
Transform: AffineTransform_float_3_3
Parameters: 0.999999 0.000252567 -0.00134961 -0.00026143 0.999981 -0.00625265 0.00134739 0.00625235 0.999979 0.0293656 -0.0710555 0.353522
FixedParameters: 0 0 0

#Transform 256
Transform: AffineTransform_float_3_3
Parameters: 1 0.000314697 -0.0010569 -0.000321304 0.999982 -0.00596866 0.0010551 0.00596933 0.999981 0.0312636 -0.0678727 0.302847
FixedParameters: 0 0 0

#Transform 257
Transform: AffineTransform_float_3_3
Parameters: 1 0.000337388 -0.000559195 -0.000340611 0.999979 -0.00647181 0.000556807 0.00647219 0.999979 0.0254154 -0.0447792 0.250656
FixedParameters: 0 0 0

#Transform 258
Transform: AffineTransform_float_3_3
Parameters: 0.999999 0.000487342 -0.000665436 -0.000492661 0.999976 -0.00701668 0.000662559 0.00701733 0.999975 0.0269431 0.0340191 0.269797
FixedParameters: 0 0 0

#Transform 259
Transform: AffineTransform_float_3_3
Parameters: 0.999999 -5.15109e-05 -0.000908654 4.44866e-05 0.999975 -0.00716405 0.000909342 0.00716396 0.999974 0.0369086 0.0894795 0.30303
FixedParameters: 0 0 0

#Transform 260
Transform: AffineTransform_float_3_3
Parameters: 0.999998 0.000240793 -0.0016267 -0.000252202 0.999976 -0.0068926 0.0016243 0.0068934 0.999975 0.0478945 0.0821532 0.357056
FixedParameters: 0 0 0

#Transform 261
Transform: AffineTransform_float_3_3
Parameters: 0.999999 0.000199407 -0.00144036 -0.00020859 0.999978 -0.0066627 0.00143864 0.00666329 0.999977 0.0373347 0.00349975 0.378862
FixedParameters: 0 0 0

#Transform 262
Transform: AffineTransform_float_3_3
Parameters: 1 0.000191647 -0.0011093 -0.000199357 0.999978 -0.00663179 0.0011087 0.00663222 0.999978 0.038264 -0.0309309 0.407134
FixedParameters: 0 0 0

#Transform 263
Transform: AffineTransform_float_3_3
Parameters: 1 1.53536e-05 -0.00110611 -2.26457e-05 0.999982 -0.00600898 0.00110588 0.00600902 0.999982 0.040034 -0.0423269 0.326268
FixedParameters: 0 0 0

#Transform 264
Transform: AffineTransform_float_3_3
Parameters: 1 -0.000177678 -0.000968799 0.00017132 0.999977 -0.00688917 0.000970204 0.00688883 0.999976 0.041299 -0.0281753 0.304348
FixedParameters: 0 0 0

#Transform 265
Transform: AffineTransform_float_3_3
Parameters: 0.999999 -0.000318229 -0.00120612 0.000310771 0.999982 -0.00598938 0.00120788 0.00598862 0.999982 0.0470306 -0.104447 0.373053
FixedParameters: 0 0 0

#Transform 266
Transform: AffineTransform_float_3_3
Parameters: 0.999999 -0.000167481 -0.00146706 0.000158519 0.999984 -0.00577924 0.00146794 0.00577876 0.999982 0.0436618 -0.0206663 0.354265
FixedParameters: 0 0 0

#Transform 267
Transform: AffineTransform_float_3_3
Parameters: 0.999998 0.000474972 -0.0016656 -0.000484025 0.999985 -0.0054242 0.0016624 0.0054248 0.999984 0.0335864 -0.0265097 0.389144
FixedParameters: 0 0 0

#Transform 268
Transform: AffineTransform_float_3_3
Parameters: 0.999999 0.000741268 -0.0011952 -0.000747737 0.999984 -0.00564211 0.0011918 0.00564289 0.999984 0.0288587 -0.08438 0.367343
FixedParameters: 0 0 0

#Transform 269
Transform: AffineTransform_float_3_3
Parameters: 0.999999 0.00024124 -0.000760526 -0.000245757 0.999981 -0.00626482 0.000758475 0.00626519 0.99998 0.0224731 0.0746214 0.30978
FixedParameters: 0 0 0

#Transform 270
Transform: AffineTransform_float_3_3
Parameters: 0.999999 0.000317962 -0.00119789 -0.000325038 0.999982 -0.00587961 0.00119611 0.00588038 0.999982 0.0283741 0.0169504 0.327665
FixedParameters: 0 0 0

#Transform 271
Transform: AffineTransform_float_3_3
Parameters: 0.999999 0.000813183 -0.000429378 -0.000815814 0.999978 -0.00660165 0.000423624 0.00660135 0.999978 0.0209374 -0.0780224 0.330206
FixedParameters: 0 0 0

#Transform 272
Transform: AffineTransform_float_3_3
Parameters: 1 0.000391524 -7.16491e-05 -0.000391471 0.999977 -0.00676197 6.83544e-05 0.00676203 0.999977 0.031328 0.0612292 0.286078
FixedParameters: 0 0 0

#Transform 273
Transform: AffineTransform_float_3_3
Parameters: 1 0.000406121 -0.000237247 -0.000407878 0.999968 -0.00797691 0.000233754 0.0079761 0.999968 0.0305822 0.00803474 0.305137
FixedParameters: 0 0 0

#Transform 274
Transform: AffineTransform_float_3_3
Parameters: 1 0.000355778 0.000111547 -0.000355219 0.999976 -0.00690104 -0.000114454 0.00690096 0.999976 0.0211277 0.0197571 0.28196
FixedParameters: 0 0 0

#Transform 275
Transform: AffineTransform_float_3_3
Parameters: 1 0.000384301 4.44723e-05 -0.000383696 0.999979 -0.00658002 -4.75258e-05 0.00657999 0.999979 0.0264055 0.0131014 0.264199
FixedParameters: 0 0 0

#Transform 276
Transform: AffineTransform_float_3_3
Parameters: 1 0.000287347 0.000214205 -0.000285654 0.999981 -0.00626207 -0.000215793 0.00626194 0.999981 0.0296335 -0.00188589 0.249685
FixedParameters: 0 0 0

#Transform 277
Transform: AffineTransform_float_3_3
Parameters: 1 0.000371168 2.56763e-05 -0.00037083 0.999981 -0.00626201 -2.83227e-05 0.00626199 0.999981 0.0296669 -0.0351689 0.236559
FixedParameters: 0 0 0

#Transform 278
Transform: AffineTransform_float_3_3
Parameters: 1 0.00044244 -9.07724e-05 -0.000442561 0.999981 -0.00626196 8.82304e-05 0.00626204 0.999981 0.021333 -0.00628142 0.245942
FixedParameters: 0 0 0

#Transform 279
Transform: AffineTransform_float_3_3
Parameters: 1 0.000399021 0.000321508 -0.000396976 0.999981 -0.00626213 -0.000324492 0.00626188 0.999981 0.02041 -0.00740975 0.214198
FixedParameters: 0 0 0

#Transform 280
Transform: AffineTransform_float_3_3
Parameters: 1 0.000174152 0.000224109 -0.000173848 0.999987 -0.00513204 -0.000224895 0.00513196 0.999987 0.0255108 -0.00340891 0.183964
FixedParameters: 0 0 0

#Transform 281
Transform: AffineTransform_float_3_3
Parameters: 1 0.000361566 0.000276967 -0.000359433 0.999984 -0.0056351 -0.00027903 0.0056349 0.999984 0.0208061 0.00408968 0.174188
FixedParameters: 0 0 0

#Transform 282
Transform: AffineTransform_float_3_3
Parameters: 0.999999 0.000395043 0.00059198 -0.000391956 0.999987 -0.00513223 -0.000594019 0.00513176 0.999986 0.01668 0.0349084 0.18316
FixedParameters: 0 0 0

#Transform 283
Transform: AffineTransform_float_3_3
Parameters: 1 0.000468289 0.000231409 -0.000466713 0.999984 -0.0055411 -0.000233589 0.00554089 0.999984 0.0191888 -0.00880014 0.177468
FixedParameters: 0 0 0

#Transform 284
Transform: AffineTransform_float_3_3
Parameters: 1 0.000221163 0.000403823 -0.000218836 0.999985 -0.00534809 -0.000405176 0.00534791 0.999985 0.0154231 -0.010035 0.175552
FixedParameters: 0 0 0

#Transform 285
Transform: AffineTransform_float_3_3
Parameters: 1 0.000223189 0.000582788 -0.000219809 0.999985 -0.00546713 -0.00058421 0.00546687 0.999985 0.0124437 -0.0092229 0.17615
FixedParameters: 0 0 0

#Transform 286
Transform: AffineTransform_float_3_3
Parameters: 1 0.000304012 0.000524265 -0.00030099 0.999984 -0.00573516 -0.000525735 0.00573585 0.999984 0.0127829 -0.00747394 0.173131
FixedParameters: 0 0 0

#Transform 287
Transform: AffineTransform_float_3_3
Parameters: 1 0.000367501 0.000438918 -0.000365499 0.999984 -0.00568416 -0.000441084 0.00568384 0.999983 0.0141258 0.000646548 0.189457
FixedParameters: 0 0 0

#Transform 288
Transform: AffineTransform_float_3_3
Parameters: 1 0.000310965 0.00034926 -0.000309037 0.999984 -0.00561211 -0.00035074 0.00561189 0.999984 0.0178107 0.00819961 0.158447
FixedParameters: 0 0 0

#Transform 289
Transform: AffineTransform_float_3_3
Parameters: 1 0.000205395 0.000660954 -0.000201605 0.999987 -0.00513213 -0.000662043 0.00513186 0.999986 0.0197937 -0.0112387 0.145291
FixedParameters: 0 0 0

#Transform 290
Transform: AffineTransform_float_3_3
Parameters: 0.999999 0.000405992 0.000581924 -0.000403008 0.999986 -0.00513223 -0.000584076 0.00513176 0.999986 0.0105053 -0.011253 0.151853
FixedParameters: 0 0 0

#Transform 291
Transform: AffineTransform_float_3_3
Parameters: 1 0.000408252 0.000453984 -0.000405747 0.999987 -0.00495018 -0.000456014 0.00494981 0.999987 0.0181999 -0.0124198 0.149803
FixedParameters: 0 0 0

#Transform 292
Transform: AffineTransform_float_3_3
Parameters: 0.999999 0.000137538 0.000786389 -0.000133459 0.99999 -0.0044971 -0.000787608 0.00449689 0.999989 0.0129568 -0.0107702 0.175417
FixedParameters: 0 0 0

#Transform 293
Transform: AffineTransform_float_3_3
Parameters: 0.999999 2.31066e-05 0.00084392 -1.98931e-05 0.999993 -0.00368102 -0.000844079 0.00368098 0.999993 0.0142608 0.0120352 0.177438
FixedParameters: 0 0 0

#Transform 294
Transform: AffineTransform_float_3_3
Parameters: 1 2.39447e-05 0.000622893 -2.00548e-05 0.999989 -0.00472701 -0.000623101 0.00472698 0.999988 0.0164204 -0.0058157 0.155415
FixedParameters: 0 0 0

#Transform 295
Transform: AffineTransform_float_3_3
Parameters: 1 4.39669e-05 0.000698819 -4.10323e-05 0.999991 -0.00424503 -0.00069918 0.00424497 0.99999 0.0145725 -0.0168688 0.147127
FixedParameters: 0 0 0

#Transform 296
Transform: AffineTransform_float_3_3
Parameters: 1 2.67884e-05 0.000662893 -2.42112e-05 0.999991 -0.00420602 -0.000663108 0.00420598 0.999991 0.0154188 0.00729677 0.142227
FixedParameters: 0 0 0

#Transform 297
Transform: AffineTransform_float_3_3
Parameters: 0.999999 7.50479e-05 0.000738599 -7.09499e-05 0.999985 -0.00547905 -0.000739399 0.00547894 0.999984 0.00858798 0.0267837 0.147369
FixedParameters: 0 0 0

#Transform 298
Transform: AffineTransform_float_3_3
Parameters: 1 -4.97642e-05 0.000548303 5.22399e-05 0.999982 -0.00590297 -0.000548701 0.00590303 0.999983 0.0259124 0.0218746 0.153209
FixedParameters: 0 0 0

#Transform 299
Transform: AffineTransform_float_3_3
Parameters: 1 -4.57325e-05 0.000561276 4.82659e-05 0.999983 -0.00582297 -0.000560728 0.00582303 0.999983 0.0333396 0.037821 0.153401
FixedParameters: 0 0 0

#Transform 300
Transform: AffineTransform_float_3_3
Parameters: 1 -0.000154078 0.00056209 0.000157921 0.999975 -0.00698391 -0.000560911 0.00698409 0.999976 0.0241779 0.0592215 0.13868
FixedParameters: 0 0 0

#Transform 301
Transform: AffineTransform_float_3_3
Parameters: 1 -0.000190075 0.000637184 0.000193923 0.999981 -0.00616488 -0.000635816 0.00616512 0.999981 0.0235024 0.0424339 0.137263
FixedParameters: 0 0 0

#Transform 302
Transform: AffineTransform_float_3_3
Parameters: 1 -4.09774e-05 0.000422304 4.40205e-05 0.999975 -0.00715999 -0.000421696 0.00716002 0.999975 0.0259973 0.0312328 0.139174
FixedParameters: 0 0 0

#Transform 303
Transform: AffineTransform_float_3_3
Parameters: 1 7.57105e-06 0.000508959 -4.42866e-06 0.999976 -0.00701601 -0.000509044 0.007016 0.999976 0.0253672 0.0305474 0.121257
FixedParameters: 0 0 0

#Transform 304
Transform: AffineTransform_float_3_3
Parameters: 1 -0.000106164 0.000570727 0.000110837 0.999977 -0.00672494 -0.000570268 0.00672506 0.999977 0.0266251 0.0383508 0.121043
FixedParameters: 0 0 0

#Transform 305
Transform: AffineTransform_float_3_3
Parameters: 0.999999 -0.000117791 0.000702718 0.00012221 0.999982 -0.00599191 -0.00070228 0.00599208 0.999982 0.0263209 0.0241689 0.104502
FixedParameters: 0 0 0

#Transform 306
Transform: AffineTransform_float_3_3
Parameters: 1 0.000136838 0.00108228 -0.000131164 0.999986 -0.00539215 -0.00108272 0.00539186 0.999985 0.027322 -0.0687256 0.137228
FixedParameters: 0 0 0

#Transform 307
Transform: AffineTransform_float_3_3
Parameters: 1 -0.000101202 0.00104858 0.000106795 0.999984 -0.00553089 -0.00104743 0.00553111 0.999984 0.0230659 0.0624882 0.113382
FixedParameters: 0 0 0

#Transform 308
Transform: AffineTransform_float_3_3
Parameters: 0.999999 -0.000104077 0.000928447 0.000107925 0.999991 -0.0042259 -0.000928551 0.0042261 0.99999 0.024833 0.00797602 0.105778
FixedParameters: 0 0 0

#Transform 309
Transform: AffineTransform_float_3_3
Parameters: 0.999999 -5.91777e-05 0.000890262 6.3821e-05 0.999991 -0.00429395 -0.000889734 0.00429406 0.999991 0.019196 0.0258748 0.106385
FixedParameters: 0 0 0

#Transform 310
Transform: AffineTransform_float_3_3
Parameters: 0.999999 -4.33926e-05 0.000840194 4.66108e-05 0.999991 -0.00429396 -0.000840808 0.00429404 0.999991 0.0199211 0.0347139 0.113405
FixedParameters: 0 0 0

#Transform 311
Transform: AffineTransform_float_3_3
Parameters: 1 -8.63068e-05 -0.000174359 8.56959e-05 0.999972 -0.00748102 0.000174646 0.00748099 0.999972 0.0386488 0.0776556 0.183779
FixedParameters: 0 0 0

#Transform 312
Transform: AffineTransform_float_3_3
Parameters: 0.999999 5.08322e-05 -0.000996391 -5.81648e-05 0.999974 -0.00719494 0.000995606 0.00719505 0.999973 0.041698 0.0435635 0.251311
FixedParameters: 0 0 0

#Transform 313
Transform: AffineTransform_float_3_3
Parameters: 0.999999 0.000141856 -0.000747994 -0.000147144 0.999977 -0.00688189 0.000747005 0.00688211 0.999976 0.0387884 0.00745311 0.251256
FixedParameters: 0 0 0

#Transform 314
Transform: AffineTransform_float_3_3
Parameters: 1 0.000388006 -0.000560785 -0.000391996 0.999975 -0.00713979 0.000558215 0.00714022 0.999975 0.0244312 0.0107184 0.292624
FixedParameters: 0 0 0

#Transform 315
Transform: AffineTransform_float_3_3
Parameters: 0.999999 0.000387492 -0.000710476 -0.000392504 0.999979 -0.00635472 0.000707519 0.00635527 0.999979 0.0349813 -0.0131312 0.259926
FixedParameters: 0 0 0

#Transform 316
Transform: AffineTransform_float_3_3
Parameters: 1 0.000187753 -0.000225046 -0.000189247 0.999984 -0.00555395 0.000223952 0.00555404 0.999984 0.0238461 0.00350315 0.224163
FixedParameters: 0 0 0

#Transform 317
Transform: AffineTransform_float_3_3
Parameters: 1 0.000225659 -0.000251211 -0.000226345 0.999985 -0.00535094 0.000250792 0.00535105 0.999985 0.0269424 -0.0115368 0.219022
FixedParameters: 0 0 0

#Transform 318
Transform: AffineTransform_float_3_3
Parameters: 1 2.56424e-06 0.000104988 -2.43569e-06 0.999985 -0.005374 -0.000105015 0.005374 0.999985 0.0264575 0.0632843 0.186409
FixedParameters: 0 0 0

#Transform 319
Transform: AffineTransform_float_3_3
Parameters: 1 -0.000121129 -2.64133e-05 0.000120873 0.999989 -0.00484601 2.65861e-05 0.004846 0.999989 0.0244784 0.0336584 0.155655
FixedParameters: 0 0 0

#Transform 320
Transform: AffineTransform_float_3_3
Parameters: 1 -0.000117403 0.000402469 0.000119599 0.999992 -0.00396995 -0.000402528 0.00397005 0.999992 0.0270698 0.0188818 0.115737
FixedParameters: 0 0 0

#Transform 321
Transform: AffineTransform_float_3_3
Parameters: 1 -8.42228e-05 -4.05404e-05 8.37802e-05 0.999985 -0.005464 4.04584e-05 0.005464 0.999985 0.0253966 0.0743185 0.147585
FixedParameters: 0 0 0

#Transform 322
Transform: AffineTransform_float_3_3
Parameters: 1 -3.30314e-05 -0.000555828 2.99676e-05 0.999985 -0.00545302 0.000556172 0.00545298 0.999985 0.0307399 0.0667364 0.226126
FixedParameters: 0 0 0

#Transform 323
Transform: AffineTransform_float_3_3
Parameters: 1 4.98147e-05 -0.000399279 -5.11838e-05 0.999985 -0.00547498 0.000398726 0.00547502 0.999985 0.0307859 0.0309872 0.262777
FixedParameters: 0 0 0

#Transform 324
Transform: AffineTransform_float_3_3
Parameters: 1 0.000309685 -0.000235739 -0.000311312 0.999985 -0.00560193 0.00023326 0.00560108 0.999985 0.020827 0.00851321 0.248988
FixedParameters: 0 0 0

#Transform 325
Transform: AffineTransform_float_3_3
Parameters: 1 0.000262631 -0.00021667 -0.000264371 0.99998 -0.00634394 0.000215327 0.00634405 0.99998 0.020207 0.00511089 0.237876
FixedParameters: 0 0 0

#Transform 326
Transform: AffineTransform_float_3_3
Parameters: 0.999999 0.000664564 -0.000360526 -0.000666432 0.999976 -0.00679876 0.000355478 0.00679823 0.999977 0.0183145 0.0203293 0.234154
FixedParameters: 0 0 0

#Transform 327
Transform: AffineTransform_float_3_3
Parameters: 0.999999 0.000841267 -0.000111668 -0.000841735 0.999977 -0.00673491 0.000106333 0.00673509 0.999978 0.0100538 -0.018787 0.267863
FixedParameters: 0 0 0

#Transform 328
Transform: AffineTransform_float_3_3
Parameters: 1 0.000655452 -8.34229e-05 -0.000656545 0.999977 -0.00674495 7.85734e-05 0.00674505 0.999977 0.0132302 -0.0175577 0.270942
FixedParameters: 0 0 0

#Transform 329
Transform: AffineTransform_float_3_3
Parameters: 0.999999 0.000903961 -9.22143e-06 -0.000904036 0.999983 -0.005776 3.77925e-06 0.00577501 0.999984 0.0175229 -0.0107734 0.301252
FixedParameters: 0 0 0

#Transform 330
Transform: AffineTransform_float_3_3
Parameters: 1 0.000666966 -0.000174014 -0.000668034 0.999981 -0.00601288 0.000169987 0.00601211 0.999982 0.0152449 0.0102044 0.29357
FixedParameters: 0 0 0

#Transform 331
Transform: AffineTransform_float_3_3
Parameters: 1 0.000520914 0.000153941 -0.000520085 0.999982 -0.00587808 -0.00015706 0.00587791 0.999982 0.0162727 -0.00835267 0.261805
FixedParameters: 0 0 0

#Transform 332
Transform: AffineTransform_float_3_3
Parameters: 1 0.000603834 -0.000232056 -0.000605165 0.999987 -0.00505586 0.000228943 0.00505614 0.999987 0.0173713 0.0875833 0.263096
FixedParameters: 0 0 0

#Transform 333
Transform: AffineTransform_float_3_3
Parameters: 1 0.000562532 -9.67598e-05 -0.000563469 0.999988 -0.00490395 9.42378e-05 0.00490405 0.999988 0.0201593 0.00747899 0.291249
FixedParameters: 0 0 0

#Transform 334
Transform: AffineTransform_float_3_3
Parameters: 1 0.000345483 -0.000100788 -0.000346518 0.999986 -0.00517296 9.92087e-05 0.00517303 0.999986 0.0121136 0.0411486 0.252971
FixedParameters: 0 0 0

#Transform 335
Transform: AffineTransform_float_3_3
Parameters: 1 0.000252 0.00022187 -0.000251 0.99999 -0.00449405 -0.00022313 0.00449394 0.99999 0.0113157 0.0400147 0.230039
FixedParameters: 0 0 0

#Transform 336
Transform: AffineTransform_float_3_3
Parameters: 1 8.08189e-05 0.000271758 -8.01834e-05 0.999996 -0.00301202 -0.000271243 0.00301198 0.999996 0.0177784 -0.0398396 0.237086
FixedParameters: 0 0 0

#Transform 337
Transform: AffineTransform_float_3_3
Parameters: 1 -2.25276e-05 0.000400027 2.34724e-05 1 -0.00118099 -0.000399973 0.00118101 0.999999 0.00402644 -0.0235314 0.154027
FixedParameters: 0 0 0

#Transform 338
Transform: AffineTransform_float_3_3
Parameters: 1 -6.77094e-05 0.000433045 6.72905e-05 1 -0.000670971 -0.000432955 0.000671029 0.999999 0.0123669 -0.0192582 0.14741
FixedParameters: 0 0 0

#Transform 339
Transform: AffineTransform_float_3_3
Parameters: 1 -0.000233513 0.000636179 0.000234487 0.999999 -0.00076585 -0.00063582 0.000766148 0.999999 0.0140467 0.000422053 0.149614
FixedParameters: 0 0 0

#Transform 340
Transform: AffineTransform_float_3_3
Parameters: 1 -0.000207262 0.00061225 0.000208738 1 -0.00120487 -0.000612749 0.00120513 0.999999 0.0122829 0.0108487 0.128951
FixedParameters: 0 0 0

#Transform 341
Transform: AffineTransform_float_3_3
Parameters: 1 -0.000206627 0.000584132 0.000207372 1 -0.000637879 -0.000583867 0.00063812 0.999999 0.022391 -0.00272331 0.124816
FixedParameters: 0 0 0

#Transform 342
Transform: AffineTransform_float_3_3
Parameters: 1 -0.000214532 0.00066815 0.000215468 0.999999 -0.000700856 -0.000667849 0.000701143 0.999999 0.0181464 -0.00328655 0.130425
FixedParameters: 0 0 0

#Transform 343
Transform: AffineTransform_float_3_3
Parameters: 1 -0.000263735 0.000645108 0.000264264 1 -0.000409829 -0.000644891 0.00041017 0.999999 0.0159676 0.0185072 0.134757
FixedParameters: 0 0 0

#Transform 344
Transform: AffineTransform_float_3_3
Parameters: 1 -0.000211878 0.000667038 0.000212121 1 -0.000181859 -0.000666961 0.000182141 1 0.0166875 0.0110978 0.104308
FixedParameters: 0 0 0

#Transform 345
Transform: AffineTransform_float_3_3
Parameters: 0.999999 -0.000200178 0.000770953 0.000199822 1 0.000231154 -0.000771046 -0.000230846 0.999999 0.00926888 0.0159817 0.104902
FixedParameters: 0 0 0

#Transform 346
Transform: AffineTransform_float_3_3
Parameters: 1 -0.000254107 0.000504946 0.000253893 1 0.000212128 -0.000505054 -0.000212872 1 0.0173981 0.0314157 0.0967509
FixedParameters: 0 0 0

#Transform 347
Transform: AffineTransform_float_3_3
Parameters: 0.999999 -3.54051e-05 0.000795981 3.55948e-05 1 0.000509028 -0.000796018 -0.000508972 0.999999 0.00970856 -0.00807225 0.113053
FixedParameters: 0 0 0

#Transform 348
Transform: AffineTransform_float_3_3
Parameters: 0.999999 -0.000104506 0.000993947 0.000104494 1 0.000509104 -0.000994053 -0.000508896 1 0.0102074 0.0134425 0.109771
FixedParameters: 0 0 0

#Transform 349
Transform: AffineTransform_float_3_3
Parameters: 1 -0.000173352 0.000652906 0.000172647 1 0.000540113 -0.000653093 -0.000539887 0.999999 0.0142648 0.0173347 0.094745
FixedParameters: 0 0 0

#Transform 350
Transform: AffineTransform_float_3_3
Parameters: 0.999999 -1.54489e-05 0.000864991 1.45511e-05 1 0.000519012 -0.000865007 -0.000518986 0.999999 0.0132996 -0.00346127 0.119769
FixedParameters: 0 0 0

#Transform 351
Transform: AffineTransform_float_3_3
Parameters: 0.999999 0.00019616 0.000910181 -0.000197841 0.999999 0.00092282 -0.000910818 -0.000923179 0.999999 0.0195387 -0.00601409 0.130546
FixedParameters: 0 0 0

#Transform 352
Transform: AffineTransform_float_3_3
Parameters: 0.999999 3.63832e-06 0.000925001 -3.36167e-06 1 0.000390997 -0.000924998 -0.000391003 0.999999 0.0122869 0.00156463 0.141857
FixedParameters: 0 0 0

#Transform 353
Transform: AffineTransform_float_3_3
Parameters: 0.999999 -3.42654e-05 0.00124302 3.47346e-05 1 -0.000590957 -0.00124298 0.000591043 0.999999 0.00937497 0.0570383 0.14665
FixedParameters: 0 0 0

#Transform 354
Transform: AffineTransform_float_3_3
Parameters: 1 -0.000202379 0.00102312 0.000203621 1 -0.000606792 -0.00102288 0.000607207 1 0.0126149 0.020056 0.127173
FixedParameters: 0 0 0

#Transform 355
Transform: AffineTransform_float_3_3
Parameters: 0.999999 -0.000234495 0.00130509 0.000234505 1 -0.000386694 -0.00130591 0.000387307 0.999999 0.0106313 0.0165832 0.130439
FixedParameters: 0 0 0

#Transform 356
Transform: AffineTransform_float_3_3
Parameters: 0.999999 -0.000313202 0.00137618 0.000313798 1 -0.000579569 -0.00137582 0.000580431 0.999999 0.0142196 0.0200862 0.110252
FixedParameters: 0 0 0
