#Insight Transform File V1.0
#Transform 0
Transform: AffineTransform_float_3_3
Parameters: 1 0.000415 2.2908e-07 -0.000415 1 0.000552 2.2908e-07 -0.000552 1 -0.00571068 0.020087 0.0241885
FixedParameters: 0 0 0

#Transform 1
Transform: AffineTransform_float_3_3
Parameters: 1 0.000163 1.14426e-07 -0.000163 0.999999 0.000702 1.14426e-07 -0.000702 1 -0.000254691 0.0361488 0.0223643
FixedParameters: 0 0 0

#Transform 2
Transform: AffineTransform_float_3_3
Parameters: 1 0.000145895 0.000191081 -0.000146105 1 0.000551972 -0.000190919 -0.000552028 1 -0.00589506 0.0266971 0.0115718
FixedParameters: 0 0 0

#Transform 3
Transform: AffineTransform_float_3_3
Parameters: 1 0.00021671 0.000525119 -0.00021729 1 0.000551886 -0.00052488 -0.000552114 0.999999 -0.00324639 0.0190165 0.0180188
FixedParameters: 0 0 0

#Transform 4
Transform: AffineTransform_float_3_3
Parameters: 1 0.000192825 0.000224151 -0.000192175 0.999999 0.000781956 -0.00022385 -0.000782043 0.999999 -0.002433 0.00364772 0.0191743
FixedParameters: 0 0 0

#Transform 5
Transform: AffineTransform_float_3_3
Parameters: 1 0.000261879 0.000202157 -0.000262121 1 0.000597947 -0.000201843 -0.000598053 1 -0.00272904 0.014091 0.00843682
FixedParameters: 0 0 0

#Transform 6
Transform: AffineTransform_float_3_3
Parameters: 1 0.000146 7.7672e-08 -0.000146 1 0.000532 7.7672e-08 -0.000532 1 -0.00106306 0.0191589 0.00753027
FixedParameters: 0 0 0

#Transform 7
Transform: AffineTransform_float_3_3
Parameters: 1 0.000182 1.35044e-07 -0.000182 0.999999 0.000742 1.35044e-07 -0.000742 0.999999 -0.000299091 0.0155512 0.0105084
FixedParameters: 0 0 0

#Transform 8
Transform: AffineTransform_float_3_3
Parameters: 1 0.00032 1.7952e-07 -0.00032 1 0.000561 1.7952e-07 -0.000561 1 -0.00229898 0.032307 0.00792675
FixedParameters: 0 0 0

#Transform 9
Transform: AffineTransform_float_3_3
Parameters: 1 0.000277952 0.000152088 -0.000278048 1 0.000315958 -0.000151912 -0.000316042 1 -0.00229998 0.0311413 -0.00455749
FixedParameters: 0 0 0

#Transform 10
Transform: AffineTransform_float_3_3
Parameters: 1 0.000152 7.5696e-08 -0.000152 1 0.000498 7.5696e-08 -0.000498 1 -0.00441478 0.0192513 -0.00699957
FixedParameters: 0 0 0

#Transform 11
Transform: AffineTransform_float_3_3
Parameters: 1 0.000233938 0.000137106 -0.000234062 1 0.000451968 -0.000136894 -0.000452032 1 -0.0102867 0.0244489 -0.00150557
FixedParameters: 0 0 0

#Transform 12
Transform: AffineTransform_float_3_3
Parameters: 1 0.000170934 0.00012509 -0.000171066 1 0.000528978 -0.00012491 -0.000529021 1 -0.000703277 0.0362073 0.000773594
FixedParameters: 0 0 0

#Transform 13
Transform: AffineTransform_float_3_3
Parameters: 1 0.000171 5.472e-08 -0.000171 1 0.00032 5.472e-08 -0.00032 1 -0.000134994 0.0295157 -0.00644212
FixedParameters: 0 0 0

#Transform 14
Transform: AffineTransform_float_3_3
Parameters: 1 0.000171 9.0117e-08 -0.000171 1 0.000527 9.0117e-08 -0.000527 1 -0.00462475 0.0250659 0.000186216
FixedParameters: 0 0 0

#Transform 15
Transform: AffineTransform_float_3_3
Parameters: 1 0.000170963 8.80723e-05 -0.000171037 1 0.000422985 -8.79276e-05 -0.000423015 1 -0.000511211 0.0195621 0.00598377
FixedParameters: 0 0 0

#Transform 16
Transform: AffineTransform_float_3_3
Parameters: 1 0.000171 6.669e-08 -0.000171 1 0.00039 6.669e-08 -0.00039 1 -0.00533875 0.0367934 0.00548648
FixedParameters: 0 0 0

#Transform 17
Transform: AffineTransform_float_3_3
Parameters: 1 2.49759e-05 9.70062e-05 -2.50241e-05 1 0.000247998 -9.69938e-05 -0.000248002 1 0.00152011 0.038964 -0.00312366
FixedParameters: 0 0 0

#Transform 18
Transform: AffineTransform_float_3_3
Parameters: 1 0.000171 7.182e-08 -0.000171 1 0.00042 7.182e-08 -0.00042 1 -0.000135711 0.0253244 0.00594941
FixedParameters: 0 0 0

#Transform 19
Transform: AffineTransform_float_3_3
Parameters: 1 0.000171 5.9508e-08 -0.000171 1 0.000348 5.9508e-08 -0.000348 1 -0.000134929 0.0298978 0.000483522
FixedParameters: 0 0 0

#Transform 20
Transform: AffineTransform_float_3_3
Parameters: 1 1.4e-05 -1.148e-09 -1.4e-05 1 -8.2e-05 -1.148e-09 8.2e-05 1 0.00208274 0.00302555 -0.00114295
FixedParameters: 0 0 0

#Transform 21
Transform: AffineTransform_float_3_3
Parameters: 1 0.000171 1.3338e-08 -0.000171 1 7.8e-05 1.3338e-08 -7.8e-05 1 -0.00013098 0.0529917 0.00112983
FixedParameters: 0 0 0

#Transform 22
Transform: AffineTransform_float_3_3
Parameters: 1 4.7e-05 1.645e-09 -4.7e-05 1 3.5e-05 1.645e-09 -3.5e-05 1 0.00166944 0.0506847 0.00052748
FixedParameters: 0 0 0

#Transform 23
Transform: AffineTransform_float_3_3
Parameters: 1 0.000171 7.4385e-08 -0.000171 1 0.000435 7.4385e-08 -0.000435 1 -0.000133044 0.0409214 0.00615236
FixedParameters: 0 0 0

#Transform 24
Transform: AffineTransform_float_3_3
Parameters: 1 -1.70888e-05 0.000186992 1.69112e-05 1 0.000475003 -0.000187008 -0.000474997 1 -0.00496155 0.0475312 0.00668204
FixedParameters: 0 0 0

#Transform 25
Transform: AffineTransform_float_3_3
Parameters: 1 0.000170983 0.000113025 -0.000171017 1 0.000147981 -0.000112975 -0.000148019 1 -0.000633369 0.0526892 -0.0140822
FixedParameters: 0 0 0

#Transform 26
Transform: AffineTransform_float_3_3
Parameters: 1 -3.6e-05 -9.432e-09 3.6e-05 1 0.000262 -9.432e-09 -0.000262 1 0.00285131 0.0487206 -0.0304773
FixedParameters: 0 0 0

#Transform 27
Transform: AffineTransform_float_3_3
Parameters: 1 0.000171 7.4898e-08 -0.000171 1 0.000438 7.4898e-08 -0.000438 1 -0.000141266 0.0396191 -0.0345508
FixedParameters: 0 0 0

#Transform 28
Transform: AffineTransform_float_3_3
Parameters: 1 0.000171 7.182e-09 -0.000171 1 4.2e-05 7.182e-09 -4.2e-05 1 -0.000133112 0.040524 -0.0213368
FixedParameters: 0 0 0

#Transform 29
Transform: AffineTransform_float_3_3
Parameters: 1 0.00017101 8.49808e-05 -0.00017099 1 -0.000112015 -8.50191e-05 0.000111985 1 -0.0102455 0.0450445 -0.0182081
FixedParameters: 0 0 0

#Transform 30
Transform: AffineTransform_float_3_3
Parameters: 1 -2.4e-05 5.208e-09 2.4e-05 1 -0.000217 5.208e-09 0.000217 1 0.00257036 0.0422541 -0.00461401
FixedParameters: 0 0 0

#Transform 31
Transform: AffineTransform_float_3_3
Parameters: 1 -6.20043e-05 0.000202999 6.19957e-05 1 2.10126e-05 -0.000203001 -2.09874e-05 1 -0.0030586 0.042867 -0.00449299
FixedParameters: 0 0 0

#Transform 32
Transform: AffineTransform_float_3_3
Parameters: 1 1.3e-05 -3.38e-10 -1.3e-05 1 -2.6e-05 -3.38e-10 2.6e-05 1 0.00209483 0.0246204 -0.0257563
FixedParameters: 0 0 0

#Transform 33
Transform: AffineTransform_float_3_3
Parameters: 1 -0.000113009 5.1981e-05 0.000112991 1 0.000168006 -5.2019e-05 -0.000167994 1 0.0035907 0.0408106 -0.0230646
FixedParameters: 0 0 0

#Transform 34
Transform: AffineTransform_float_3_3
Parameters: 1 0.000171 4.0356e-08 -0.000171 1 0.000236 4.0356e-08 -0.000236 1 -0.000130301 0.0569578 -0.0311159
FixedParameters: 0 0 0

#Transform 35
Transform: AffineTransform_float_3_3
Parameters: 1 -8e-05 2.08e-09 8e-05 1 -2.6e-05 2.08e-09 2.6e-05 1 0.00343231 0.0658713 -0.0257553
FixedParameters: 0 0 0

#Transform 36
Transform: AffineTransform_float_3_3
Parameters: 1 -0.000124996 0.000167003 0.000125004 1 -2.59791e-05 -0.000166997 2.60209e-05 1 -0.00442654 0.0796823 -0.0224116
FixedParameters: 0 0 0

#Transform 37
Transform: AffineTransform_float_3_3
Parameters: 1 1.1e-05 7.48e-10 -1.1e-05 1 6.8e-05 7.48e-10 -6.8e-05 1 0.00219385 0.0665037 -0.0208386
FixedParameters: 0 0 0

#Transform 38
Transform: AffineTransform_float_3_3
Parameters: 1 -0.000133997 0.000127003 0.000134003 1 -2.5983e-05 -0.000126997 2.6017e-05 1 0.00368027 0.0668737 -0.0166963
FixedParameters: 0 0 0

#Transform 39
Transform: AffineTransform_float_3_3
Parameters: 1 -4.97326e-06 0.000187001 5.02674e-06 1 -0.000142999 -0.000186999 0.000143001 1 0.00146242 0.0512088 -0.0248441
FixedParameters: 0 0 0

#Transform 40
Transform: AffineTransform_float_3_3
Parameters: 1 0.00017102 0.00017498 -0.00017098 1 -0.00011603 -0.00017502 0.00011597 1 -0.00092933 0.0446565 -0.0170946
FixedParameters: 0 0 0

#Transform 41
Transform: AffineTransform_float_3_3
Parameters: 1 -8.5986e-05 0.000140009 8.6014e-05 1 -9.9988e-05 -0.000139991 0.000100012 1 -0.0071313 0.0466986 -0.0211657
FixedParameters: 0 0 0

#Transform 42
Transform: AffineTransform_float_3_3
Parameters: 1 -0.000138 2.139e-08 0.000138 1 -0.000155 2.139e-08 0.000155 1 0.00428373 0.0555594 -0.0287515
FixedParameters: 0 0 0

#Transform 43
Transform: AffineTransform_float_3_3
Parameters: 1 -0.000238 1.13764e-07 0.000238 1 -0.000478 1.13764e-07 0.000478 1 0.000148445 0.0532892 -0.0293044
FixedParameters: 0 0 0

#Transform 44
Transform: AffineTransform_float_3_3
Parameters: 1 -0.000238 9.877e-08 0.000238 1 -0.000415 9.877e-08 0.000415 1 -0.000539337 0.0523723 -0.0231273
FixedParameters: 0 0 0

#Transform 45
Transform: AffineTransform_float_3_3
Parameters: 1 -0.000183831 0.000223139 0.000183169 0.999999 -0.000757959 -0.000222861 0.000757041 0.999999 0.00383009 0.0632229 -0.0258601
FixedParameters: 0 0 0

#Transform 46
Transform: AffineTransform_float_3_3
Parameters: 1 -0.000237947 0.000109115 0.000238053 1 -0.000484974 -0.000109885 0.000485026 1 -0.00233137 0.0620751 -0.0235563
FixedParameters: 0 0 0

#Transform 47
Transform: AffineTransform_float_3_3
Parameters: 1 -0.000170796 0.000281124 0.000171203 0.999999 -0.000723951 -0.000280876 0.000724048 0.999999 -0.00507874 0.0850738 -0.0270314
FixedParameters: 0 0 0

#Transform 48
Transform: AffineTransform_float_3_3
Parameters: 1 -0.000237882 0.000153182 0.000238118 0.999999 -0.000766963 -0.000153817 0.000767036 0.999999 -0.00175848 0.0828767 -0.0274827
FixedParameters: 0 0 0

#Transform 49
Transform: AffineTransform_float_3_3
Parameters: 1 -0.000237746 0.000252239 0.000238254 0.999999 -0.00100494 -0.000252761 0.00100506 1 -0.00722728 0.0642456 -0.0308527
FixedParameters: 0 0 0

#Transform 50
Transform: AffineTransform_float_3_3
Parameters: 1 -0.000237926 7.32391e-05 0.000238073 0.999999 -0.00100498 -7.27607e-05 0.00100502 0.999999 -0.0038196 0.0699475 -0.0309439
FixedParameters: 0 0 0

#Transform 51
Transform: AffineTransform_float_3_3
Parameters: 1 -0.000157779 0.000200174 0.000157221 1 -0.00110397 -0.000199827 0.00110403 1 -0.00711523 0.0675356 -0.0323402
FixedParameters: 0 0 0

#Transform 52
Transform: AffineTransform_float_3_3
Parameters: 1 -0.000237751 0.00018532 0.000238248 0.999999 -0.00134396 -0.00018468 0.00134404 0.999999 -0.00324405 0.0657926 -0.0383766
FixedParameters: 0 0 0

#Transform 53
Transform: AffineTransform_float_3_3
Parameters: 1 -7.24545e-05 0.000254156 7.25451e-05 0.999997 -0.00214698 -0.000253845 0.00214702 0.999997 0.00213559 0.0693741 -0.0576094
FixedParameters: 0 0 0

#Transform 54
Transform: AffineTransform_float_3_3
Parameters: 1 0.000113523 0.000269781 -0.000113477 0.999998 -0.00193603 -0.00027022 0.00193597 0.999998 -0.000552127 0.0445184 -0.044166
FixedParameters: 0 0 0

#Transform 55
Transform: AffineTransform_float_3_3
Parameters: 1 -0.000237441 0.000234567 0.00023856 0.999997 -0.00238394 -0.000234432 0.00238406 0.999997 -0.00118606 0.0490287 -0.0505964
FixedParameters: 0 0 0

#Transform 56
Transform: AffineTransform_float_3_3
Parameters: 1 -1.65678e-05 0.000283026 1.64321e-05 0.999999 -0.00152699 -0.000282975 0.001527 0.999999 -0.00685229 0.0531402 -0.018275
FixedParameters: 0 0 0

#Transform 57
Transform: AffineTransform_float_3_3
Parameters: 1 -0.000238 4.34112e-07 0.000238 0.999999 -0.001824 4.34112e-07 0.001824 0.999999 0.00248495 0.0679899 -0.0264038
FixedParameters: 0 0 0

#Transform 58
Transform: AffineTransform_float_3_3
Parameters: 1 -0.000179 3.57463e-07 0.000179 0.999998 -0.001997 3.57463e-07 0.001997 0.999998 -0.00459978 0.0797753 -0.0224261
FixedParameters: 0 0 0

#Transform 59
Transform: AffineTransform_float_3_3
Parameters: 1 -0.000237683 0.00016745 0.000238316 0.999998 -0.00189296 -0.000166549 0.00189304 0.999998 -0.00705968 0.0824779 -0.0265036
FixedParameters: 0 0 0

#Transform 60
Transform: AffineTransform_float_3_3
Parameters: 1 -0.000149518 0.000220328 0.000150481 0.999997 -0.00218797 -0.000219671 0.00218803 0.999997 -0.00336287 0.0921392 -0.0251725
FixedParameters: 0 0 0

#Transform 61
Transform: AffineTransform_float_3_3
Parameters: 1 -0.0002378 9.54996e-05 0.000238201 0.999998 -0.00209998 -9.55e-05 0.00210002 0.999998 -0.0046557 0.09182 -0.0409698
FixedParameters: 0 0 0

#Transform 62
Transform: AffineTransform_float_3_3
Parameters: 1 -0.000183588 0.000171442 0.000184411 0.999997 -0.00240697 -0.000170557 0.00240703 0.999997 -0.00136978 0.0660031 -0.0282534
FixedParameters: 0 0 0

#Transform 63
Transform: AffineTransform_float_3_3
Parameters: 1 -0.000237676 0.000137561 0.000238325 0.999997 -0.00235897 -0.000137438 0.00235903 0.999997 -0.0061163 0.0729122 -0.0275424
FixedParameters: 0 0 0

#Transform 64
Transform: AffineTransform_float_3_3
Parameters: 1 -0.000237999 5.55968e-07 0.000238002 0.999997 -0.002336 -4.44029e-07 0.002336 0.999998 0.00566585 0.0683771 -0.0271492
FixedParameters: 0 0 0

#Transform 65
Transform: AffineTransform_float_3_3
Parameters: 1 -0.000237537 0.000196561 0.000238462 0.999997 -0.00235795 -0.000195438 0.00235805 0.999997 -0.00300406 0.0787638 -0.0275181
FixedParameters: 0 0 0

#Transform 66
Transform: AffineTransform_float_3_3
Parameters: 1 -0.000237999 5.41926e-07 0.000238002 0.999998 -0.002277 -4.58071e-07 0.002277 0.999998 0.00567817 0.0586477 -0.0354788
FixedParameters: 0 0 0

#Transform 67
Transform: AffineTransform_float_3_3
Parameters: 1 -0.000237744 0.000131463 0.000238255 0.999998 -0.00194697 -0.000130536 0.00194703 0.999998 -0.00663173 0.0571291 -0.0217371
FixedParameters: 0 0 0

#Transform 68
Transform: AffineTransform_float_3_3
Parameters: 1 -0.000237672 0.000137568 0.000238329 0.999997 -0.00238997 -0.000137431 0.00239003 0.999997 -0.00296166 0.103666 -0.0278491
FixedParameters: 0 0 0

#Transform 69
Transform: AffineTransform_float_3_3
Parameters: 1 -0.000237365 0.00026956 0.000238636 0.999997 -0.00235694 -0.000269438 0.00235707 0.999997 -0.00318098 0.0749665 -0.0275138
FixedParameters: 0 0 0

#Transform 70
Transform: AffineTransform_float_3_3
Parameters: 1 -0.00023685 0.000466586 0.000238151 0.999997 -0.00246689 -0.000466414 0.00246611 0.999997 -0.00121945 0.0754347 -0.0291167
FixedParameters: 0 0 0

#Transform 71
Transform: AffineTransform_float_3_3
Parameters: 0.999999 -0.000509676 0.000505339 0.000510323 0.999997 -0.00262375 -0.000503663 0.00262426 0.999997 -0.00412691 0.0813759 0.00765419
FixedParameters: 0 0 0

#Transform 72
Transform: AffineTransform_float_3_3
Parameters: 1 -0.000679627 0.000585598 0.000681375 0.999997 -0.0023486 -0.000584402 0.0023484 0.999997 -0.00141059 0.0911484 -0.0108378
FixedParameters: 0 0 0

#Transform 73
Transform: AffineTransform_float_3_3
Parameters: 1 -0.000447558 0.000537204 0.000449441 0.999997 -0.00268676 -0.000535794 0.00268724 0.999996 -0.000243376 0.101228 -0.00550801
FixedParameters: 0 0 0

#Transform 74
Transform: AffineTransform_float_3_3
Parameters: 0.999999 -0.000622841 0.00044164 0.000624158 0.999997 -0.00262973 -0.000439361 0.00262928 0.999997 0.00546965 0.0665525 -0.0371395
FixedParameters: 0 0 0

#Transform 75
Transform: AffineTransform_float_3_3
Parameters: 0.999999 -0.000603333 0.000637582 0.000604668 0.999997 -0.00261762 -0.00063642 0.00261739 0.999997 -0.00127589 0.0751487 -0.0260468
FixedParameters: 0 0 0

#Transform 76
Transform: AffineTransform_float_3_3
Parameters: 0.999999 -0.00061688 0.000417659 0.000618121 0.999996 -0.00268674 -0.000416341 0.00268726 0.999997 0.000547717 0.0732003 -0.0367371
FixedParameters: 0 0 0

#Transform 77
Transform: AffineTransform_float_3_3
Parameters: 0.999999 -0.000678182 0.000601057 0.000679818 0.999995 -0.00302959 -0.000598943 0.00303041 0.999995 -0.00172515 0.0924336 -0.0358378
FixedParameters: 0 0 0

#Transform 78
Transform: AffineTransform_float_3_3
Parameters: 0.999999 -0.000678607 0.000430204 0.000679391 0.999994 -0.00324471 -0.000427798 0.00324429 0.999994 0.00246721 0.0821794 -0.0313523
FixedParameters: 0 0 0

#Transform 79
Transform: AffineTransform_float_3_3
Parameters: 0.999999 -0.000678157 0.000686824 0.000679843 0.999996 -0.00268654 -0.000685175 0.00268747 0.999996 0.00664435 0.0839412 -0.0233421
FixedParameters: 0 0 0

#Transform 80
Transform: AffineTransform_float_3_3
Parameters: 0.999999 -0.00067886 0.00045371 0.00068014 0.999996 -0.00251669 -0.000452289 0.00251731 0.999996 0.00990681 0.0789976 -0.0451752
FixedParameters: 0 0 0

#Transform 81
Transform: AffineTransform_float_3_3
Parameters: 0.999999 -0.000818658 0.000500201 0.000819343 0.999996 -0.00268659 -0.0004988 0.00268741 0.999997 0.00431702 0.0870278 -0.0497314
FixedParameters: 0 0 0

#Transform 82
Transform: AffineTransform_float_3_3
Parameters: 0.999999 -0.000678185 0.000556221 0.000679814 0.999995 -0.00326963 -0.000553781 0.00326938 0.999995 0.00231586 0.102631 -0.0454691
FixedParameters: 0 0 0

#Transform 83
Transform: AffineTransform_float_3_3
Parameters: 1 -0.000677609 0.000717268 0.000679395 0.999994 -0.00333952 -0.000715736 0.00333949 0.999994 0.00861737 0.102953 -0.0366874
FixedParameters: 0 0 0

#Transform 84
Transform: AffineTransform_float_3_3
Parameters: 0.999999 -0.000678479 0.00047717 0.00067952 0.999994 -0.00319468 -0.000474832 0.00319432 0.999995 0.00980223 0.090852 -0.0306041
FixedParameters: 0 0 0

#Transform 85
Transform: AffineTransform_float_3_3
Parameters: 1 -0.000677545 0.000743246 0.000679454 0.999995 -0.0033075 -0.000740757 0.00330851 0.999995 0.00854509 0.102848 -0.0455096
FixedParameters: 0 0 0

#Transform 86
Transform: AffineTransform_float_3_3
Parameters: 0.999999 -0.000678412 0.000477265 0.000679587 0.999994 -0.00333468 -0.000474736 0.00333532 0.999995 0.00978744 0.0866532 -0.0656495
FixedParameters: 0 0 0

#Transform 87
Transform: AffineTransform_float_3_3
Parameters: 1 -0.000925345 0.00068162 0.000927657 0.999992 -0.00390537 -0.000678383 0.00390563 0.999992 0.0137581 0.0195803 -0.0177818
FixedParameters: 0 0 0

#Transform 88
Transform: AffineTransform_float_3_3
Parameters: 1 -0.000862489 0.000858542 0.000865513 0.999991 -0.00409726 -0.00085546 0.00409874 0.999991 0.00827475 0.157361 -0.0455949
FixedParameters: 0 0 0

#Transform 89
Transform: AffineTransform_float_3_3
Parameters: 0.999999 -0.00112719 0.000899799 0.00113081 0.999991 -0.00424999 -0.000894201 0.00425101 0.99999 0.0136074 0.0906446 -0.0481891
FixedParameters: 0 0 0

#Transform 90
Transform: AffineTransform_float_3_3
Parameters: 0.999999 -0.00116717 0.000766329 0.00116983 0.999993 -0.00370411 -0.000761672 0.00370489 0.999993 0.0189603 0.0883394 -0.057091
FixedParameters: 0 0 0

#Transform 91
Transform: AffineTransform_float_3_3
Parameters: 0.999999 -0.00116626 0.00093966 0.00116974 0.999992 -0.00398891 -0.00093434 0.00399009 0.999991 0.0119641 0.10683 -0.0657872
FixedParameters: 0 0 0

#Transform 92
Transform: AffineTransform_float_3_3
Parameters: 0.999999 -0.00106132 0.000719963 0.00106368 0.999993 -0.00372924 -0.000716038 0.00372976 0.999993 0.01245 0.0884467 -0.0674716
FixedParameters: 0 0 0

#Transform 93
Transform: AffineTransform_float_3_3
Parameters: 0.999999 -0.0011664 0.000881787 0.0011696 0.999991 -0.00409697 -0.000877215 0.00409803 0.999991 0.0113754 0.103662 -0.0758457
FixedParameters: 0 0 0

#Transform 94
Transform: AffineTransform_float_3_3
Parameters: 0.999999 -0.000916493 0.000857763 0.000919508 0.999991 -0.00409722 -0.000854239 0.00409879 0.999991 0.0182524 0.0900653 -0.0626398
FixedParameters: 0 0 0

#Transform 95
Transform: AffineTransform_float_3_3
Parameters: 0.999999 -0.00116635 0.000998274 0.00116964 0.999992 -0.00365883 -0.000993726 0.00366016 0.999993 0.000601211 0.102654 -0.059851
FixedParameters: 0 0 0

#Transform 96
Transform: AffineTransform_float_3_3
Parameters: 0.999999 -0.00116664 0.000921275 0.00116936 0.999992 -0.00365892 -0.000916727 0.00366007 0.999993 0.00664239 0.105616 -0.0722581
FixedParameters: 0 0 0

#Transform 97
Transform: AffineTransform_float_3_3
Parameters: 0.999999 -0.00116593 0.00104854 0.00117006 0.999992 -0.00388578 -0.00104346 0.00388722 0.999992 0.00902044 0.0951978 -0.0800601
FixedParameters: 0 0 0

#Transform 98
Transform: AffineTransform_float_3_3
Parameters: 0.999999 -0.00116645 0.000935444 0.00116955 0.999992 -0.00380291 -0.000930558 0.00380409 0.999993 0.00636564 0.105307 -0.0755141
FixedParameters: 0 0 0

#Transform 99
Transform: AffineTransform_float_3_3
Parameters: 0.999999 -0.0010627 0.000902895 0.0010663 0.999992 -0.00365904 -0.000899104 0.00365996 0.999993 0.00704715 0.101523 -0.0807122
FixedParameters: 0 0 0

#Transform 100
Transform: AffineTransform_float_3_3
Parameters: 0.999999 -0.00116677 0.000884276 0.00117023 0.999992 -0.00365897 -0.000879723 0.00366003 0.999993 0.00632159 0.0976918 -0.0736567
FixedParameters: 0 0 0

#Transform 101
Transform: AffineTransform_float_3_3
Parameters: 0.999999 -0.00116674 0.000893275 0.00117026 0.999992 -0.00365896 -0.000889723 0.00366004 0.999993 0.00936854 0.0995091 -0.073576
FixedParameters: 0 0 0

#Transform 102
Transform: AffineTransform_float_3_3
Parameters: 0.999999 -0.00116609 0.00102944 0.00116991 0.999992 -0.0038028 -0.00102456 0.0038042 0.999992 0.00944179 0.0982614 -0.0687518
FixedParameters: 0 0 0

#Transform 103
Transform: AffineTransform_float_3_3
Parameters: 0.999999 -0.00116646 0.000934438 0.00116954 0.999992 -0.00379791 -0.000930564 0.00379909 0.999993 -0.000320414 0.10531 -0.0790243
FixedParameters: 0 0 0

#Transform 104
Transform: AffineTransform_float_3_3
Parameters: 0.999999 -0.00105839 0.000921169 0.00106261 0.999991 -0.00393202 -0.000916828 0.00393297 0.999992 0.00762816 0.10063 -0.0774444
FixedParameters: 0 0 0

#Transform 105
Transform: AffineTransform_float_3_3
Parameters: 0.999999 -0.00116589 0.00105157 0.00117011 0.999991 -0.00391677 -0.00104642 0.00391722 0.999992 0.0105586 0.100182 -0.0851075
FixedParameters: 0 0 0

#Transform 106
Transform: AffineTransform_float_3_3
Parameters: 0.999999 -0.00110827 0.000962318 0.00111173 0.999992 -0.00388893 -0.000957683 0.00389006 0.999992 0.00929356 0.105659 -0.0900569
FixedParameters: 0 0 0

#Transform 107
Transform: AffineTransform_float_3_3
Parameters: 0.999999 -0.00116642 0.000946431 0.00116958 0.999992 -0.0037919 -0.000941571 0.0037931 0.999993 0.00778657 0.105314 -0.0867606
FixedParameters: 0 0 0

#Transform 108
Transform: AffineTransform_float_3_3
Parameters: 0.999999 -0.00110695 0.00103534 0.00111105 0.999991 -0.00391685 -0.00103065 0.00391814 0.999992 0.0077089 0.103118 -0.0904407
FixedParameters: 0 0 0

#Transform 109
Transform: AffineTransform_float_3_3
Parameters: 0.999999 -0.00106851 0.00113923 0.00107249 0.999991 -0.00394778 -0.00113577 0.00394922 0.999991 0.0093765 0.098263 -0.0869474
FixedParameters: 0 0 0

#Transform 110
Transform: AffineTransform_float_3_3
Parameters: 0.999999 -0.00108396 0.00101434 0.00108704 0.999992 -0.0039919 -0.00100967 0.0039931 0.999991 0.00634496 0.127146 -0.078175
FixedParameters: 0 0 0

#Transform 111
Transform: AffineTransform_float_3_3
Parameters: 0.999999 -0.00116576 0.00102883 0.00117024 0.999991 -0.0041318 -0.00102417 0.0041332 0.999991 0.0140642 0.122284 -0.0801658
FixedParameters: 0 0 0

#Transform 112
Transform: AffineTransform_float_3_3
Parameters: 0.999999 -0.00116559 0.000984243 0.00116941 0.999989 -0.00448886 -0.00097876 0.00449015 0.99999 0.00716288 0.118458 -0.0700356
FixedParameters: 0 0 0

#Transform 113
Transform: AffineTransform_float_3_3
Parameters: 0.999998 -0.00136299 0.000883219 0.00136701 0.999988 -0.0045558 -0.00087678 0.0045572 0.999989 0.0126904 0.123241 -0.100709
FixedParameters: 0 0 0

#Transform 114
Transform: AffineTransform_float_3_3
Parameters: 0.999999 -0.00134955 0.00110568 0.00135545 0.999987 -0.00494151 -0.00109832 0.00494249 0.999987 0.00758283 0.130019 -0.0911888
FixedParameters: 0 0 0

#Transform 115
Transform: AffineTransform_float_3_3
Parameters: 0.999999 -0.00116513 0.00102457 0.00116988 0.999988 -0.00476981 -0.00101943 0.00477119 0.999988 0.0125695 0.109539 -0.0887614
FixedParameters: 0 0 0

#Transform 116
Transform: AffineTransform_float_3_3
Parameters: 0.999999 -0.0011648 0.00104582 0.0011702 0.999987 -0.00498278 -0.00104018 0.00498422 0.999987 0.0101008 0.117417 -0.0824986
FixedParameters: 0 0 0

#Transform 117
Transform: AffineTransform_float_3_3
Parameters: 0.999999 -0.00116501 0.000996855 0.00116998 0.999986 -0.00501484 -0.000990144 0.00501616 0.999987 0.00959826 0.100798 -0.0929032
FixedParameters: 0 0 0

#Transform 118
Transform: AffineTransform_float_3_3
Parameters: 0.999999 -0.00133357 0.00109465 0.00133943 0.999986 -0.00497554 -0.00108735 0.00497746 0.999987 0.0123246 0.110422 -0.0923203
FixedParameters: 0 0 0

#Transform 119
Transform: AffineTransform_float_3_3
Parameters: 0.999999 -0.0015256 0.000926289 0.0015294 0.999988 -0.00476959 -0.000918715 0.00477141 0.999988 0.0132713 0.109608 -0.073062
FixedParameters: 0 0 0

#Transform 120
Transform: AffineTransform_float_3_3
Parameters: 0.999999 -0.00131508 0.00118958 0.00132092 0.999986 -0.00498843 -0.00118242 0.00499056 0.999987 0.00170585 0.11954 -0.073164
FixedParameters: 0 0 0

#Transform 121
Transform: AffineTransform_float_3_3
Parameters: 0.999999 -0.00158291 0.000968367 0.00158809 0.999985 -0.00527647 -0.000960632 0.00527853 0.999985 0.0123635 0.11417 -0.0771724
FixedParameters: 0 0 0

#Transform 122
Transform: AffineTransform_float_3_3
Parameters: 0.999999 -0.00145869 0.00106829 0.00146431 0.999987 -0.00498745 -0.00106071 0.00498856 0.999987 0.0110015 0.118948 -0.0831385
FixedParameters: 0 0 0

#Transform 123
Transform: AffineTransform_float_3_3
Parameters: 0.999999 -0.00143986 0.00117159 0.00144614 0.999985 -0.00525632 -0.00116341 0.00525769 0.999986 0.00771404 0.145734 -0.0835784
FixedParameters: 0 0 0

#Transform 124
Transform: AffineTransform_float_3_3
Parameters: 0.999999 -0.00109634 0.000980241 0.00110066 0.999988 -0.00476993 -0.00097476 0.00477107 0.999988 0.00867418 0.125389 -0.0837945
FixedParameters: 0 0 0

#Transform 125
Transform: AffineTransform_float_3_3
Parameters: 0.999999 -0.00144947 0.00107848 0.00145554 0.999985 -0.00514944 -0.00107152 0.00515056 0.999986 0.008724 0.118485 -0.080022
FixedParameters: 0 0 0

#Transform 126
Transform: AffineTransform_float_3_3
Parameters: 0.999998 -0.00158251 0.00103543 0.00158848 0.999984 -0.00531936 -0.00102656 0.00532163 0.999986 0.0127215 0.116943 -0.0806488
FixedParameters: 0 0 0

#Transform 127
Transform: AffineTransform_float_3_3
Parameters: 0.999999 -0.00139489 0.0011902 0.00140111 0.999986 -0.00514634 -0.0011828 0.00514866 0.999986 0.0035416 0.118577 -0.0753826
FixedParameters: 0 0 0

#Transform 128
Transform: AffineTransform_float_3_3
Parameters: 0.999998 -0.00158283 0.00103396 0.00158817 0.999986 -0.00501737 -0.00102604 0.00501863 0.999987 0.0104004 0.117978 -0.0735038
FixedParameters: 0 0 0

#Transform 129
Transform: AffineTransform_float_3_3
Parameters: 0.999998 -0.00158264 0.00103425 0.00158836 0.999985 -0.00520437 -0.00102575 0.00520563 0.999986 0.0108638 0.118858 -0.0912531
FixedParameters: 0 0 0

#Transform 130
Transform: AffineTransform_float_3_3
Parameters: 0.999999 -0.00158294 0.000947502 0.00158806 0.999985 -0.00536151 -0.000939498 0.0053635 0.999985 0.0110601 0.119462 -0.0535303
FixedParameters: 0 0 0

#Transform 131
Transform: AffineTransform_float_3_3
Parameters: 0.999999 -0.00158322 0.000942089 0.00158778 0.999985 -0.00510051 -0.000933913 0.00510148 0.999986 0.0137938 0.132109 -0.0611821
FixedParameters: 0 0 0

#Transform 132
Transform: AffineTransform_float_3_3
Parameters: 0.999999 -0.001518 0.000993679 0.001523 0.999986 -0.00504949 -0.00098632 0.0050515 0.999987 0.0146383 0.134839 -0.0578023
FixedParameters: 0 0 0

#Transform 133
Transform: AffineTransform_float_3_3
Parameters: 0.999999 -0.00146043 0.00108852 0.00146558 0.999985 -0.00513741 -0.00108148 0.00513959 0.999986 0.00760676 0.134959 -0.0590966
FixedParameters: 0 0 0

#Transform 134
Transform: AffineTransform_float_3_3
Parameters: 0.999998 -0.00158217 0.0010915 0.00158784 0.999985 -0.00536428 -0.0010835 0.00536573 0.999985 0.0165747 0.131973 -0.0622765
FixedParameters: 0 0 0

#Transform 135
Transform: AffineTransform_float_3_3
Parameters: 0.999999 -0.0013867 0.00118143 0.0013933 0.999984 -0.00534636 -0.00117357 0.00534863 0.999985 0.00974111 0.13559 -0.0696783
FixedParameters: 0 0 0

#Transform 136
Transform: AffineTransform_float_3_3
Parameters: 0.999997 -0.00158002 0.00145074 0.00158798 0.999984 -0.00551571 -0.00144126 0.00551729 0.999983 0.0169655 0.136527 -0.0646177
FixedParameters: 0 0 0

#Transform 137
Transform: AffineTransform_float_3_3
Parameters: 0.999998 -0.00158231 0.00110023 0.0015877 0.999986 -0.00519126 -0.00109277 0.00519274 0.999986 0.0116495 0.118711 -0.0506614
FixedParameters: 0 0 0

#Transform 138
Transform: AffineTransform_float_3_3
Parameters: 0.999998 -0.0015821 0.00115612 0.0015879 0.999985 -0.00512217 -0.00114788 0.00512483 0.999986 0.0142259 0.118466 -0.0758419
FixedParameters: 0 0 0

#Transform 139
Transform: AffineTransform_float_3_3
Parameters: 0.999998 -0.00158239 0.00109019 0.00158761 0.999986 -0.00516628 -0.00108181 0.00516872 0.999986 0.0130173 0.118655 -0.0509717
FixedParameters: 0 0 0

#Transform 140
Transform: AffineTransform_float_3_3
Parameters: 0.999998 -0.00158256 0.00106413 0.00158843 0.999985 -0.00512632 -0.00105587 0.00512868 0.999987 0.00540757 0.136566 -0.0589449
FixedParameters: 0 0 0

#Transform 141
Transform: AffineTransform_float_3_3
Parameters: 0.999999 -0.00125416 0.00127974 0.00126083 0.999985 -0.00535539 -0.00127227 0.0053566 0.999985 0.00248084 0.12859 -0.0750585
FixedParameters: 0 0 0

#Transform 142
Transform: AffineTransform_float_3_3
Parameters: 0.999998 -0.00158163 0.00118653 0.00158836 0.999984 -0.00538413 -0.00117746 0.00538587 0.999985 0.0101225 0.136245 -0.0626181
FixedParameters: 0 0 0

#Transform 143
Transform: AffineTransform_float_3_3
Parameters: 0.999998 -0.00158147 0.00118973 0.00158853 0.999983 -0.00550812 -0.00118127 0.00550988 0.999984 0.0124675 0.145926 -0.0643345
FixedParameters: 0 0 0

#Transform 144
Transform: AffineTransform_float_3_3
Parameters: 0.999998 -0.00158084 0.00125706 0.00158816 0.999983 -0.00571802 -0.00124794 0.00571999 0.999983 0.0112119 0.14697 -0.0672804
FixedParameters: 0 0 0

#Transform 145
Transform: AffineTransform_float_3_3
Parameters: 0.999998 -0.00158225 0.00110527 0.00158775 0.999985 -0.00521825 -0.00109673 0.00521974 0.999986 0.0138985 0.144802 -0.060287
FixedParameters: 0 0 0

#Transform 146
Transform: AffineTransform_float_3_3
Parameters: 0.999998 -0.00158136 0.00124151 0.00158764 0.999985 -0.00536704 -0.0012325 0.00536896 0.999985 0.0117662 0.145435 -0.0529839
FixedParameters: 0 0 0

#Transform 147
Transform: AffineTransform_float_3_3
Parameters: 0.999998 -0.00158093 0.0013205 0.00158806 0.999985 -0.00536691 -0.00131149 0.00536909 0.999984 0.00766045 0.135653 -0.0624089
FixedParameters: 0 0 0

#Transform 148
Transform: AffineTransform_float_3_3
Parameters: 0.999998 -0.00158198 0.00108582 0.00158801 0.999984 -0.00556329 -0.00107618 0.00556471 0.999984 0.0130629 0.12351 -0.0543978
FixedParameters: 0 0 0

#Transform 149
Transform: AffineTransform_float_3_3
Parameters: 0.999998 -0.00158202 0.00109072 0.00158798 0.999983 -0.00550128 -0.00108228 0.00550272 0.999985 0.0150981 0.131879 -0.0465332
FixedParameters: 0 0 0

#Transform 150
Transform: AffineTransform_float_3_3
Parameters: 0.999998 -0.00158123 0.00126551 0.00158777 0.999985 -0.005367 -0.00125649 0.005369 0.999985 0.0098695 0.123873 -0.0562384
FixedParameters: 0 0 0

#Transform 151
Transform: AffineTransform_float_3_3
Parameters: 0.999999 -0.00158308 0.000908621 0.00158792 0.999984 -0.00543656 -0.000900379 0.00543843 0.999985 0.0152526 0.135687 -0.0641821
FixedParameters: 0 0 0

#Transform 152
Transform: AffineTransform_float_3_3
Parameters: 0.999997 -0.00177369 0.00118054 0.00177931 0.999984 -0.00536691 -0.00117047 0.00536909 0.999985 0.0158576 0.13791 -0.0551776
FixedParameters: 0 0 0

#Transform 153
Transform: AffineTransform_float_3_3
Parameters: 0.999997 -0.0015803 0.0014395 0.0015877 0.999985 -0.00536673 -0.0014305 0.00536927 0.999984 0.00897752 0.153784 -0.057572
FixedParameters: 0 0 0

#Transform 154
Transform: AffineTransform_float_3_3
Parameters: 0.999998 -0.00150578 0.00131929 0.00151322 0.999984 -0.00549201 -0.00131071 0.00549398 0.999984 0.0129401 0.154169 -0.0518495
FixedParameters: 0 0 0

#Transform 155
Transform: AffineTransform_float_3_3
Parameters: 0.999998 -0.00164225 0.001239 0.00164875 0.999983 -0.00546597 -0.00123 0.00546803 0.999985 0.0147097 0.166939 -0.0546014
FixedParameters: 0 0 0

#Transform 156
Transform: AffineTransform_float_3_3
Parameters: 0.999997 -0.00157995 0.0015035 0.00158805 0.999985 -0.00536663 -0.0014945 0.00536938 0.999985 0.0147466 0.153716 -0.0501243
FixedParameters: 0 0 0

#Transform 157
Transform: AffineTransform_float_3_3
Parameters: 0.999998 -0.00152721 0.0012265 0.00153379 0.999984 -0.00555513 -0.0012175 0.00555687 0.999984 0.0117147 0.159781 -0.0527753
FixedParameters: 0 0 0

#Transform 158
Transform: AffineTransform_float_3_3
Parameters: 0.999998 -0.00158068 0.00128704 0.00158832 0.999983 -0.00570597 -0.00127796 0.00570803 0.999983 0.0169499 0.147536 -0.0513363
FixedParameters: 0 0 0

#Transform 159
Transform: AffineTransform_float_3_3
Parameters: 0.999997 -0.00158019 0.0014585 0.00158781 0.999985 -0.0053667 -0.0014505 0.0053693 0.999984 0.00899475 0.138649 -0.0568118
FixedParameters: 0 0 0

#Transform 160
Transform: AffineTransform_float_3_3
Parameters: 0.999998 -0.00158071 0.00128005 0.00158829 0.999983 -0.00571298 -0.00127094 0.00571502 0.999983 0.0111843 0.136497 -0.0706025
FixedParameters: 0 0 0

#Transform 161
Transform: AffineTransform_float_3_3
Parameters: 0.999999 -0.000947573 0.00107669 0.000953428 0.999981 -0.00598398 -0.00107131 0.00598502 0.999982 0.0176303 0.156522 -0.0909332
FixedParameters: 0 0 0

#Transform 162
Transform: AffineTransform_float_3_3
Parameters: 0.999998 -0.000934262 0.00130457 0.000941739 0.999982 -0.00594278 -0.00129942 0.00594422 0.999981 0.00885097 0.095163 -0.00765518
FixedParameters: 0 0 0

#Transform 163
Transform: AffineTransform_float_3_3
Parameters: 0.999999 -0.00146447 0.00113776 0.00147253 0.999977 -0.00664734 -0.00112824 0.00664866 0.999978 0.00800471 0.179886 -0.0309148
FixedParameters: 0 0 0

#Transform 164
Transform: AffineTransform_float_3_3
Parameters: 0.999997 -0.00177977 0.00129896 0.00178723 0.999983 -0.00558469 -0.00128904 0.0055873 0.999983 0.00576788 0.155196 -0.0214041
FixedParameters: 0 0 0

#Transform 165
Transform: AffineTransform_float_3_3
Parameters: 0.999998 -0.00157836 0.00127625 0.00158564 0.999985 -0.00521799 -0.00126774 0.00522001 0.999985 0.0102019 0.171568 -0.0536378
FixedParameters: 0 0 0

#Transform 166
Transform: AffineTransform_float_3_3
Parameters: 0.999997 -0.0017545 0.00123329 0.00176149 0.999984 -0.00528484 -0.00122371 0.00528716 0.999986 0.0125544 0.160863 -0.0839314
FixedParameters: 0 0 0

#Transform 167
Transform: AffineTransform_float_3_3
Parameters: 0.999998 -0.00170948 0.00101338 0.00171453 0.999984 -0.00547628 -0.00100463 0.00547773 0.999985 0.0130721 0.146246 -0.0498168
FixedParameters: 0 0 0

#Transform 168
Transform: AffineTransform_float_3_3
Parameters: 0.999998 -0.00177254 0.00115696 0.00177946 0.999982 -0.00560895 -0.00114703 0.00561104 0.999983 0.016943 0.163246 -0.0740647
FixedParameters: 0 0 0

#Transform 169
Transform: AffineTransform_float_3_3
Parameters: 0.999998 -0.00180704 0.00102855 0.00181296 0.999982 -0.00582815 -0.00101745 0.00582986 0.999983 0.019362 0.150544 -0.0501662
FixedParameters: 0 0 0

#Transform 170
Transform: AffineTransform_float_3_3
Parameters: 0.999998 -0.00162304 0.00048501 0.00162596 0.999979 -0.00616122 -0.000474991 0.00616178 0.999981 0.0187928 0.169828 -0.0397571
FixedParameters: 0 0 0

#Transform 171
Transform: AffineTransform_float_3_3
Parameters: 0.999999 -0.00165148 0.000730322 0.00165652 0.999979 -0.0062408 -0.000719677 0.0062412 0.999981 0.0167871 0.169452 -0.0232215
FixedParameters: 0 0 0

#Transform 172
Transform: AffineTransform_float_3_3
Parameters: 0.999999 -0.00171516 0.000609908 0.00171884 0.999979 -0.00635196 -0.000599093 0.00635304 0.999979 0.0230837 0.164896 -0.0335076
FixedParameters: 0 0 0

#Transform 173
Transform: AffineTransform_float_3_3
Parameters: 0.999998 -0.00192008 0.000734001 0.00192492 0.999976 -0.0067616 -0.000720999 0.0067634 0.999977 0.0188538 0.160617 -0.0518964
FixedParameters: 0 0 0

#Transform 174
Transform: AffineTransform_float_3_3
Parameters: 0.999998 -0.00200454 0.000680283 0.00200846 0.999976 -0.00661865 -0.000666719 0.00662035 0.999978 0.0219777 0.151798 -0.0592829
FixedParameters: 0 0 0

#Transform 175
Transform: AffineTransform_float_3_3
Parameters: 0.999998 -0.00181919 0.000695705 0.00182381 0.999974 -0.00697375 -0.000683297 0.00697526 0.999976 0.0193397 0.161556 -0.0543635
FixedParameters: 0 0 0

#Transform 176
Transform: AffineTransform_float_3_3
Parameters: 0.999998 -0.0018211 0.00046062 0.0018239 0.999978 -0.00637517 -0.000448381 0.00637583 0.999979 0.0227684 0.158837 -0.0424917
FixedParameters: 0 0 0

#Transform 177
Transform: AffineTransform_float_3_3
Parameters: 0.999998 -0.00198209 0.000571732 0.00198591 0.999974 -0.00692088 -0.00055827 0.00692112 0.999976 0.027369 0.165516 -0.0504414
FixedParameters: 0 0 0

#Transform 178
Transform: AffineTransform_float_3_3
Parameters: 0.999998 -0.00181895 0.000736607 0.00182406 0.999975 -0.00692067 -0.000724394 0.00692133 0.999976 0.0188324 0.161256 -0.0510012
FixedParameters: 0 0 0

#Transform 179
Transform: AffineTransform_float_3_3
Parameters: 0.999998 -0.00189009 0.000572096 0.00189391 0.999975 -0.00692093 -0.000558905 0.00692207 0.999976 0.0223556 0.161227 -0.0490148
FixedParameters: 0 0 0

#Transform 180
Transform: AffineTransform_float_3_3
Parameters: 0.999998 -0.0018192 0.000731065 0.0018238 0.999977 -0.00662268 -0.000718937 0.00662332 0.999978 0.0198701 0.159945 -0.0394297
FixedParameters: 0 0 0

#Transform 181
Transform: AffineTransform_float_3_3
Parameters: 0.999998 -0.00205071 0.000541611 0.00205429 0.999979 -0.0061439 -0.000529387 0.0061451 0.999981 0.0245584 0.157852 -0.0423804
FixedParameters: 0 0 0

#Transform 182
Transform: AffineTransform_float_3_3
Parameters: 0.999998 -0.00182028 0.000489065 0.00182472 0.999968 -0.00771812 -0.00047493 0.00771888 0.99997 0.0258474 0.185356 -0.043932
FixedParameters: 0 0 0

#Transform 183
Transform: AffineTransform_float_3_3
Parameters: 0.999997 -0.00214457 0.000322563 0.00214742 0.999968 -0.00771833 -0.000305435 0.00771867 0.99997 0.0317695 0.169593 -0.0440268
FixedParameters: 0 0 0

#Transform 184
Transform: AffineTransform_float_3_3
Parameters: 0.999998 -0.00196088 0.000582081 0.00196512 0.999973 -0.00717287 -0.000567918 0.00717413 0.999974 0.0252775 0.178599 -0.0455664
FixedParameters: 0 0 0

#Transform 185
Transform: AffineTransform_float_3_3
Parameters: 0.999998 -0.0015704 0.00051316 0.00157461 0.999973 -0.0070982 -0.000502835 0.00709879 0.999974 0.0174005 0.155171 -0.0380743
FixedParameters: 0 0 0

#Transform 186
Transform: AffineTransform_float_3_3
Parameters: 0.999998 -0.00181977 0.000626426 0.00182423 0.999975 -0.00681987 -0.000613572 0.00682113 0.999976 0.0202357 0.166308 -0.0597143
FixedParameters: 0 0 0

#Transform 187
Transform: AffineTransform_float_3_3
Parameters: 0.999998 -0.0018203 0.000557232 0.0018247 0.999976 -0.006712 -0.000545764 0.00671301 0.999978 0.0209333 0.156995 -0.0298528
FixedParameters: 0 0 0

#Transform 188
Transform: AffineTransform_float_3_3
Parameters: 0.999999 -0.00176915 0.000569119 0.00177285 0.999975 -0.00684201 -0.000556883 0.006843 0.999977 0.021781 0.16718 -0.0316344
FixedParameters: 0 0 0

#Transform 189
Transform: AffineTransform_float_3_3
Parameters: 0.999999 -0.0018212 0.000415471 0.0018238 0.999975 -0.00684225 -0.00040353 0.00684274 0.999976 0.0210868 0.163078 -0.0118275
FixedParameters: 0 0 0

#Transform 190
Transform: AffineTransform_float_3_3
Parameters: 0.999998 -0.00181956 0.000643693 0.00182444 0.999974 -0.00696684 -0.000631303 0.00696816 0.999975 0.0190362 0.184591 -0.00848681
FixedParameters: 0 0 0

#Transform 191
Transform: AffineTransform_float_3_3
Parameters: 0.999998 -0.00181918 0.000710464 0.00182382 0.999975 -0.00684172 -0.000698539 0.00684229 0.999977 0.0184664 0.182729 -0.000788245
FixedParameters: 0 0 0

#Transform 192
Transform: AffineTransform_float_3_3
Parameters: 0.999998 -0.00182004 0.000585468 0.00182396 0.999975 -0.00684195 -0.000572533 0.00684306 0.999977 0.0202263 0.184816 -0.000743296
FixedParameters: 0 0 0

#Transform 193
Transform: AffineTransform_float_3_3
Parameters: 0.999998 -0.00181985 0.000613467 0.00182416 0.999975 -0.0068419 -0.000601533 0.00684311 0.999977 0.0193139 0.18659 0.0092741
FixedParameters: 0 0 0

#Transform 194
Transform: AffineTransform_float_3_3
Parameters: 0.999999 -0.00182147 0.000371613 0.00182453 0.999975 -0.00691934 -0.000359384 0.00691967 0.999976 0.0214948 0.177097 -0.00189797
FixedParameters: 0 0 0

#Transform 195
Transform: AffineTransform_float_3_3
Parameters: 0.999998 -0.0018208 0.00047447 0.0018242 0.999975 -0.00684215 -0.000461529 0.00684286 0.999977 0.0230465 0.178916 -0.000798044
FixedParameters: 0 0 0

#Transform 196
Transform: AffineTransform_float_3_3
Parameters: 0.999999 -0.00171964 0.000630023 0.00172336 0.999974 -0.00698193 -0.000617982 0.00698308 0.999976 0.018857 0.171917 -0.0113328
FixedParameters: 0 0 0

#Transform 197
Transform: AffineTransform_float_3_3
Parameters: 0.999998 -0.00193845 0.000672279 0.00194255 0.999974 -0.00684171 -0.000658725 0.00684229 0.999977 0.022556 0.162856 0.0125272
FixedParameters: 0 0 0

#Transform 198
Transform: AffineTransform_float_3_3
Parameters: 0.999999 -0.00171708 0.000724766 0.00172292 0.999975 -0.00684177 -0.00071323 0.00684224 0.999977 0.0182663 0.176525 0.0218021
FixedParameters: 0 0 0

#Transform 199
Transform: AffineTransform_float_3_3
Parameters: 0.999998 -0.00181996 0.000564187 0.00182403 0.999972 -0.00723698 -0.000550813 0.00723801 0.999973 0.0198931 0.185733 0.0123031
FixedParameters: 0 0 0

#Transform 200
Transform: AffineTransform_float_3_3
Parameters: 0.999999 -0.00167342 0.000796818 0.00167858 0.999973 -0.00704967 -0.000785185 0.00705132 0.999975 0.0161861 0.199707 0.0217523
FixedParameters: 0 0 0

#Transform 201
Transform: AffineTransform_float_3_3
Parameters: 0.999999 -0.00144313 0.000555161 0.00144687 0.999974 -0.00703121 -0.00054584 0.0070318 0.999975 0.0144863 0.174181 0.0208014
FixedParameters: 0 0 0

#Transform 202
Transform: AffineTransform_float_3_3
Parameters: 0.999998 -0.00155723 0.000525306 0.00156077 0.999972 -0.00725118 -0.000514695 0.0072518 0.999973 0.0173998 0.192141 0.0294239
FixedParameters: 0 0 0

#Transform 203
Transform: AffineTransform_float_3_3
Parameters: 0.999999 -0.00147186 0.000441604 0.00147514 0.999973 -0.00719636 -0.000431394 0.00719764 0.999974 0.0198865 0.179649 0.0301006
FixedParameters: 0 0 0

#Transform 204
Transform: AffineTransform_float_3_3
Parameters: 0.999999 -0.00157851 0.000923195 0.00158549 0.999973 -0.00707654 -0.000911803 0.00707745 0.999974 0.0161613 0.18879 0.0317055
FixedParameters: 0 0 0

#Transform 205
Transform: AffineTransform_float_3_3
Parameters: 0.999999 -0.00160161 0.000793978 0.0016064 0.999976 -0.00684174 -0.000783028 0.00684227 0.999977 0.0144359 0.177111 0.0409156
FixedParameters: 0 0 0

#Transform 206
Transform: AffineTransform_float_3_3
Parameters: 0.999998 -0.00172759 0.000771234 0.00173241 0.999973 -0.00706967 -0.00075977 0.00707132 0.999974 0.0188304 0.183787 0.0160183
FixedParameters: 0 0 0

#Transform 207
Transform: AffineTransform_float_3_3
Parameters: 0.999998 -0.00145313 0.00083727 0.00145887 0.999974 -0.00705279 -0.00082773 0.00705421 0.999975 0.0144586 0.160049 0.00635882
FixedParameters: 0 0 0

#Transform 208
Transform: AffineTransform_float_3_3
Parameters: 0.999998 -0.00166261 0.000911746 0.00166838 0.999974 -0.00705049 -0.000899259 0.0070515 0.999974 0.0175577 0.1687 0.0266642
FixedParameters: 0 0 0

#Transform 209
Transform: AffineTransform_float_3_3
Parameters: 0.999998 -0.00162817 0.000532845 0.00163283 0.999973 -0.00726615 -0.000521149 0.00726686 0.999974 0.0161452 0.178246 0.0216386
FixedParameters: 0 0 0

#Transform 210
Transform: AffineTransform_float_3_3
Parameters: 0.999998 -0.0014729 0.000716569 0.00147809 0.999974 -0.00716295 -0.00070543 0.00716405 0.999974 0.0185548 0.18248 0.0175648
FixedParameters: 0 0 0

#Transform 211
Transform: AffineTransform_float_3_3
Parameters: 0.999999 -0.00162003 0.000832711 0.00162597 0.999972 -0.00721465 -0.000821289 0.00721634 0.999973 0.0164185 0.193088 0.0417037
FixedParameters: 0 0 0

#Transform 212
Transform: AffineTransform_float_3_3
Parameters: 0.999998 -0.00153708 0.00052658 0.00154191 0.99997 -0.00752419 -0.000514412 0.00752479 0.999971 0.0175628 0.197568 0.0173672
FixedParameters: 0 0 0

#Transform 213
Transform: AffineTransform_float_3_3
Parameters: 0.999998 -0.00175473 0.000658215 0.00175926 0.999965 -0.00808785 -0.000643791 0.00808914 0.999967 0.0297418 0.204234 0.0195316
FixedParameters: 0 0 0

#Transform 214
Transform: AffineTransform_float_3_3
Parameters: 0.999998 -0.00184704 0.000382601 0.00184996 0.999967 -0.0078983 -0.000367398 0.00789969 0.999968 0.0296681 0.195812 0.0304427
FixedParameters: 0 0 0

#Transform 215
Transform: AffineTransform_float_3_3
Parameters: 0.999999 -0.00162606 0.000618145 0.00163094 0.999966 -0.00807101 -0.000604856 0.008072 0.999967 0.0246768 0.182272 0.0113454
FixedParameters: 0 0 0

#Transform 216
Transform: AffineTransform_float_3_3
Parameters: 0.999999 -0.0016729 0.000519396 0.0016771 0.999966 -0.00799714 -0.000505604 0.00799785 0.999968 0.0200135 0.163806 0.00234098
FixedParameters: 0 0 0

#Transform 217
Transform: AffineTransform_float_3_3
Parameters: 0.999999 -0.00157545 0.000753716 0.00158055 0.999971 -0.00742282 -0.000742288 0.00742418 0.999972 0.0203893 0.161462 -0.00407514
FixedParameters: 0 0 0

#Transform 218
Transform: AffineTransform_float_3_3
Parameters: 0.999998 -0.00155397 0.000772251 0.00156003 0.999968 -0.0078678 -0.000759748 0.00786919 0.999968 0.0183737 0.178249 0.0163478
FixedParameters: 0 0 0

#Transform 219
Transform: AffineTransform_float_3_3
Parameters: 0.999999 -0.00163366 0.000562753 0.00163833 0.999969 -0.0077951 -0.000549246 0.00779591 0.99997 0.0152239 0.185489 0.0194449
FixedParameters: 0 0 0

#Transform 220
Transform: AffineTransform_float_3_3
Parameters: 0.999999 -0.00140431 0.000666955 0.00140869 0.999974 -0.00707707 -0.000657046 0.00707793 0.999974 0.0165498 0.195795 -5.59729e-05
FixedParameters: 0 0 0

#Transform 221
Transform: AffineTransform_float_3_3
Parameters: 0.999998 -0.00160803 0.0005263 0.00161198 0.99997 -0.00763916 -0.0005147 0.00763984 0.99997 0.0200224 0.183416 0.0180119
FixedParameters: 0 0 0

#Transform 222
Transform: AffineTransform_float_3_3
Parameters: 0.999999 -0.00164528 0.000733964 0.00165172 0.999967 -0.0078648 -0.000721031 0.0078662 0.999969 0.020105 0.181844 0.0167149
FixedParameters: 0 0 0

#Transform 223
Transform: AffineTransform_float_3_3
Parameters: 0.999998 -0.00154625 0.000642561 0.00155076 0.999971 -0.00746501 -0.00063144 0.00746599 0.999972 0.0186568 0.182551 0.0202329
FixedParameters: 0 0 0

#Transform 224
Transform: AffineTransform_float_3_3
Parameters: 0.999998 -0.00144928 0.000733419 0.00145473 0.999968 -0.00786294 -0.000722583 0.00786406 0.999969 0.0157197 0.193283 0.0134682
FixedParameters: 0 0 0

#Transform 225
Transform: AffineTransform_float_3_3
Parameters: 0.999999 -0.00162173 0.000860914 0.00162727 0.999972 -0.00733161 -0.000849091 0.00733339 0.999973 0.0185669 0.190374 -0.00565013
FixedParameters: 0 0 0

#Transform 226
Transform: AffineTransform_float_3_3
Parameters: 0.999999 -0.00162703 0.000658407 0.00163197 0.999969 -0.00761293 -0.000646594 0.00761406 0.999971 0.0151598 0.183308 0.00918789
FixedParameters: 0 0 0

#Transform 227
Transform: AffineTransform_float_3_3
Parameters: 0.999998 -0.00161705 0.000646521 0.00162295 0.999969 -0.00773096 -0.000634471 0.00773204 0.99997 0.0199011 0.17174 0.0167895
FixedParameters: 0 0 0

#Transform 228
Transform: AffineTransform_float_3_3
Parameters: 0.999999 -0.00164132 0.000611702 0.00164667 0.999969 -0.007727 -0.000598293 0.00772799 0.99997 0.0191391 0.183614 0.0201843
FixedParameters: 0 0 0

#Transform 229
Transform: AffineTransform_float_3_3
Parameters: 0.999999 -0.00139251 0.000703972 0.00139749 0.999968 -0.00786303 -0.000693032 0.00786397 0.999969 0.0151416 0.163454 -0.0121167
FixedParameters: 0 0 0

#Transform 230
Transform: AffineTransform_float_3_3
Parameters: 0.999999 -0.00132848 0.000854218 0.00133551 0.999969 -0.00767187 -0.000843778 0.00767313 0.99997 0.0141975 0.162173 -0.00861158
FixedParameters: 0 0 0

#Transform 231
Transform: AffineTransform_float_3_3
Parameters: 0.999998 -0.00163366 0.000444444 0.00163734 0.999969 -0.00760928 -0.000432552 0.00761071 0.999971 0.0195034 0.18301 0.0436703
FixedParameters: 0 0 0

#Transform 232
Transform: AffineTransform_float_3_3
Parameters: 0.999999 -0.00120474 0.000692236 0.00121027 0.99997 -0.00764917 -0.000683763 0.00764984 0.999971 0.0164801 0.183231 0.0330989
FixedParameters: 0 0 0

#Transform 233
Transform: AffineTransform_float_3_3
Parameters: 0.999999 -0.00120444 0.00072236 0.00121056 0.999969 -0.00775313 -0.000712635 0.00775387 0.999969 0.0173755 0.183738 0.0253877
FixedParameters: 0 0 0

#Transform 234
Transform: AffineTransform_float_3_3
Parameters: 0.999999 -0.00150877 0.000435342 0.00151222 0.99997 -0.00750935 -0.000423656 0.00750964 0.999971 0.0195497 0.200075 0.0185382
FixedParameters: 0 0 0

#Transform 235
Transform: AffineTransform_float_3_3
Parameters: 0.999998 -0.00157397 0.000538911 0.00157803 0.99997 -0.00755716 -0.000527089 0.00755784 0.999972 0.0127519 0.187051 0.0165367
FixedParameters: 0 0 0

#Transform 236
Transform: AffineTransform_float_3_3
Parameters: 0.999998 -0.00155385 0.000710372 0.00155915 0.999972 -0.0073059 -0.000698626 0.0073071 0.999973 0.0170399 0.191647 0.00736993
FixedParameters: 0 0 0

#Transform 237
Transform: AffineTransform_float_3_3
Parameters: 0.999998 -0.00157923 0.000624214 0.00158377 0.999969 -0.00772202 -0.000611787 0.00772298 0.99997 0.0194319 0.201102 0.0144428
FixedParameters: 0 0 0

#Transform 238
Transform: AffineTransform_float_3_3
Parameters: 0.999999 -0.00120385 0.000800331 0.00121015 0.99997 -0.00773104 -0.000790667 0.00773196 0.99997 0.013095 0.20121 0.00916276
FixedParameters: 0 0 0

#Transform 239
Transform: AffineTransform_float_3_3
Parameters: 0.999998 -0.00143317 0.000733499 0.00143883 0.999967 -0.00800695 -0.000722501 0.00800804 0.999967 0.0171774 0.184598 0.010711
FixedParameters: 0 0 0

#Transform 240
Transform: AffineTransform_float_3_3
Parameters: 0.999998 -0.00157167 0.000567132 0.00157532 0.999969 -0.00770812 -0.000554871 0.00770988 0.99997 0.0162636 0.189362 0.0133494
FixedParameters: 0 0 0

#Transform 241
Transform: AffineTransform_float_3_3
Parameters: 0.999998 -0.00154439 0.000702474 0.00155062 0.999967 -0.00806193 -0.00069052 0.00806308 0.999968 0.0175087 0.182116 0.0136002
FixedParameters: 0 0 0

#Transform 242
Transform: AffineTransform_float_3_3
Parameters: 0.999999 -0.00163943 0.00073751 0.00164457 0.999969 -0.00761679 -0.000724493 0.0076182 0.99997 0.0196917 0.17719 -0.00225734
FixedParameters: 0 0 0

#Transform 243
Transform: AffineTransform_float_3_3
Parameters: 0.999999 -0.00169211 0.000489659 0.0016959 0.999966 -0.00806219 -0.000476343 0.00806282 0.999968 0.0178565 0.174161 0.0104773
FixedParameters: 0 0 0

#Transform 244
Transform: AffineTransform_float_3_3
Parameters: 0.999999 -0.00167449 0.000716018 0.00168051 0.999969 -0.00776081 -0.000702978 0.00776219 0.999969 0.019014 0.171861 0.0233571
FixedParameters: 0 0 0

#Transform 245
Transform: AffineTransform_float_3_3
Parameters: 0.999998 -0.00162543 0.000573124 0.00162957 0.999966 -0.00806208 -0.00055988 0.00806293 0.999968 0.0163817 0.202616 0.0133388
FixedParameters: 0 0 0

#Transform 246
Transform: AffineTransform_float_3_3
Parameters: 0.999998 -0.00149925 0.000719111 0.00150475 0.999967 -0.00806193 -0.000706891 0.00806308 0.999967 0.0126293 0.202559 0.0189315
FixedParameters: 0 0 0

#Transform 247
Transform: AffineTransform_float_3_3
Parameters: 0.999998 -0.00155061 0.00055052 0.00155539 0.999967 -0.00806216 -0.000538477 0.00806285 0.999968 0.017197 0.202514 0.0255649
FixedParameters: 0 0 0

#Transform 248
Transform: AffineTransform_float_3_3
Parameters: 0.999998 -0.0015411 0.000738449 0.00154691 0.999967 -0.00806187 -0.000726551 0.00806314 0.999967 0.0190318 0.202486 0.033314
FixedParameters: 0 0 0

#Transform 249
Transform: AffineTransform_float_3_3
Parameters: 0.999998 -0.001555 0.000639292 0.00155999 0.999967 -0.00789201 -0.000626707 0.00789298 0.999968 0.0193741 0.201647 0.0297529
FixedParameters: 0 0 0

#Transform 250
Transform: AffineTransform_float_3_3
Parameters: 0.999998 -0.0017849 0.000622807 0.00179009 0.999964 -0.0082829 -0.000607193 0.0082841 0.999966 0.0214486 0.203593 0.0178709
FixedParameters: 0 0 0

#Transform 251
Transform: AffineTransform_float_3_3
Parameters: 0.999999 -0.00164291 0.000508414 0.0016461 0.999966 -0.00815418 -0.000495594 0.00815483 0.999966 0.0206508 0.186056 0.023689
FixedParameters: 0 0 0

#Transform 252
Transform: AffineTransform_float_3_3
Parameters: 0.999999 -0.00164208 0.000585004 0.00164692 0.999963 -0.00851505 -0.000570996 0.00851595 0.999963 0.0208024 0.204467 0.0174782
FixedParameters: 0 0 0

#Transform 253
Transform: AffineTransform_float_3_3
Parameters: 0.999998 -0.00181308 0.00058643 0.00181792 0.999962 -0.00849795 -0.000570571 0.00849905 0.999963 0.0219986 0.184127 0.0351299
FixedParameters: 0 0 0

#Transform 254
Transform: AffineTransform_float_3_3
Parameters: 0.999999 -0.00164152 0.000641224 0.00164648 0.999961 -0.00864996 -0.000626781 0.00865105 0.999963 0.0180012 0.197253 0.0290186
FixedParameters: 0 0 0

#Transform 255
Transform: AffineTransform_float_3_3
Parameters: 0.999999 -0.00164116 0.000675384 0.00164685 0.999961 -0.00874791 -0.000661618 0.00874911 0.999962 0.0175499 0.205407 0.027702
FixedParameters: 0 0 0

#Transform 256
Transform: AffineTransform_float_3_3
Parameters: 0.999999 -0.00164079 0.000764481 0.00164621 0.999965 -0.00819976 -0.000750526 0.00820125 0.999966 0.0196777 0.203037 0.0353276
FixedParameters: 0 0 0

#Transform 257
Transform: AffineTransform_float_3_3
Parameters: 0.999999 -0.00164108 0.000684384 0.00164693 0.999961 -0.00874789 -0.000670618 0.00874912 0.999962 0.018758 0.205202 0.0484674
FixedParameters: 0 0 0

#Transform 258
Transform: AffineTransform_float_3_3
Parameters: 0.999999 -0.00164094 0.00073273 0.00164606 0.999964 -0.0083508 -0.000718278 0.00835219 0.999965 0.0188948 0.187745 0.0538742
FixedParameters: 0 0 0

#Transform 259
Transform: AffineTransform_float_3_3
Parameters: 0.999999 -0.00164186 0.000595387 0.00164615 0.999961 -0.00874803 -0.000581621 0.00874897 0.999961 0.0190317 0.205297 0.048423
FixedParameters: 0 0 0

#Transform 260
Transform: AffineTransform_float_3_3
Parameters: 0.999998 -0.00164268 0.00050139 0.00164632 0.999961 -0.00874819 -0.000486616 0.00874881 0.999961 0.0178739 0.223683 0.0395017
FixedParameters: 0 0 0

#Transform 261
Transform: AffineTransform_float_3_3
Parameters: 0.999998 -0.00153836 0.000745956 0.00154564 0.999946 -0.0103459 -0.000730047 0.0103471 0.999946 0.0187498 0.239209 0.0220444
FixedParameters: 0 0 0

#Transform 262
Transform: AffineTransform_float_3_3
Parameters: 0.999999 -0.0017074 0.000597183 0.0017146 0.999915 -0.012962 -0.000574823 0.012963 0.999916 0.0271423 0.124609 0.0964674
FixedParameters: 0 0 0

#Transform 263
Transform: AffineTransform_float_3_3
Parameters: 0.999998 -0.00208175 0.000332743 0.00208625 0.999909 -0.0133123 -0.000305254 0.0133127 0.999912 0.0321524 0.251957 0.0326617
FixedParameters: 0 0 0

#Transform 264
Transform: AffineTransform_float_3_3
Parameters: 0.999997 -0.00215113 0.000525948 0.00215787 0.999908 -0.0134349 -0.000497052 0.0134361 0.999909 0.031924 0.192035 0.0216057
FixedParameters: 0 0 0

#Transform 265
Transform: AffineTransform_float_3_3
Parameters: 0.999998 -0.0018868 0.000691794 0.0018952 0.999925 -0.0120537 -0.000669203 0.0120553 0.999927 0.0239429 0.184221 0.00162426
FixedParameters: 0 0 0

#Transform 266
Transform: AffineTransform_float_3_3
Parameters: 0.999999 -0.00163951 0.000638568 0.00164649 0.999928 -0.011907 -0.000619438 0.011908 0.999929 0.0216375 0.194167 0.0164542
FixedParameters: 0 0 0

#Transform 267
Transform: AffineTransform_float_3_3
Parameters: 0.999998 -0.00164263 0.000371858 0.00164637 0.999926 -0.0120724 -0.00035215 0.0120726 0.999927 0.0247047 0.187947 0.000708429
FixedParameters: 0 0 0

#Transform 268
Transform: AffineTransform_float_3_3
Parameters: 0.999999 -0.00164026 0.000579444 0.00164675 0.999928 -0.0118291 -0.000560559 0.0118299 0.99993 0.0223957 0.189277 -0.00778605
FixedParameters: 0 0 0

#Transform 269
Transform: AffineTransform_float_3_3
Parameters: 0.999999 -0.00168807 0.000746537 0.00169794 0.999925 -0.0121328 -0.000726452 0.0121342 0.999926 0.0221611 0.185901 -5.38753e-05
FixedParameters: 0 0 0

#Transform 270
Transform: AffineTransform_float_3_3
Parameters: 0.999998 -0.00193255 0.000625508 0.00194046 0.999925 -0.0121398 -0.000602486 0.0121412 0.999926 0.0234372 0.212422 -0.0164227
FixedParameters: 0 0 0

#Transform 271
Transform: AffineTransform_float_3_3
Parameters: 0.999998 -0.00209474 0.000767766 0.00210427 0.999923 -0.0122714 -0.000742233 0.0122726 0.999925 0.0237022 0.237487 -0.0182449
FixedParameters: 0 0 0

#Transform 272
Transform: AffineTransform_float_3_3
Parameters: 0.999998 -0.00203251 0.00056392 0.00203849 0.999929 -0.0117489 -0.000540086 0.0117501 0.999931 0.0228207 0.181785 0.0483004
FixedParameters: 0 0 0

#Transform 273
Transform: AffineTransform_float_3_3
Parameters: 0.999997 -0.00215361 0.000520202 0.00216039 0.999918 -0.0126109 -0.000492793 0.0126121 0.999921 0.0267289 0.199322 0.0700633
FixedParameters: 0 0 0

#Transform 274
Transform: AffineTransform_float_3_3
Parameters: 0.999998 -0.0018519 0.000667909 0.0018601 0.999922 -0.0123428 -0.000645089 0.0123442 0.999923 0.0242964 0.213846 0.058881
FixedParameters: 0 0 0

#Transform 275
Transform: AffineTransform_float_3_3
Parameters: 0.999998 -0.00218253 0.000728875 0.00219146 0.999927 -0.0118314 -0.000702118 0.0118336 0.999929 0.0239774 0.213033 0.0393834
FixedParameters: 0 0 0

#Transform 276
Transform: AffineTransform_float_3_3
Parameters: 0.999998 -0.00194278 0.000706037 0.00195023 0.999928 -0.0118316 -0.000683971 0.0118334 0.99993 0.0244365 0.210761 0.0243876
FixedParameters: 0 0 0

#Transform 277
Transform: AffineTransform_float_3_3
Parameters: 0.999998 -0.00187974 0.000531647 0.00188626 0.999926 -0.012027 -0.00050935 0.012028 0.999927 0.0243487 0.213395 0.0506603
FixedParameters: 0 0 0

#Transform 278
Transform: AffineTransform_float_3_3
Parameters: 0.999997 -0.00200488 0.000759517 0.00201412 0.999923 -0.0121995 -0.000735481 0.0122015 0.999926 0.0251943 0.223917 0.0477931
FixedParameters: 0 0 0

#Transform 279
Transform: AffineTransform_float_3_3
Parameters: 0.999998 -0.00192727 0.000844563 0.00193674 0.99993 -0.0116764 -0.000822441 0.0116776 0.999932 0.0242467 0.22176 0.0427489
FixedParameters: 0 0 0

#Transform 280
Transform: AffineTransform_float_3_3
Parameters: 0.999998 -0.00183033 0.000505032 0.00183568 0.999932 -0.0114721 -0.000484972 0.0114729 0.999934 0.0206152 0.220869 0.0392291
FixedParameters: 0 0 0

#Transform 281
Transform: AffineTransform_float_3_3
Parameters: 0.999998 -0.00164303 0.000359654 0.00164698 0.999935 -0.0113394 -0.000341344 0.0113406 0.999935 0.0197821 0.204322 0.0672535
FixedParameters: 0 0 0

#Transform 282
Transform: AffineTransform_float_3_3
Parameters: 0.999998 -0.00164271 0.000374342 0.00164628 0.99993 -0.0117584 -0.000354665 0.0117596 0.999931 0.0166979 0.221926 0.0615023
FixedParameters: 0 0 0

#Transform 283
Transform: AffineTransform_float_3_3
Parameters: 0.999999 -0.00181992 0.000361222 0.00182409 0.99993 -0.0116474 -0.000340777 0.0116476 0.999932 0.0181398 0.204668 0.075857
FixedParameters: 0 0 0

#Transform 284
Transform: AffineTransform_float_3_3
Parameters: 0.999998 -0.00185087 0.000368368 0.00185512 0.999932 -0.0115313 -0.000346629 0.0115327 0.999934 0.0173584 0.206228 0.0824943
FixedParameters: 0 0 0

#Transform 285
Transform: AffineTransform_float_3_3
Parameters: 0.999998 -0.00201245 0.000323898 0.00201555 0.999934 -0.0113674 -0.000301106 0.0113686 0.999936 0.0209679 0.212875 0.0661093
FixedParameters: 0 0 0

#Transform 286
Transform: AffineTransform_float_3_3
Parameters: 0.999998 -0.00186221 0.000511562 0.00186878 0.999932 -0.0115601 -0.000489429 0.0115609 0.999933 0.0184445 0.231151 0.0748695
FixedParameters: 0 0 0

#Transform 287
Transform: AffineTransform_float_3_3
Parameters: 0.999999 -0.00182138 0.000406281 0.00182563 0.999931 -0.0116683 -0.000385724 0.0116687 0.999932 0.0136347 0.241212 0.062072
FixedParameters: 0 0 0

#Transform 288
Transform: AffineTransform_float_3_3
Parameters: 0.999998 -0.00198652 0.000492653 0.00199149 0.999933 -0.011387 -0.000470352 0.011388 0.999935 0.0233874 0.219097 0.0812385
FixedParameters: 0 0 0

#Transform 289
Transform: AffineTransform_float_3_3
Parameters: 0.999998 -0.00204524 0.000428381 0.00204976 0.999932 -0.0114181 -0.000405621 0.0114188 0.999934 0.0219658 0.222377 0.0976896
FixedParameters: 0 0 0

#Transform 290
Transform: AffineTransform_float_3_3
Parameters: 0.999999 -0.00178976 0.000488626 0.00179524 0.999939 -0.0109491 -0.000468371 0.0109499 0.99994 0.0191503 0.218515 0.0932781
FixedParameters: 0 0 0

#Transform 291
Transform: AffineTransform_float_3_3
Parameters: 0.999998 -0.00187262 0.000501534 0.00187739 0.999939 -0.0109491 -0.000481473 0.0109499 0.99994 0.0226135 0.208491 0.0957468
FixedParameters: 0 0 0

#Transform 292
Transform: AffineTransform_float_3_3
Parameters: 0.999998 -0.00191004 0.000539554 0.00191595 0.999934 -0.011266 -0.000517447 0.011267 0.999937 0.0201957 0.211234 0.106564
FixedParameters: 0 0 0

#Transform 293
Transform: AffineTransform_float_3_3
Parameters: 0.999999 -0.00164103 0.00053468 0.00164696 0.999934 -0.0113611 -0.000515322 0.0113619 0.999936 0.0160683 0.237028 0.0975162
FixedParameters: 0 0 0

#Transform 294
Transform: AffineTransform_float_3_3
Parameters: 0.999999 -0.0017584 0.000578459 0.00176559 0.999931 -0.011612 -0.000557535 0.011613 0.999933 0.0179421 0.231309 0.0860157
FixedParameters: 0 0 0

#Transform 295
Transform: AffineTransform_float_3_3
Parameters: 0.999998 -0.00185725 0.000416758 0.00186174 0.99993 -0.0116992 -0.000394246 0.0116998 0.999932 0.0194964 0.211523 0.092141
FixedParameters: 0 0 0

#Transform 296
Transform: AffineTransform_float_3_3
Parameters: 0.999998 -0.00195465 0.00046985 0.00196035 0.99993 -0.0116731 -0.000447146 0.0116739 0.999932 0.0236118 0.216532 0.111625
FixedParameters: 0 0 0

#Transform 297
Transform: AffineTransform_float_3_3
Parameters: 0.999998 -0.00191272 0.000484339 0.00191727 0.999936 -0.0111401 -0.000462667 0.0111419 0.999938 0.015278 0.221676 0.09977
FixedParameters: 0 0 0

#Transform 298
Transform: AffineTransform_float_3_3
Parameters: 0.999999 -0.00163967 0.000636227 0.00164633 0.99993 -0.011699 -0.000616781 0.0117 0.999932 0.016097 0.222488 0.0957182
FixedParameters: 0 0 0

#Transform 299
Transform: AffineTransform_float_3_3
Parameters: 0.999998 -0.00164053 0.00053333 0.00164648 0.999922 -0.0123671 -0.000513677 0.0123679 0.999924 0.0155898 0.244058 0.0733422
FixedParameters: 0 0 0

#Transform 300
Transform: AffineTransform_float_3_3
Parameters: 0.999999 -0.00163531 0.000894708 0.0016467 0.999911 -0.0132256 -0.000873298 0.0132265 0.999912 0.0171347 0.191011 0.161341
FixedParameters: 0 0 0

#Transform 301
Transform: AffineTransform_float_3_3
Parameters: 0.999999 -0.00163584 0.000872264 0.00164616 0.999914 -0.0129536 -0.000850748 0.0129544 0.999915 0.0223079 0.190663 0.0989378
FixedParameters: 0 0 0

#Transform 302
Transform: AffineTransform_float_3_3
Parameters: 0.999998 -0.00188888 0.00083431 0.00189912 0.999923 -0.0123064 -0.000810689 0.0123076 0.999924 0.0204409 0.206485 0.124498
FixedParameters: 0 0 0

#Transform 303
Transform: AffineTransform_float_3_3
Parameters: 0.999998 -0.00186485 0.000839915 0.00187515 0.999923 -0.0122534 -0.000817081 0.0122555 0.999924 0.0223272 0.222503 0.127954
FixedParameters: 0 0 0

#Transform 304
Transform: AffineTransform_float_3_3
Parameters: 0.999997 -0.00211785 0.00104605 0.00213115 0.999916 -0.0127328 -0.00101894 0.0127352 0.999919 0.0203182 0.233552 0.11062
FixedParameters: 0 0 0

#Transform 305
Transform: AffineTransform_float_3_3
Parameters: 0.999997 -0.00184647 0.00105602 0.00185953 0.999915 -0.0129611 -0.00103198 0.0129629 0.999916 0.0191111 0.222856 0.10732
FixedParameters: 0 0 0

#Transform 306
Transform: AffineTransform_float_3_3
Parameters: 0.999997 -0.00206291 0.00124016 0.00207909 0.999912 -0.0131145 -0.00121283 0.0131175 0.999913 0.0209762 0.208969 0.104877
FixedParameters: 0 0 0

#Transform 307
Transform: AffineTransform_float_3_3
Parameters: 0.999997 -0.00199914 0.000910234 0.00200985 0.999925 -0.0120882 -0.000885766 0.0120908 0.999927 0.0171328 0.194838 0.143139
FixedParameters: 0 0 0

#Transform 308
Transform: AffineTransform_float_3_3
Parameters: 0.999998 -0.00188792 0.000910343 0.00189908 0.999922 -0.0123273 -0.000886653 0.0123297 0.999923 0.0179606 0.226948 0.15983
FixedParameters: 0 0 0

#Transform 309
Transform: AffineTransform_float_3_3
Parameters: 0.999998 -0.00193854 0.000860958 0.00194846 0.999922 -0.0123243 -0.000837047 0.0123266 0.999923 0.0196567 0.237222 0.157039
FixedParameters: 0 0 0

#Transform 310
Transform: AffineTransform_float_3_3
Parameters: 0.999998 -0.00182862 0.000939494 0.00184039 0.999923 -0.0122613 -0.000917501 0.0122637 0.999925 0.0152325 0.229657 0.141053
FixedParameters: 0 0 0

#Transform 311
Transform: AffineTransform_float_3_3
Parameters: 0.999998 -0.00193787 0.000739393 0.00194613 0.99992 -0.0125566 -0.000714617 0.0125584 0.999921 0.0190933 0.236228 0.152655
FixedParameters: 0 0 0

#Transform 312
Transform: AffineTransform_float_3_3
Parameters: 0.999999 -0.00163723 0.000781809 0.00164678 0.999919 -0.0126707 -0.000761194 0.0126723 0.99992 0.00901628 0.230178 0.145001
FixedParameters: 0 0 0

#Transform 313
Transform: AffineTransform_float_3_3
Parameters: 0.999999 -0.00163629 0.000844098 0.00164671 0.999916 -0.0128506 -0.000822905 0.0128524 0.999917 0.015048 0.232558 0.15208
FixedParameters: 0 0 0

#Transform 314
Transform: AffineTransform_float_3_3
Parameters: 0.999998 -0.00184804 0.000804294 0.00185796 0.99992 -0.0125695 -0.000780705 0.0125715 0.99992 0.0155895 0.216077 0.153117
FixedParameters: 0 0 0

#Transform 315
Transform: AffineTransform_float_3_3
Parameters: 0.999998 -0.00191612 0.000802999 0.00192588 0.99992 -0.0124915 -0.000779003 0.0124925 0.999921 0.0188473 0.215663 0.154153
FixedParameters: 0 0 0

#Transform 316
Transform: AffineTransform_float_3_3
Parameters: 0.999998 -0.00177558 0.000775924 0.00178442 0.999922 -0.0123136 -0.000754083 0.0123154 0.999924 0.0176834 0.220885 0.173925
FixedParameters: 0 0 0

#Transform 317
Transform: AffineTransform_float_3_3
Parameters: 0.999997 -0.00202325 0.000857807 0.00203375 0.999917 -0.0127203 -0.000832196 0.0127217 0.999918 0.0210921 0.239756 0.151275
FixedParameters: 0 0 0

#Transform 318
Transform: AffineTransform_float_3_3
Parameters: 0.999998 -0.00188467 0.000807545 0.00189532 0.999914 -0.0129865 -0.00078245 0.0129885 0.999916 0.0183012 0.236555 0.147453
FixedParameters: 0 0 0

#Transform 319
Transform: AffineTransform_float_3_3
Parameters: 0.999997 -0.00223275 0.000726086 0.00224125 0.999913 -0.0129984 -0.000696923 0.0130006 0.999915 0.0211705 0.238974 0.147386
FixedParameters: 0 0 0

#Transform 320
Transform: AffineTransform_float_3_3
Parameters: 0.999998 -0.00217957 0.000800981 0.00219043 0.999909 -0.0132633 -0.000772012 0.0132657 0.999911 0.0216176 0.23988 0.154876
FixedParameters: 0 0 0

#Transform 321
Transform: AffineTransform_float_3_3
Parameters: 0.999998 -0.00210323 0.00090002 0.00211477 0.99991 -0.0132831 -0.000871983 0.0132859 0.999912 0.0232265 0.240392 0.134056
FixedParameters: 0 0 0

#Transform 322
Transform: AffineTransform_float_3_3
Parameters: 0.999997 -0.00204008 0.000682268 0.00204891 0.999909 -0.0133356 -0.000654732 0.0133374 0.999911 0.0229725 0.233786 0.142419
FixedParameters: 0 0 0

#Transform 323
Transform: AffineTransform_float_3_3
Parameters: 0.999998 -0.00210712 0.000738819 0.00211687 0.999904 -0.0136435 -0.000709184 0.0136445 0.999906 0.0242169 0.21876 0.128685
FixedParameters: 0 0 0

#Transform 324
Transform: AffineTransform_float_3_3
Parameters: 0.999998 -0.00163348 0.000989676 0.00164653 0.999903 -0.0138234 -0.000967331 0.0138246 0.999904 0.0138363 0.198947 0.124509
FixedParameters: 0 0 0

#Transform 325
Transform: AffineTransform_float_3_3
Parameters: 0.999998 -0.00176764 0.000962946 0.00178036 0.999899 -0.0140583 -0.000938061 0.0140607 0.9999 0.0147935 0.213542 0.111774
FixedParameters: 0 0 0

#Transform 326
Transform: AffineTransform_float_3_3
Parameters: 0.999998 -0.00179764 0.000940971 0.00181036 0.999895 -0.0143923 -0.000915037 0.0143947 0.999896 0.0174296 0.212829 0.100959
FixedParameters: 0 0 0

#Transform 327
Transform: AffineTransform_float_3_3
Parameters: 0.999997 -0.00191825 0.000999826 0.00193175 0.999901 -0.0139331 -0.000973178 0.0139349 0.999903 0.0204014 0.197234 0.113866
FixedParameters: 0 0 0

#Transform 328
Transform: AffineTransform_float_3_3
Parameters: 0.999997 -0.00188356 0.00103571 0.00189845 0.999899 -0.0141251 -0.00100928 0.0141269 0.999899 0.0173865 0.207301 0.113042
FixedParameters: 0 0 0

#Transform 329
Transform: AffineTransform_float_3_3
Parameters: 0.999997 -0.00193155 0.00101305 0.00194645 0.999893 -0.0144651 -0.000984945 0.0144669 0.999895 0.0172274 0.22482 0.10728
FixedParameters: 0 0 0

#Transform 330
Transform: AffineTransform_float_3_3
Parameters: 0.999997 -0.00196366 0.000988998 0.00197834 0.99989 -0.0147121 -0.000959995 0.0147149 0.999892 0.0210274 0.231597 0.122615
FixedParameters: 0 0 0

#Transform 331
Transform: AffineTransform_float_3_3
Parameters: 0.999997 -0.00224035 0.000819574 0.00225166 0.999893 -0.0145002 -0.000787431 0.0145018 0.999894 0.0263747 0.232658 0.132605
FixedParameters: 0 0 0

#Transform 332
Transform: AffineTransform_float_3_3
Parameters: 0.999997 -0.00220807 0.00112871 0.00222393 0.999895 -0.0143085 -0.00109729 0.0143115 0.999897 0.0205808 0.229526 0.107187
FixedParameters: 0 0 0

#Transform 333
Transform: AffineTransform_float_3_3
Parameters: 0.999998 -0.00201742 0.00108644 0.00203359 0.999893 -0.0145368 -0.00105755 0.0145392 0.999893 0.0214681 0.228683 0.0932642
FixedParameters: 0 0 0

#Transform 334
Transform: AffineTransform_float_3_3
Parameters: 0.999998 -0.00194718 0.0011685 0.00196382 0.999892 -0.0145717 -0.0011395 0.0145743 0.999893 0.0225678 0.200998 0.09049
FixedParameters: 0 0 0

#Transform 335
Transform: AffineTransform_float_3_3
Parameters: 0.999998 -0.00200218 0.00109055 0.00201781 0.99989 -0.0147008 -0.00106045 0.0147032 0.999892 0.0239395 0.194531 0.10682
FixedParameters: 0 0 0

#Transform 336
Transform: AffineTransform_float_3_3
Parameters: 0.999997 -0.00220113 0.00117807 0.00221787 0.999892 -0.0145124 -0.00114593 0.0145146 0.999894 0.0229155 0.200719 0.103025
FixedParameters: 0 0 0

#Transform 337
Transform: AffineTransform_float_3_3
Parameters: 0.999997 -0.00207388 0.00118663 0.00209012 0.999904 -0.0137516 -0.00115737 0.0137534 0.999904 0.0181224 0.194434 0.135826
FixedParameters: 0 0 0

#Transform 338
Transform: AffineTransform_float_3_3
Parameters: 0.999998 -0.00209033 0.00105556 0.00210567 0.999898 -0.0140918 -0.00102643 0.0140942 0.9999 0.0168988 0.22303 0.111285
FixedParameters: 0 0 0

#Transform 339
Transform: AffineTransform_float_3_3
Parameters: 0.999998 -0.00163953 0.00059307 0.00164648 0.999916 -0.012821 -0.000572936 0.0128219 0.999917 0.0164736 0.207151 0.192909
FixedParameters: 0 0 0

#Transform 340
Transform: AffineTransform_float_3_3
Parameters: 0.999998 -0.00212086 0.000877915 0.00213314 0.999899 -0.0140632 -0.000848084 0.0140648 0.9999 0.0180388 0.314806 0.144038
FixedParameters: 0 0 0

#Transform 341
Transform: AffineTransform_float_3_3
Parameters: 0.999997 -0.00239988 0.000860662 0.00241012 0.99991 -0.013161 -0.00082935 0.013163 0.999913 0.0277023 0.252453 0.141818
FixedParameters: 0 0 0

#Transform 342
Transform: AffineTransform_float_3_3
Parameters: 0.999997 -0.0022414 0.00074936 0.0022506 0.999912 -0.0130694 -0.000719647 0.0130707 0.999915 0.0238016 0.246062 0.151605
FixedParameters: 0 0 0

#Transform 343
Transform: AffineTransform_float_3_3
Parameters: 0.999998 -0.00207744 0.0010122 0.00208956 0.999919 -0.0125699 -0.000985811 0.0125721 0.999921 0.0204962 0.241109 0.130943
FixedParameters: 0 0 0

#Transform 344
Transform: AffineTransform_float_3_3
Parameters: 0.999997 -0.00220516 0.000915073 0.00221784 0.999911 -0.013147 -0.000885917 0.013149 0.999913 0.0241248 0.253227 0.122912
FixedParameters: 0 0 0

#Transform 345
Transform: AffineTransform_float_3_3
Parameters: 0.999997 -0.00233045 0.000967801 0.00234354 0.999911 -0.0131798 -0.00093619 0.0131822 0.999912 0.0242984 0.225099 0.122033
FixedParameters: 0 0 0

#Transform 346
Transform: AffineTransform_float_3_3
Parameters: 0.999998 -0.00207415 0.000984538 0.00208686 0.99991 -0.013234 -0.000957465 0.013236 0.999912 0.019011 0.250199 0.121571
FixedParameters: 0 0 0

#Transform 347
Transform: AffineTransform_float_3_3
Parameters: 0.999998 -0.00207447 0.000966365 0.00208654 0.999912 -0.01315 -0.000939642 0.013152 0.999913 0.0222899 0.22478 0.139013
FixedParameters: 0 0 0

#Transform 348
Transform: AffineTransform_float_3_3
Parameters: 0.999996 -0.00248322 0.000824201 0.00249378 0.999908 -0.01334 -0.0007918 0.013342 0.99991 0.0280798 0.241524 0.148062
FixedParameters: 0 0 0

#Transform 349
Transform: AffineTransform_float_3_3
Parameters: 0.999998 -0.00207413 0.000986538 0.00208688 0.99991 -0.013234 -0.000959464 0.013236 0.999912 0.0201653 0.213135 0.162195
FixedParameters: 0 0 0

#Transform 350
Transform: AffineTransform_float_3_3
Parameters: 0.999998 -0.00207426 0.000963913 0.00208675 0.999908 -0.013414 -0.00093609 0.013416 0.999909 0.0169884 0.239233 0.163212
FixedParameters: 0 0 0

#Transform 351
Transform: AffineTransform_float_3_3
Parameters: 0.999997 -0.00251985 0.000934432 0.00253214 0.999909 -0.0132337 -0.000900566 0.0132363 0.999912 0.0284478 0.224882 0.154492
FixedParameters: 0 0 0

#Transform 352
Transform: AffineTransform_float_3_3
Parameters: 0.999997 -0.00236897 0.000924434 0.00238103 0.999909 -0.0132338 -0.000893565 0.0132362 0.999912 0.0200406 0.251107 0.165524
FixedParameters: 0 0 0

#Transform 353
Transform: AffineTransform_float_3_3
Parameters: 0.999997 -0.00220167 0.000917187 0.00221333 0.999904 -0.013671 -0.000886822 0.013673 0.999906 0.0228373 0.259402 0.157699
FixedParameters: 0 0 0

#Transform 354
Transform: AffineTransform_float_3_3
Parameters: 0.999996 -0.00240934 0.000925644 0.00242165 0.9999 -0.0139258 -0.000891359 0.0139282 0.999902 0.0248327 0.271804 0.158196
FixedParameters: 0 0 0

#Transform 355
Transform: AffineTransform_float_3_3
Parameters: 0.999998 -0.00207523 0.000848392 0.00208677 0.999898 -0.0141213 -0.000818613 0.0141227 0.9999 0.017707 0.261097 0.169298
FixedParameters: 0 0 0

#Transform 356
Transform: AffineTransform_float_3_3
Parameters: 0.999997 -0.00225133 0.00106654 0.00226566 0.9999 -0.0139606 -0.00103447 0.0139634 0.999902 0.0156445 0.25185 0.17142
FixedParameters: 0 0 0

#Transform 357
Transform: AffineTransform_float_3_3
Parameters: 0.999998 -0.00207207 0.00106458 0.00208693 0.999896 -0.0142238 -0.00103442 0.0142262 0.999899 0.0134231 0.228728 0.18951
FixedParameters: 0 0 0

#Transform 358
Transform: AffineTransform_float_3_3
Parameters: 0.999996 -0.00245518 0.000839392 0.00246681 0.999893 -0.014379 -0.00080361 0.014381 0.999897 0.0168674 0.235732 0.187445
FixedParameters: 0 0 0

#Transform 359
Transform: AffineTransform_float_3_3
Parameters: 0.999996 -0.00247259 0.000803031 0.00248341 0.999891 -0.0145371 -0.000766977 0.0145389 0.999894 0.0242261 0.240972 0.185336
FixedParameters: 0 0 0

#Transform 360
Transform: AffineTransform_float_3_3
Parameters: 0.999997 -0.00232403 0.000928165 0.00233697 0.999896 -0.0142289 -0.000894836 0.0142311 0.999899 0.0170337 0.236721 0.143059
FixedParameters: 0 0 0

#Transform 361
Transform: AffineTransform_float_3_3
Parameters: 0.999997 -0.00247156 0.00115099 0.00248844 0.999891 -0.0145102 -0.00111501 0.0145128 0.999894 0.020288 0.241697 0.144899
FixedParameters: 0 0 0

#Transform 362
Transform: AffineTransform_float_3_3
Parameters: 0.999996 -0.00246628 0.000884302 0.00247971 0.999889 -0.0146799 -0.000847688 0.0146811 0.999892 0.0252784 0.246778 0.148189
FixedParameters: 0 0 0

#Transform 363
Transform: AffineTransform_float_3_3
Parameters: 0.999997 -0.00225152 0.0010167 0.00226549 0.999892 -0.0144767 -0.000984303 0.0144793 0.999894 0.0236318 0.245819 0.155954
FixedParameters: 0 0 0

#Transform 364
Transform: AffineTransform_float_3_3
Parameters: 0.999996 -0.00239589 0.000924698 0.00240911 0.999893 -0.0144408 -0.0008903 0.0144432 0.999896 0.0230091 0.245898 0.140175
FixedParameters: 0 0 0

#Transform 365
Transform: AffineTransform_float_3_3
Parameters: 0.999996 -0.00237081 0.00109282 0.00238719 0.999884 -0.0150544 -0.00105718 0.0150576 0.999886 0.021311 0.248336 0.149055
FixedParameters: 0 0 0

#Transform 366
Transform: AffineTransform_float_3_3
Parameters: 0.999997 -0.00251876 0.00101372 0.00253425 0.99988 -0.0153245 -0.000975274 0.0153275 0.999882 0.0214015 0.228611 0.151944
FixedParameters: 0 0 0

#Transform 367
Transform: AffineTransform_float_3_3
Parameters: 0.999996 -0.00244178 0.000879606 0.00245523 0.999879 -0.0153579 -0.000842389 0.0153601 0.999881 0.0228053 0.228734 0.15539
FixedParameters: 0 0 0

#Transform 368
Transform: AffineTransform_float_3_3
Parameters: 0.999996 -0.00259785 0.000881746 0.00261114 0.99988 -0.0152588 -0.000841255 0.0152602 0.999883 0.0271608 0.258032 0.141345
FixedParameters: 0 0 0

#Transform 369
Transform: AffineTransform_float_3_3
Parameters: 0.999996 -0.00233817 0.00111017 0.00235483 0.999879 -0.0154134 -0.00107383 0.0154156 0.99988 0.0185349 0.255483 0.12827
FixedParameters: 0 0 0

#Transform 370
Transform: AffineTransform_float_3_3
Parameters: 0.999996 -0.00262521 0.00108937 0.00264278 0.999873 -0.0157062 -0.00104762 0.0157088 0.999876 0.0216697 0.255203 0.107749
FixedParameters: 0 0 0

#Transform 371
Transform: AffineTransform_float_3_3
Parameters: 0.999997 -0.00226655 0.00112486 0.00228345 0.999873 -0.0157595 -0.00108915 0.0157615 0.999875 0.0187717 0.24339 0.102232
FixedParameters: 0 0 0

#Transform 372
Transform: AffineTransform_float_3_3
Parameters: 0.999997 -0.0024719 0.00110315 0.0024891 0.999873 -0.0157803 -0.00106385 0.0157827 0.999875 0.0193842 0.228669 0.131751
FixedParameters: 0 0 0

#Transform 373
Transform: AffineTransform_float_3_3
Parameters: 0.999996 -0.00249009 0.00116506 0.0025089 0.999874 -0.0156281 -0.00112593 0.0156309 0.999877 0.0200658 0.245868 0.134196
FixedParameters: 0 0 0

#Transform 374
Transform: AffineTransform_float_3_3
Parameters: 0.999996 -0.0024406 0.000955617 0.00245439 0.999879 -0.0153657 -0.000917391 0.0153683 0.999882 0.0218813 0.226799 0.137638
FixedParameters: 0 0 0

#Transform 375
Transform: AffineTransform_float_3_3
Parameters: 0.999997 -0.00231722 0.000888798 0.00233078 0.999872 -0.015831 -0.000852206 0.015833 0.999875 0.0163727 0.24245 0.121512
FixedParameters: 0 0 0

#Transform 376
Transform: AffineTransform_float_3_3
Parameters: 0.999997 -0.0022358 0.00110945 0.00225421 0.999859 -0.0166816 -0.00107254 0.0166845 0.99986 0.0199061 0.254208 0.110503
FixedParameters: 0 0 0

#Transform 377
Transform: AffineTransform_float_3_3
Parameters: 0.999996 -0.00244401 0.000919869 0.002459 0.999858 -0.0166688 -0.000879132 0.0166702 0.99986 0.0212628 0.223773 0.115339
FixedParameters: 0 0 0

#Transform 378
Transform: AffineTransform_float_3_3
Parameters: 0.999998 -0.00207111 0.000996725 0.0020869 0.999867 -0.016219 -0.000963277 0.016221 0.999868 0.016937 0.236624 0.12556
FixedParameters: 0 0 0

#Transform 379
Transform: AffineTransform_float_3_3
Parameters: 0.999996 -0.00237799 0.000982151 0.00239302 0.999876 -0.0155717 -0.000945848 0.0155743 0.999879 0.0203249 0.218592 0.147505
FixedParameters: 0 0 0

#Transform 380
Transform: AffineTransform_float_3_3
Parameters: 0.999996 -0.00249372 0.000892919 0.00250828 0.999863 -0.0163598 -0.000852075 0.0163622 0.999866 0.02419 0.222259 0.123372
FixedParameters: 0 0 0

#Transform 381
Transform: AffineTransform_float_3_3
Parameters: 0.999997 -0.00251943 0.000961111 0.00253457 0.999877 -0.0154766 -0.00092188 0.0154794 0.99988 0.0182862 0.226831 0.136131
FixedParameters: 0 0 0

#Transform 382
Transform: AffineTransform_float_3_3
Parameters: 0.999997 -0.00233548 0.00100006 0.00235052 0.999872 -0.0158137 -0.000962947 0.0158163 0.999875 0.0190642 0.246585 0.123401
FixedParameters: 0 0 0

#Transform 383
Transform: AffineTransform_float_3_3
Parameters: 0.999996 -0.00246885 0.000872155 0.00248216 0.999878 -0.0154119 -0.000834841 0.0154141 0.999881 0.0205894 0.244598 0.137397
FixedParameters: 0 0 0

#Transform 384
Transform: AffineTransform_float_3_3
Parameters: 0.999996 -0.00258945 0.000952529 0.00260454 0.999875 -0.0156056 -0.000911464 0.0156074 0.999878 0.0158655 0.235317 0.119286
FixedParameters: 0 0 0

#Transform 385
Transform: AffineTransform_float_3_3
Parameters: 0.999996 -0.00262134 0.00088837 0.00263567 0.999872 -0.0157387 -0.000847622 0.0157403 0.999875 0.0231349 0.246536 0.0995954
FixedParameters: 0 0 0

#Transform 386
Transform: AffineTransform_float_3_3
Parameters: 0.999996 -0.00258334 0.00113313 0.00260065 0.99987 -0.0158661 -0.00109187 0.0158689 0.999874 0.0177869 0.217951 0.120317
FixedParameters: 0 0 0

#Transform 387
Transform: AffineTransform_float_3_3
Parameters: 0.999996 -0.00245182 0.000924508 0.00246517 0.999875 -0.0156588 -0.000885503 0.0156612 0.999877 0.0201224 0.240164 0.143738
FixedParameters: 0 0 0

#Transform 388
Transform: AffineTransform_float_3_3
Parameters: 0.999997 -0.00227113 0.000874908 0.00228488 0.999866 -0.0161991 -0.000838095 0.016201 0.999869 0.0160535 0.262985 0.121798
FixedParameters: 0 0 0

#Transform 389
Transform: AffineTransform_float_3_3
Parameters: 0.999996 -0.00233699 0.00112134 0.002354 0.999863 -0.0163394 -0.00108268 0.0163416 0.999866 0.0173048 0.227269 0.115868
FixedParameters: 0 0 0

#Transform 390
Transform: AffineTransform_float_3_3
Parameters: 0.999996 -0.00239857 0.000963726 0.00241242 0.99988 -0.0152637 -0.000926284 0.0152653 0.999883 0.0172664 0.23345 0.168592
FixedParameters: 0 0 0

#Transform 391
Transform: AffineTransform_float_3_3
Parameters: 0.999997 -0.00248563 0.000947598 0.00249937 0.999877 -0.0154817 -0.000908411 0.0154843 0.999879 0.020203 0.253477 0.16581
FixedParameters: 0 0 0

#Transform 392
Transform: AffineTransform_float_3_3
Parameters: 0.999997 -0.00249829 0.000940264 0.00251271 0.999886 -0.0148727 -0.000902728 0.0148743 0.999889 0.0183329 0.243898 0.161732
FixedParameters: 0 0 0

#Transform 393
Transform: AffineTransform_float_3_3
Parameters: 0.999996 -0.0025028 0.0011299 0.0025202 0.999877 -0.0154882 -0.0010911 0.0154908 0.99988 0.0172349 0.268422 0.146788
FixedParameters: 0 0 0

#Transform 394
Transform: AffineTransform_float_3_3
Parameters: 0.999997 -0.00252011 0.000905619 0.00253389 0.999874 -0.0156758 -0.000866382 0.0156782 0.999876 0.0191876 0.260173 0.137455
FixedParameters: 0 0 0

#Transform 395
Transform: AffineTransform_float_3_3
Parameters: 0.999997 -0.00249833 0.000912226 0.00251268 0.999861 -0.0164508 -0.00087178 0.0164532 0.999865 0.0201104 0.25495 0.125107
FixedParameters: 0 0 0

#Transform 396
Transform: AffineTransform_float_3_3
Parameters: 0.999997 -0.00237554 0.000881959 0.00238945 0.999856 -0.0167679 -0.000842049 0.01677 0.999859 0.016912 0.256248 0.128264
FixedParameters: 0 0 0

#Transform 397
Transform: AffineTransform_float_3_3
Parameters: 0.999997 -0.00251102 0.00087902 0.00252698 0.999844 -0.0174758 -0.000834964 0.0174782 0.999847 0.0271667 0.258726 0.159554
FixedParameters: 0 0 0

#Transform 398
Transform: AffineTransform_float_3_3
Parameters: 0.999996 -0.00249986 0.0007625 0.00251313 0.99984 -0.0177522 -0.000717497 0.0177539 0.999842 0.0216889 0.196589 0.166848
FixedParameters: 0 0 0

#Transform 399
Transform: AffineTransform_float_3_3
Parameters: 0.999996 -0.00276007 0.000849638 0.00277393 0.999854 -0.0168527 -0.000803361 0.0168553 0.999857 0.0252892 0.240722 0.144568
FixedParameters: 0 0 0

#Transform 400
Transform: AffineTransform_float_3_3
Parameters: 0.999996 -0.00249056 0.000760964 0.00250344 0.999855 -0.0168052 -0.000719029 0.0168069 0.999859 0.0223784 0.240583 0.133021
FixedParameters: 0 0 0

#Transform 401
Transform: AffineTransform_float_3_3
Parameters: 0.999996 -0.00251492 0.000730307 0.00252608 0.999875 -0.0155932 -0.00069069 0.0155958 0.999878 0.0178278 0.234984 0.170393
FixedParameters: 0 0 0

#Transform 402
Transform: AffineTransform_float_3_3
Parameters: 0.999997 -0.00256716 0.000744145 0.00257884 0.999863 -0.0163771 -0.000701858 0.0163789 0.999865 0.0145361 0.238503 0.159244
FixedParameters: 0 0 0

#Transform 403
Transform: AffineTransform_float_3_3
Parameters: 0.999995 -0.00285958 0.000650622 0.00287041 0.999857 -0.0166212 -0.000602371 0.0166228 0.999861 0.0200002 0.278777 0.157972
FixedParameters: 0 0 0
