#Insight Transform File V1.0
#Transform 0
Transform: AffineTransform_float_3_3
Parameters: 0.999999 0.000385915 -0.000595704 -0.000387084 0.999999 -0.00182277 0.000594296 0.00182223 0.999998 0.00841193 0.0852499 0.105994
FixedParameters: 0 0 0

#Transform 1
Transform: AffineTransform_float_3_3
Parameters: 1 0.000182307 -0.000490258 -0.000182692 0.999999 -0.00141291 0.000489742 0.00141309 0.999999 0.0122749 0.0527606 0.0948499
FixedParameters: 0 0 0

#Transform 2
Transform: AffineTransform_float_3_3
Parameters: 0.999999 0.000253454 -0.000798492 -0.000255544 0.999998 -0.0019358 0.000797506 0.0019362 0.999998 0.0176023 0.145002 0.0872329
FixedParameters: 0 0 0

#Transform 3
Transform: AffineTransform_float_3_3
Parameters: 0.999999 0.000166676 -0.000726305 -0.000168323 0.999999 -0.00182288 0.000725694 0.00182312 0.999998 0.0134891 0.081961 0.0771674
FixedParameters: 0 0 0

#Transform 4
Transform: AffineTransform_float_3_3
Parameters: 1 -1.10292e-06 -0.000604999 -1.02917e-07 0.999999 -0.001823 0.000605001 0.001823 0.999998 0.00832886 0.1134 0.0976611
FixedParameters: 0 0 0

#Transform 5
Transform: AffineTransform_float_3_3
Parameters: 1 0.000198986 -0.000589343 -0.000200013 0.999998 -0.00171988 0.000588657 0.00172012 0.999999 0.00490555 0.11527 0.0870813
FixedParameters: 0 0 0

#Transform 6
Transform: AffineTransform_float_3_3
Parameters: 0.999999 0.000313733 -0.000695573 -0.000314266 0.999999 -0.00182278 0.000694428 0.00182222 0.999998 0.0108917 0.0987334 0.103017
FixedParameters: 0 0 0

#Transform 7
Transform: AffineTransform_float_3_3
Parameters: 0.999999 0.000404478 -0.000758813 -0.000406522 0.999998 -0.00200669 0.000758185 0.00200731 0.999997 0.0116801 0.124976 0.100275
FixedParameters: 0 0 0

#Transform 8
Transform: AffineTransform_float_3_3
Parameters: 0.999999 0.000429179 -0.00062956 -0.00042982 0.999999 -0.00130373 0.00062844 0.00130427 0.999999 0.00869477 0.0429852 0.110795
FixedParameters: 0 0 0

#Transform 9
Transform: AffineTransform_float_3_3
Parameters: 0.999999 0.000290713 -0.000711527 -0.000291286 0.999999 -0.00180979 0.000710474 0.00181021 0.999998 0.00732713 0.129947 0.101638
FixedParameters: 0 0 0

#Transform 10
Transform: AffineTransform_float_3_3
Parameters: 0.999999 0.00033591 -0.000675543 -0.000337089 0.999998 -0.00161377 0.000674457 0.00161423 0.999999 0.00381226 0.083874 0.0907041
FixedParameters: 0 0 0

#Transform 11
Transform: AffineTransform_float_3_3
Parameters: 1 0.00027622 -0.000960514 -0.000277779 0.999998 -0.00185373 0.000959487 0.00185427 0.999998 0.0136503 0.0670186 0.0949348
FixedParameters: 0 0 0

#Transform 12
Transform: AffineTransform_float_3_3
Parameters: 0.999999 0.000181012 -0.000960377 -0.000182987 0.999998 -0.00206983 0.000959623 0.00207018 0.999998 0.0149304 0.164875 0.0747826
FixedParameters: 0 0 0

#Transform 13
Transform: AffineTransform_float_3_3
Parameters: 1 0.000201786 -0.000670367 -0.000203214 0.999999 -0.00181187 0.000669633 0.00181214 0.999998 0.0132888 0.0575828 0.0965677
FixedParameters: 0 0 0

#Transform 14
Transform: AffineTransform_float_3_3
Parameters: 0.999999 0.000291543 -0.000644661 -0.000292458 0.999998 -0.00226081 0.00064434 0.00226119 0.999997 0.00418128 0.140256 0.0815791
FixedParameters: 0 0 0

#Transform 15
Transform: AffineTransform_float_3_3
Parameters: 1 0.000176862 -0.000539374 -0.000178139 0.999998 -0.0021099 0.000539625 0.00211009 0.999997 0.0108088 0.135322 0.0663359
FixedParameters: 0 0 0

#Transform 16
Transform: AffineTransform_float_3_3
Parameters: 1 0.000292873 -0.000604547 -0.000294128 0.999998 -0.00186482 0.000604452 0.00186518 0.999998 0.0117254 0.0857232 0.0713258
FixedParameters: 0 0 0

#Transform 17
Transform: AffineTransform_float_3_3
Parameters: 1 0.000157501 -0.000557141 -0.000157499 0.999999 -0.000894912 0.000557859 0.000895088 1 0.00717026 0.0725505 0.101192
FixedParameters: 0 0 0

#Transform 18
Transform: AffineTransform_float_3_3
Parameters: 1 0.000213888 -0.000521457 -0.000215111 0.999997 -0.00213289 0.000520542 0.00213311 0.999997 0.0152798 0.275247 0.0546161
FixedParameters: 0 0 0

#Transform 19
Transform: AffineTransform_float_3_3
Parameters: 1 -6.83999e-08 -7.19999e-05 -6.83999e-08 0.999999 -0.000949999 7.19999e-05 0.000949999 0.999999 0.0106279 0.0645719 -0.00494988
FixedParameters: 0 0 0

#Transform 20
Transform: AffineTransform_float_3_3
Parameters: 1 -8.496e-09 -7.2e-05 -8.496e-09 1 -0.000118 7.2e-05 0.000118 1 0.00104556 0.00875558 -0.0142019
FixedParameters: 0 0 0

#Transform 21
Transform: AffineTransform_float_3_3
Parameters: 1 -0.000483075 0.000103652 0.000482925 0.999999 0.00072105 -0.000103348 -0.00072095 0.999999 0.00657712 0.017293 0.0573014
FixedParameters: 0 0 0

#Transform 22
Transform: AffineTransform_float_3_3
Parameters: 1 -0.000482912 0.000282151 0.000483088 1 -0.000312864 -0.000281849 0.000313136 1 0.0185331 0.0444613 0.0376229
FixedParameters: 0 0 0

#Transform 23
Transform: AffineTransform_float_3_3
Parameters: 0.999999 -0.000909921 8.48534e-05 0.000910079 0.999999 -0.000937923 -8.41463e-05 0.000938077 0.999999 0.030157 0.132246 0.0449052
FixedParameters: 0 0 0

#Transform 24
Transform: AffineTransform_float_3_3
Parameters: 0.999999 -0.000483056 0.00055295 0.000482943 1 0.000102267 -0.000553049 -0.000101733 1 0.00944892 0.104243 0.0699806
FixedParameters: 0 0 0

#Transform 25
Transform: AffineTransform_float_3_3
Parameters: 0.999998 -0.000618279 0.00181425 0.000618721 0.999999 -0.000396878 -0.00181475 0.000398123 0.999999 0.0161049 0.0914707 0.009052
FixedParameters: 0 0 0

#Transform 26
Transform: AffineTransform_float_3_3
Parameters: 0.999999 -0.000481789 0.00170934 0.000483212 0.999999 -0.000708175 -0.00170966 0.000708825 0.999999 0.00910479 0.169456 0.00529306
FixedParameters: 0 0 0

#Transform 27
Transform: AffineTransform_float_3_3
Parameters: 0.999999 -0.000665864 0.00128407 0.000666134 1 -0.000104145 -0.00128393 0.000105855 0.999999 0.0137931 0.0455702 0.0199133
FixedParameters: 0 0 0

#Transform 28
Transform: AffineTransform_float_3_3
Parameters: 0.999999 -0.000482329 0.00128425 0.00048267 0.999999 -0.000521381 -0.00128375 0.00052262 0.999999 0.00590429 0.13863 0.0507751
FixedParameters: 0 0 0

#Transform 29
Transform: AffineTransform_float_3_3
Parameters: 0.999999 -0.000656051 0.00128397 0.000655949 1 3.98423e-05 -0.00128403 -3.91577e-05 0.999999 0.00939191 0.0549281 0.0544913
FixedParameters: 0 0 0

#Transform 30
Transform: AffineTransform_float_3_3
Parameters: 0.999999 -0.00088605 0.00128396 0.000885949 0.999999 4.01376e-05 -0.00128403 -3.88623e-05 0.999999 0.0181069 0.0744792 0.0487773
FixedParameters: 0 0 0

#Transform 31
Transform: AffineTransform_float_3_3
Parameters: 0.999998 -0.00101596 0.00157438 0.00101504 1 0.000612599 -0.00157462 -0.000611401 0.999998 0.0154619 0.0776252 0.0431752
FixedParameters: 0 0 0

#Transform 32
Transform: AffineTransform_float_3_3
Parameters: 0.999998 -0.0008857 0.00169716 0.000886301 0.999999 -0.000176496 -0.00169684 0.000177503 0.999998 0.0156603 0.0794946 0.0407059
FixedParameters: 0 0 0

#Transform 33
Transform: AffineTransform_float_3_3
Parameters: 0.999998 -0.000885968 0.00170102 0.000886033 0.999999 -1.84929e-05 -0.00170098 1.9507e-05 0.999998 0.0155912 0.10194 0.0361594
FixedParameters: 0 0 0

#Transform 34
Transform: AffineTransform_float_3_3
Parameters: 0.999997 -0.000884808 0.00227147 0.000886193 1 -0.000523989 -0.00227054 0.000526011 0.999998 -0.00506926 0.0954823 0.0484697
FixedParameters: 0 0 0

#Transform 35
Transform: AffineTransform_float_3_3
Parameters: 0.999998 -0.000307462 0.00196908 0.000307539 1 -0.000273395 -0.00196892 0.000273606 0.999998 -0.00873461 0.160672 0.0532662
FixedParameters: 0 0 0

#Transform 36
Transform: AffineTransform_float_3_3
Parameters: 0.999998 -0.000341658 0.00196923 0.000342342 0.999999 -0.000681327 -0.00196877 0.000681674 0.999998 -0.00563428 0.0370704 0.0425854
FixedParameters: 0 0 0

#Transform 37
Transform: AffineTransform_float_3_3
Parameters: 0.999998 1.13069e-05 0.00161098 -8.69302e-06 0.999999 -0.00143202 -0.00161101 0.00143198 0.999997 -0.0140869 0.201429 0.0153298
FixedParameters: 0 0 0

#Transform 38
Transform: AffineTransform_float_3_3
Parameters: 0.999999 -5.40431e-05 0.00126904 5.49568e-05 0.999999 -0.000753931 -0.00126896 0.000754069 0.999999 -0.00834439 0.0779723 0.0325418
FixedParameters: 0 0 0

#Transform 39
Transform: AffineTransform_float_3_3
Parameters: 0.999999 1.04502e-05 0.00134399 -8.54981e-06 1 -0.00107901 -0.00134401 0.00107899 0.999998 -0.0180897 0.208245 0.0365469
FixedParameters: 0 0 0

#Transform 40
Transform: AffineTransform_float_3_3
Parameters: 0.999999 9.96856e-06 0.00148099 -9.03141e-06 1 -0.000654014 -0.00148101 0.000653986 0.999998 -0.012318 0.0599545 0.0324414
FixedParameters: 0 0 0

#Transform 41
Transform: AffineTransform_float_3_3
Parameters: 0.999999 -0.000216241 0.00145226 0.000218759 0.999999 -0.00121068 -0.00145274 0.00121132 0.999998 -0.0158924 0.182796 0.0393293
FixedParameters: 0 0 0

#Transform 42
Transform: AffineTransform_float_3_3
Parameters: 1 -0.000287927 0.00116827 0.000288074 1 -0.000919665 -0.00116774 0.000919337 0.999999 -0.00329483 0.0561087 0.0320273
FixedParameters: 0 0 0

#Transform 43
Transform: AffineTransform_float_3_3
Parameters: 0.999999 1.10507e-05 0.00129298 -8.94928e-06 0.999998 -0.00158601 -0.00129302 0.00158599 0.999998 -0.00974343 0.192804 0.0311718
FixedParameters: 0 0 0

#Transform 44
Transform: AffineTransform_float_3_3
Parameters: 1 1.04351e-05 0.00107099 -8.56485e-06 0.999999 -0.00134001 -0.00107101 0.00133999 0.999998 -0.0111229 0.0643352 0.0377351
FixedParameters: 0 0 0

#Transform 45
Transform: AffineTransform_float_3_3
Parameters: 1 1.03329e-05 0.00105199 -8.66711e-06 0.999999 -0.00126701 -0.00105201 0.00126699 0.999998 -0.00641789 0.189335 0.0392145
FixedParameters: 0 0 0

#Transform 46
Transform: AffineTransform_float_3_3
Parameters: 1 1.05362e-05 0.00108799 -8.46373e-06 0.999999 -0.00141201 -0.00108801 0.00141199 0.999999 -0.0133693 0.0961468 0.0463866
FixedParameters: 0 0 0

#Transform 47
Transform: AffineTransform_float_3_3
Parameters: 1 1.08459e-05 0.00114298 -9.15403e-06 0.999998 -0.00161501 -0.00114302 0.00161499 0.999998 -0.0157272 0.186983 0.0450826
FixedParameters: 0 0 0

#Transform 48
Transform: AffineTransform_float_3_3
Parameters: 1 1.06556e-05 0.00107999 -8.34434e-06 0.999999 -0.00153301 -0.00108001 0.00153299 0.999998 -0.0162656 0.11045 0.0302845
FixedParameters: 0 0 0

#Transform 49
Transform: AffineTransform_float_3_3
Parameters: 0.999999 1.05163e-05 0.000777981 -8.48365e-06 0.999998 -0.00194901 -0.000778018 0.00194899 0.999998 -0.0119392 0.200619 0.0289639
FixedParameters: 0 0 0

#Transform 50
Transform: AffineTransform_float_3_3
Parameters: 0.999999 0.000241468 0.000809564 -0.000240532 0.999999 -0.0018122 -0.000810437 0.00181281 0.999998 -0.021647 0.10513 0.0206223
FixedParameters: 0 0 0

#Transform 51
Transform: AffineTransform_float_3_3
Parameters: 0.999999 0.000325614 0.000678227 -0.000323386 0.999997 -0.00237922 -0.000678771 0.00237878 0.999997 -0.0266799 0.202419 0.0241342
FixedParameters: 0 0 0

#Transform 52
Transform: AffineTransform_float_3_3
Parameters: 0.999999 0.000568201 0.000665977 -0.000566799 0.999998 -0.00180138 -0.000667022 0.00180162 0.999998 -0.0254366 0.0800419 0.0525974
FixedParameters: 0 0 0

#Transform 53
Transform: AffineTransform_float_3_3
Parameters: 1 0.000319396 0.000180301 -0.000318605 0.999997 -0.00219106 -0.000180698 0.00219094 0.999997 -0.0225552 0.189802 0.0520817
FixedParameters: 0 0 0

#Transform 54
Transform: AffineTransform_float_3_3
Parameters: 1 1.96225e-05 0.000346965 -1.93775e-05 0.999999 -0.00179401 -0.000347035 0.00179399 0.999999 -0.0275028 0.110219 0.0416218
FixedParameters: 0 0 0

#Transform 55
Transform: AffineTransform_float_3_3
Parameters: 1 -5.06022e-05 0.000181112 5.13975e-05 0.999997 -0.00219699 -0.000180887 0.00219701 0.999997 -0.0218193 0.22986 0.0441801
FixedParameters: 0 0 0

#Transform 56
Transform: AffineTransform_float_3_3
Parameters: 1 0.000118796 0.000380753 -0.000118204 0.999998 -0.00208904 -0.000381248 0.00208895 0.999997 -0.0222195 0.13139 0.0698001
FixedParameters: 0 0 0

#Transform 57
Transform: AffineTransform_float_3_3
Parameters: 1 0.000270364 0.000575361 -0.000268636 0.999997 -0.00237016 -0.000575638 0.00236985 0.999997 -0.0271351 0.210249 0.0649802
FixedParameters: 0 0 0

#Transform 58
Transform: AffineTransform_float_3_3
Parameters: 1 3.63494e-05 0.000645925 -3.46504e-05 0.999998 -0.00208902 -0.000646073 0.00208898 0.999997 -0.0244269 0.176776 0.0541171
FixedParameters: 0 0 0

#Transform 59
Transform: AffineTransform_float_3_3
Parameters: 1 0.000190349 0.000645603 -0.000188652 0.999998 -0.00208912 -0.000645395 0.00208888 0.999997 -0.0268404 0.149025 0.0692123
FixedParameters: 0 0 0

#Transform 60
Transform: AffineTransform_float_3_3
Parameters: 1 -2.60432e-05 0.000646039 2.69567e-05 0.999999 -0.00148098 -0.00064596 0.00148102 0.999998 -0.021013 0.193512 0.057394
FixedParameters: 0 0 0

#Transform 61
Transform: AffineTransform_float_3_3
Parameters: 1 -3.04102e-05 0.000646028 3.05898e-05 0.999999 -0.00091298 -0.000645972 0.00091302 1 -0.0182996 0.127669 0.0855714
FixedParameters: 0 0 0

#Transform 62
Transform: AffineTransform_float_3_3
Parameters: 1 -0.000103792 0.000646195 0.000105207 0.999998 -0.00186893 -0.000645804 0.00186907 0.999998 -0.0221216 0.227445 0.0728528
FixedParameters: 0 0 0

#Transform 63
Transform: AffineTransform_float_3_3
Parameters: 1 9.04133e-06 0.000645986 -7.95863e-06 0.999998 -0.001612 -0.000646013 0.00161199 0.999998 -0.0213201 0.0919463 0.0767434
FixedParameters: 0 0 0

#Transform 64
Transform: AffineTransform_float_3_3
Parameters: 0.999999 0.000415336 0.00143032 -0.000412663 0.999998 -0.00163259 -0.00143167 0.00163241 0.999997 -0.0394286 0.212533 0.0596591
FixedParameters: 0 0 0

#Transform 65
Transform: AffineTransform_float_3_3
Parameters: 1 -0.00010793 0.00107111 0.00010907 0.999999 -0.000998883 -0.00107089 0.000999116 0.999999 -0.0218303 0.0929877 0.0730012
FixedParameters: 0 0 0

#Transform 66
Transform: AffineTransform_float_3_3
Parameters: 0.999998 -0.000517158 0.00168756 0.000518842 1 -0.00109113 -0.00168743 0.00109187 0.999998 -0.0162814 0.188723 0.0761964
FixedParameters: 0 0 0

#Transform 67
Transform: AffineTransform_float_3_3
Parameters: 1 -0.00039829 0.00107127 0.000398711 0.999999 -0.000663573 -0.00107074 0.000663427 0.999999 -0.014635 0.101 0.0748245
FixedParameters: 0 0 0

#Transform 68
Transform: AffineTransform_float_3_3
Parameters: 1 -0.000517633 0.00107166 0.000518367 0.999999 -0.00127644 -0.00107034 0.00127655 0.999998 -0.0213874 0.219903 0.0952628
FixedParameters: 0 0 0

#Transform 69
Transform: AffineTransform_float_3_3
Parameters: 1 -0.000517947 0.00107151 0.000519054 1 -0.000983445 -0.00107049 0.000983555 0.999999 -0.0142818 0.127511 0.0967824
FixedParameters: 0 0 0

#Transform 70
Transform: AffineTransform_float_3_3
Parameters: 1 -0.000518398 0.00107129 0.000518602 0.999999 -0.000561445 -0.00107071 0.000562555 1 -0.0213453 0.201698 0.130433
FixedParameters: 0 0 0

#Transform 71
Transform: AffineTransform_float_3_3
Parameters: 1 -0.000703805 0.000823167 0.000704195 0.999999 -0.00023642 -0.000822833 0.000237579 0.999999 -0.00857213 0.122682 0.136074
FixedParameters: 0 0 0

#Transform 72
Transform: AffineTransform_float_3_3
Parameters: 0.999999 -0.000518427 0.000605491 0.000518572 0.999999 -0.000945686 -0.00060451 0.000945313 1 -0.0149137 0.210299 0.125096
FixedParameters: 0 0 0

#Transform 73
Transform: AffineTransform_float_3_3
Parameters: 0.999999 -0.000518515 0.000747337 0.000518485 0.999999 -0.000648613 -0.000747664 0.000649388 1 -0.0168382 0.127213 0.129612
FixedParameters: 0 0 0

#Transform 74
Transform: AffineTransform_float_3_3
Parameters: 1 -0.000783126 0.000735933 0.000783874 0.999999 -0.00118942 -0.000734069 0.00118958 0.999999 -0.0124694 0.204902 0.129122
FixedParameters: 0 0 0

#Transform 75
Transform: AffineTransform_float_3_3
Parameters: 1 -0.000813314 0.000588949 0.000814686 0.999999 -0.00116552 -0.000588051 0.00116648 0.999999 -0.00733266 0.152912 0.100731
FixedParameters: 0 0 0

#Transform 76
Transform: AffineTransform_float_3_3
Parameters: 0.999999 -0.000672951 0.000714988 0.000674048 0.999998 -0.00146752 -0.000714011 0.00146748 0.999998 -0.00312619 0.185404 0.115269
FixedParameters: 0 0 0

#Transform 77
Transform: AffineTransform_float_3_3
Parameters: 0.999999 -0.000648087 0.000530118 0.000648913 0.999999 -0.00172366 -0.000528882 0.00172434 0.999999 -0.00544211 0.207685 0.108256
FixedParameters: 0 0 0

#Transform 78
Transform: AffineTransform_float_3_3
Parameters: 0.999999 -0.000518499 0.000491529 0.000518501 1 -0.00101975 -0.000490471 0.00102026 1 0.00233026 0.161936 0.157292
FixedParameters: 0 0 0

#Transform 79
Transform: AffineTransform_float_3_3
Parameters: 1 -0.000518489 0.000311851 0.000518511 0.999998 -0.00164084 -0.000311149 0.00164116 0.999998 0.00369119 0.220777 0.160324
FixedParameters: 0 0 0

#Transform 80
Transform: AffineTransform_float_3_3
Parameters: 1 -0.000282605 0.000311359 0.000283395 0.999999 -0.00126991 -0.00031064 0.00127009 0.999999 0.00502805 0.138383 0.14294
FixedParameters: 0 0 0

#Transform 81
Transform: AffineTransform_float_3_3
Parameters: 0.999999 -0.000294543 0.000774555 0.000295456 0.999998 -0.00188177 -0.000773445 0.00188123 0.999998 -0.00802511 0.220532 0.145684
FixedParameters: 0 0 0

#Transform 82
Transform: AffineTransform_float_3_3
Parameters: 0.999999 -0.000329762 0.000745549 0.000330237 0.999998 -0.00166075 -0.000744452 0.00166125 0.999999 -0.00697487 0.179258 0.135337
FixedParameters: 0 0 0

#Transform 83
Transform: AffineTransform_float_3_3
Parameters: 0.999999 -0.000517761 0.000745861 0.000518238 0.999998 -0.00166061 -0.00074514 0.00166139 0.999999 0.00101846 0.190224 0.142033
FixedParameters: 0 0 0

#Transform 84
Transform: AffineTransform_float_3_3
Parameters: 1 -0.000517331 0.000915945 0.000518669 0.999998 -0.00182253 -0.000915056 0.00182347 0.999998 0.00262525 0.219122 0.139038
FixedParameters: 0 0 0

#Transform 85
Transform: AffineTransform_float_3_3
Parameters: 0.999999 -0.000517761 0.000745861 0.000518238 0.999998 -0.00166061 -0.00074514 0.00166139 0.999999 -0.00208517 0.191448 0.142038
FixedParameters: 0 0 0

#Transform 86
Transform: AffineTransform_float_3_3
Parameters: 1 -0.000429428 0.000946715 0.000430571 0.999998 -0.00166059 -0.000945287 0.00166141 0.999998 -0.00489416 0.182441 0.15501
FixedParameters: 0 0 0

#Transform 87
Transform: AffineTransform_float_3_3
Parameters: 0.999999 -0.000517663 0.000745929 0.000518337 0.999999 -0.00179261 -0.000745071 0.00179339 0.999998 -0.00468299 0.231383 0.144604
FixedParameters: 0 0 0

#Transform 88
Transform: AffineTransform_float_3_3
Parameters: 0.999999 -0.0005177 0.000861781 0.000518298 0.999998 -0.00150855 -0.000860218 0.00150844 0.999998 -0.00169275 0.174957 0.150137
FixedParameters: 0 0 0

#Transform 89
Transform: AffineTransform_float_3_3
Parameters: 0.999999 -0.000518471 0.000745368 0.000518528 0.999999 -0.000708614 -0.000744632 0.000709386 1 -0.00244862 0.169632 0.171881
FixedParameters: 0 0 0

#Transform 90
Transform: AffineTransform_float_3_3
Parameters: 1 -0.000517582 0.000946777 0.000518418 0.999998 -0.00149751 -0.000946225 0.00149849 0.999999 8.02652e-05 0.230814 0.158856
FixedParameters: 0 0 0

#Transform 91
Transform: AffineTransform_float_3_3
Parameters: 1 -0.000517674 0.000860799 0.000518326 0.999998 -0.00154055 -0.000860203 0.00154145 0.999999 0.00222934 0.181681 0.158223
FixedParameters: 0 0 0

#Transform 92
Transform: AffineTransform_float_3_3
Parameters: 0.999999 -0.000517888 0.000844682 0.000519112 0.999999 -0.00131656 -0.000844316 0.00131744 0.999999 -0.00178382 0.198186 0.174806
FixedParameters: 0 0 0

#Transform 93
Transform: AffineTransform_float_3_3
Parameters: 0.999999 -0.000517654 0.000745936 0.000518346 0.999998 -0.00180561 -0.000745065 0.00180539 0.999998 0.00122553 0.23662 0.166398
FixedParameters: 0 0 0

#Transform 94
Transform: AffineTransform_float_3_3
Parameters: 0.999999 -0.000721853 0.00108943 0.000724146 0.999998 -0.00197121 -0.00108757 0.00197279 0.999998 0.00206702 0.180261 0.170931
FixedParameters: 0 0 0

#Transform 95
Transform: AffineTransform_float_3_3
Parameters: 0.999999 -0.000620342 0.00118839 0.00062266 0.999998 -0.00223826 -0.00118761 0.00223874 0.999997 0.00280587 0.229551 0.180258
FixedParameters: 0 0 0

#Transform 96
Transform: AffineTransform_float_3_3
Parameters: 1 -0.000516841 0.00109502 0.000519158 0.999998 -0.00197143 -0.00109398 0.00197257 0.999998 -0.00173022 0.20683 0.170991
FixedParameters: 0 0 0

#Transform 97
Transform: AffineTransform_float_3_3
Parameters: 0.999999 -0.00051709 0.00118783 0.00051891 0.999998 -0.00160838 -0.00118717 0.00160861 0.999998 -0.00129841 0.160154 0.191704
FixedParameters: 0 0 0

#Transform 98
Transform: AffineTransform_float_3_3
Parameters: 0.999999 -0.000516831 0.00118795 0.000518168 0.999998 -0.00182539 -0.00118706 0.00182661 0.999997 0.00447335 0.250427 0.19221
FixedParameters: 0 0 0

#Transform 99
Transform: AffineTransform_float_3_3
Parameters: 0.999999 -0.000516829 0.00118795 0.000518172 0.999998 -0.00182839 -0.00118705 0.00182861 0.999997 -0.00351855 0.172485 0.158222
FixedParameters: 0 0 0

#Transform 100
Transform: AffineTransform_float_3_3
Parameters: 0.999999 -0.000516354 0.00124011 0.000518646 0.999997 -0.00213436 -0.0012389 0.00213464 0.999997 -0.00359614 0.251185 0.185955
FixedParameters: 0 0 0

#Transform 101
Transform: AffineTransform_float_3_3
Parameters: 0.999999 -0.000516793 0.00118796 0.000518207 0.999998 -0.00185839 -0.00118704 0.00185861 0.999997 -0.0025921 0.232423 0.173012
FixedParameters: 0 0 0

#Transform 102
Transform: AffineTransform_float_3_3
Parameters: 0.999999 -0.000516478 0.0011881 0.00051852 0.999997 -0.00212238 -0.0011869 0.00212361 0.999997 0.000143582 0.170416 0.167537
FixedParameters: 0 0 0

#Transform 103
Transform: AffineTransform_float_3_3
Parameters: 1 -0.000160817 0.00118744 0.000164184 0.999997 -0.00268081 -0.00118756 0.00268119 0.999995 -0.00848735 0.261039 0.181997
FixedParameters: 0 0 0

#Transform 104
Transform: AffineTransform_float_3_3
Parameters: 0.999999 -0.000346351 0.00118778 0.00034865 0.999998 -0.00223059 -0.00118723 0.00223141 0.999997 -0.00681975 0.1818 0.179859
FixedParameters: 0 0 0

#Transform 105
Transform: AffineTransform_float_3_3
Parameters: 0.999999 -9.05993e-05 0.00151621 9.44023e-05 0.999998 -0.00224286 -0.00151679 0.00224314 0.999997 -0.0148321 0.23046 0.19459
FixedParameters: 0 0 0

#Transform 106
Transform: AffineTransform_float_3_3
Parameters: 0.999999 -0.000330136 0.00132172 0.000332865 0.999997 -0.00216756 -0.00132128 0.00216744 0.999997 -0.0178078 0.241852 0.1853
FixedParameters: 0 0 0

#Transform 107
Transform: AffineTransform_float_3_3
Parameters: 0.999998 -0.000340777 0.00163446 0.000342223 0.999999 -0.00135944 -0.00163453 0.00136056 0.999997 0.00559659 0.105272 0.201371
FixedParameters: 0 0 0

#Transform 108
Transform: AffineTransform_float_3_3
Parameters: 0.999975 0.00167608 0.00677221 -0.00169291 0.999996 0.0024926 -0.00676779 -0.00250441 0.999974 -0.0909012 0.164794 0.253279
FixedParameters: 0 0 0

#Transform 109
Transform: AffineTransform_float_3_3
Parameters: 0.999991 0.000871053 0.00414867 -0.000879948 0.999998 0.00191437 -0.00414732 -0.00191763 0.999989 -0.0373749 0.192316 0.28617
FixedParameters: 0 0 0

#Transform 110
Transform: AffineTransform_float_3_3
Parameters: 0.999992 0.0005388 0.00377374 -0.0005442 0.999999 0.00137696 -0.00377325 -0.00137904 0.999992 -0.0255827 0.194703 0.270155
FixedParameters: 0 0 0

#Transform 111
Transform: AffineTransform_float_3_3
Parameters: 0.999992 0.000538598 0.00390075 -0.000543402 0.999999 0.00138389 -0.00390025 -0.00138611 0.999992 -0.0256445 0.149481 0.268681
FixedParameters: 0 0 0

#Transform 112
Transform: AffineTransform_float_3_3
Parameters: 0.999993 0.000214596 0.0036902 -0.000218405 0.999999 0.0009222 -0.0036908 -0.000922798 0.999993 -0.0190034 0.242998 0.26561
FixedParameters: 0 0 0

#Transform 113
Transform: AffineTransform_float_3_3
Parameters: 0.999994 0.000207188 0.00348717 -0.000210813 0.999999 0.000806269 -0.00348683 -0.000806727 0.999993 -0.0121991 0.125757 0.245513
FixedParameters: 0 0 0

#Transform 114
Transform: AffineTransform_float_3_3
Parameters: 0.999994 0.000107901 0.00348097 -0.000107098 1 -0.000259374 -0.00348103 0.000258626 0.999994 -0.0151493 0.231414 0.231497
FixedParameters: 0 0 0

#Transform 115
Transform: AffineTransform_float_3_3
Parameters: 0.999995 0.000122927 0.00335808 -0.000125071 1 0.000616583 -0.00335793 -0.000617416 0.999994 -0.017394 0.156562 0.238361
FixedParameters: 0 0 0

#Transform 116
Transform: AffineTransform_float_3_3
Parameters: 0.999997 1.22967e-06 0.002469 -1.77032e-06 1 0.000311997 -0.002469 -0.000312004 0.999997 -0.0117655 0.206086 0.224754
FixedParameters: 0 0 0

#Transform 117
Transform: AffineTransform_float_3_3
Parameters: 0.999995 -0.000193766 0.00294795 0.000193236 1 0.000259571 -0.00294805 -0.00025943 0.999995 -0.00558068 0.155463 0.238665
FixedParameters: 0 0 0

#Transform 118
Transform: AffineTransform_float_3_3
Parameters: 0.999997 -8.95702e-05 0.00270102 8.94292e-05 1 -0.000158759 -0.00270099 0.000159243 0.999997 -0.000583838 0.186505 0.253745
FixedParameters: 0 0 0

#Transform 119
Transform: AffineTransform_float_3_3
Parameters: 0.999996 2.82456e-06 0.002767 -2.17542e-06 1 -0.000298007 -0.002767 0.000297993 0.999996 -0.0158405 0.204478 0.239993
FixedParameters: 0 0 0

#Transform 120
Transform: AffineTransform_float_3_3
Parameters: 0.999997 -0.000202663 0.00269595 0.000202336 1 0.000246546 -0.00269605 -0.000245455 0.999997 -0.0115504 0.19948 0.258485
FixedParameters: 0 0 0

#Transform 121
Transform: AffineTransform_float_3_3
Parameters: 0.999994 0.000830347 0.00354015 -0.000830653 0.999999 0.00018306 -0.00353985 -0.00018594 0.999993 -0.0553634 0.198122 0.255712
FixedParameters: 0 0 0

#Transform 122
Transform: AffineTransform_float_3_3
Parameters: 0.999994 0.000300553 0.00351512 -0.000302447 1 0.000410939 -0.00351587 -0.000412059 0.999993 -0.0461964 0.180675 0.257248
FixedParameters: 0 0 0

#Transform 123
Transform: AffineTransform_float_3_3
Parameters: 0.999995 -0.000284407 0.00310187 0.000282593 1 0.000453879 -0.00310213 -0.00045312 0.999995 -0.0214396 0.226893 0.251469
FixedParameters: 0 0 0

#Transform 124
Transform: AffineTransform_float_3_3
Parameters: 0.999995 -0.000309678 0.00310193 0.000309322 1 0.000218961 -0.00310207 -0.00021804 0.999995 -0.015439 0.179291 0.259885
FixedParameters: 0 0 0

#Transform 125
Transform: AffineTransform_float_3_3
Parameters: 0.999995 -0.000733077 0.00283724 0.000733921 0.999999 -0.000323919 -0.00283676 0.000326081 0.999996 -0.0217752 0.241422 0.230902
FixedParameters: 0 0 0

#Transform 126
Transform: AffineTransform_float_3_3
Parameters: 0.999997 -0.000594684 0.00241383 0.000593315 1 0.000284433 -0.00241417 -0.000282565 0.999997 -0.0195761 0.160043 0.27676
FixedParameters: 0 0 0

#Transform 127
Transform: AffineTransform_float_3_3
Parameters: 0.999997 -0.000429602 0.0024849 0.000429397 1 0.000243068 -0.0024851 -0.000241933 0.999997 -0.0238265 0.234631 0.267079
FixedParameters: 0 0 0

#Transform 128
Transform: AffineTransform_float_3_3
Parameters: 0.999998 -8.71579e-05 0.00192799 8.68437e-05 1 8.11676e-05 -0.00192801 -8.18321e-05 0.999998 -0.0200397 0.155458 0.265358
FixedParameters: 0 0 0

#Transform 129
Transform: AffineTransform_float_3_3
Parameters: 0.999999 -0.000121692 0.00185202 0.000122309 1 -0.000166774 -0.00185198 0.000166226 0.999999 -0.024559 0.259719 0.268765
FixedParameters: 0 0 0

#Transform 130
Transform: AffineTransform_float_3_3
Parameters: 0.999998 -0.000176356 0.00195506 0.000176643 1 -0.000328655 -0.00195494 0.000329345 0.999998 -0.0180163 0.176891 0.267101
FixedParameters: 0 0 0

#Transform 131
Transform: AffineTransform_float_3_3
Parameters: 0.999999 6.35157e-05 0.00182898 -6.24841e-05 1 -0.000282115 -0.00182902 0.000281884 0.999999 -0.0278296 0.226538 0.279519
FixedParameters: 0 0 0

#Transform 132
Transform: AffineTransform_float_3_3
Parameters: 0.999998 6.35754e-05 0.00158098 -6.24244e-05 1 -0.000364099 -0.00158102 0.0003639 0.999998 -0.0331122 0.227649 0.258953
FixedParameters: 0 0 0

#Transform 133
Transform: AffineTransform_float_3_3
Parameters: 0.999999 -0.000125199 0.00143607 0.000126801 1 -0.000557818 -0.00143593 0.00055818 0.999999 -0.0116273 0.182744 0.256073
FixedParameters: 0 0 0

#Transform 134
Transform: AffineTransform_float_3_3
Parameters: 0.999999 6.44128e-05 0.00143294 -6.25869e-05 0.999999 -0.00098609 -0.00143306 0.000985908 0.999998 -0.0238892 0.271138 0.249106
FixedParameters: 0 0 0

#Transform 135
Transform: AffineTransform_float_3_3
Parameters: 0.999999 6.37582e-05 0.00135896 -6.22416e-05 1 -0.000558085 -0.00135903 0.000557914 0.999999 -0.0251434 0.169185 0.258524
FixedParameters: 0 0 0

#Transform 136
Transform: AffineTransform_float_3_3
Parameters: 1 -0.000119869 0.00113012 0.000121131 0.999999 -0.00100086 -0.00112988 0.00100114 0.999999 -0.0264599 0.289164 0.276089
FixedParameters: 0 0 0

#Transform 137
Transform: AffineTransform_float_3_3
Parameters: 0.999999 -0.000149566 0.000915071 0.000150434 1 -0.000473863 -0.000914929 0.000474137 1 -0.0203843 0.181146 0.263741
FixedParameters: 0 0 0

#Transform 138
Transform: AffineTransform_float_3_3
Parameters: 0.999999 6.37639e-05 0.000914947 -6.22359e-05 0.999999 -0.000835057 -0.000915052 0.000834942 0.999999 -0.0242842 0.257262 0.235507
FixedParameters: 0 0 0

#Transform 139
Transform: AffineTransform_float_3_3
Parameters: 0.999999 6.31409e-05 0.00091499 -6.2859e-05 1 -0.000154058 -0.000915009 0.000153942 0.999999 -0.0392007 0.181864 0.224848
FixedParameters: 0 0 0

#Transform 140
Transform: AffineTransform_float_3_3
Parameters: 1 0.000113355 0.00067294 -0.000113645 1 -0.000528076 -0.00067306 0.000527924 0.999999 -0.0345733 0.238883 0.258822
FixedParameters: 0 0 0

#Transform 141
Transform: AffineTransform_float_3_3
Parameters: 1 6.31296e-05 0.000619987 -6.28704e-05 1 -0.000209039 -0.000620013 0.000208961 1 -0.0285586 0.208848 0.270723
FixedParameters: 0 0 0

#Transform 142
Transform: AffineTransform_float_3_3
Parameters: 1 6.32617e-05 0.000426961 -6.27382e-05 1 -0.000613027 -0.000427038 0.000612973 0.999999 -0.0175677 0.206567 0.264432
FixedParameters: 0 0 0

#Transform 143
Transform: AffineTransform_float_3_3
Parameters: 1 6.34025e-05 0.000396936 -6.25974e-05 1 -0.00101403 -0.000397064 0.00101398 1 -0.0287592 0.263801 0.251864
FixedParameters: 0 0 0

#Transform 144
Transform: AffineTransform_float_3_3
Parameters: 1 6.3185e-05 0.000281959 -6.2815e-05 1 -0.000656017 -0.000282041 0.000655982 0.999999 -0.0259315 0.182696 0.271062
FixedParameters: 0 0 0

#Transform 145
Transform: AffineTransform_float_3_3
Parameters: 1 6.32225e-05 0.00028195 -6.27775e-05 0.999999 -0.000789017 -0.00028205 0.000788982 0.999999 -0.0261885 0.296978 0.263142
FixedParameters: 0 0 0

#Transform 146
Transform: AffineTransform_float_3_3
Parameters: 1 6.31604e-05 0.000281964 -6.28395e-05 1 -0.000569018 -0.000282036 0.000568982 1 -0.0239505 0.191945 0.272514
FixedParameters: 0 0 0

#Transform 147
Transform: AffineTransform_float_3_3
Parameters: 1 6.33091e-05 0.000383949 -6.26908e-05 0.999999 -0.000805024 -0.00038405 0.000804975 0.999999 -0.0259706 0.29164 0.275634
FixedParameters: 0 0 0

#Transform 148
Transform: AffineTransform_float_3_3
Parameters: 1 -7.5696e-05 0.000588039 7.63039e-05 1 -0.000516955 -0.00058796 0.000517044 0.999999 -0.0228206 0.191163 0.262073
FixedParameters: 0 0 0

#Transform 149
Transform: AffineTransform_float_3_3
Parameters: 1 6.32188e-05 0.000281951 -6.27811e-05 0.999999 -0.000776017 -0.000282049 0.000775982 0.999999 -0.0238968 0.266671 0.272335
FixedParameters: 0 0 0

#Transform 150
Transform: AffineTransform_float_3_3
Parameters: 1 6.3163e-05 0.000281963 -6.2837e-05 1 -0.000578018 -0.000282036 0.000577982 1 -0.0290979 0.206477 0.264327
FixedParameters: 0 0 0

#Transform 151
Transform: AffineTransform_float_3_3
Parameters: 1 6.32233e-05 0.00028195 -6.27769e-05 0.999999 -0.000791017 -0.00028205 0.000791982 0.999999 -0.0292415 0.243149 0.2789
FixedParameters: 0 0 0

#Transform 152
Transform: AffineTransform_float_3_3
Parameters: 1 0.000407026 7.78624e-05 -0.000406974 1 -0.000338032 -7.81375e-05 0.000337968 1 -0.041664 0.253268 0.262796
FixedParameters: 0 0 0

#Transform 153
Transform: AffineTransform_float_3_3
Parameters: 1 0.000337135 0.000281838 -0.000336864 1 -0.000481095 -0.000282162 0.000480905 1 -0.0363878 0.220043 0.263103
FixedParameters: 0 0 0

#Transform 154
Transform: AffineTransform_float_3_3
Parameters: 1 0.000262095 0.000281911 -0.000261905 1 -0.000338074 -0.000282088 0.000337926 1 -0.0330173 0.225541 0.236224
FixedParameters: 0 0 0

#Transform 155
Transform: AffineTransform_float_3_3
Parameters: 1 0.000252239 0.000281786 -0.000252761 0.999999 -0.000849071 -0.000281215 0.000848928 0.999999 -0.0350426 0.276819 0.25809
FixedParameters: 0 0 0

#Transform 156
Transform: AffineTransform_float_3_3
Parameters: 1 6.31926e-05 0.000281957 -6.28074e-05 1 -0.000683017 -0.000282043 0.000682982 0.999999 -0.0273647 0.206367 0.243543
FixedParameters: 0 0 0

#Transform 157
Transform: AffineTransform_float_3_3
Parameters: 1 0.000337192 0.00028177 -0.000336808 0.999999 -0.000683095 -0.00028123 0.000682905 0.999999 -0.0337053 0.268684 0.270492
FixedParameters: 0 0 0

#Transform 158
Transform: AffineTransform_float_3_3
Parameters: 1 0.000123118 0.000151905 -0.000122882 0.999999 -0.000774018 -0.000152095 0.000773981 0.999999 -0.0311668 0.26032 0.263213
FixedParameters: 0 0 0

#Transform 159
Transform: AffineTransform_float_3_3
Parameters: 1 0.000256109 0.000124776 -0.00025589 0.999999 -0.000875031 -0.000125224 0.000874967 0.999999 -0.0329778 0.244063 0.285682
FixedParameters: 0 0 0

#Transform 160
Transform: AffineTransform_float_3_3
Parameters: 1 0.000221263 0.000281794 -0.000220738 0.999999 -0.000932062 -0.000281206 0.000932938 1 -0.0344516 0.272352 0.258052
FixedParameters: 0 0 0

#Transform 161
Transform: AffineTransform_float_3_3
Parameters: 1 6.31072e-05 0.000130948 -6.28927e-05 0.999999 -0.000819008 -0.000131052 0.000818991 0.999999 -0.0298459 0.206617 0.269302
FixedParameters: 0 0 0

#Transform 162
Transform: AffineTransform_float_3_3
Parameters: 1 6.32495e-05 0.000281944 -6.27504e-05 0.999999 -0.000885017 -0.000282056 0.000884981 0.999999 -0.0318957 0.273078 0.267911
FixedParameters: 0 0 0

#Transform 163
Transform: AffineTransform_float_3_3
Parameters: 1 6.32239e-05 0.00028195 -6.2776e-05 0.999999 -0.000794017 -0.00028205 0.000793982 0.999999 -0.0318992 0.221684 0.295164
FixedParameters: 0 0 0

#Transform 164
Transform: AffineTransform_float_3_3
Parameters: 1 6.31529e-05 0.000153937 -6.2847e-05 0.999999 -0.000993009 -0.000154062 0.000992989 0.999999 -0.0301292 0.303096 0.277033
FixedParameters: 0 0 0

#Transform 165
Transform: AffineTransform_float_3_3
Parameters: 1 6.28146e-05 -0.000283041 -6.31853e-05 1 -0.000654982 0.000282959 0.000655017 0.999999 -0.0241423 0.223123 0.298547
FixedParameters: 0 0 0

#Transform 166
Transform: AffineTransform_float_3_3
Parameters: 1 6.29504e-05 -5.00624e-05 -6.30495e-05 0.999999 -0.000990996 4.99375e-05 0.000991002 0.999999 -0.0273395 0.307567 0.292718
FixedParameters: 0 0 0

#Transform 167
Transform: AffineTransform_float_3_3
Parameters: 1 -0.000116659 0.000383104 0.00011734 0.999999 -0.000888954 -0.000382896 0.000889044 0.999999 -0.0227096 0.189791 0.293346
FixedParameters: 0 0 0

#Transform 168
Transform: AffineTransform_float_3_3
Parameters: 1 -0.000128633 0.000400118 0.000128367 0.999999 -0.000916948 -0.000399882 0.000917051 0.999999 -0.0304928 0.281545 0.292965
FixedParameters: 0 0 0

#Transform 169
Transform: AffineTransform_float_3_3
Parameters: 1 -0.000199641 0.000463155 0.000199359 0.999999 -0.000774907 -0.000462845 0.000775092 0.999999 -0.0220051 0.256242 0.29107
FixedParameters: 0 0 0

#Transform 170
Transform: AffineTransform_float_3_3
Parameters: 1 -0.000339762 0.000369219 0.000340237 0.999999 -0.000643874 -0.000368781 0.000644125 0.999999 -0.0169019 0.210685 0.311464
FixedParameters: 0 0 0

#Transform 171
Transform: AffineTransform_float_3_3
Parameters: 1 6.32062e-05 0.000351963 -6.27937e-05 1 -0.000586022 -0.000352037 0.000585978 1 -0.0235891 0.312705 0.303545
FixedParameters: 0 0 0

#Transform 172
Transform: AffineTransform_float_3_3
Parameters: 1 -0.000286837 0.000352133 0.000286164 1 -0.000463899 -0.000352867 0.000464101 1 -0.0192656 0.21527 0.309879
FixedParameters: 0 0 0

#Transform 173
Transform: AffineTransform_float_3_3
Parameters: 0.999999 -0.000334479 0.000638274 0.000335521 1 -0.000816787 -0.000637726 0.000817214 1 -0.0131814 0.282467 0.320547
FixedParameters: 0 0 0

#Transform 174
Transform: AffineTransform_float_3_3
Parameters: 1 -0.000377543 0.000452382 0.000378458 1 -0.00101083 -0.000452618 0.00101117 1 -0.00945728 0.266317 0.29065
FixedParameters: 0 0 0

#Transform 175
Transform: AffineTransform_float_3_3
Parameters: 1 -0.000308726 0.000452187 0.000309273 1 -0.00060486 -0.000451813 0.000605139 0.999999 -0.00782883 0.222602 0.31882
FixedParameters: 0 0 0

#Transform 176
Transform: AffineTransform_float_3_3
Parameters: 1 -0.00032447 0.000627274 0.00032453 0.999999 -0.000845796 -0.000626725 0.000845203 0.999999 -0.00736758 0.341524 0.310683
FixedParameters: 0 0 0

#Transform 177
Transform: AffineTransform_float_3_3
Parameters: 0.999999 -0.000378701 0.000798141 0.000379298 1 -0.000373697 -0.000797858 0.000374302 0.999999 -0.0120682 0.220201 0.334225
FixedParameters: 0 0 0

#Transform 178
Transform: AffineTransform_float_3_3
Parameters: 0.999999 -0.000402552 0.000760237 0.000402448 0.999999 -0.000588694 -0.000760762 0.000589306 0.999999 -0.00555519 0.286727 0.325001
FixedParameters: 0 0 0

#Transform 179
Transform: AffineTransform_float_3_3
Parameters: 1 -0.000419638 0.000452336 0.000420362 0.999999 -0.000800809 -0.000451663 0.000801189 0.999999 0.00265099 0.199895 0.332825
FixedParameters: 0 0 0

#Transform 180
Transform: AffineTransform_float_3_3
Parameters: 1 -0.00049563 0.000384477 0.000495369 1 -0.00096181 -0.000383523 0.00096219 0.999999 0.00109568 0.308141 0.299541
FixedParameters: 0 0 0

#Transform 181
Transform: AffineTransform_float_3_3
Parameters: 1 -0.000419717 0.000452263 0.000420283 0.999999 -0.00062581 -0.000451737 0.000626189 0.999999 -0.000678402 0.237332 0.318067
FixedParameters: 0 0 0

#Transform 182
Transform: AffineTransform_float_3_3
Parameters: 0.999999 -0.000602593 0.000452543 0.000602407 1 -0.000899728 -0.000452458 0.000900274 1 -0.00183443 0.325292 0.288518
FixedParameters: 0 0 0

#Transform 183
Transform: AffineTransform_float_3_3
Parameters: 1 -0.000519828 0.000342261 0.000520172 0.999999 -0.000502822 -0.000341738 0.000503178 1 -0.00029673 0.25605 0.293808
FixedParameters: 0 0 0

#Transform 184
Transform: AffineTransform_float_3_3
Parameters: 1 -0.00041999 2.02113e-05 0.00042001 1 -0.000502991 -1.97887e-05 0.000503008 1 -0.00200059 0.258544 0.313075
FixedParameters: 0 0 0

#Transform 185
Transform: AffineTransform_float_3_3
Parameters: 1 -0.000419771 0.000242397 0.00042023 1 -0.000946898 -0.000242602 0.000947102 0.999999 0.0025304 0.313172 0.28832
FixedParameters: 0 0 0

#Transform 186
Transform: AffineTransform_float_3_3
Parameters: 1 -0.000332997 1.50679e-05 0.000333003 1 -0.000203995 -1.49321e-05 0.000204005 1 -0.000986272 0.225901 0.291208
FixedParameters: 0 0 0

#Transform 187
Transform: AffineTransform_float_3_3
Parameters: 1 -8.59907e-05 1.50534e-05 8.60093e-05 1 -0.000620998 -1.49466e-05 0.000621001 1 -0.00424148 0.327539 0.275181
FixedParameters: 0 0 0

#Transform 188
Transform: AffineTransform_float_3_3
Parameters: 1 -0.000246973 0.00021603 0.000247027 1 -0.000122947 -0.00021597 0.000123053 1 -0.000127555 0.201023 0.271693
FixedParameters: 0 0 0

#Transform 189
Transform: AffineTransform_float_3_3
Parameters: 1 6.20028e-05 1.49886e-05 -6.19972e-05 1 -0.000184001 -1.50114e-05 0.000183999 1 -0.00573469 0.318307 0.282285
FixedParameters: 0 0 0

#Transform 190
Transform: AffineTransform_float_3_3
Parameters: 1 9.69942e-05 1.50375e-05 -9.70058e-05 1 0.000386998 -1.49625e-05 -0.000387001 1 -0.000824807 0.20675 0.29154
FixedParameters: 0 0 0

#Transform 191
Transform: AffineTransform_float_3_3
Parameters: 1 0.000248001 1.49846e-05 -0.000247999 1 -6.20037e-05 -1.50154e-05 6.19963e-05 1 -0.00951051 0.292907 0.284269
FixedParameters: 0 0 0

#Transform 192
Transform: AffineTransform_float_3_3
Parameters: 1 0.000248 -3.80027e-05 -0.000248 1 -1.09906e-05 3.79973e-05 1.10094e-05 1 -0.00716011 0.239825 0.280664
FixedParameters: 0 0 0

#Transform 193
Transform: AffineTransform_float_3_3
Parameters: 1 0.000247846 -0.00042709 -0.000248154 1 -0.000361894 0.00042691 0.000361106 1 0.00165259 0.281313 0.287083
FixedParameters: 0 0 0

#Transform 194
Transform: AffineTransform_float_3_3
Parameters: 1 0.000247997 -2.70258e-05 -0.000248003 1 -0.000103993 2.69742e-05 0.000104007 1 -0.00734768 0.271618 0.272357
FixedParameters: 0 0 0

#Transform 195
Transform: AffineTransform_float_3_3
Parameters: 1 0.000105984 -4.60376e-05 -0.000106016 1 -0.000354995 4.59624e-05 0.000355005 1 -0.00160465 0.281555 0.285789
FixedParameters: 0 0 0

#Transform 196
Transform: AffineTransform_float_3_3
Parameters: 1 5.09818e-05 -3.10298e-05 -5.10181e-05 1 -0.000584998 3.09702e-05 0.000585001 1 -0.00199521 0.284832 0.268464
FixedParameters: 0 0 0

#Transform 197
Transform: AffineTransform_float_3_3
Parameters: 1 4.68398e-05 -0.000183041 -4.71601e-05 0.999999 -0.000874991 0.000182959 0.000875008 0.999999 -0.00159428 0.306077 0.270778
FixedParameters: 0 0 0

#Transform 198
Transform: AffineTransform_float_3_3
Parameters: 1 0.000248007 1.8912e-05 -0.000247993 1 -0.000355005 -1.9088e-05 0.000354995 1 -0.00717087 0.242954 0.259742
FixedParameters: 0 0 0

#Transform 199
Transform: AffineTransform_float_3_3
Parameters: 1 0.000247718 -0.00031822 -0.000248282 0.999999 -0.00088692 0.00031778 0.000887078 0.999999 -0.00585004 0.30295 0.270815
FixedParameters: 0 0 0

#Transform 200
Transform: AffineTransform_float_3_3
Parameters: 1 0.000248003 4.82317e-06 -0.000247997 0.999999 -0.000713001 -4.17682e-06 0.000712999 0.999999 -0.00919772 0.240816 0.27381
FixedParameters: 0 0 0

#Transform 201
Transform: AffineTransform_float_3_3
Parameters: 1 0.000317852 -0.000164285 -0.000318148 0.999999 -0.000897947 0.000164714 0.000898052 0.999999 -0.00736873 0.283799 0.274941
FixedParameters: 0 0 0

#Transform 202
Transform: AffineTransform_float_3_3
Parameters: 1 0.00024801 1.28051e-05 -0.00024799 0.999999 -0.000786003 -1.21949e-05 0.000785996 0.999999 -0.00865932 0.271126 0.272249
FixedParameters: 0 0 0

#Transform 203
Transform: AffineTransform_float_3_3
Parameters: 1 0.000248053 5.67683e-05 -0.000247947 0.999999 -0.000934013 -5.72316e-05 0.000933985 0.999999 -0.00702781 0.264654 0.275558
FixedParameters: 0 0 0

#Transform 204
Transform: AffineTransform_float_3_3
Parameters: 1 0.000247907 -0.000118195 -0.000248093 0.999999 -0.00078597 0.000117805 0.000786029 0.999999 -0.00765843 0.307439 0.259063
FixedParameters: 0 0 0

#Transform 205
Transform: AffineTransform_float_3_3
Parameters: 1 0.000247906 -0.000163143 -0.000248095 1 -0.000577959 0.000163857 0.00057804 1 -0.00358014 0.247825 0.274292
FixedParameters: 0 0 0

#Transform 206
Transform: AffineTransform_float_3_3
Parameters: 1 0.00024812 0.000124762 -0.00024788 1 -0.000958031 -0.000125237 0.000957969 0.999999 -0.0100401 0.317763 0.273298
FixedParameters: 0 0 0

#Transform 207
Transform: AffineTransform_float_3_3
Parameters: 1 0.000300969 -4.52071e-05 -0.000301031 0.999999 -0.000687986 4.47929e-05 0.000688013 1 -0.00347625 0.264666 0.305555
FixedParameters: 0 0 0

#Transform 208
Transform: AffineTransform_float_3_3
Parameters: 0.999999 0.000609955 0.000672134 -0.000609045 0.999999 -0.00142041 -0.000672866 0.00142059 0.999999 -0.0180236 0.328875 0.26539
FixedParameters: 0 0 0

#Transform 209
Transform: AffineTransform_float_3_3
Parameters: 1 0.000438307 0.000317577 -0.000437694 1 -0.00096614 -0.000317423 0.000965862 1 -0.0124014 0.234162 0.297827
FixedParameters: 0 0 0

#Transform 210
Transform: AffineTransform_float_3_3
Parameters: 1 0.000248032 3.37636e-05 -0.000247969 1 -0.000953008 -3.32363e-05 0.000952992 0.999999 -0.00162496 0.312441 0.294592
FixedParameters: 0 0 0

#Transform 211
Transform: AffineTransform_float_3_3
Parameters: 0.999999 0.00136421 0.000648464 -0.00136279 0.999998 -0.00185989 -0.000651534 0.00185811 0.999998 -0.0319625 0.25668 0.282628
FixedParameters: 0 0 0

#Transform 212
Transform: AffineTransform_float_3_3
Parameters: 1 0.000667188 0.000110874 -0.000666812 0.999999 -0.00168807 -0.000112126 0.00168793 0.999998 -0.0150804 0.329201 0.275985
FixedParameters: 0 0 0

#Transform 213
Transform: AffineTransform_float_3_3
Parameters: 1 0.000423074 7.96074e-05 -0.000422926 1 -0.000928034 -8.03929e-05 0.000928966 0.999999 -0.00513215 0.245534 0.296455
FixedParameters: 0 0 0

#Transform 214
Transform: AffineTransform_float_3_3
Parameters: 1 0.000332801 -0.000175379 -0.0003332 1 -0.00113894 0.000175621 0.00113906 1 -0.00476239 0.344596 0.30966
FixedParameters: 0 0 0

#Transform 215
Transform: AffineTransform_float_3_3
Parameters: 1 0.000422515 -0.000450456 -0.000423485 1 -0.00107881 0.000449544 0.00107819 1 0.000239577 0.236837 0.31513
FixedParameters: 0 0 0

#Transform 216
Transform: AffineTransform_float_3_3
Parameters: 0.999999 0.000422136 -0.00070152 -0.000422864 0.999999 -0.0012317 0.000701479 0.0012323 0.999999 0.000604381 0.357948 0.307354
FixedParameters: 0 0 0

#Transform 217
Transform: AffineTransform_float_3_3
Parameters: 1 0.000422093 -0.000972395 -0.000422907 1 -0.00093259 0.000971606 0.000933411 0.999999 -0.00147387 0.242014 0.30011
FixedParameters: 0 0 0

#Transform 218
Transform: AffineTransform_float_3_3
Parameters: 1 0.000421291 -0.0010297 -0.00042371 0.999998 -0.00166056 0.0010293 0.00166043 0.999998 -0.000670013 0.378282 0.302845
FixedParameters: 0 0 0

#Transform 219
Transform: AffineTransform_float_3_3
Parameters: 0.999999 0.000421878 -0.000990478 -0.000423122 1 -0.00113358 0.00098952 0.00113342 0.999999 -0.000624505 0.2371 0.314679
FixedParameters: 0 0 0

#Transform 220
Transform: AffineTransform_float_3_3
Parameters: 0.999999 4.74264e-05 -0.000994076 -4.9575e-05 0.999998 -0.00158295 0.000994923 0.00158305 0.999999 0.0034185 0.35611 0.30163
FixedParameters: 0 0 0

#Transform 221
Transform: AffineTransform_float_3_3
Parameters: 0.999999 0.000117898 -0.000842154 -0.000118101 0.999999 -0.0013079 0.000841846 0.0013081 0.999999 0.00260573 0.258742 0.305724
FixedParameters: 0 0 0

#Transform 222
Transform: AffineTransform_float_3_3
Parameters: 0.999999 0.0002626 -0.000986374 -0.000263399 0.999999 -0.00141874 0.000985627 0.00141926 0.999999 0.00062755 0.33574 0.325824
FixedParameters: 0 0 0

#Transform 223
Transform: AffineTransform_float_3_3
Parameters: 0.999999 8.72481e-06 -0.00106001 -9.27517e-06 1 -0.00120299 0.00105999 0.00120301 0.999998 0.00545132 0.286284 0.324072
FixedParameters: 0 0 0

#Transform 224
Transform: AffineTransform_float_3_3
Parameters: 0.999999 2.07282e-05 -0.000775035 -2.12717e-05 0.999998 -0.00164098 0.000774966 0.00164102 0.999999 0.00479399 0.325623 0.324673
FixedParameters: 0 0 0

#Transform 225
Transform: AffineTransform_float_3_3
Parameters: 1 -7.188e-07 -0.0006 2.81199e-07 1 -0.001198 0.000600001 0.001198 0.999999 0.000956736 0.261371 0.329014
FixedParameters: 0 0 0

#Transform 226
Transform: AffineTransform_float_3_3
Parameters: 0.999999 2.56588e-05 -0.000782045 -2.73411e-05 0.999999 -0.00171498 0.000781954 0.00171502 0.999998 0.00226942 0.354069 0.325793
FixedParameters: 0 0 0

#Transform 227
Transform: AffineTransform_float_3_3
Parameters: 1 1.81742e-05 -0.000687022 -1.88258e-05 1 -0.00120199 0.000686978 0.00120201 0.999999 0.00385045 0.266392 0.339041
FixedParameters: 0 0 0

#Transform 228
Transform: AffineTransform_float_3_3
Parameters: 1 8.49723e-05 -0.000699125 -8.60274e-05 0.999999 -0.00146994 0.000698874 0.00147006 0.999998 0.00483473 0.357519 0.344869
FixedParameters: 0 0 0

#Transform 229
Transform: AffineTransform_float_3_3
Parameters: 1 -9.38922e-06 -0.000611994 8.61076e-06 1 -0.000636005 0.000612005 0.000635994 0.999999 0.00830221 0.269685 0.343657
FixedParameters: 0 0 0

#Transform 230
Transform: AffineTransform_float_3_3
Parameters: 1 -0.000164591 -0.000654852 0.000164408 0.999999 -0.000903108 0.000655149 0.000902892 1 0.011638 0.348176 0.34025
FixedParameters: 0 0 0

#Transform 231
Transform: AffineTransform_float_3_3
Parameters: 1 -2.1782e-06 -0.000659999 1.8218e-06 1 -0.000270001 0.00066 0.000269999 0.999999 0.00797645 0.237963 0.3588
FixedParameters: 0 0 0

#Transform 232
Transform: AffineTransform_float_3_3
Parameters: 0.999999 5.45673e-05 -0.000832028 -5.44326e-05 1 -0.000519955 0.000831971 0.000520045 0.999999 0.0101027 0.378648 0.34866
FixedParameters: 0 0 0

#Transform 233
Transform: AffineTransform_float_3_3
Parameters: 1 -6.20356e-05 -0.000538996 6.19644e-05 1 -6.60334e-05 0.000539004 6.59666e-05 1 0.0121311 0.233186 0.361963
FixedParameters: 0 0 0

#Transform 234
Transform: AffineTransform_float_3_3
Parameters: 1 -2.67416e-06 -0.00106 2.32584e-06 1 -0.000636003 0.00106 0.000635998 0.999999 0.0118006 0.369145 0.353864
FixedParameters: 0 0 0

#Transform 235
Transform: AffineTransform_float_3_3
Parameters: 1 -2.30654e-06 -0.000654999 1.69346e-06 1 -0.000468001 0.000655001 0.000467998 0.999999 0.0137259 0.238863 0.371802
FixedParameters: 0 0 0

#Transform 236
Transform: AffineTransform_float_3_3
Parameters: 0.999999 -2.65248e-06 -0.000842998 2.34751e-06 0.999999 -0.000774002 0.000843002 0.000773998 1 0.00830187 0.378897 0.365873
FixedParameters: 0 0 0

#Transform 237
Transform: AffineTransform_float_3_3
Parameters: 1 -2.14946e-06 -0.00106 1.85054e-06 1 -0.000141002 0.00106 0.000140998 1 0.0122857 0.244566 0.375765
FixedParameters: 0 0 0

#Transform 238
Transform: AffineTransform_float_3_3
Parameters: 1 -2.14946e-06 -0.00106 1.85054e-06 1 -0.000141002 0.00106 0.000140998 1 0.0110177 0.373827 0.383956
FixedParameters: 0 0 0

#Transform 239
Transform: AffineTransform_float_3_3
Parameters: 1 0.000621968 2.38453e-05 -0.000622032 0.999999 0.00135899 -2.31547e-05 -0.00135901 0.999999 -0.0249396 0.210129 0.429757
FixedParameters: 0 0 0

#Transform 240
Transform: AffineTransform_float_3_3
Parameters: 1 0.000145146 -0.00030493 -0.000144854 1 0.000480044 0.000305069 -0.000479956 1 -0.00167591 0.400542 0.392169
FixedParameters: 0 0 0

#Transform 241
Transform: AffineTransform_float_3_3
Parameters: 1 8.44541e-05 -0.00042391 -8.45459e-05 1 0.00107104 0.000424091 -0.00107097 1 0.000864614 0.239835 0.402089
FixedParameters: 0 0 0

#Transform 242
Transform: AffineTransform_float_3_3
Parameters: 1 2.84863e-05 -0.000423968 -2.85137e-05 1 0.00114701 0.000424033 -0.00114699 1 0.00178427 0.24394 0.419432
FixedParameters: 0 0 0

#Transform 243
Transform: AffineTransform_float_3_3
Parameters: 0.999999 0.000286159 -0.000759939 -0.00028584 1 0.000210217 0.00076006 -0.000209782 0.999999 -0.00288455 0.41001 0.414531
FixedParameters: 0 0 0

#Transform 244
Transform: AffineTransform_float_3_3
Parameters: 1 0.000538183 -0.000398753 -0.000537817 0.999999 0.000459214 0.000399247 -0.000458785 1 -0.00681361 0.240676 0.432347
FixedParameters: 0 0 0

#Transform 245
Transform: AffineTransform_float_3_3
Parameters: 1 0.0007933 -0.000835716 -0.000792701 0.999999 0.000358662 0.000835284 -0.000358337 0.999999 -0.00489342 0.389712 0.41697
FixedParameters: 0 0 0

#Transform 246
Transform: AffineTransform_float_3_3
Parameters: 0.999999 0.000713244 -0.000436601 -0.000713755 0.999999 0.000559311 0.000437399 -0.000559688 0.999999 -0.00916368 0.260722 0.426066
FixedParameters: 0 0 0

#Transform 247
Transform: AffineTransform_float_3_3
Parameters: 0.999999 0.000713109 -0.00107593 -0.000713891 0.999999 0.000101768 0.00107507 -0.000101233 1 -0.00899063 0.388435 0.422119
FixedParameters: 0 0 0

#Transform 248
Transform: AffineTransform_float_3_3
Parameters: 0.999999 0.000598967 -0.000687028 -0.000599032 1 -4.65884e-05 0.000686971 4.74115e-05 1 -0.00383704 0.27034 0.416709
FixedParameters: 0 0 0

#Transform 249
Transform: AffineTransform_float_3_3
Parameters: 0.999999 0.000460777 -0.000674152 -0.000460223 1 -0.00033069 0.000673848 0.00033031 0.999999 -0.00168501 0.377809 0.412066
FixedParameters: 0 0 0

#Transform 250
Transform: AffineTransform_float_3_3
Parameters: 1 0.000288215 -0.000625901 -0.000287784 1 0.00034418 0.000626099 -0.00034382 0.999999 -0.00646247 0.257374 0.406355
FixedParameters: 0 0 0

#Transform 251
Transform: AffineTransform_float_3_3
Parameters: 0.999999 0.000400867 -0.000736072 -0.000401132 1 -0.000179705 0.000735927 0.000180295 0.999999 -0.00303016 0.381421 0.402003
FixedParameters: 0 0 0

#Transform 252
Transform: AffineTransform_float_3_3
Parameters: 0.999999 0.000291966 -0.000754013 -0.000292034 1 -4.47798e-05 0.000753986 4.52201e-05 0.999999 0.00199897 0.257413 0.393274
FixedParameters: 0 0 0

#Transform 253
Transform: AffineTransform_float_3_3
Parameters: 0.999999 0.00040001 -0.000643993 -0.000399989 1 1.62576e-05 0.000644006 -1.57424e-05 1 -0.00868702 0.385987 0.399728
FixedParameters: 0 0 0

#Transform 254
Transform: AffineTransform_float_3_3
Parameters: 0.999999 0.000449015 -0.000827991 -0.000448984 1 1.93718e-05 0.000828008 -1.86282e-05 0.999999 0.000518065 0.263443 0.401339
FixedParameters: 0 0 0

#Transform 255
Transform: AffineTransform_float_3_3
Parameters: 0.999999 0.00049352 -0.000803295 -0.00049348 0.999999 -0.000597604 0.000802705 0.000597397 1 -0.000448902 0.391451 0.395894
FixedParameters: 0 0 0

#Transform 256
Transform: AffineTransform_float_3_3
Parameters: 0.999999 0.000325842 -0.000890057 -0.000326157 1 -0.00017671 0.000889941 0.00017729 0.999999 0.00340573 0.269131 0.408486
FixedParameters: 0 0 0

#Transform 257
Transform: AffineTransform_float_3_3
Parameters: 0.999999 0.000712454 -0.000671579 -0.000713546 1 -0.000812522 0.00067142 0.000813479 1 -0.00584911 0.397802 0.397694
FixedParameters: 0 0 0

#Transform 258
Transform: AffineTransform_float_3_3
Parameters: 0.999999 0.000314029 -0.000692986 -0.000313971 1 4.22176e-05 0.000693013 -4.17824e-05 1 0.000813556 0.244993 0.411546
FixedParameters: 0 0 0

#Transform 259
Transform: AffineTransform_float_3_3
Parameters: 0.999999 0.0003848 -0.000896085 -0.000385199 1 -0.000222655 0.000895913 0.000223345 0.999999 0.00256463 0.386443 0.405544
FixedParameters: 0 0 0

#Transform 260
Transform: AffineTransform_float_3_3
Parameters: 0.999999 0.000444956 -0.000809023 -0.000445043 1 -5.36399e-05 0.000808975 5.436e-05 0.999999 0.000316401 0.263589 0.410249
FixedParameters: 0 0 0

#Transform 261
Transform: AffineTransform_float_3_3
Parameters: 0.999999 0.000712662 -0.00112321 -0.000713337 0.999999 -0.000300199 0.00112279 0.0003008 1 0.000234873 0.365418 0.406793
FixedParameters: 0 0 0

#Transform 262
Transform: AffineTransform_float_3_3
Parameters: 0.999999 0.0007133 -0.00122883 -0.000713699 0.999999 0.000244877 0.00122917 -0.000244123 0.999999 0.00167183 0.295648 0.41588
FixedParameters: 0 0 0

#Transform 263
Transform: AffineTransform_float_3_3
Parameters: 0.999999 0.000712806 -0.00112312 -0.000713193 0.999999 -0.000171199 0.00112288 0.000172801 1 0.000215 0.35905 0.420446
FixedParameters: 0 0 0

#Transform 264
Transform: AffineTransform_float_3_3
Parameters: 0.999999 0.000712967 -0.00112302 -0.000713033 0.999999 -2.91993e-05 0.00112298 2.98007e-05 1 -0.00867369 0.334957 0.411101
FixedParameters: 0 0 0

#Transform 265
Transform: AffineTransform_float_3_3
Parameters: 0.999999 0.000713404 -0.00112274 -0.000713595 0.999999 0.000360801 0.00112326 -0.000359199 1 0.000176021 0.311606 0.421471
FixedParameters: 0 0 0

#Transform 266
Transform: AffineTransform_float_3_3
Parameters: 0.999999 0.000662768 -0.00112314 -0.000663232 1 -0.000206255 0.00112286 0.000206744 1 -0.00373399 0.382674 0.408061
FixedParameters: 0 0 0

#Transform 267
Transform: AffineTransform_float_3_3
Parameters: 1 0.000623098 -0.000812925 -0.000622902 1 0.000121506 0.000813075 -0.000120493 0.999999 -0.00260669 0.27104 0.439052
FixedParameters: 0 0 0

#Transform 268
Transform: AffineTransform_float_3_3
Parameters: 0.999999 0.000527681 -0.00070124 -0.00052832 1 -0.000455629 0.000701759 0.00045537 0.999999 -0.00598267 0.37139 0.415769
FixedParameters: 0 0 0

#Transform 269
Transform: AffineTransform_float_3_3
Parameters: 0.999999 0.00045405 -0.000691967 -0.00045395 1 7.23141e-05 0.000692033 -7.26858e-05 1 -0.00412068 0.261276 0.404128
FixedParameters: 0 0 0

#Transform 270
Transform: AffineTransform_float_3_3
Parameters: 0.999999 0.000712895 -0.00120406 -0.000713105 0.999999 -8.71415e-05 0.00120394 8.78584e-05 1 0.00136583 0.357556 0.403861
FixedParameters: 0 0 0

#Transform 271
Transform: AffineTransform_float_3_3
Parameters: 0.999999 0.000403385 -0.000735788 -0.000403614 1 0.000524297 0.000736211 -0.000523703 0.999999 -2.85682e-05 0.313297 0.424753
FixedParameters: 0 0 0

#Transform 272
Transform: AffineTransform_float_3_3
Parameters: 0.999999 0.00027801 -0.000817996 -0.00027799 1 1.22274e-05 0.000818003 -1.17726e-05 0.999999 0.00626267 0.315501 0.41377
FixedParameters: 0 0 0

#Transform 273
Transform: AffineTransform_float_3_3
Parameters: 0.999999 0.000299623 -0.000818137 -0.000299376 1 -0.000459755 0.000817862 0.000460245 0.999999 0.00293552 0.384953 0.396892
FixedParameters: 0 0 0

#Transform 274
Transform: AffineTransform_float_3_3
Parameters: 0.999999 7.97008e-05 -0.000885026 -8.02994e-05 1 -0.000337929 0.000885972 0.000338071 0.999999 0.00742289 0.333712 0.396135
FixedParameters: 0 0 0

#Transform 275
Transform: AffineTransform_float_3_3
Parameters: 0.999999 0.000299436 -0.000834203 -0.000299563 0.999999 -0.00067575 0.000833798 0.00067625 1 0.00318166 0.395235 0.397079
FixedParameters: 0 0 0

#Transform 276
Transform: AffineTransform_float_3_3
Parameters: 0.999999 7.29688e-05 -0.000742003 -7.30311e-05 1 -4.19458e-05 0.000741997 4.20541e-05 0.999999 0.00546085 0.300553 0.425692
FixedParameters: 0 0 0

#Transform 277
Transform: AffineTransform_float_3_3
Parameters: 0.999999 0.000299564 -0.000729178 -0.000299436 1 -0.000596781 0.000729821 0.000597218 0.999999 0.00168832 0.376713 0.430897
FixedParameters: 0 0 0

#Transform 278
Transform: AffineTransform_float_3_3
Parameters: 0.999999 6.66243e-05 -0.000728034 -6.73756e-05 1 -0.000515951 0.000727965 0.000516048 0.999999 0.00533362 0.300577 0.409321
FixedParameters: 0 0 0

#Transform 279
Transform: AffineTransform_float_3_3
Parameters: 1 5.76731e-05 -0.000603031 -5.83268e-05 1 -0.000541965 0.000602968 0.000542035 0.999999 -0.000563306 0.376579 0.425326
FixedParameters: 0 0 0

#Transform 280
Transform: AffineTransform_float_3_3
Parameters: 0.999999 -3.12734e-05 -0.000748988 3.07266e-05 1 -0.000365023 0.000749011 0.000364977 0.999999 0.00227931 0.3392 0.410982
FixedParameters: 0 0 0

#Transform 281
Transform: AffineTransform_float_3_3
Parameters: 0.999999 0.000299719 -0.000806104 -0.00029928 1 -0.000347759 0.000805895 0.000348242 0.999999 0.00270433 0.323968 0.42261
FixedParameters: 0 0 0

#Transform 282
Transform: AffineTransform_float_3_3
Parameters: 1 4.25383e-05 -0.000618032 -4.24616e-05 0.999999 -0.000746973 0.000617968 0.000747026 0.999999 0.00432221 0.382149 0.415484
FixedParameters: 0 0 0

#Transform 283
Transform: AffineTransform_float_3_3
Parameters: 1 9.81148e-05 -0.00057698 -9.78851e-05 1 0.000199056 0.000577019 -0.000198943 1 0.00830021 0.305813 0.444364
FixedParameters: 0 0 0

#Transform 284
Transform: AffineTransform_float_3_3
Parameters: 1 -8.6415e-05 -0.000660945 8.65848e-05 1 -0.000628057 0.000661054 0.000627943 0.999999 0.00699382 0.399737 0.423122
FixedParameters: 0 0 0

#Transform 285
Transform: AffineTransform_float_3_3
Parameters: 0.999999 -1.91494e-05 -0.000746996 1.88506e-05 1 -0.000200014 0.000747003 0.000199986 0.999999 0.0149754 0.301414 0.448965
FixedParameters: 0 0 0

#Transform 286
Transform: AffineTransform_float_3_3
Parameters: 0.999999 -3.95273e-05 -0.000746972 3.84726e-05 1 -0.000706029 0.000747027 0.000705971 1 0.00732187 0.40673 0.437078
FixedParameters: 0 0 0

#Transform 287
Transform: AffineTransform_float_3_3
Parameters: 0.999999 -0.000142977 -0.000747004 0.000143023 1 3.08932e-05 0.000746995 -3.11068e-05 0.999999 0.00904583 0.297479 0.451951
FixedParameters: 0 0 0

#Transform 288
Transform: AffineTransform_float_3_3
Parameters: 1 -0.000120373 -0.000586923 0.000119627 1 -0.00063507 0.000587076 0.000634929 0.999999 0.00990635 0.419949 0.442709
FixedParameters: 0 0 0

#Transform 289
Transform: AffineTransform_float_3_3
Parameters: 1 -0.000137171 -0.000604961 0.000137829 1 -0.000283083 0.000605039 0.000282917 1 0.00702267 0.316549 0.448356
FixedParameters: 0 0 0

#Transform 290
Transform: AffineTransform_float_3_3
Parameters: 0.999999 -0.000231614 -0.00074681 0.000231385 0.999999 -0.000823173 0.000747191 0.000822827 1 0.0104417 0.380194 0.45029
FixedParameters: 0 0 0

#Transform 291
Transform: AffineTransform_float_3_3
Parameters: 0.999999 -0.00025342 -0.000746857 0.000253579 1 -0.000563189 0.000747142 0.00056281 0.999999 0.0140917 0.337073 0.444027
FixedParameters: 0 0 0

#Transform 292
Transform: AffineTransform_float_3_3
Parameters: 0.999999 -0.000319558 -0.000746762 0.000318442 0.999999 -0.000747238 0.000747238 0.000746762 1 0.0118022 0.361012 0.441136
FixedParameters: 0 0 0

#Transform 293
Transform: AffineTransform_float_3_3
Parameters: 0.999999 -0.000398552 -0.000746705 0.000398447 0.999999 -0.000740298 0.000746295 0.000739703 1 0.0205208 0.364806 0.402855
FixedParameters: 0 0 0

#Transform 294
Transform: AffineTransform_float_3_3
Parameters: 0.999999 -0.000448483 -0.00118482 0.000448517 1 -0.000407532 0.00118518 0.000407469 0.999999 0.0290744 0.338109 0.440739
FixedParameters: 0 0 0

#Transform 295
Transform: AffineTransform_float_3_3
Parameters: 1 -0.000137596 -0.00110793 0.000137404 1 -0.000538153 0.00110807 0.000537848 0.999999 0.029241 0.388909 0.428073
FixedParameters: 0 0 0

#Transform 296
Transform: AffineTransform_float_3_3
Parameters: 0.999999 -0.000137457 -0.00103794 0.000137543 1 -0.000440143 0.00103806 0.000439858 1 0.0294594 0.349603 0.457985
FixedParameters: 0 0 0

#Transform 297
Transform: AffineTransform_float_3_3
Parameters: 0.999999 -0.000137738 -0.000929891 0.000137261 0.999999 -0.000794128 0.000930109 0.000793872 1 0.0150854 0.405883 0.429466
FixedParameters: 0 0 0

#Transform 298
Transform: AffineTransform_float_3_3
Parameters: 0.999999 -0.000137712 -0.00104591 0.000137289 1 -0.000680144 0.00104609 0.000680856 0.999999 0.0131242 0.322236 0.440378
FixedParameters: 0 0 0

#Transform 299
Transform: AffineTransform_float_3_3
Parameters: 0.999999 -0.000137947 -0.000914857 0.000137053 1 -0.00103513 0.000915142 0.00103487 0.999999 0.0112789 0.427404 0.435495
FixedParameters: 0 0 0

#Transform 300
Transform: AffineTransform_float_3_3
Parameters: 0.999999 -0.000137375 -0.000707927 0.000137625 1 -0.000530097 0.000708073 0.000529903 0.999999 0.00845973 0.296143 0.456912
FixedParameters: 0 0 0

#Transform 301
Transform: AffineTransform_float_3_3
Parameters: 0.999999 -0.000272076 -0.000905677 0.000270923 1 -0.00118825 0.000906322 0.00118775 0.999999 0.0133111 0.433846 0.432954
FixedParameters: 0 0 0

#Transform 302
Transform: AffineTransform_float_3_3
Parameters: 1 -0.000355559 -0.000892778 0.000355441 0.999999 -0.000626318 0.000893223 0.000625683 1 0.019436 0.289827 0.44179
FixedParameters: 0 0 0

#Transform 303
Transform: AffineTransform_float_3_3
Parameters: 1 -0.000137103 -0.00047597 0.000137897 1 -0.000217066 0.00047603 0.000216935 1 0.00519797 0.339785 0.464501
FixedParameters: 0 0 0

#Transform 304
Transform: AffineTransform_float_3_3
Parameters: 0.999999 -0.00030279 -0.000761686 0.00030121 1 -0.00103723 0.000762313 0.00103677 0.999999 0.0262 0.451516 0.449011
FixedParameters: 0 0 0

#Transform 305
Transform: AffineTransform_float_3_3
Parameters: 0.999999 -0.000395384 -0.000614753 0.000394615 0.999999 -0.000625242 0.000615246 0.000624756 0.999999 0.0293657 0.298846 0.476481
FixedParameters: 0 0 0

#Transform 306
Transform: AffineTransform_float_3_3
Parameters: 1 -0.000330566 -0.000435571 0.000330433 0.999999 -0.00130014 0.00043643 0.00129986 0.999999 0.0261756 0.41647 0.460775
FixedParameters: 0 0 0

#Transform 307
Transform: AffineTransform_float_3_3
Parameters: 1 -0.000345466 -0.000475662 0.000345535 1 -0.000979165 0.000475339 0.000978837 1 0.0232805 0.355188 0.453881
FixedParameters: 0 0 0

#Transform 308
Transform: AffineTransform_float_3_3
Parameters: 0.999999 -0.00047032 -0.000610753 0.000470679 1 -0.000525287 0.000611247 0.000524712 0.999999 0.0366136 0.34688 0.477309
FixedParameters: 0 0 0

#Transform 309
Transform: AffineTransform_float_3_3
Parameters: 0.999999 -0.000137281 -0.000860954 0.000137718 1 -0.000327119 0.000861044 0.000326882 0.999999 0.028361 0.390009 0.488783
FixedParameters: 0 0 0

#Transform 310
Transform: AffineTransform_float_3_3
Parameters: 0.999999 -0.000332061 -0.00069097 0.000331938 1 -8.92294e-05 0.000691029 8.87705e-05 1 0.0357618 0.347125 0.511767
FixedParameters: 0 0 0
