#Insight Transform File V1.0
#Transform 0
Transform: AffineTransform_float_3_3
Parameters: 0.999999 0.000572285 -0.00056471 -0.000571714 0.999999 0.000506323 0.000565289 -0.000505676 0.999999 -0.00658742 -0.0618465 0.00967624
FixedParameters: 0 0 0

#Transform 1
Transform: AffineTransform_float_3_3
Parameters: 0.999999 0.000795203 -0.000566714 -0.000794796 0.999999 0.00035945 0.000567286 -0.000359549 1 -0.00500555 -0.020272 -0.00376788
FixedParameters: 0 0 0

#Transform 2
Transform: AffineTransform_float_3_3
Parameters: 1 0.000528154 -0.000432812 -0.000527846 1 0.000356228 0.000433188 -0.000355771 1 -0.00250986 -0.0853239 -0.00104195
FixedParameters: 0 0 0

#Transform 3
Transform: AffineTransform_float_3_3
Parameters: 0.999999 0.000519171 -0.000480814 -0.000518828 1 0.000357249 0.000481185 -0.00035675 1 -0.00386336 -0.066074 0.00706819
FixedParameters: 0 0 0

#Transform 4
Transform: AffineTransform_float_3_3
Parameters: 1 0.0004801 -0.000311846 -0.0004799 1 0.00032115 0.000312154 -0.00032085 1 -0.00927318 -0.037015 -0.0121977
FixedParameters: 0 0 0

#Transform 5
Transform: AffineTransform_float_3_3
Parameters: 1 0.000494174 -0.000424797 -0.000494826 1 0.00041021 0.000424203 -0.00040979 1 -0.00221556 -0.0967372 0.00193526
FixedParameters: 0 0 0

#Transform 6
Transform: AffineTransform_float_3_3
Parameters: 1 8.3824e-08 -0.000403 8.3824e-08 1 0.000208 0.000403 -0.000208 1 0.00573392 -0.0319141 -0.0132481
FixedParameters: 0 0 0

#Transform 7
Transform: AffineTransform_float_3_3
Parameters: 1 0.000231136 -0.000624949 -0.000231864 1 0.000218145 0.00062505 -0.000217856 1 0.00500019 -0.0862499 -0.0098868
FixedParameters: 0 0 0

#Transform 8
Transform: AffineTransform_float_3_3
Parameters: 1 0.000166065 -0.00055598 -0.000165935 1 0.000117092 0.000556019 -0.000116908 1 0.00520608 -0.025295 0.00326563
FixedParameters: 0 0 0

#Transform 9
Transform: AffineTransform_float_3_3
Parameters: 1 7.347e-08 -0.000465 7.347e-08 1 0.000158 0.000465 -0.000158 1 0.00662188 -0.0267351 -0.0115497
FixedParameters: 0 0 0

#Transform 10
Transform: AffineTransform_float_3_3
Parameters: 1 0.000101209 -0.000510958 -0.00010179 1 0.000410052 0.000511042 -0.000409948 1 0.00555377 -0.0717491 0.00799565
FixedParameters: 0 0 0

#Transform 11
Transform: AffineTransform_float_3_3
Parameters: 1 7.2716e-08 -0.000371 7.2716e-08 1 0.000196 0.000371 -0.000196 1 0.00526593 0.0137984 0.00409155
FixedParameters: 0 0 0

#Transform 12
Transform: AffineTransform_float_3_3
Parameters: 1 0.000364103 -0.000251851 -0.000363897 1 0.000410092 0.000252149 -0.000409908 1 -0.0075201 -0.0924613 0.00478707
FixedParameters: 0 0 0

#Transform 13
Transform: AffineTransform_float_3_3
Parameters: 1 0.00028602 -0.000445987 -0.000286979 1 4.6128e-05 0.000446013 -4.58724e-05 1 -0.00557963 -0.00940235 0.00191948
FixedParameters: 0 0 0

#Transform 14
Transform: AffineTransform_float_3_3
Parameters: 1 0.000186183 -0.000445924 -0.000185817 1 0.000410083 0.000446076 -0.000409917 1 0.00328541 -0.0741432 0.00785802
FixedParameters: 0 0 0

#Transform 15
Transform: AffineTransform_float_3_3
Parameters: 1 1.13544e-07 -0.000498 1.13544e-07 1 0.000228 0.000498 -0.000228 1 0.00703989 -0.0457215 -0.00419753
FixedParameters: 0 0 0

#Transform 16
Transform: AffineTransform_float_3_3
Parameters: 1 1.0291e-07 -0.000251 1.0291e-07 1 0.00041 0.000251 -0.00041 1 0.00355388 -0.0449424 -0.00661624
FixedParameters: 0 0 0

#Transform 17
Transform: AffineTransform_float_3_3
Parameters: 1 7.30374e-05 -0.000445994 -7.29625e-05 1 8.40325e-05 0.000446006 -8.39674e-05 1 0.00512713 -0.048299 -0.0119016
FixedParameters: 0 0 0

#Transform 18
Transform: AffineTransform_float_3_3
Parameters: 1 0.000144941 -0.00028103 -0.000145059 1 -0.000209959 0.00028097 0.000210041 1 0.00162573 -0.00934188 -0.011767
FixedParameters: 0 0 0

#Transform 19
Transform: AffineTransform_float_3_3
Parameters: 1 5.00091e-05 -0.000170997 -4.99909e-05 1 5.30085e-05 0.000171003 -5.29914e-05 1 0.00160721 -0.0713405 0.00130527
FixedParameters: 0 0 0

#Transform 20
Transform: AffineTransform_float_3_3
Parameters: 1 -0.000104978 -9.30246e-05 0.000105022 1 0.00023399 9.29754e-05 -0.00023401 1 0.00298214 0.00278785 0.0129644
FixedParameters: 0 0 0

#Transform 21
Transform: AffineTransform_float_3_3
Parameters: 1 2.61e-09 -0.000145 2.61e-09 1 1.8e-05 0.000145 -1.8e-05 1 0.00208978 -0.0498221 -0.0106503
FixedParameters: 0 0 0

#Transform 22
Transform: AffineTransform_float_3_3
Parameters: 1 -0.000335943 -0.000298064 0.000336057 1 0.0001919 0.000297936 -0.0001911 1 0.00980418 -0.0219706 0.00975629
FixedParameters: 0 0 0

#Transform 23
Transform: AffineTransform_float_3_3
Parameters: 1 -9.89916e-05 0.000524001 9.90084e-05 1 -1.59481e-05 -0.000523998 1.60519e-05 1 0.00403478 -0.0173817 -0.00149258
FixedParameters: 0 0 0

#Transform 24
Transform: AffineTransform_float_3_3
Parameters: 0.999999 0.0002408 0.000805059 -0.0002412 1 0.000248806 -0.00080494 -0.000248194 0.999999 -0.00459176 -0.0346461 0.019475
FixedParameters: 0 0 0

#Transform 25
Transform: AffineTransform_float_3_3
Parameters: 1 -3.19586e-05 0.000517002 3.20414e-05 1 -7.99834e-05 -0.000516997 8.00165e-05 1 -0.00483659 -0.0439866 -0.0111471
FixedParameters: 0 0 0

#Transform 26
Transform: AffineTransform_float_3_3
Parameters: 1 0.000217744 0.000625089 -0.000217256 1 0.000409864 -0.000624911 -0.000409136 0.999999 -0.000781971 -0.0724694 0.0229623
FixedParameters: 0 0 0

#Transform 27
Transform: AffineTransform_float_3_3
Parameters: 1 0.000233429 0.00104913 -0.000233571 1 0.000543755 -0.00104887 -0.000544245 1 -0.0186849 -0.102969 0.0380336
FixedParameters: 0 0 0

#Transform 28
Transform: AffineTransform_float_3_3
Parameters: 1 3.56769e-05 0.000605019 -3.6323e-05 1 0.000533978 -0.00060498 -0.000534021 0.999999 -0.0252453 -0.0223991 -0.0395807
FixedParameters: 0 0 0

#Transform 29
Transform: AffineTransform_float_3_3
Parameters: 1 0.000616221 -0.000268493 -0.00061578 1 0.000822166 0.000268506 -0.000821835 0.999999 -0.0410116 -0.0843304 -0.0663457
FixedParameters: 0 0 0

#Transform 30
Transform: AffineTransform_float_3_3
Parameters: 0.999999 0.00091011 -0.000268624 -0.000910888 0.999999 0.000413245 0.000269376 -0.000412755 1 -0.0458439 0.0119466 -0.0824317
FixedParameters: 0 0 0

#Transform 31
Transform: AffineTransform_float_3_3
Parameters: 0.999999 0.000720646 0.000471541 -0.000721354 1 0.00075066 -0.000470458 -0.000751339 0.999999 -0.0414806 -0.0853849 -0.038744
FixedParameters: 0 0 0

#Transform 32
Transform: AffineTransform_float_3_3
Parameters: 1 0.0010639 0.000463239 -0.00106411 1 0.000224507 -0.00046376 -0.000225494 1 -0.0587137 0.0225981 -0.0473308
FixedParameters: 0 0 0

#Transform 33
Transform: AffineTransform_float_3_3
Parameters: 1 0.000972712 0.000527534 -0.00097329 1 0.000548487 -0.000527467 -0.000548513 0.999999 -0.0582743 -0.104844 -0.0591252
FixedParameters: 0 0 0

#Transform 34
Transform: AffineTransform_float_3_3
Parameters: 0.999999 0.000720522 0.00104833 -0.000720478 0.999999 0.000456245 -0.00104767 -0.000456755 1 -0.0505901 0.0215062 -0.0619273
FixedParameters: 0 0 0

#Transform 35
Transform: AffineTransform_float_3_3
Parameters: 0.999999 0.000719995 0.000998726 -0.000721006 0.999999 0.00100728 -0.000997274 -0.00100772 0.999999 -0.0449604 -0.113421 -0.0610431
FixedParameters: 0 0 0

#Transform 36
Transform: AffineTransform_float_3_3
Parameters: 1 0.00072051 0.000770458 -0.000720489 0.999999 0.000635445 -0.000769542 -0.000636554 0.999999 -0.0361146 -0.0366329 -0.0585342
FixedParameters: 0 0 0

#Transform 37
Transform: AffineTransform_float_3_3
Parameters: 0.999999 0.000720894 0.000410184 -0.000721104 0.999999 0.000255704 -0.000409815 -0.000256295 1 -0.0523285 -0.0566393 -0.0846319
FixedParameters: 0 0 0

#Transform 38
Transform: AffineTransform_float_3_3
Parameters: 0.999997 0.00165829 0.00209453 -0.00166371 0.999995 0.00272653 -0.00209047 -0.00272948 0.999994 -0.0915575 -0.0647043 -0.00770355
FixedParameters: 0 0 0

#Transform 39
Transform: AffineTransform_float_3_3
Parameters: 0.999995 0.00208879 0.00227971 -0.00209521 0.999994 0.00272524 -0.00227429 -0.00272976 0.999993 -0.0845158 -0.0364909 -0.00829013
FixedParameters: 0 0 0

#Transform 40
Transform: AffineTransform_float_3_3
Parameters: 0.999997 0.0016613 0.00134534 -0.0016637 0.999996 0.00200977 -0.00134166 -0.00201223 0.999997 -0.0607453 -0.0765111 -0.00159583
FixedParameters: 0 0 0

#Transform 41
Transform: AffineTransform_float_3_3
Parameters: 0.999998 0.00182856 0.000932796 -0.00183044 0.999995 0.0026203 -0.000928206 -0.0026217 0.999996 -0.0481213 -0.0660567 0.0195793
FixedParameters: 0 0 0

#Transform 42
Transform: AffineTransform_float_3_3
Parameters: 0.999998 0.00187725 0.000933548 -0.00188075 0.999994 0.00295225 -0.00092845 -0.00295375 0.999995 -0.0610694 -0.0303276 0.0178371
FixedParameters: 0 0 0

#Transform 43
Transform: AffineTransform_float_3_3
Parameters: 0.999998 0.0014149 0.000860459 -0.0014171 0.999996 0.00244278 -0.000856539 -0.00244421 0.999996 -0.0433484 -0.0714043 -0.0134456
FixedParameters: 0 0 0

#Transform 44
Transform: AffineTransform_float_3_3
Parameters: 0.999999 0.00123314 0.000930474 -0.00123586 0.999997 0.00200485 -0.000928523 -0.00200615 0.999997 -0.0382863 0.00254168 -0.00561627
FixedParameters: 0 0 0

#Transform 45
Transform: AffineTransform_float_3_3
Parameters: 0.999999 0.00104502 0.000930226 -0.00104698 0.999997 0.00212703 -0.000927775 -0.00212797 0.999998 -0.03523 -0.0696427 -0.00819995
FixedParameters: 0 0 0

#Transform 46
Transform: AffineTransform_float_3_3
Parameters: 0.999999 0.00098446 0.000929634 -0.000986541 0.999998 0.00165808 -0.000928365 -0.00165892 0.999998 -0.0310673 0.00106652 -0.0087479
FixedParameters: 0 0 0

#Transform 47
Transform: AffineTransform_float_3_3
Parameters: 0.999999 0.000786362 0.00112086 -0.000788638 0.999997 0.00235512 -0.00111915 -0.00235588 0.999996 -0.0281853 -0.071492 -0.00418985
FixedParameters: 0 0 0

#Transform 48
Transform: AffineTransform_float_3_3
Parameters: 0.999999 0.000763631 0.00122548 -0.000765368 0.999998 0.00193406 -0.00122352 -0.00193494 0.999998 -0.0346612 -0.0230391 0.00718093
FixedParameters: 0 0 0

#Transform 49
Transform: AffineTransform_float_3_3
Parameters: 0.999999 0.00036041 0.00136995 -0.000364589 0.999997 0.0026205 -0.00136905 -0.0026215 0.999995 -0.0223704 -0.110038 0.0263009
FixedParameters: 0 0 0

#Transform 50
Transform: AffineTransform_float_3_3
Parameters: 0.999999 -0.000349935 0.00147931 0.000347066 0.999998 0.00198352 -0.00147969 -0.00198348 0.999997 -0.0200411 -0.0436539 -0.0104787
FixedParameters: 0 0 0

#Transform 51
Transform: AffineTransform_float_3_3
Parameters: 1 -0.000503174 0.000991406 0.000501827 0.999999 0.0011835 -0.000991595 -0.0011835 0.999999 -0.0180101 0.00181142 -0.0188902
FixedParameters: 0 0 0

#Transform 52
Transform: AffineTransform_float_3_3
Parameters: 0.999999 -0.000259553 0.000770478 0.000258446 0.999998 0.0020152 -0.000771522 -0.0020148 0.999997 -0.0276548 -0.0906861 -0.00588084
FixedParameters: 0 0 0

#Transform 53
Transform: AffineTransform_float_3_3
Parameters: 0.999999 6.9238e-07 0.000771002 -2.30761e-06 0.999998 0.001696 -0.000770997 -0.001696 0.999999 -0.0301429 -0.0403003 0.0177226
FixedParameters: 0 0 0

#Transform 54
Transform: AffineTransform_float_3_3
Parameters: 0.999999 -0.000503454 0.000770051 0.000501547 0.999998 0.00188639 -0.000770947 -0.00188661 0.999998 -0.00970107 -0.0275094 0.0113037
FixedParameters: 0 0 0

#Transform 55
Transform: AffineTransform_float_3_3
Parameters: 0.999999 -0.000209539 0.000770583 0.00020846 0.999998 0.00199716 -0.000771417 -0.00199684 0.999997 -0.0121756 -0.0507795 0.0401042
FixedParameters: 0 0 0

#Transform 56
Transform: AffineTransform_float_3_3
Parameters: 0.999999 6.97716e-05 0.000771112 -7.02281e-05 0.999998 0.00159295 -0.000770889 -0.00159305 0.999999 -0.0219895 0.00274342 0.0181228
FixedParameters: 0 0 0

#Transform 57
Transform: AffineTransform_float_3_3
Parameters: 0.999999 6.96799e-05 0.00077112 -7.03198e-05 0.999998 0.00171195 -0.000770881 -0.00171205 0.999998 -0.0284044 -0.0584757 0.0148308
FixedParameters: 0 0 0

#Transform 58
Transform: AffineTransform_float_3_3
Parameters: 1 -0.000121387 0.000365872 0.000120613 1 0.00105805 -0.000366128 -0.00105796 1 -0.0240083 0.0134787 0.00113105
FixedParameters: 0 0 0

#Transform 59
Transform: AffineTransform_float_3_3
Parameters: 1 0.000379357 0.000288846 -0.000379642 0.999997 0.00222689 -0.000288155 -0.00222711 0.999998 -0.0280077 -0.0504062 0.0488193
FixedParameters: 0 0 0

#Transform 60
Transform: AffineTransform_float_3_3
Parameters: 1 0.000414072 0.000450854 -0.000414926 0.999998 0.00205981 -0.000449146 -0.00206019 0.999998 -0.0180355 0.0183938 0.0265226
FixedParameters: 0 0 0

#Transform 61
Transform: AffineTransform_float_3_3
Parameters: 0.999999 0.000212541 0.000751414 -0.00021346 0.999998 0.00194184 -0.000751587 -0.00194216 0.999998 -0.00516479 -0.119609 0.054013
FixedParameters: 0 0 0

#Transform 62
Transform: AffineTransform_float_3_3
Parameters: 0.999999 0.000176719 0.000861263 -0.00017828 0.999999 0.00148685 -0.000860735 -0.00148715 0.999998 0.0110748 0.00454831 0.0579057
FixedParameters: 0 0 0

#Transform 63
Transform: AffineTransform_float_3_3
Parameters: 1 0.000254261 0.000954465 -0.000255741 0.999999 0.00182276 -0.000954536 -0.00182324 0.999998 0.00840024 -0.0722622 0.0638354
FixedParameters: 0 0 0

#Transform 64
Transform: AffineTransform_float_3_3
Parameters: 0.999999 0.000421006 0.000719582 -0.000421994 0.999999 0.0013807 -0.000719417 -0.0013813 0.999999 -0.00291302 0.0242343 0.0318252
FixedParameters: 0 0 0

#Transform 65
Transform: AffineTransform_float_3_3
Parameters: 1 8.0345e-05 0.0005291 -8.06548e-05 0.999999 0.00123796 -0.000528901 -0.00123804 0.999999 0.00755676 0.0132814 0.027363
FixedParameters: 0 0 0

#Transform 66
Transform: AffineTransform_float_3_3
Parameters: 0.999999 -0.000388986 0.00140373 0.000388012 0.999999 0.000703545 -0.00140427 -0.000702454 0.999999 0.000673332 0.177852 -0.0759468
FixedParameters: 0 0 0

#Transform 67
Transform: AffineTransform_float_3_3
Parameters: 0.999999 0.000312224 0.000754322 -0.000313776 1 0.00102876 -0.000753677 -0.00102924 0.999999 -0.0068136 -0.236861 -0.0310505
FixedParameters: 0 0 0

#Transform 68
Transform: AffineTransform_float_3_3
Parameters: 1 0.000176905 0.000488398 -0.000178094 0.999998 0.00224192 -0.000487602 -0.00224209 0.999998 0.0163749 -0.162674 0.0244842
FixedParameters: 0 0 0

#Transform 69
Transform: AffineTransform_float_3_3
Parameters: 1 0.000100152 0.000555153 -0.000100847 0.999999 0.00152694 -0.000554846 -0.00152706 0.999998 0.0166449 0.0373688 0.0465006
FixedParameters: 0 0 0

#Transform 70
Transform: AffineTransform_float_3_3
Parameters: 1 0.00016067 0.000185287 -0.000160329 0.999999 0.00178097 -0.000184715 -0.00178103 0.999999 0.0118908 -0.0835998 -0.00579362
FixedParameters: 0 0 0

#Transform 71
Transform: AffineTransform_float_3_3
Parameters: 1 -0.000105663 0.000488857 0.000105337 0.999999 0.00135605 -0.000489143 -0.00135595 0.999999 0.0210397 0.1418 0.0249122
FixedParameters: 0 0 0

#Transform 72
Transform: AffineTransform_float_3_3
Parameters: 1 9.272e-05 0.00018514 -9.22798e-05 0.999999 0.00151298 -0.000184861 -0.00151302 0.999999 0.0112846 -0.0780292 -0.030218
FixedParameters: 0 0 0

#Transform 73
Transform: AffineTransform_float_3_3
Parameters: 1 0.000288655 0.000185537 -0.000289344 0.999998 0.00185995 -0.000184462 -0.00186005 0.999999 0.00432426 0.0226697 -0.0925794
FixedParameters: 0 0 0

#Transform 74
Transform: AffineTransform_float_3_3
Parameters: 0.999999 0.000432925 0.00061376 -0.000434076 0.999999 0.00175274 -0.00061324 -0.00175327 0.999999 -0.000668592 -0.0233638 -0.0953554
FixedParameters: 0 0 0

#Transform 75
Transform: AffineTransform_float_3_3
Parameters: 1 0.000326203 0.000498522 -0.000326796 0.999998 0.00159984 -0.000497478 -0.00159916 0.999998 0.00494589 -0.0422805 -0.0791716
FixedParameters: 0 0 0

#Transform 76
Transform: AffineTransform_float_3_3
Parameters: 1 0.000400534 0.000291641 -0.000400465 0.999998 0.00159988 -0.000290359 -0.00160012 0.999998 0.00633021 -0.0675146 -0.0787565
FixedParameters: 0 0 0

#Transform 77
Transform: AffineTransform_float_3_3
Parameters: 1 0.000159414 0.000463202 -0.000159586 0.999999 0.00126593 -0.000462798 -0.00126607 0.999999 0.017056 -0.027962 -0.0955716
FixedParameters: 0 0 0

#Transform 78
Transform: AffineTransform_float_3_3
Parameters: 1 0.000159511 0.000463169 -0.000159489 1 0.00105693 -0.000462832 -0.00105707 1 0.0170608 -0.0202445 -0.0879521
FixedParameters: 0 0 0

#Transform 79
Transform: AffineTransform_float_3_3
Parameters: 0.999999 0.00015874 0.000920217 -0.000159259 0.999999 0.00136885 -0.000919782 -0.00136915 0.999998 0.0106065 -0.074481 -0.0935391
FixedParameters: 0 0 0

#Transform 80
Transform: AffineTransform_float_3_3
Parameters: 0.999999 0.000159662 0.000747072 -0.000159338 1 0.000452881 -0.000746928 -0.000452119 0.999999 0.00263044 0.0305479 -0.0986286
FixedParameters: 0 0 0

#Transform 81
Transform: AffineTransform_float_3_3
Parameters: 0.999999 0.000414578 0.0008692 -0.000414421 1 0.00048464 -0.000868798 -0.00048536 0.999999 0.00378607 -0.0797893 -0.0984684
FixedParameters: 0 0 0

#Transform 82
Transform: AffineTransform_float_3_3
Parameters: 1 0.00050086 0.000979073 -0.000501141 1 0.000143509 -0.000978929 -0.00014349 1 0.0039917 0.0313732 -0.0804954
FixedParameters: 0 0 0

#Transform 83
Transform: AffineTransform_float_3_3
Parameters: 0.999999 0.000372612 0.000979148 -0.000373388 1 0.000396635 -0.000978852 -0.000396365 1 0.00259043 -0.0601678 -0.0763488
FixedParameters: 0 0 0

#Transform 84
Transform: AffineTransform_float_3_3
Parameters: 0.999999 0.000483938 0.000799037 -0.000484061 1 7.66132e-05 -0.000798962 -7.73866e-05 0.999999 -0.00420309 0.0403672 -0.0768733
FixedParameters: 0 0 0

#Transform 85
Transform: AffineTransform_float_3_3
Parameters: 0.999999 0.00041138 0.000979261 -0.000411621 0.999999 0.000633597 -0.000979739 -0.000633403 1 0.00562241 -0.0433382 -0.0723426
FixedParameters: 0 0 0

#Transform 86
Transform: AffineTransform_float_3_3
Parameters: 0.999999 0.000277642 0.00082812 -0.000278358 1 0.000432769 -0.000827879 -0.00043223 0.999999 0.00145418 0.00337747 -0.0753924
FixedParameters: 0 0 0

#Transform 87
Transform: AffineTransform_float_3_3
Parameters: 0.999999 0.000343376 0.000878244 -0.000343623 0.999999 0.000709699 -0.000877756 -0.000710302 1 0.00811696 -0.0627692 -0.0807549
FixedParameters: 0 0 0

#Transform 88
Transform: AffineTransform_float_3_3
Parameters: 1 0.000304502 0.000979156 -0.000304499 1 0.000508702 -0.000979846 -0.000509299 1 0.00723193 0.0213505 -0.081724
FixedParameters: 0 0 0

#Transform 89
Transform: AffineTransform_float_3_3
Parameters: 0.999999 0.00054454 0.00125563 -0.00054546 0.999999 0.00116232 -0.00125537 -0.00116368 0.999998 -0.000585592 -0.0655263 -0.0812028
FixedParameters: 0 0 0

#Transform 90
Transform: AffineTransform_float_3_3
Parameters: 0.999998 0.000401964 0.00157626 -0.000403036 0.999999 0.000657365 -0.00157573 -0.000657634 0.999998 -0.0111187 0.0247656 -0.0784375
FixedParameters: 0 0 0

#Transform 91
Transform: AffineTransform_float_3_3
Parameters: 0.999998 0.000631516 0.00216743 -0.000633483 0.999999 0.000683629 -0.00216757 -0.000685371 0.999998 -0.029617 -0.0786435 -0.105388
FixedParameters: 0 0 0

#Transform 92
Transform: AffineTransform_float_3_3
Parameters: 0.999996 0.00108287 0.00257175 -0.00108613 0.999998 0.00160621 -0.00257026 -0.00160979 0.999996 -0.0440534 0.0448859 -0.0567335
FixedParameters: 0 0 0

#Transform 93
Transform: AffineTransform_float_3_3
Parameters: 0.999997 0.000736954 0.00201385 -0.000742044 0.999996 0.00250651 -0.00201115 -0.00250749 0.999995 -0.0115884 -0.0956551 -0.0383693
FixedParameters: 0 0 0

#Transform 94
Transform: AffineTransform_float_3_3
Parameters: 0.999999 0.000543963 0.00176294 -0.000547038 0.999999 0.00172304 -0.00176206 -0.00172396 0.999997 -0.00396423 0.0102676 -0.0194794
FixedParameters: 0 0 0

#Transform 95
Transform: AffineTransform_float_3_3
Parameters: 0.999998 0.000671114 0.00154526 -0.000673887 0.999998 0.00186796 -0.00154474 -0.00186904 0.999997 -0.00669246 -0.0687241 -0.0436904
FixedParameters: 0 0 0

#Transform 96
Transform: AffineTransform_float_3_3
Parameters: 0.999998 0.0003697 0.00154455 -0.000372299 0.999999 0.00148843 -0.00154445 -0.00148957 0.999997 0.000334718 0.0242878 -0.0453415
FixedParameters: 0 0 0

#Transform 97
Transform: AffineTransform_float_3_3
Parameters: 0.999998 0.000436641 0.00189378 -0.000439361 0.999999 0.00177417 -0.00189322 -0.00177483 0.999996 -0.0030819 -0.0384582 -0.0592564
FixedParameters: 0 0 0

#Transform 98
Transform: AffineTransform_float_3_3
Parameters: 0.999998 0.000240346 0.00189047 -0.000243654 0.999998 0.00193354 -0.00188953 -0.00193346 0.999997 0.00318086 -0.0207829 -0.052063
FixedParameters: 0 0 0

#Transform 99
Transform: AffineTransform_float_3_3
Parameters: 0.999998 0.000238371 0.00187747 -0.000241629 0.999998 0.00193355 -0.00187654 -0.00193345 0.999997 0.0117189 -0.065482 -0.0387285
FixedParameters: 0 0 0

#Transform 100
Transform: AffineTransform_float_3_3
Parameters: 0.999998 0.000239407 0.00185834 -0.000241593 0.999999 0.00139555 -0.00185767 -0.00139545 0.999998 0.00520139 0.0225966 -0.0476428
FixedParameters: 0 0 0

#Transform 101
Transform: AffineTransform_float_3_3
Parameters: 0.999999 0.000289225 0.00154452 -0.000291777 0.999999 0.00179755 -0.00154448 -0.00179745 0.999997 0.0155488 -0.0708042 -0.0526235
FixedParameters: 0 0 0

#Transform 102
Transform: AffineTransform_float_3_3
Parameters: 0.999998 0.000688823 0.00154497 -0.000691176 0.999999 0.00140893 -0.00154403 -0.00141006 0.999998 0.00900435 0.0305953 -0.0468468
FixedParameters: 0 0 0

#Transform 103
Transform: AffineTransform_float_3_3
Parameters: 0.999998 0.000552733 0.00186897 -0.000556267 0.999999 0.00174796 -0.00186803 -0.00174904 0.999996 0.00261906 -0.0581474 -0.0418769
FixedParameters: 0 0 0

#Transform 104
Transform: AffineTransform_float_3_3
Parameters: 0.999998 0.000450398 0.00198459 -0.000453602 0.999999 0.0013111 -0.00198341 -0.0013119 0.999997 -9.83211e-05 0.0219868 -0.0494252
FixedParameters: 0 0 0

#Transform 105
Transform: AffineTransform_float_3_3
Parameters: 0.999998 0.000502485 0.00154482 -0.000504515 0.999998 0.00162822 -0.00154418 -0.00162878 0.999998 0.00194889 -0.0617933 -0.0623071
FixedParameters: 0 0 0

#Transform 106
Transform: AffineTransform_float_3_3
Parameters: 0.999999 0.000339575 0.00123639 -0.000341426 1 0.00115358 -0.00123561 -0.00115342 0.999998 0.0115691 0.0550883 -0.0472191
FixedParameters: 0 0 0

#Transform 107
Transform: AffineTransform_float_3_3
Parameters: 0.999999 0.000455016 0.00134667 -0.000456983 0.999999 0.00147339 -0.00134533 -0.00147361 0.999998 0.00512589 -0.0836533 -0.0448171
FixedParameters: 0 0 0

#Transform 108
Transform: AffineTransform_float_3_3
Parameters: 0.999999 0.000521124 0.00127377 -0.000522877 0.999999 0.00147334 -0.00127323 -0.00147366 0.999998 0.00509608 0.0137175 -0.0306645
FixedParameters: 0 0 0

#Transform 109
Transform: AffineTransform_float_3_3
Parameters: 0.999999 0.000418858 0.00127371 -0.000421143 0.999998 0.00168246 -0.00127329 -0.00168253 0.999998 0.017293 -0.0734322 -0.0415078
FixedParameters: 0 0 0

#Transform 110
Transform: AffineTransform_float_3_3
Parameters: 0.999999 0.000592376 0.00127376 -0.000593625 0.999999 0.00127525 -0.00127324 -0.00127576 0.999999 0.00382174 0.0271765 -0.0370769
FixedParameters: 0 0 0

#Transform 111
Transform: AffineTransform_float_3_3
Parameters: 0.999999 0.000600825 0.00127403 -0.000603175 0.999999 0.00170723 -0.00127297 -0.00170877 0.999997 0.00515689 -0.06137 -0.0392804
FixedParameters: 0 0 0

#Transform 112
Transform: AffineTransform_float_3_3
Parameters: 0.999999 0.000481636 0.00118755 -0.000482366 0.999999 0.00114943 -0.00118745 -0.00114957 0.999998 0.00412041 0.0691149 -0.0557808
FixedParameters: 0 0 0

#Transform 113
Transform: AffineTransform_float_3_3
Parameters: 0.999999 0.000412995 0.00127365 -0.000415006 0.999998 0.00157447 -0.00127335 -0.00157453 0.999998 0.0077239 -0.0400203 -0.0527319
FixedParameters: 0 0 0

#Transform 114
Transform: AffineTransform_float_3_3
Parameters: 0.999999 0.000766587 0.00117592 -0.000768414 0.999999 0.0012021 -0.00117508 -0.0012029 0.999999 -0.00775705 0.0483194 -0.0474379
FixedParameters: 0 0 0

#Transform 115
Transform: AffineTransform_float_3_3
Parameters: 0.999999 0.000693911 0.00127414 -0.000696089 0.999999 0.00164012 -0.00127286 -0.00164089 0.999998 0.00284085 -0.0551779 -0.0257379
FixedParameters: 0 0 0

#Transform 116
Transform: AffineTransform_float_3_3
Parameters: 0.999999 0.000572349 0.00127374 -0.000573651 0.999999 0.00129627 -0.00127326 -0.00129673 0.999999 0.00381669 0.0302397 -0.0433767
FixedParameters: 0 0 0

#Transform 117
Transform: AffineTransform_float_3_3
Parameters: 0.999999 0.000667795 0.000794014 -0.000669203 0.999998 0.00151647 -0.000792986 -0.00151753 0.999999 0.0141122 -0.0763486 -0.0424866
FixedParameters: 0 0 0

#Transform 118
Transform: AffineTransform_float_3_3
Parameters: 0.999999 0.000609658 0.00107776 -0.00061034 0.999999 0.00124434 -0.00107624 -0.00124566 0.999998 0.0169399 0.00814764 -0.0478403
FixedParameters: 0 0 0

#Transform 119
Transform: AffineTransform_float_3_3
Parameters: 0.999999 0.00062233 0.00117389 -0.000624669 0.999999 0.00142227 -0.00117311 -0.00142373 0.999999 0.0152247 -0.0587872 -0.0449865
FixedParameters: 0 0 0

#Transform 120
Transform: AffineTransform_float_3_3
Parameters: 1 0.000473225 0.000973377 -0.000473775 0.999999 0.000795539 -0.000973624 -0.000796461 0.999999 0.0147781 0.0339799 -0.0549042
FixedParameters: 0 0 0

#Transform 121
Transform: AffineTransform_float_3_3
Parameters: 0.999999 0.00052282 0.000890693 -0.00052418 0.999999 0.00132453 -0.000890305 -0.00132547 0.999998 0.00811928 -0.0405551 -0.0541222
FixedParameters: 0 0 0

#Transform 122
Transform: AffineTransform_float_3_3
Parameters: 1 0.000239654 0.00106153 -0.000241345 0.999997 0.00221074 -0.00106047 -0.00221025 0.999997 0.0163695 -0.0369383 0.000869356
FixedParameters: 0 0 0

#Transform 123
Transform: AffineTransform_float_3_3
Parameters: 1 0.000417852 0.00106984 -0.000419148 0.999998 0.00200755 -0.00106916 -0.00200845 0.999998 0.0142268 -0.0250642 -0.014119
FixedParameters: 0 0 0

#Transform 124
Transform: AffineTransform_float_3_3
Parameters: 1 0.000507692 0.00106862 -0.000509309 0.999999 0.00122446 -0.00106838 -0.00122454 0.999998 0.00533142 0.0458426 -0.0285915
FixedParameters: 0 0 0

#Transform 125
Transform: AffineTransform_float_3_3
Parameters: 0.999999 0.000617506 0.0017119 -0.000619495 0.999998 0.00145694 -0.0017111 -0.00145806 0.999998 -0.00549602 -0.0786472 -0.0308519
FixedParameters: 0 0 0

#Transform 126
Transform: AffineTransform_float_3_3
Parameters: 0.999998 0.000535185 0.00171157 -0.000536815 1 0.00106008 -0.00171143 -0.00106092 0.999998 0.00919895 0.0132432 -0.0374568
FixedParameters: 0 0 0

#Transform 127
Transform: AffineTransform_float_3_3
Parameters: 0.999999 0.000445283 0.00171171 -0.000448716 0.999998 0.00158623 -0.00171129 -0.00158776 0.999998 0.010498 -0.0367411 -0.0409452
FixedParameters: 0 0 0

#Transform 128
Transform: AffineTransform_float_3_3
Parameters: 0.999998 0.000610515 0.00178985 -0.000612485 0.999999 0.00138791 -0.00178915 -0.0013891 0.999998 0.00683691 0.00273483 -0.0322724
FixedParameters: 0 0 0

#Transform 129
Transform: AffineTransform_float_3_3
Parameters: 0.999999 0.000478417 0.0017727 -0.000480584 0.999999 0.00145715 -0.0017723 -0.00145785 0.999998 0.00715953 0.0053227 -0.0311151
FixedParameters: 0 0 0

#Transform 130
Transform: AffineTransform_float_3_3
Parameters: 0.999999 0.000573419 0.00133411 -0.000575581 0.999998 0.00193523 -0.00133289 -0.00193577 0.999997 0.0139076 -0.0574325 -0.0219781
FixedParameters: 0 0 0

#Transform 131
Transform: AffineTransform_float_3_3
Parameters: 0.999999 0.000407811 0.00135366 -0.000410188 0.999998 0.00161645 -0.00135334 -0.00161755 0.999998 0.0104732 0.0309676 -0.0275023
FixedParameters: 0 0 0

#Transform 132
Transform: AffineTransform_float_3_3
Parameters: 0.999998 0.000601719 0.00148833 -0.00060428 0.999998 0.00220511 -0.00148667 -0.0022059 0.999997 0.00426589 -0.0680609 -0.0292997
FixedParameters: 0 0 0

#Transform 133
Transform: AffineTransform_float_3_3
Parameters: 0.999999 0.000386853 0.00147356 -0.000389147 0.999999 0.00145643 -0.00147343 -0.00145757 0.999998 0.0149537 0.0600388 -0.0305289
FixedParameters: 0 0 0

#Transform 134
Transform: AffineTransform_float_3_3
Parameters: 0.999999 0.000508551 0.000778947 -0.000509449 0.999998 0.0018606 -0.000778053 -0.0018614 0.999998 -0.0102415 -0.0577033 -0.0546497
FixedParameters: 0 0 0

#Transform 135
Transform: AffineTransform_float_3_3
Parameters: 0.999999 0.000690111 0.000461332 -0.000690888 0.999998 0.00192868 -0.000459669 -0.00192832 0.999998 0.00737169 0.0460491 -0.0190131
FixedParameters: 0 0 0

#Transform 136
Transform: AffineTransform_float_3_3
Parameters: 0.999999 0.000792814 0.00052679 -0.000794187 0.999997 0.00225558 -0.00052521 -0.00225542 0.999998 0.00142963 -0.0285094 -0.0136594
FixedParameters: 0 0 0

#Transform 137
Transform: AffineTransform_float_3_3
Parameters: 0.999999 0.000684898 0.000526436 -0.000686102 0.999997 0.00209564 -0.000525563 -0.00209536 0.999997 0.00951253 -0.0642605 -0.0295772
FixedParameters: 0 0 0

#Transform 138
Transform: AffineTransform_float_3_3
Parameters: 0.999999 0.000590979 0.000526149 -0.000592021 0.999998 0.00194269 -0.00052485 -0.00194331 0.999998 0.00733722 -0.0193585 -0.0596657
FixedParameters: 0 0 0

#Transform 139
Transform: AffineTransform_float_3_3
Parameters: 1 0.000500579 0.000272774 -0.000501421 0.999998 0.00154486 -0.000272225 -0.00154514 0.999999 0.00443894 -0.0197556 -0.0574015
FixedParameters: 0 0 0

#Transform 140
Transform: AffineTransform_float_3_3
Parameters: 0.999999 0.000476918 0.000525982 -0.000478081 0.999998 0.00205775 -0.000525017 -0.00205825 0.999997 0.0138038 -0.0508477 -0.0466244
FixedParameters: 0 0 0

#Transform 141
Transform: AffineTransform_float_3_3
Parameters: 1 0.000241142 0.000525394 -0.000241858 0.999998 0.00163287 -0.000525605 -0.00163313 0.999998 0.0260848 0.0523052 -0.0469686
FixedParameters: 0 0 0

#Transform 142
Transform: AffineTransform_float_3_3
Parameters: 1 0.00024084 0.000645434 -0.000242162 0.999999 0.00179885 -0.000645566 -0.00179816 0.999998 0.0289666 -0.0593812 -0.0442999
FixedParameters: 0 0 0

#Transform 143
Transform: AffineTransform_float_3_3
Parameters: 1 0.000410271 0.000525569 -0.000411729 0.999999 0.00138678 -0.000525429 -0.00138722 0.999999 0.0192817 0.0700395 -0.0418278
FixedParameters: 0 0 0

#Transform 144
Transform: AffineTransform_float_3_3
Parameters: 1 0.000507314 0.000380915 -0.000507686 0.999998 0.00180181 -0.000380086 -0.00180219 0.999999 0.0217608 -0.0525067 -0.0493987
FixedParameters: 0 0 0

#Transform 145
Transform: AffineTransform_float_3_3
Parameters: 1 0.000449447 0.000423588 -0.000450552 0.999999 0.00130681 -0.000422411 -0.00130719 0.999999 0.0233451 0.0294352 -0.0492032
FixedParameters: 0 0 0

#Transform 146
Transform: AffineTransform_float_3_3
Parameters: 1 0.000412127 0.000525685 -0.000412873 0.999998 0.00166178 -0.000525314 -0.00166222 0.999998 0.0251838 -0.0341647 -0.0589123
FixedParameters: 0 0 0

#Transform 147
Transform: AffineTransform_float_3_3
Parameters: 0.999999 0.000619422 0.000525682 -0.000619578 0.999999 0.00109968 -0.000525319 -0.00109933 1 0.0245057 0.0147655 -0.0681212
FixedParameters: 0 0 0

#Transform 148
Transform: AffineTransform_float_3_3
Parameters: 1 0.000663299 0.000957181 -0.000664701 0.999998 0.00177737 -0.00095582 -0.00177864 0.999998 0.0176161 -0.0644943 -0.0580075
FixedParameters: 0 0 0

#Transform 149
Transform: AffineTransform_float_3_3
Parameters: 0.999999 0.000521818 0.000847727 -0.000523181 0.999999 0.00139356 -0.000847271 -0.00139444 0.999998 0.0238038 0.0221809 -0.0453171
FixedParameters: 0 0 0

#Transform 150
Transform: AffineTransform_float_3_3
Parameters: 1 0.000492713 0.000950668 -0.000494287 0.999999 0.00135453 -0.000949332 -0.00135447 0.999998 0.0204327 -0.0426829 -0.0711743
FixedParameters: 0 0 0

#Transform 151
Transform: AffineTransform_float_3_3
Parameters: 1 0.000484683 0.000950673 -0.000486317 0.999999 0.00138654 -0.000949327 -0.00138646 0.999998 0.022654 0.0115173 -0.0672125
FixedParameters: 0 0 0

#Transform 152
Transform: AffineTransform_float_3_3
Parameters: 1 0.000240701 0.00109529 -0.0002413 1 0.00118674 -0.00109471 -0.00118626 0.999998 0.0261914 0.0177258 -0.0776521
FixedParameters: 0 0 0

#Transform 153
Transform: AffineTransform_float_3_3
Parameters: 1 0.000538693 0.000950742 -0.000540307 0.999999 0.00137549 -0.000949258 -0.00137551 0.999998 0.0224033 -0.0399659 -0.0673572
FixedParameters: 0 0 0

#Transform 154
Transform: AffineTransform_float_3_3
Parameters: 0.999999 0.000476951 0.00117543 -0.000478049 0.999999 0.000892438 -0.00117457 -0.00089256 0.999999 0.0208919 0.0439339 -0.0759231
FixedParameters: 0 0 0

#Transform 155
Transform: AffineTransform_float_3_3
Parameters: 1 0.000408672 0.000950573 -0.000410327 0.999999 0.00139661 -0.000949429 -0.00139739 0.999999 0.0315616 -0.0442292 -0.0638566
FixedParameters: 0 0 0

#Transform 156
Transform: AffineTransform_float_3_3
Parameters: 0.999999 0.000240549 0.00120529 -0.000241451 0.999999 0.00120371 -0.00120471 -0.00120429 0.999998 0.0279191 0.0574696 -0.0533695
FixedParameters: 0 0 0

#Transform 157
Transform: AffineTransform_float_3_3
Parameters: 0.999999 0.000295301 0.00121641 -0.000297698 0.999999 0.00139664 -0.00121559 -0.00139736 0.999999 0.0273534 -0.0313945 -0.0474314
FixedParameters: 0 0 0

#Transform 158
Transform: AffineTransform_float_3_3
Parameters: 0.999999 0.000240574 0.00135325 -0.000241427 1 0.00105367 -0.00135375 -0.00105433 0.999998 0.0352636 0.053529 -0.0399993
FixedParameters: 0 0 0

#Transform 159
Transform: AffineTransform_float_3_3
Parameters: 0.999999 2.993e-05 0.00130105 -3.20698e-05 0.999998 0.00159096 -0.00130095 -0.00159104 0.999998 0.0402895 -0.0748509 -0.0466123
FixedParameters: 0 0 0

#Transform 160
Transform: AffineTransform_float_3_3
Parameters: 0.999999 0.000240471 0.00135327 -0.000241531 1 0.00113068 -0.00135373 -0.00113033 0.999999 0.0358118 0.0721239 -0.0387342
FixedParameters: 0 0 0

#Transform 161
Transform: AffineTransform_float_3_3
Parameters: 0.999999 0.000239954 0.00135336 -0.000242047 0.999999 0.00151167 -0.00135364 -0.00151233 0.999998 0.0357734 -0.0465948 -0.0458538
FixedParameters: 0 0 0

#Transform 162
Transform: AffineTransform_float_3_3
Parameters: 0.999999 0.0002403 0.0013533 -0.0002417 0.999999 0.00125567 -0.0013537 -0.00125633 0.999999 0.040516 -0.00606378 -0.041585
FixedParameters: 0 0 0

#Transform 163
Transform: AffineTransform_float_3_3
Parameters: 0.999999 7.50312e-05 0.00135311 -7.69685e-05 0.999999 0.0014549 -0.00135289 -0.0014551 0.999998 0.0384766 0.0101667 -0.0383903
FixedParameters: 0 0 0

#Transform 164
Transform: AffineTransform_float_3_3
Parameters: 0.999999 0.000239954 0.00135336 -0.000242047 0.999999 0.00151167 -0.00135364 -0.00151233 0.999998 0.0440969 -0.0619689 -0.0346578
FixedParameters: 0 0 0

#Transform 165
Transform: AffineTransform_float_3_3
Parameters: 0.999999 4.50962e-05 0.00135307 -4.69036e-05 0.999999 0.00140694 -0.00135294 -0.00140706 0.999998 0.0484003 -0.00259762 -0.0391897
FixedParameters: 0 0 0

#Transform 166
Transform: AffineTransform_float_3_3
Parameters: 0.999999 5.11138e-05 0.00135307 -5.28873e-05 0.999999 0.00139493 -0.00135293 -0.00139407 0.999998 0.0544771 0.00790037 -0.0213404
FixedParameters: 0 0 0

#Transform 167
Transform: AffineTransform_float_3_3
Parameters: 0.999999 0.000240086 0.00147031 -0.000241913 0.999999 0.00130165 -0.00146969 -0.00130235 0.999998 0.0479411 0.03833 -0.0232714
FixedParameters: 0 0 0

#Transform 168
Transform: AffineTransform_float_3_3
Parameters: 0.999998 -4.29897e-05 0.00163192 4.001e-05 0.999999 0.00183207 -0.00163208 -0.00183193 0.999997 0.0528694 -0.0436117 -0.0147093
FixedParameters: 0 0 0

#Transform 169
Transform: AffineTransform_float_3_3
Parameters: 0.999998 0.000239926 0.0016433 -0.000242075 0.999999 0.0012626 -0.00164269 -0.0012624 0.999998 0.0480838 0.0844525 -0.0365143
FixedParameters: 0 0 0

#Transform 170
Transform: AffineTransform_float_3_3
Parameters: 0.999998 -2.50226e-05 0.00170096 2.19772e-05 0.999999 0.00177704 -0.00170104 -0.00177696 0.999997 0.056341 -0.0748832 -0.0355738
FixedParameters: 0 0 0

#Transform 171
Transform: AffineTransform_float_3_3
Parameters: 0.999998 0.00012417 0.00188419 -0.000126829 0.999999 0.00150176 -0.00188381 -0.00150224 0.999997 0.0525352 0.0632093 -0.0338549
FixedParameters: 0 0 0

#Transform 172
Transform: AffineTransform_float_3_3
Parameters: 0.999999 -2.41134e-05 0.00176896 2.08865e-05 0.999999 0.00176004 -0.00176904 -0.00175996 0.999997 0.0505465 -0.0727474 -0.0331643
FixedParameters: 0 0 0

#Transform 173
Transform: AffineTransform_float_3_3
Parameters: 0.999998 -0.000120473 0.00188784 0.000117526 0.999999 0.00131022 -0.00188816 -0.00130978 0.999998 0.0561445 0.056787 -0.0260595
FixedParameters: 0 0 0

#Transform 174
Transform: AffineTransform_float_3_3
Parameters: 0.999998 -0.000151488 0.00162377 0.000148513 0.999999 0.00153224 -0.00162323 -0.00153176 0.999998 0.0546988 -0.0644596 -0.0396958
FixedParameters: 0 0 0

#Transform 175
Transform: AffineTransform_float_3_3
Parameters: 0.999999 -0.000201223 0.00178675 0.00019978 0.999999 0.00124336 -0.00178625 -0.00124364 0.999997 0.0558495 0.0629201 -0.045113
FixedParameters: 0 0 0

#Transform 176
Transform: AffineTransform_float_3_3
Parameters: 0.999999 -0.00020154 0.00179772 0.000199459 0.999999 0.00141336 -0.00179828 -0.00141264 0.999998 0.0530768 -0.0436682 -0.0420964
FixedParameters: 0 0 0

#Transform 177
Transform: AffineTransform_float_3_3
Parameters: 0.999999 -0.000200621 0.00180182 0.000199378 0.999999 0.00090036 -0.00180218 -0.00089964 0.999998 0.0529601 0.0483261 -0.0507867
FixedParameters: 0 0 0

#Transform 178
Transform: AffineTransform_float_3_3
Parameters: 0.999998 -0.000200915 0.00164077 0.000199085 1 0.00116733 -0.00164123 -0.00116667 0.999998 0.0553438 -0.0305432 -0.0631585
FixedParameters: 0 0 0

#Transform 179
Transform: AffineTransform_float_3_3
Parameters: 0.999998 -0.00020047 0.00190185 0.000199529 0.999999 0.000773381 -0.00190215 -0.00077262 0.999998 0.0515906 0.0279739 -0.0531119
FixedParameters: 0 0 0

#Transform 180
Transform: AffineTransform_float_3_3
Parameters: 0.999998 -0.000126304 0.0015939 0.000124697 0.999999 0.000817199 -0.0015941 -0.000817799 0.999998 0.041717 0.00338114 -0.0773611
FixedParameters: 0 0 0

#Transform 181
Transform: AffineTransform_float_3_3
Parameters: 0.999999 -9.78339e-05 0.00149194 9.71658e-05 1 0.000559145 -0.00149205 -0.000558854 0.999998 0.0387547 0.0243564 -0.081341
FixedParameters: 0 0 0

#Transform 182
Transform: AffineTransform_float_3_3
Parameters: 0.999999 -0.000199807 0.0015589 0.000199192 1 0.000518311 -0.0015591 -0.000517689 0.999998 0.0359509 0.00781686 -0.112234
FixedParameters: 0 0 0

#Transform 183
Transform: AffineTransform_float_3_3
Parameters: 0.999999 -0.000199626 0.00135291 0.000199373 1 0.00046327 -0.00135309 -0.00046273 0.999999 0.0473771 -0.0153796 -0.0727294
FixedParameters: 0 0 0

#Transform 184
Transform: AffineTransform_float_3_3
Parameters: 0.999999 -0.000199564 0.00153693 0.000199436 1 0.000367307 -0.00153707 -0.000366694 0.999999 0.0362755 0.0212211 -0.0957757
FixedParameters: 0 0 0

#Transform 185
Transform: AffineTransform_float_3_3
Parameters: 0.999999 -0.000200044 0.00135285 0.000198955 0.999999 0.000772269 -0.00135315 -0.00077173 0.999999 0.0458219 -0.0349731 -0.0794371
FixedParameters: 0 0 0

#Transform 186
Transform: AffineTransform_float_3_3
Parameters: 0.999999 -0.000199772 0.00135289 0.000199229 1 0.00057027 -0.00135311 -0.00057073 0.999999 0.0388213 0.0404309 -0.0865443
FixedParameters: 0 0 0

#Transform 187
Transform: AffineTransform_float_3_3
Parameters: 0.999999 -0.000200338 0.0013528 0.000199662 0.999999 0.00098927 -0.0013532 -0.000988729 0.999998 0.0459142 -0.0374516 -0.0796058
FixedParameters: 0 0 0

#Transform 188
Transform: AffineTransform_float_3_3
Parameters: 0.999999 -0.000199619 0.00135291 0.000199381 1 0.00045727 -0.00135309 -0.00045773 0.999999 0.0388151 0.0588389 -0.0884378
FixedParameters: 0 0 0

#Transform 189
Transform: AffineTransform_float_3_3
Parameters: 0.999999 -0.000200142 0.00135283 0.000199858 0.999999 0.000844271 -0.00135317 -0.000843729 0.999998 0.0388406 -0.0408222 -0.0819881
FixedParameters: 0 0 0

#Transform 190
Transform: AffineTransform_float_3_3
Parameters: 0.999998 -0.000199984 0.00159588 0.000199015 1 0.000617318 -0.00159612 -0.000616681 0.999998 0.0354442 0.0420287 -0.0864062
FixedParameters: 0 0 0

#Transform 191
Transform: AffineTransform_float_3_3
Parameters: 0.999999 -0.000200081 0.00175188 0.000198919 1 0.000617349 -0.00175212 -0.00061665 0.999999 0.0331262 3.71728e-05 -0.102745
FixedParameters: 0 0 0

#Transform 192
Transform: AffineTransform_float_3_3
Parameters: 0.999998 -0.000199976 0.00158188 0.000199024 1 0.000617315 -0.00158212 -0.000616684 0.999998 0.0356584 0.0136963 -0.0693009
FixedParameters: 0 0 0

#Transform 193
Transform: AffineTransform_float_3_3
Parameters: 0.999999 -0.000199932 0.00135286 0.000199068 0.999999 0.00068927 -0.00135314 -0.00068873 0.999999 0.0388235 0.00802892 -0.0845442
FixedParameters: 0 0 0

#Transform 194
Transform: AffineTransform_float_3_3
Parameters: 0.999999 -0.000200031 0.00124684 0.000198968 0.999999 0.000827248 -0.00124717 -0.000826751 0.999999 0.0403588 -0.0179944 -0.0819746
FixedParameters: 0 0 0

#Transform 195
Transform: AffineTransform_float_3_3
Parameters: 0.999999 -0.000199575 0.00135292 0.000199425 1 0.00042527 -0.00135308 -0.00042473 0.999999 0.0388152 0.0551877 -0.0889289
FixedParameters: 0 0 0

#Transform 196
Transform: AffineTransform_float_3_3
Parameters: 0.999999 -0.000143996 0.0014289 0.000143004 0.999999 0.000697205 -0.0014291 -0.000696795 0.999998 0.0368741 -0.0482712 -0.0803263
FixedParameters: 0 0 0

#Transform 197
Transform: AffineTransform_float_3_3
Parameters: 0.999999 -0.000199438 0.00135294 0.000199561 1 0.00032427 -0.00135306 -0.00032373 0.999999 0.0388279 0.0693026 -0.0774087
FixedParameters: 0 0 0

#Transform 198
Transform: AffineTransform_float_3_3
Parameters: 0.999998 -8.86971e-05 0.00172491 8.73041e-05 0.999999 0.000983152 -0.00172509 -0.000983848 0.999998 0.0318032 -0.0414351 -0.0809013
FixedParameters: 0 0 0

#Transform 199
Transform: AffineTransform_float_3_3
Parameters: 0.999999 -0.000199795 0.00177891 0.000199205 1 0.000447355 -0.00177809 -0.000446646 0.999999 0.0328152 0.0291236 -0.0898589
FixedParameters: 0 0 0

#Transform 200
Transform: AffineTransform_float_3_3
Parameters: 0.999999 -0.000200866 0.00143774 0.000199134 0.999999 0.00129829 -0.00143726 -0.00129771 0.999998 0.0377203 -0.0669283 -0.074971
FixedParameters: 0 0 0

#Transform 201
Transform: AffineTransform_float_3_3
Parameters: 0.999999 -0.000533647 0.00135274 0.000533353 0.999999 0.000478722 -0.00135326 -0.000478278 0.999999 0.0443349 0.0413084 -0.0883654
FixedParameters: 0 0 0

#Transform 202
Transform: AffineTransform_float_3_3
Parameters: 0.999999 -0.000199948 0.00135286 0.000199051 0.999999 0.00070127 -0.00135314 -0.00070073 0.999999 0.0474177 -0.0295684 -0.0847307
FixedParameters: 0 0 0

#Transform 203
Transform: AffineTransform_float_3_3
Parameters: 0.999999 -0.000145946 0.00125101 0.000146054 1 -4.28173e-05 -0.00125099 4.31826e-05 0.999999 0.0321374 0.0575596 -0.108407
FixedParameters: 0 0 0

#Transform 204
Transform: AffineTransform_float_3_3
Parameters: 1 -8.52025e-05 0.00106598 8.47974e-05 1 0.000190091 -0.00106602 -0.000189909 1 0.0369507 -0.0434144 -0.0983496
FixedParameters: 0 0 0

#Transform 205
Transform: AffineTransform_float_3_3
Parameters: 1 -0.000198954 0.00116601 0.000199045 1 -3.8768e-05 -0.00116599 3.9232e-05 1 0.0414288 0.0610404 -0.0964775
FixedParameters: 0 0 0

#Transform 206
Transform: AffineTransform_float_3_3
Parameters: 1 -0.000199588 0.0011659 0.000199412 1 0.000504233 -0.0011661 -0.000503768 0.999999 0.0414493 -0.0198148 -0.0875565
FixedParameters: 0 0 0

#Transform 207
Transform: AffineTransform_float_3_3
Parameters: 0.999999 -3.01441e-05 0.00133197 2.88558e-05 0.999999 0.000859039 -0.00133203 -0.00085896 0.999998 0.0407244 -0.00280767 -0.075456
FixedParameters: 0 0 0

#Transform 208
Transform: AffineTransform_float_3_3
Parameters: 1 -0.000133755 0.00116591 0.000133244 1 0.000648156 -0.00116609 -0.000647844 0.999999 0.0402914 0.0182823 -0.0851967
FixedParameters: 0 0 0

#Transform 209
Transform: AffineTransform_float_3_3
Parameters: 0.999999 -0.000200485 0.00141579 0.000199514 0.999999 0.00104928 -0.00141621 -0.00104872 0.999999 0.03798 -0.048359 -0.0790947
FixedParameters: 0 0 0

#Transform 210
Transform: AffineTransform_float_3_3
Parameters: 0.999999 -0.000202142 0.00145857 0.000199859 0.999997 0.00215429 -0.00145843 -0.00215371 0.999996 0.0374618 -0.0370401 -0.040466
FixedParameters: 0 0 0

#Transform 211
Transform: AffineTransform_float_3_3
Parameters: 0.999999 -0.000410069 0.00171251 0.000407933 0.999999 0.0012077 -0.00171249 -0.0012073 0.999998 0.0537867 0.0982323 -0.0176075
FixedParameters: 0 0 0

#Transform 212
Transform: AffineTransform_float_3_3
Parameters: 0.999998 -0.000200995 0.00159775 0.000199005 0.999999 0.00124832 -0.00159825 -0.00124868 0.999998 0.052058 -0.0208266 -0.0164668
FixedParameters: 0 0 0

#Transform 213
Transform: AffineTransform_float_3_3
Parameters: 0.999999 -1.91158e-05 0.00139298 1.78842e-05 0.999999 0.000801025 -0.00139301 -0.000800974 0.999998 0.0435948 0.0663605 -0.0396511
FixedParameters: 0 0 0

#Transform 214
Transform: AffineTransform_float_3_3
Parameters: 1 -2.08092e-05 0.00116599 2.01908e-05 1 0.000694024 -0.00116601 -0.000693976 0.999999 0.0462524 0.00680167 -0.059213
FixedParameters: 0 0 0

#Transform 215
Transform: AffineTransform_float_3_3
Parameters: 0.999999 -9.58336e-05 0.00138387 9.4166e-05 0.999999 0.00132513 -0.00138413 -0.00132487 0.999998 0.0444433 -0.0144716 -0.0309104
FixedParameters: 0 0 0

#Transform 216
Transform: AffineTransform_float_3_3
Parameters: 1 -7.36661e-05 0.0011659 7.23348e-05 0.999999 0.00142809 -0.00116611 -0.00142892 0.999999 0.0512881 0.041789 -0.0152839
FixedParameters: 0 0 0

#Transform 217
Transform: AffineTransform_float_3_3
Parameters: 1 9.79115e-05 0.00116618 -0.000100088 0.999999 0.00179088 -0.00116582 -0.00179112 0.999997 0.0443792 -0.0345527 -0.00205157
FixedParameters: 0 0 0

#Transform 218
Transform: AffineTransform_float_3_3
Parameters: 0.999999 0.000160738 0.00126429 -0.000163261 0.999999 0.0017888 -0.00126371 -0.0017892 0.999997 0.0419081 0.0591833 0.00740682
FixedParameters: 0 0 0

#Transform 219
Transform: AffineTransform_float_3_3
Parameters: 1 5.91121e-05 0.0011661 -6.08876e-05 0.999998 0.00161893 -0.0011659 -0.00161907 0.999998 0.0449335 -0.00910361 -0.00989031
FixedParameters: 0 0 0

#Transform 220
Transform: AffineTransform_float_3_3
Parameters: 0.999999 4.78615e-05 0.000842065 -4.91383e-05 0.999999 0.00135196 -0.000841934 -0.00135204 0.999998 0.0497376 0.0350935 -0.013941
FixedParameters: 0 0 0

#Transform 221
Transform: AffineTransform_float_3_3
Parameters: 1 -0.000200042 0.00116582 0.000198957 0.999999 0.000894232 -0.00116618 -0.000893767 0.999999 0.0492702 0.0419896 -0.0221577
FixedParameters: 0 0 0

#Transform 222
Transform: AffineTransform_float_3_3
Parameters: 1 1.66194e-05 0.00116602 -1.83805e-05 1 0.00118398 -0.00116598 -0.00118402 0.999998 0.0456284 -0.0131227 -0.0174609
FixedParameters: 0 0 0

#Transform 223
Transform: AffineTransform_float_3_3
Parameters: 1 -3.80545e-07 0.001166 -1.38054e-06 1 0.001184 -0.001166 -0.001184 0.999998 0.0566534 0.0430446 -0.0175353
FixedParameters: 0 0 0

#Transform 224
Transform: AffineTransform_float_3_3
Parameters: 1 -3.93805e-05 0.00116595 3.86194e-05 1 0.00118405 -0.00116605 -0.00118395 0.999998 0.046615 0.0120344 -0.0325079
FixedParameters: 0 0 0

#Transform 225
Transform: AffineTransform_float_3_3
Parameters: 1 -0.00020038 0.00116576 0.000199619 1 0.00118423 -0.00116624 -0.00118377 0.999998 0.0492707 -0.00475561 -0.0297501
FixedParameters: 0 0 0

#Transform 226
Transform: AffineTransform_float_3_3
Parameters: 1 -0.000200183 0.0011658 0.000199818 1 0.00101423 -0.0011662 -0.00101477 0.999999 0.0492386 0.0471452 -0.0509865
FixedParameters: 0 0 0

#Transform 227
Transform: AffineTransform_float_3_3
Parameters: 1 -0.000200218 0.00107978 0.000199782 1 0.00112822 -0.00108023 -0.00112778 0.999999 0.0504372 -0.0273195 -0.040202
FixedParameters: 0 0 0

#Transform 228
Transform: AffineTransform_float_3_3
Parameters: 0.999999 -0.000290864 0.000729656 0.000290135 1 0.00118421 -0.000730344 -0.00118379 0.999999 0.0569049 0.0296283 -0.019188
FixedParameters: 0 0 0

#Transform 229
Transform: AffineTransform_float_3_3
Parameters: 1 -0.000110798 0.000673869 0.000110202 1 0.00118407 -0.000674131 -0.00118393 0.999999 0.0612026 0.021357 -0.0218152
FixedParameters: 0 0 0

#Transform 230
Transform: AffineTransform_float_3_3
Parameters: 0.999999 -0.00012207 0.00072382 0.000120931 0.999999 0.00147809 -0.000723179 -0.00147791 0.999998 0.0542036 -0.0206359 -0.0143382
FixedParameters: 0 0 0

#Transform 231
Transform: AffineTransform_float_3_3
Parameters: 0.999999 -0.000199888 0.000749764 0.000199112 1 0.00118415 -0.000750236 -0.00118385 0.999999 0.0551656 0.0571003 -0.0125687
FixedParameters: 0 0 0

#Transform 232
Transform: AffineTransform_float_3_3
Parameters: 0.999999 -2.71062e-05 0.000771961 2.58937e-05 0.999999 0.00143302 -0.000772037 -0.00143298 0.999998 0.0581376 -0.0144044 -0.0216486
FixedParameters: 0 0 0

#Transform 233
Transform: AffineTransform_float_3_3
Parameters: 0.999999 -3.60645e-05 0.000852955 3.49354e-05 0.999999 0.00124803 -0.000853044 -0.00124797 0.999999 0.0510553 0.0237432 -0.0184424
FixedParameters: 0 0 0

#Transform 234
Transform: AffineTransform_float_3_3
Parameters: 0.999999 2.48567e-05 0.000919031 -2.61432e-05 0.999999 0.00124398 -0.000918968 -0.00124402 0.999999 0.0491216 0.0265988 -0.0186443
FixedParameters: 0 0 0

#Transform 235
Transform: AffineTransform_float_3_3
Parameters: 0.999999 -8.26085e-06 0.000918989 6.73912e-06 0.999999 0.00137201 -0.000919009 -0.00137199 0.999998 0.0570251 0.00523345 -0.0124822
FixedParameters: 0 0 0

#Transform 236
Transform: AffineTransform_float_3_3
Parameters: 0.999999 4.38251e-05 0.000975053 -4.5177e-05 1 0.00120596 -0.000975946 -0.00120504 0.999999 0.0478988 0.0531971 -0.0193927
FixedParameters: 0 0 0

#Transform 237
Transform: AffineTransform_float_3_3
Parameters: 1 1.74705e-05 0.00121102 -1.85295e-05 0.999999 0.00126298 -0.00121098 -0.00126302 0.999998 0.0533931 0.00426091 -0.0279411
FixedParameters: 0 0 0

#Transform 238
Transform: AffineTransform_float_3_3
Parameters: 0.999999 6.28401e-05 0.00091908 -6.41606e-05 0.999999 0.00126294 -0.000918919 -0.00126206 0.999999 0.0484811 0.0518693 -0.0160763
FixedParameters: 0 0 0

#Transform 239
Transform: AffineTransform_float_3_3
Parameters: 0.999999 -5.2967e-06 0.000918993 4.70328e-06 0.999999 0.001411 -0.000919007 -0.001411 0.999998 0.0496131 -0.0155966 -0.0159447
FixedParameters: 0 0 0

#Transform 240
Transform: AffineTransform_float_3_3
Parameters: 0.999999 8.32747e-05 0.00136711 -8.47264e-05 0.999999 0.00126289 -0.00136689 -0.00126212 0.999999 0.0488029 -0.0061873 -0.00672368
FixedParameters: 0 0 0

#Transform 241
Transform: AffineTransform_float_3_3
Parameters: 0.999999 8.48401e-05 0.000919107 -8.51606e-05 0.999999 0.00126292 -0.000918893 -0.00126208 0.999999 0.0481258 0.0253611 -0.0241535
FixedParameters: 0 0 0

#Transform 242
Transform: AffineTransform_float_3_3
Parameters: 0.999999 0.000101011 0.00134015 -0.00010299 0.999999 0.00148486 -0.00133985 -0.00148414 0.999998 0.0500092 -0.013878 -0.0131342
FixedParameters: 0 0 0

#Transform 243
Transform: AffineTransform_float_3_3
Parameters: 0.999999 0.000164623 0.00128218 -0.000166377 1 0.00107379 -0.00128182 -0.00107421 0.999998 0.0415723 0.0642026 -0.019934
FixedParameters: 0 0 0

#Transform 244
Transform: AffineTransform_float_3_3
Parameters: 0.999999 6.25802e-05 0.00134707 -6.34197e-05 1 0.00105392 -0.00134693 -0.00105409 0.999998 0.0424325 0.0402883 -0.0368514
FixedParameters: 0 0 0

#Transform 245
Transform: AffineTransform_float_3_3
Parameters: 0.999999 -8.71114e-05 0.00123492 8.58884e-05 0.999999 0.000900106 -0.00123508 -0.000899893 0.999999 0.054711 0.0132607 -0.0385191
FixedParameters: 0 0 0

#Transform 246
Transform: AffineTransform_float_3_3
Parameters: 1 -4.13994e-05 0.00110795 4.06006e-05 0.999999 0.00126305 -0.00110805 -0.00126295 0.999998 0.0573927 -0.0215499 -0.0323647
FixedParameters: 0 0 0

#Transform 247
Transform: AffineTransform_float_3_3
Parameters: 1 -1.4178e-05 0.00121199 1.38219e-05 0.999999 0.000972017 -0.00121201 -0.000971983 0.999999 0.0536686 0.0427231 -0.0372748
FixedParameters: 0 0 0

#Transform 248
Transform: AffineTransform_float_3_3
Parameters: 1 9.60909e-05 0.00103309 -9.6909e-05 0.999999 0.0008799 -0.00103292 -0.000880099 0.999999 0.0462245 0.00894632 -0.0384169
FixedParameters: 0 0 0

#Transform 249
Transform: AffineTransform_float_3_3
Parameters: 0.999999 0.000134592 0.00137814 -0.00013641 1 0.00102281 -0.00137786 -0.00102219 0.999998 0.0407314 -0.00955662 -0.0201609
FixedParameters: 0 0 0

#Transform 250
Transform: AffineTransform_float_3_3
Parameters: 0.999999 0.000153085 0.00132011 -0.000153916 0.999999 0.000693797 -0.00131989 -0.000693202 0.999999 0.0412154 0.065762 -0.0414417
FixedParameters: 0 0 0

#Transform 251
Transform: AffineTransform_float_3_3
Parameters: 0.999999 0.000135909 0.00131911 -0.000137091 0.999999 0.000826819 -0.00131989 -0.00082718 0.999999 0.0414734 -0.0281528 -0.0391868
FixedParameters: 0 0 0

#Transform 252
Transform: AffineTransform_float_3_3
Parameters: 0.999999 0.000195822 0.00133817 -0.000197177 0.999999 0.000879736 -0.00133783 -0.000880262 0.999998 0.0402791 0.0554459 -0.0384858
FixedParameters: 0 0 0

#Transform 253
Transform: AffineTransform_float_3_3
Parameters: 0.999999 0.000364837 0.00117936 -0.000366164 1 0.000986569 -0.00117964 -0.000986431 0.999999 0.0397297 -0.0363552 -0.0340306
FixedParameters: 0 0 0

#Transform 254
Transform: AffineTransform_float_3_3
Parameters: 0.999999 0.000241083 0.00132117 -0.000241918 0.999999 0.000694681 -0.00132083 -0.000694319 0.999999 0.0398381 0.0612367 -0.0375674
FixedParameters: 0 0 0

#Transform 255
Transform: AffineTransform_float_3_3
Parameters: 0.999999 0.00016763 0.00136817 -0.00016937 0.999999 0.00100177 -0.00136783 -0.00100123 0.999998 0.04653 -0.00983786 -0.0364119
FixedParameters: 0 0 0

#Transform 256
Transform: AffineTransform_float_3_3
Parameters: 0.999999 0.000287425 0.000903183 -0.000288575 1 0.00063574 -0.000903817 -0.00063626 1 0.0448948 0.0476156 -0.0240563
FixedParameters: 0 0 0

#Transform 257
Transform: AffineTransform_float_3_3
Parameters: 1 0.000252947 0.00106301 -0.000253053 1 4.9731e-05 -0.00106299 -5.02689e-05 0.999999 0.0431097 0.143335 -0.0911666
FixedParameters: 0 0 0

#Transform 258
Transform: AffineTransform_float_3_3
Parameters: 0.999999 -0.000199249 0.000901944 0.000199751 1 0.00027618 -0.000901054 -0.00027582 0.999999 0.050918 -0.00974637 -0.116445
FixedParameters: 0 0 0

#Transform 259
Transform: AffineTransform_float_3_3
Parameters: 0.999999 4.42247e-05 0.000874039 -4.4776e-05 0.999999 0.000887961 -0.00087396 -0.000887039 0.999999 0.049235 -0.105901 -0.101539
FixedParameters: 0 0 0

#Transform 260
Transform: AffineTransform_float_3_3
Parameters: 0.999999 0.000176452 0.000874111 -0.000176548 1 0.000626846 -0.000873889 -0.000627155 1 0.0470573 -0.0275207 -0.0925317
FixedParameters: 0 0 0

#Transform 261
Transform: AffineTransform_float_3_3
Parameters: 0.999999 0.000141399 0.000730117 -0.000141601 0.999999 0.000822897 -0.000729884 -0.000823103 1 0.0496699 0.0161438 -0.0851366
FixedParameters: 0 0 0

#Transform 262
Transform: AffineTransform_float_3_3
Parameters: 0.999999 5.63615e-05 0.00072305 -5.66383e-05 0.999999 0.000882959 -0.00072295 -0.000883041 1 0.0511475 0.00507833 -0.0879389
FixedParameters: 0 0 0

#Transform 263
Transform: AffineTransform_float_3_3
Parameters: 1 -0.000100519 0.000543904 0.00010048 0.999999 0.000955055 -0.000544096 -0.000954945 1 0.0562315 0.0618387 -0.0863772
FixedParameters: 0 0 0

#Transform 264
Transform: AffineTransform_float_3_3
Parameters: 0.999999 -0.000199665 0.00069581 0.000199335 1 0.00095514 -0.000696191 -0.000954862 1 0.0557909 0.0576486 -0.0915695
FixedParameters: 0 0 0

#Transform 265
Transform: AffineTransform_float_3_3
Parameters: 0.999999 -0.00010979 0.000873901 0.00010921 0.999999 0.000904096 -0.000874099 -0.000903904 0.999999 0.0566224 0.0602192 -0.0843311
FixedParameters: 0 0 0

#Transform 266
Transform: AffineTransform_float_3_3
Parameters: 1 -0.000200898 0.00116868 0.000199104 0.999998 0.00162323 -0.00116833 -0.00162377 0.999998 0.0660725 -0.0200969 -0.0662646
FixedParameters: 0 0 0

#Transform 267
Transform: AffineTransform_float_3_3
Parameters: 1 -0.000568915 0.000873405 0.000568085 1 0.0010475 -0.000874596 -0.0010465 0.999999 0.0762129 0.0535532 -0.0646396
FixedParameters: 0 0 0

#Transform 268
Transform: AffineTransform_float_3_3
Parameters: 0.999999 -0.000479496 0.0011864 0.000477503 0.999999 0.00126157 -0.0011876 -0.00126043 0.999998 0.0702993 -0.0341792 -0.0486416
FixedParameters: 0 0 0

#Transform 269
Transform: AffineTransform_float_3_3
Parameters: 0.999999 -0.000200479 0.00131077 0.000199521 1 0.00112826 -0.00131123 -0.00112774 0.999998 0.0707062 0.0360855 -0.0403078
FixedParameters: 0 0 0

#Transform 270
Transform: AffineTransform_float_3_3
Parameters: 0.999999 -0.000447676 0.00127541 0.000446325 0.999999 0.00131357 -0.00127559 -0.00131343 0.999999 0.0767796 -0.0392527 -0.0334978
FixedParameters: 0 0 0

#Transform 271
Transform: AffineTransform_float_3_3
Parameters: 0.999999 -0.000547409 0.00115834 0.000545591 0.999999 0.00121563 -0.00115966 -0.00121537 0.999998 0.080464 0.0153381 -0.0155642
FixedParameters: 0 0 0

#Transform 272
Transform: AffineTransform_float_3_3
Parameters: 0.999999 -0.000200315 0.00123679 0.000199685 1 0.00106325 -0.00123721 -0.00106275 0.999998 0.0651177 0.029487 -0.0529147
FixedParameters: 0 0 0

#Transform 273
Transform: AffineTransform_float_3_3
Parameters: 1 -0.000379438 0.0010945 0.000377562 0.999999 0.00131341 -0.0010955 -0.00131358 0.999998 0.0699717 -0.0214317 -0.0292643
FixedParameters: 0 0 0

#Transform 274
Transform: AffineTransform_float_3_3
Parameters: 0.999999 -0.000482677 0.00127637 0.000480324 0.999999 0.00131361 -0.00127663 -0.00131339 0.999999 0.0742144 0.0601587 -0.0320559
FixedParameters: 0 0 0

#Transform 275
Transform: AffineTransform_float_3_3
Parameters: 0.999999 -0.000436283 0.000873359 0.000434715 0.999999 0.00146938 -0.000874639 -0.00146862 0.999998 0.074159 0.0109374 -0.0193858
FixedParameters: 0 0 0

#Transform 276
Transform: AffineTransform_float_3_3
Parameters: 0.999999 -0.00020007 0.000873755 0.000198929 0.999999 0.00122517 -0.000874244 -0.00122483 0.999999 0.0702757 0.0848813 -0.0182824
FixedParameters: 0 0 0

#Transform 277
Transform: AffineTransform_float_3_3
Parameters: 0.999999 -0.000200204 0.000873724 0.000199795 0.999999 0.00137817 -0.000874275 -0.00137783 0.999998 0.0702978 0.000361171 -0.0156668
FixedParameters: 0 0 0

#Transform 278
Transform: AffineTransform_float_3_3
Parameters: 0.999999 -0.000199975 0.000873777 0.000199024 1 0.00111617 -0.000874222 -0.00111583 0.999999 0.0674742 0.0783379 -0.0409361
FixedParameters: 0 0 0

#Transform 279
Transform: AffineTransform_float_3_3
Parameters: 0.999999 -0.000200361 0.000987724 0.000199638 0.999999 0.0013782 -0.000988275 -0.0013778 0.999998 0.0671997 -0.0119709 -0.0435373
FixedParameters: 0 0 0

#Transform 280
Transform: AffineTransform_float_3_3
Parameters: 0.999999 -0.000373023 0.000975609 0.000371976 1 0.00104936 -0.00097639 -0.00104864 0.999999 0.0684909 0.0608923 -0.0344137
FixedParameters: 0 0 0

#Transform 281
Transform: AffineTransform_float_3_3
Parameters: 0.999998 0.000333482 0.00164851 -0.000335517 0.999999 0.00152745 -0.00164749 -0.00152755 0.999997 0.0435775 -0.0105155 -0.0307347
FixedParameters: 0 0 0

#Transform 282
Transform: AffineTransform_float_3_3
Parameters: 0.999998 -0.00020127 0.0023098 0.000199729 0.999999 0.000983463 -0.0023102 -0.000982537 0.999997 0.0610451 0.0275029 -0.0202894
FixedParameters: 0 0 0

#Transform 283
Transform: AffineTransform_float_3_3
Parameters: 0.999998 -0.000202279 0.00192666 0.00019972 0.999998 0.00170239 -0.00192734 -0.00170161 0.999996 0.0667588 0.0194239 -0.0127156
FixedParameters: 0 0 0

#Transform 284
Transform: AffineTransform_float_3_3
Parameters: 0.999999 -0.000201552 0.00154967 0.000199448 0.999998 0.00164731 -0.00154933 -0.00164669 0.999998 0.0740216 -0.00834209 -0.00253915
FixedParameters: 0 0 0

#Transform 285
Transform: AffineTransform_float_3_3
Parameters: 0.999999 -0.000201585 0.00154967 0.000199416 0.999998 0.00166831 -0.00154934 -0.00166769 0.999998 0.0675374 -0.0295326 -0.0221929
FixedParameters: 0 0 0

#Transform 286
Transform: AffineTransform_float_3_3
Parameters: 0.999999 -0.000201551 0.00154967 0.00019945 0.999998 0.00164631 -0.00154933 -0.00164569 0.999998 0.0737808 0.0373722 -0.0236961
FixedParameters: 0 0 0

#Transform 287
Transform: AffineTransform_float_3_3
Parameters: 0.999998 -0.000325349 0.00154951 0.000322651 0.999999 0.0015165 -0.00154949 -0.0015155 0.999997 0.0755684 0.0560134 -0.0431705
FixedParameters: 0 0 0

#Transform 288
Transform: AffineTransform_float_3_3
Parameters: 0.999999 -0.000145432 0.00154977 0.000143568 0.999999 0.00156922 -0.00155023 -0.00156878 0.999997 0.0719972 0.00933683 -0.0316521
FixedParameters: 0 0 0

#Transform 289
Transform: AffineTransform_float_3_3
Parameters: 0.999999 -0.000200892 0.00154976 0.000199109 0.999999 0.00122031 -0.00155024 -0.00122069 0.999998 0.0591657 0.0917489 -0.0574024
FixedParameters: 0 0 0

#Transform 290
Transform: AffineTransform_float_3_3
Parameters: 0.999999 -0.000200707 0.00133975 0.000199293 0.999999 0.00127427 -0.00134026 -0.00127373 0.999999 0.0646758 -0.00782044 -0.053946
FixedParameters: 0 0 0

#Transform 291
Transform: AffineTransform_float_3_3
Parameters: 1 -0.000200318 0.00108376 0.000199682 0.999999 0.00121622 -0.00108424 -0.00121578 0.999998 0.058595 0.0541024 -0.0699432
FixedParameters: 0 0 0

#Transform 292
Transform: AffineTransform_float_3_3
Parameters: 1 -4.33938e-05 0.00121095 4.26061e-05 1 0.00115105 -0.00121105 -0.00115095 0.999998 0.0569446 0.00709579 -0.0612829
FixedParameters: 0 0 0

#Transform 293
Transform: AffineTransform_float_3_3
Parameters: 1 -0.000200328 0.00106575 0.000199674 0.999999 0.00124521 -0.00106525 -0.00124579 0.999998 0.0602449 -0.0103276 -0.0503338
FixedParameters: 0 0 0

#Transform 294
Transform: AffineTransform_float_3_3
Parameters: 0.999999 -0.000357273 0.00123463 0.000355728 1 0.00103044 -0.00123537 -0.00103056 0.999998 0.0677075 0.0384344 -0.0803944
FixedParameters: 0 0 0

#Transform 295
Transform: AffineTransform_float_3_3
Parameters: 0.999999 -0.000201037 0.0013707 0.000198962 0.999999 0.00148627 -0.0013713 -0.00148573 0.999998 0.0561899 -0.0277031 -0.0570209
FixedParameters: 0 0 0

#Transform 296
Transform: AffineTransform_float_3_3
Parameters: 1 -3.40239e-05 0.00105997 3.2977e-05 0.999999 0.000966035 -0.00105903 -0.000965964 0.999999 0.061834 0.0549505 -0.050559
FixedParameters: 0 0 0

#Transform 297
Transform: AffineTransform_float_3_3
Parameters: 1 2.44945e-05 0.00097004 -2.55054e-05 0.999999 0.00155198 -0.000969962 -0.00155202 0.999999 0.0616397 -0.0126285 -0.0377038
FixedParameters: 0 0 0

#Transform 298
Transform: AffineTransform_float_3_3
Parameters: 0.999999 -6.01849e-06 0.000969994 4.98149e-06 1 0.00105001 -0.000970005 -0.00105 0.999999 0.0586542 0.0972004 -0.0461653
FixedParameters: 0 0 0

#Transform 299
Transform: AffineTransform_float_3_3
Parameters: 0.999999 -3.51863e-05 0.000969957 3.38136e-05 1 0.00122303 -0.000970041 -0.00122297 0.999999 0.0590994 -0.00498205 -0.0431896
FixedParameters: 0 0 0

#Transform 300
Transform: AffineTransform_float_3_3
Parameters: 0.999999 -4.28254e-05 0.000969964 4.11745e-05 0.999999 0.00085104 -0.000970035 -0.000850959 0.999999 0.0591617 0.095897 -0.0600919
FixedParameters: 0 0 0

#Transform 301
Transform: AffineTransform_float_3_3
Parameters: 0.999999 -0.00010804 0.000969884 0.00010696 1 0.0010721 -0.000970115 -0.0010719 0.999999 0.0603583 -0.00414944 -0.0457497
FixedParameters: 0 0 0

#Transform 302
Transform: AffineTransform_float_3_3
Parameters: 0.999999 -0.000127956 0.000969874 0.000127043 0.999999 0.000986123 -0.000970125 -0.000985876 0.999999 0.0572864 0.0563139 -0.0747157
FixedParameters: 0 0 0

#Transform 303
Transform: AffineTransform_float_3_3
Parameters: 1 -6.92031e-05 0.00119593 6.77968e-05 1 0.00100608 -0.00119607 -0.00100592 0.999999 0.0563296 0.00533289 -0.0561904
FixedParameters: 0 0 0

#Transform 304
Transform: AffineTransform_float_3_3
Parameters: 0.999999 -7.17761e-05 0.0012759 7.02237e-05 0.999999 0.00139209 -0.0012761 -0.00139191 0.999998 0.0605205 0.0544036 -0.02751
FixedParameters: 0 0 0

#Transform 305
Transform: AffineTransform_float_3_3
Parameters: 1 -0.00014566 0.00113979 0.00014434 0.999999 0.00145617 -0.00114021 -0.00145584 0.999999 0.0679229 -0.0282251 -0.030236
FixedParameters: 0 0 0

#Transform 306
Transform: AffineTransform_float_3_3
Parameters: 0.999999 -0.000199886 0.00121986 0.000199114 0.999999 0.000726243 -0.00122015 -0.000725756 0.999999 0.0681533 0.0582093 -0.0589676
FixedParameters: 0 0 0

#Transform 307
Transform: AffineTransform_float_3_3
Parameters: 0.999999 -0.000200558 0.00127976 0.000199442 0.999999 0.00121726 -0.00128024 -0.00121675 0.999999 0.0707533 -0.0416126 -0.0469994
FixedParameters: 0 0 0

#Transform 308
Transform: AffineTransform_float_3_3
Parameters: 0.999999 -0.00020009 0.00143785 0.00019891 0.999999 0.000758286 -0.00143715 -0.000757713 0.999998 0.0552417 0.0731235 -0.0671727
FixedParameters: 0 0 0

#Transform 309
Transform: AffineTransform_float_3_3
Parameters: 1 -0.000200426 0.00113175 0.000199575 0.999999 0.00126023 -0.00113125 -0.00125977 0.999998 0.0651631 -0.037007 -0.0505136
FixedParameters: 0 0 0

#Transform 310
Transform: AffineTransform_float_3_3
Parameters: 1 -0.000325932 0.000969688 0.000325068 1 0.000961316 -0.000970313 -0.000960685 0.999999 0.0638116 0.0838368 -0.0550917
FixedParameters: 0 0 0

#Transform 311
Transform: AffineTransform_float_3_3
Parameters: 1 -0.000200441 0.00113575 0.000199559 0.999999 0.00126823 -0.00113625 -0.00126877 0.999998 0.0594403 -0.00184138 -0.0477759
FixedParameters: 0 0 0

#Transform 312
Transform: AffineTransform_float_3_3
Parameters: 0.999999 -0.000199902 0.000969814 0.000199098 0.999999 0.000930193 -0.000970185 -0.000929806 0.999999 0.06185 0.0665844 -0.0556288
FixedParameters: 0 0 0

#Transform 313
Transform: AffineTransform_float_3_3
Parameters: 0.999999 -0.000200136 0.000903749 0.000199864 0.999999 0.00125618 -0.000904251 -0.00125682 0.999999 0.0628054 -0.0192057 -0.0577366
FixedParameters: 0 0 0

#Transform 314
Transform: AffineTransform_float_3_3
Parameters: 1 -0.000332937 0.00096968 0.000332064 1 0.000965323 -0.000970322 -0.000965678 0.999999 0.063857 0.0586445 -0.086403
FixedParameters: 0 0 0

#Transform 315
Transform: AffineTransform_float_3_3
Parameters: 0.999999 -0.00028535 0.000969603 0.00028365 0.999999 0.00139128 -0.000970395 -0.00139172 0.999998 0.0631351 -0.0277969 -0.079369
FixedParameters: 0 0 0

#Transform 316
Transform: AffineTransform_float_3_3
Parameters: 1 -0.000345964 0.000969657 0.000344036 1 0.000994335 -0.000970343 -0.000993665 0.999999 0.0640191 0.0497269 -0.0719882
FixedParameters: 0 0 0

#Transform 317
Transform: AffineTransform_float_3_3
Parameters: 1 -0.000200088 0.000969776 0.000198912 1 0.00112219 -0.000970224 -0.00112181 0.999999 0.0617512 0.000938298 -0.0633552
FixedParameters: 0 0 0

#Transform 318
Transform: AffineTransform_float_3_3
Parameters: 0.999999 -0.000199964 0.000969801 0.000199035 0.999999 0.000994193 -0.000970198 -0.000993806 0.999999 0.0618436 0.0502187 -0.0655736
FixedParameters: 0 0 0

#Transform 319
Transform: AffineTransform_float_3_3
Parameters: 1 -0.000200115 0.00106679 0.000199885 0.999999 0.00104521 -0.00106721 -0.00104479 0.999999 0.055054 0.0112686 -0.0721799
FixedParameters: 0 0 0

#Transform 320
Transform: AffineTransform_float_3_3
Parameters: 0.999999 -0.00019981 0.000755786 0.00019919 1 0.00107115 -0.000756214 -0.00107085 0.999999 0.0450026 0.011071 -0.074881
FixedParameters: 0 0 0

#Transform 321
Transform: AffineTransform_float_3_3
Parameters: 1 2.84771e-05 0.000526029 -2.85228e-05 0.999999 0.000993985 -0.000525972 -0.000994015 1 0.0366428 0.0419956 -0.0903249
FixedParameters: 0 0 0

#Transform 322
Transform: AffineTransform_float_3_3
Parameters: 1 -0.00013316 0.000688777 0.000132839 0.999998 0.00168409 -0.000689225 -0.00168391 0.999999 0.0461699 -0.0278147 -0.0534042
FixedParameters: 0 0 0

#Transform 323
Transform: AffineTransform_float_3_3
Parameters: 1 1.35248e-06 0.000608002 -1.64752e-06 1 0.001065 -0.000607999 -0.001065 0.999999 0.0450327 0.0549667 -0.0591933
FixedParameters: 0 0 0

#Transform 324
Transform: AffineTransform_float_3_3
Parameters: 0.999999 4.30812e-05 0.000720055 -4.39187e-05 0.999999 0.00127597 -0.000719944 -0.00127603 0.999999 0.0477536 -0.00156618 -0.0603817
FixedParameters: 0 0 0

#Transform 325
Transform: AffineTransform_float_3_3
Parameters: 0.999999 -5.47624e-05 0.000777947 5.42375e-05 1 0.000980043 -0.000778053 -0.000979958 0.999999 0.0530006 0.0452747 -0.0727573
FixedParameters: 0 0 0

#Transform 326
Transform: AffineTransform_float_3_3
Parameters: 1 -0.000199334 0.000539876 0.000199666 1 0.000619108 -0.000540123 -0.000618892 0.999999 0.0492892 0.0320557 -0.0917182
FixedParameters: 0 0 0

#Transform 327
Transform: AffineTransform_float_3_3
Parameters: 1 -0.000199552 0.000474768 0.000199448 1 0.0011621 -0.000475232 -0.00116191 0.999999 0.0502738 -0.0369292 -0.0695692
FixedParameters: 0 0 0

#Transform 328
Transform: AffineTransform_float_3_3
Parameters: 1 -0.00019922 0.000314861 0.000199779 0.999999 0.000700063 -0.00031514 -0.000699937 0.999999 0.0524975 0.0703779 -0.0846682
FixedParameters: 0 0 0

#Transform 329
Transform: AffineTransform_float_3_3
Parameters: 1 -0.000199419 0.000420802 0.00019958 0.999999 0.000997084 -0.000421199 -0.000996916 1 0.0510117 0.000873609 -0.0718582
FixedParameters: 0 0 0

#Transform 330
Transform: AffineTransform_float_3_3
Parameters: 1 8.41372e-06 0.000591009 -9.58627e-06 1 0.000991995 -0.000590991 -0.000992006 1 0.0532583 0.0149128 -0.0647003
FixedParameters: 0 0 0

#Transform 331
Transform: AffineTransform_float_3_3
Parameters: 1 -3.54498e-05 0.000567972 3.45501e-05 0.999999 0.000792019 -0.000568027 -0.000791979 0.999999 0.0505044 0.0393425 -0.085858
FixedParameters: 0 0 0

#Transform 332
Transform: AffineTransform_float_3_3
Parameters: 1 -0.000199469 0.000420778 0.000199531 1 0.00111408 -0.000421223 -0.00111392 1 0.0510004 0.00170632 -0.0746826
FixedParameters: 0 0 0

#Transform 333
Transform: AffineTransform_float_3_3
Parameters: 1 -0.000199312 0.000420852 0.000199688 0.999999 0.000741084 -0.000421148 -0.000740916 0.999999 0.0604045 0.0348651 -0.0824138
FixedParameters: 0 0 0

#Transform 334
Transform: AffineTransform_float_3_3
Parameters: 1 -0.000199304 0.000420856 0.000199695 0.999999 0.000723084 -0.000421144 -0.000722916 0.999999 0.0541431 0.0232036 -0.0888019
FixedParameters: 0 0 0

#Transform 335
Transform: AffineTransform_float_3_3
Parameters: 1 -0.000199334 0.000420842 0.000199666 0.999999 0.000792084 -0.000421158 -0.000792916 0.999999 0.0509978 0.0222268 -0.0711333
FixedParameters: 0 0 0

#Transform 336
Transform: AffineTransform_float_3_3
Parameters: 1 -0.000199367 0.000420826 0.000199633 0.999999 0.000872083 -0.000421174 -0.000871915 0.999999 0.05099 0.0376085 -0.0822944
FixedParameters: 0 0 0

#Transform 337
Transform: AffineTransform_float_3_3
Parameters: 1 -0.000199334 0.000420842 0.000199666 0.999999 0.000792084 -0.000421158 -0.000792916 0.999999 0.0510007 -0.000326247 -0.0749324
FixedParameters: 0 0 0

#Transform 338
Transform: AffineTransform_float_3_3
Parameters: 1 -0.000199224 0.000420894 0.000199776 1 0.000532084 -0.000421106 -0.000531916 1 0.0509911 0.0682338 -0.0938218
FixedParameters: 0 0 0

#Transform 339
Transform: AffineTransform_float_3_3
Parameters: 1 2.83447e-06 0.000209002 -3.16553e-06 0.999999 0.000791999 -0.000208997 -0.000792 0.999999 0.050505 -0.0224392 -0.0786527
FixedParameters: 0 0 0

#Transform 340
Transform: AffineTransform_float_3_3
Parameters: 1 -4.08733e-06 0.000122997 3.91267e-06 0.999999 0.00071 -0.000123003 -0.000709999 0.999999 0.0519411 0.0417126 -0.0891847
FixedParameters: 0 0 0

#Transform 341
Transform: AffineTransform_float_3_3
Parameters: 1 -0.000199011 9.78488e-06 0.000198989 1 0.001081 -1.02151e-05 -0.001081 1 0.0567853 -0.0458314 -0.0819785
FixedParameters: 0 0 0

#Transform 342
Transform: AffineTransform_float_3_3
Parameters: 1 -2.99482e-05 -7.90196e-05 3.00518e-05 1 0.000655997 7.89803e-05 -0.000656002 1 0.0501345 0.0698082 -0.0926738
FixedParameters: 0 0 0

#Transform 343
Transform: AffineTransform_float_3_3
Parameters: 1 4.20309e-05 -3.89667e-05 -4.19691e-05 0.999999 0.000792001 3.90332e-05 -0.000791998 0.999999 0.0534628 -0.00586445 -0.0837037
FixedParameters: 0 0 0

#Transform 344
Transform: AffineTransform_float_3_3
Parameters: 1 0.00010908 -0.000156945 -0.00010892 1 0.000507017 0.000157055 -0.000506983 1 0.0539681 0.0556097 -0.0802206
FixedParameters: 0 0 0

#Transform 345
Transform: AffineTransform_float_3_3
Parameters: 1 6.02138e-05 -0.000269952 -5.97861e-05 0.999999 0.000792016 0.000270047 -0.000791983 0.999999 0.04934 0.0060298 -0.0949339
FixedParameters: 0 0 0

#Transform 346
Transform: AffineTransform_float_3_3
Parameters: 1 -3.59412e-05 -0.000128016 3.60587e-05 1 0.000458995 0.000127983 -0.000459005 1 0.0510453 0.0499942 -0.0857607
FixedParameters: 0 0 0

#Transform 347
Transform: AffineTransform_float_3_3
Parameters: 1 -3.39849e-05 -1.90269e-05 3.4015e-05 0.999999 0.000791999 1.89731e-05 -0.000792 0.999999 0.0543871 0.00127629 -0.0804188
FixedParameters: 0 0 0

#Transform 348
Transform: AffineTransform_float_3_3
Parameters: 1 3.49781e-05 3.2024e-05 -3.50219e-05 1 0.000684999 -3.1976e-05 -0.000685001 1 0.0525616 0.0213834 -0.0764214
FixedParameters: 0 0 0

#Transform 349
Transform: AffineTransform_float_3_3
Parameters: 1 -0.000199035 4.88577e-05 0.000198965 0.999999 0.000715009 -4.91423e-05 -0.00071499 0.999999 0.0541254 0.0298697 -0.089077
FixedParameters: 0 0 0

#Transform 350
Transform: AffineTransform_float_3_3
Parameters: 1 -0.000198981 -1.91952e-05 0.000199018 0.999999 0.000980995 1.88048e-05 -0.000981003 0.999999 0.0572068 -0.0191203 -0.0699822
FixedParameters: 0 0 0

#Transform 351
Transform: AffineTransform_float_3_3
Parameters: 1 -0.000591974 -1.97968e-05 0.000592026 0.999999 0.00134599 1.92031e-05 -0.00134601 0.999999 0.0713967 -0.0086409 -0.033405
FixedParameters: 0 0 0

#Transform 352
Transform: AffineTransform_float_3_3
Parameters: 0.999999 -0.000670331 0.000425479 0.00066967 1 0.000777285 -0.000425521 -0.000777715 0.999999 0.0710922 0.0399006 -0.0532647
FixedParameters: 0 0 0

#Transform 353
Transform: AffineTransform_float_3_3
Parameters: 1 -0.000328242 0.000451825 0.000327758 1 0.000534148 -0.000452175 -0.000534851 1 0.070144 0.0992369 -0.0797601
FixedParameters: 0 0 0

#Transform 354
Transform: AffineTransform_float_3_3
Parameters: 1 -0.000672336 0.000939333 0.000669663 0.999996 0.00248463 -0.000941668 -0.00248437 0.999997 0.0546949 -0.122861 -0.215966
FixedParameters: 0 0 0

#Transform 355
Transform: AffineTransform_float_3_3
Parameters: 1 0.000116564 0.000168303 -0.000117436 0.999996 0.00259498 -0.000167696 -0.00259502 0.999996 0.0508216 -0.0176014 -0.0763718
FixedParameters: 0 0 0

#Transform 356
Transform: AffineTransform_float_3_3
Parameters: 1 0.000226024 -1.8715e-05 -0.000225976 0.999999 0.001261 1.9285e-05 -0.001261 0.999999 0.0528563 -0.00340614 -0.0675944
FixedParameters: 0 0 0

#Transform 357
Transform: AffineTransform_float_3_3
Parameters: 1 0.000637023 -1.8219e-05 -0.000636977 0.999999 0.00122601 1.87809e-05 -0.00122599 0.999999 0.0490713 0.0744756 -0.0599413
FixedParameters: 0 0 0

#Transform 358
Transform: AffineTransform_float_3_3
Parameters: 1 0.000690159 -0.000117065 -0.000689841 0.999999 0.00135508 0.000117935 -0.00135492 0.999999 0.0444563 -0.00775664 -0.0543934
FixedParameters: 0 0 0

#Transform 359
Transform: AffineTransform_float_3_3
Parameters: 0.999999 0.000711469 -0.000280814 -0.000710531 0.999999 0.0016672 0.000282185 -0.0016678 0.999998 0.0439688 0.046316 -0.0537363
FixedParameters: 0 0 0

#Transform 360
Transform: AffineTransform_float_3_3
Parameters: 1 0.000950496 -0.000277307 -0.000950505 0.999998 0.00178227 0.000278694 -0.00178174 0.999999 0.0362544 -0.0121549 -0.0579157
FixedParameters: 0 0 0

#Transform 361
Transform: AffineTransform_float_3_3
Parameters: 1 0.00108065 -0.000457479 -0.00108036 0.999999 0.0014085 0.000458521 -0.00140751 0.999999 0.0348811 0.0841773 -0.0478808
FixedParameters: 0 0 0

#Transform 362
Transform: AffineTransform_float_3_3
Parameters: 1 0.00108067 -0.000424309 -0.00108033 0.999998 0.00156546 0.000426691 -0.00156454 0.999998 0.0272458 -0.0179631 -0.0547473
FixedParameters: 0 0 0

#Transform 363
Transform: AffineTransform_float_3_3
Parameters: 1 0.00108002 -1.75711e-05 -0.00107998 0.999998 0.00132302 1.94288e-05 -0.00132298 0.999999 0.0300826 0.0895747 -0.060715
FixedParameters: 0 0 0

#Transform 364
Transform: AffineTransform_float_3_3
Parameters: 1 0.00108003 -1.72601e-05 -0.00107997 0.999998 0.00161102 1.87399e-05 -0.00161098 0.999998 0.0309456 -0.0167763 -0.0522275
FixedParameters: 0 0 0

#Transform 365
Transform: AffineTransform_float_3_3
Parameters: 1 0.00108002 -1.76889e-05 -0.00107998 0.999998 0.00121402 1.93111e-05 -0.00121398 1 0.027777 0.054825 -0.0584778
FixedParameters: 0 0 0

#Transform 366
Transform: AffineTransform_float_3_3
Parameters: 1 0.00108002 -1.76349e-05 -0.00107998 0.999998 0.00126402 1.93651e-05 -0.00126398 0.999999 0.021489 -0.0112017 -0.0754318
FixedParameters: 0 0 0

#Transform 367
Transform: AffineTransform_float_3_3
Parameters: 0.999999 0.0013042 -0.000156352 -0.0013038 0.999999 0.00126421 0.000157648 -0.0012638 0.999999 0.0198135 0.0122537 -0.0496603
FixedParameters: 0 0 0

#Transform 368
Transform: AffineTransform_float_3_3
Parameters: 0.999999 0.00156724 -0.000190019 -0.00156676 0.999998 0.0012643 0.00019198 -0.0012637 0.999999 0.016019 0.0307966 -0.0702347
FixedParameters: 0 0 0

#Transform 369
Transform: AffineTransform_float_3_3
Parameters: 0.999999 0.00142116 -0.000101828 -0.00142084 0.999998 0.00152815 0.000104171 -0.00152785 0.999999 0.0193865 -0.041356 -0.0660393
FixedParameters: 0 0 0

#Transform 370
Transform: AffineTransform_float_3_3
Parameters: 0.999999 0.00140016 -0.000161645 -0.00139984 0.999998 0.000968227 0.000163356 -0.000968772 1 0.0154943 0.0910077 -0.0753783
FixedParameters: 0 0 0

#Transform 371
Transform: AffineTransform_float_3_3
Parameters: 0.999999 0.00149017 -0.000160422 -0.00149083 0.999999 0.00105924 0.00016158 -0.00105976 1 0.0168213 0.0441782 -0.0737761
FixedParameters: 0 0 0

#Transform 372
Transform: AffineTransform_float_3_3
Parameters: 0.999998 0.00159768 -0.000465672 -0.00159732 0.999997 0.00145775 0.000467327 -0.00145625 0.999999 0.0149911 0.0198556 -0.0588729
FixedParameters: 0 0 0

#Transform 373
Transform: AffineTransform_float_3_3
Parameters: 0.999998 0.00165535 -0.000328232 -0.00165465 0.999998 0.00106855 0.000329769 -0.00106846 1 0.00722725 0.0872068 -0.0681099
FixedParameters: 0 0 0

#Transform 374
Transform: AffineTransform_float_3_3
Parameters: 0.999998 0.00154654 -0.0003617 -0.00154546 0.999997 0.00148756 0.000364299 -0.00148744 0.999999 0.0187908 -0.027197 -0.0528558
FixedParameters: 0 0 0

#Transform 375
Transform: AffineTransform_float_3_3
Parameters: 0.999998 0.00160045 -0.000414271 -0.00160055 0.999998 0.00108067 0.00041673 -0.00108034 1 0.0187038 0.0853941 -0.0518829
FixedParameters: 0 0 0

#Transform 376
Transform: AffineTransform_float_3_3
Parameters: 0.999999 0.00146458 -0.000404913 -0.00146342 0.999998 0.00142559 0.000406087 -0.00142541 0.999999 0.0230888 -0.0253426 -0.0428758
FixedParameters: 0 0 0

#Transform 377
Transform: AffineTransform_float_3_3
Parameters: 0.999999 0.00129134 -0.00038988 -0.00129066 0.999999 0.000867503 0.000390119 -0.000866496 0.999999 0.0234141 0.0937128 -0.0645498
FixedParameters: 0 0 0

#Transform 378
Transform: AffineTransform_float_3_3
Parameters: 0.999999 0.00124241 -0.000402748 -0.00124159 0.999998 0.0010085 0.000404252 -0.0010075 1 0.0242883 -0.022943 -0.053008
FixedParameters: 0 0 0

#Transform 379
Transform: AffineTransform_float_3_3
Parameters: 1 0.00108002 -1.80085e-05 -0.00107998 0.999999 0.00091802 1.89914e-05 -0.00091798 0.999999 0.0215702 0.0607994 -0.0421183
FixedParameters: 0 0 0

#Transform 380
Transform: AffineTransform_float_3_3
Parameters: 1 0.00108014 -0.000150008 -0.00107986 0.999999 0.000918162 0.000150991 -0.000917837 0.999999 0.0233623 0.0258353 -0.0564454
FixedParameters: 0 0 0

#Transform 381
Transform: AffineTransform_float_3_3
Parameters: 0.999999 0.00124302 -1.74823e-05 -0.00124298 0.999999 0.00122102 1.95177e-05 -0.00122098 1 0.0258943 -0.0203915 -0.0517404
FixedParameters: 0 0 0

#Transform 382
Transform: AffineTransform_float_3_3
Parameters: 1 0.00108002 -1.79114e-05 -0.00107998 0.999999 0.00100802 1.90886e-05 -0.00100798 1 0.0256267 0.0639443 -0.0515742
FixedParameters: 0 0 0

#Transform 383
Transform: AffineTransform_float_3_3
Parameters: 0.999999 0.000913896 0.000102921 -0.000914103 0.999999 0.00100791 -0.000102079 -0.00100709 0.999999 0.0347375 0.0309713 -0.0443497
FixedParameters: 0 0 0

#Transform 384
Transform: AffineTransform_float_3_3
Parameters: 1 0.000883557 0.000440891 -0.000883445 0.999999 0.00100761 -0.000440111 -0.00100739 1 0.0302188 0.033349 -0.0330032
FixedParameters: 0 0 0

#Transform 385
Transform: AffineTransform_float_3_3
Parameters: 1 0.000897557 0.000440905 -0.000897445 0.999999 0.00100761 -0.000440097 -0.0010074 1 0.0267498 0.0402245 -0.0483656
FixedParameters: 0 0 0

#Transform 386
Transform: AffineTransform_float_3_3
Parameters: 0.999999 0.000795092 -8.1104e-05 -0.000794908 0.999999 0.00112707 8.18959e-05 -0.00112694 1 0.0386019 0.023519 -0.029842
FixedParameters: 0 0 0

#Transform 387
Transform: AffineTransform_float_3_3
Parameters: 1 0.00083562 0.000440722 -0.000836381 1 0.000863632 -0.000440278 -0.000864369 1 0.0317802 0.0767578 -0.0321299
FixedParameters: 0 0 0

#Transform 388
Transform: AffineTransform_float_3_3
Parameters: 0.999999 0.000767681 0.000316774 -0.000768319 0.999999 0.00100776 -0.000316226 -0.00100724 1 0.0342591 -0.0223601 -0.0326149
FixedParameters: 0 0 0

#Transform 389
Transform: AffineTransform_float_3_3
Parameters: 1 0.00107975 0.00044061 -0.00108025 1 0.000564524 -0.00044039 -0.000565476 0.999999 0.029369 0.0922605 -0.0403389
FixedParameters: 0 0 0

#Transform 390
Transform: AffineTransform_float_3_3
Parameters: 0.999999 0.000894767 0.000271768 -0.000895232 0.999999 0.000858757 -0.000270231 -0.000859242 0.999999 0.035342 -0.0213742 -0.0452043
FixedParameters: 0 0 0

#Transform 391
Transform: AffineTransform_float_3_3
Parameters: 1 0.00107985 0.000258628 -0.00108015 0.999999 0.000581721 -0.000257371 -0.000582278 1 0.0320032 0.066737 -0.0354708
FixedParameters: 0 0 0

#Transform 392
Transform: AffineTransform_float_3_3
Parameters: 1 0.00107963 0.000340163 -0.00108037 0.999999 0.00107663 -0.000338838 -0.00107637 1 0.0295176 0.0154347 -0.0160543
FixedParameters: 0 0 0

#Transform 393
Transform: AffineTransform_float_3_3
Parameters: 1 0.00107974 0.00022026 -0.00108026 0.999998 0.00116676 -0.00021874 -0.00116724 1 0.0271908 0.0313284 0.00196505
FixedParameters: 0 0 0

#Transform 394
Transform: AffineTransform_float_3_3
Parameters: 1 0.0010795 0.00044122 -0.0010805 0.999999 0.00112952 -0.00043978 -0.00112948 1 0.0327774 0.0527953 -0.00862383
FixedParameters: 0 0 0

#Transform 395
Transform: AffineTransform_float_3_3
Parameters: 1 0.00107941 0.000441447 -0.00108059 0.999998 0.00133952 -0.000439553 -0.00133947 0.999999 0.0327395 0.0165329 0.00561114
FixedParameters: 0 0 0

#Transform 396
Transform: AffineTransform_float_3_3
Parameters: 0.999999 0.00087143 0.000441127 -0.000872569 0.999999 0.00129262 -0.000439872 -0.00129338 0.999999 0.0362697 0.0651559 0.00652203
FixedParameters: 0 0 0

#Transform 397
Transform: AffineTransform_float_3_3
Parameters: 0.999999 0.000657177 0.000559966 -0.000657822 0.999998 0.00146963 -0.000559033 -0.00147037 0.999999 0.0382073 0.00626488 0.0103639
FixedParameters: 0 0 0

#Transform 398
Transform: AffineTransform_float_3_3
Parameters: 1 0.000851466 0.000636716 -0.000851534 1 0.000839459 -0.000635285 -0.000840542 1 0.0338676 0.0881678 0.00229241
FixedParameters: 0 0 0

#Transform 399
Transform: AffineTransform_float_3_3
Parameters: 1 0.00108254 0.000441142 -0.00108346 0.999999 0.00105452 -0.000439858 -0.00105448 1 0.0326817 0.0350188 -0.00324118
FixedParameters: 0 0 0

#Transform 400
Transform: AffineTransform_float_3_3
Parameters: 1 0.00101257 0.000440999 -0.00101243 0.999999 0.000985555 -0.000440003 -0.000985447 1 0.0380936 0.0818043 0.0053066
FixedParameters: 0 0 0

#Transform 401
Transform: AffineTransform_float_3_3
Parameters: 1 0.00108035 0.000441602 -0.00108065 0.999999 0.00148252 -0.000440398 -0.00148348 0.999999 0.0327786 0.0392576 0.0135377
FixedParameters: 0 0 0

#Transform 402
Transform: AffineTransform_float_3_3
Parameters: 1 0.000974532 0.000441037 -0.000974469 0.999999 0.00106357 -0.000439964 -0.00106443 1 0.0345062 0.0656656 0.016552
FixedParameters: 0 0 0

#Transform 403
Transform: AffineTransform_float_3_3
Parameters: 1 0.00110379 0.000204136 -0.00110421 0.999999 0.00102877 -0.000202864 -0.00102922 0.999999 0.0318305 0.0659083 0.00651901
FixedParameters: 0 0 0

#Transform 404
Transform: AffineTransform_float_3_3
Parameters: 1 0.00116794 5.33712e-05 -0.00116806 0.999998 0.00117394 -5.16287e-05 -0.00117406 1 0.0338857 0.0504809 0.0260279
FixedParameters: 0 0 0

#Transform 405
Transform: AffineTransform_float_3_3
Parameters: 1 0.00101405 -6.21502e-05 -0.00101395 0.999999 0.000838063 6.28497e-05 -0.000837937 0.999999 0.0410245 0.0688329 0.00410515
FixedParameters: 0 0 0

#Transform 406
Transform: AffineTransform_float_3_3
Parameters: 0.999999 0.00124007 -6.66533e-05 -0.00124093 0.999998 0.00108608 6.83477e-05 -0.00108592 1 0.0372562 0.0283098 0.020535
FixedParameters: 0 0 0

#Transform 407
Transform: AffineTransform_float_3_3
Parameters: 0.999999 0.00136308 -0.000113987 -0.00136291 0.999999 0.000743156 0.000115013 -0.000742844 0.999999 0.026716 0.0783313 0.0113385
FixedParameters: 0 0 0

#Transform 408
Transform: AffineTransform_float_3_3
Parameters: 0.999996 0.00266071 -0.00145907 -0.00265729 0.999994 0.00185489 0.00146393 -0.00185111 0.999997 -0.0231341 0.0249844 0.0280413
FixedParameters: 0 0 0

#Transform 409
Transform: AffineTransform_float_3_3
Parameters: 0.999998 0.00161845 -0.000547685 -0.00161755 0.999999 0.000812888 0.000548315 -0.000812114 1 0.0121012 0.115297 0.0136346
FixedParameters: 0 0 0

#Transform 410
Transform: AffineTransform_float_3_3
Parameters: 0.999998 0.00161059 -0.000454924 -0.00161041 0.999998 0.00128973 0.000457075 -0.00128827 0.999999 0.0249112 0.00505213 0.0310758
FixedParameters: 0 0 0

#Transform 411
Transform: AffineTransform_float_3_3
Parameters: 0.999999 0.00140038 -0.00056005 -0.00140062 0.999999 0.000678785 0.00056095 -0.000678215 0.999999 0.0254715 0.0941381 0.0245018
FixedParameters: 0 0 0

#Transform 412
Transform: AffineTransform_float_3_3
Parameters: 0.999999 0.00140043 -0.000559921 -0.00140057 0.999998 0.000770785 0.000561078 -0.000769215 0.999999 0.0241885 0.058224 0.0149381
FixedParameters: 0 0 0

#Transform 413
Transform: AffineTransform_float_3_3
Parameters: 0.999999 0.00140039 -0.000467841 -0.00140061 0.999998 0.000827656 0.000469159 -0.000827343 0.999999 0.026155 0.00334926 0.00930121
FixedParameters: 0 0 0

#Transform 414
Transform: AffineTransform_float_3_3
Parameters: 0.999999 0.00140042 -0.000559945 -0.00140058 0.999998 0.000753785 0.000561054 -0.000752215 0.999999 0.0273771 0.0725527 0.0105163
FixedParameters: 0 0 0

#Transform 415
Transform: AffineTransform_float_3_3
Parameters: 0.999999 0.00127807 -6.76606e-05 -0.00127793 0.999998 0.00104809 6.93393e-05 -0.00104791 1 0.0281171 0.00145968 0.0130477
FixedParameters: 0 0 0

#Transform 416
Transform: AffineTransform_float_3_3
Parameters: 0.999999 0.00123599 0.000136062 -0.00123601 0.999999 4.98319e-05 -0.000135938 -5.01681e-05 1 0.0202217 0.0991876 -0.0265905
FixedParameters: 0 0 0

#Transform 417
Transform: AffineTransform_float_3_3
Parameters: 0.999999 0.00140008 -0.000204458 -0.00139992 0.999999 0.000387287 0.000204542 -0.000386714 1 0.0235129 0.0196245 -0.0101242
FixedParameters: 0 0 0

#Transform 418
Transform: AffineTransform_float_3_3
Parameters: 1 0.00100904 -9.26095e-05 -0.00100896 1 0.000387094 9.33905e-05 -0.000386906 1 0.0328658 0.0775426 -0.00967004
FixedParameters: 0 0 0

#Transform 419
Transform: AffineTransform_float_3_3
Parameters: 0.999999 0.00140009 -0.000220458 -0.00139991 0.999999 0.000387309 0.000220542 -0.000386692 1 0.028198 0.0372995 -0.0217757
FixedParameters: 0 0 0

#Transform 420
Transform: AffineTransform_float_3_3
Parameters: 0.999999 0.0012291 -0.000266524 -0.0012289 0.999999 0.000387328 0.000266475 -0.000386673 1 0.0229964 0.0482793 -0.00685756
FixedParameters: 0 0 0

#Transform 421
Transform: AffineTransform_float_3_3
Parameters: 0.999999 0.00123406 -0.000548863 -0.00123394 0.999999 0.000111677 0.000549138 -0.000111322 1 0.0263957 0.0939804 -0.0314365
FixedParameters: 0 0 0

#Transform 422
Transform: AffineTransform_float_3_3
Parameters: 0.999999 0.00129612 -0.000421625 -0.00129588 0.999999 0.000289547 0.000422375 -0.000289453 1 0.0243841 0.0251349 -0.0204403
FixedParameters: 0 0 0

#Transform 423
Transform: AffineTransform_float_3_3
Parameters: 0.999999 0.00123008 -0.000384744 -0.00122992 0.999999 0.000208473 0.000385256 -0.000207526 1 0.0247789 0.077967 -0.0280689
FixedParameters: 0 0 0

#Transform 424
Transform: AffineTransform_float_3_3
Parameters: 0.999999 0.00140023 -0.000411225 -0.00139977 0.999999 0.000553576 0.000411774 -0.000552424 1 0.020988 0.00461027 -0.0218562
FixedParameters: 0 0 0

#Transform 425
Transform: AffineTransform_float_3_3
Parameters: 0.999999 0.00140003 -0.000368899 -0.00139997 0.999999 7.25165e-05 0.0003691 -7.14833e-05 1 0.0207127 0.0954939 -0.0280717
FixedParameters: 0 0 0

#Transform 426
Transform: AffineTransform_float_3_3
Parameters: 0.999999 0.00134703 -0.000401913 -0.00134797 0.999999 6.45418e-05 0.000402086 -6.34584e-05 1 0.0156178 0.0139725 -0.0265505
FixedParameters: 0 0 0

#Transform 427
Transform: AffineTransform_float_3_3
Parameters: 0.999999 0.00140001 -0.000280955 -0.00139999 0.999999 3.23934e-05 0.000281045 -3.16066e-05 1 0.0241937 0.0881217 -0.0240185
FixedParameters: 0 0 0

#Transform 428
Transform: AffineTransform_float_3_3
Parameters: 0.999999 0.00139999 2.05418e-05 -0.00140001 0.999999 0.000386972 -2.04582e-05 -0.000387029 1 0.0194729 0.00192805 -0.0569108
FixedParameters: 0 0 0

#Transform 429
Transform: AffineTransform_float_3_3
Parameters: 0.999999 0.001471 -9.30249e-05 -0.001471 0.999999 -1.68632e-05 9.29764e-05 1.61368e-05 1 0.0253547 0.0898965 -0.0340964
FixedParameters: 0 0 0

#Transform 430
Transform: AffineTransform_float_3_3
Parameters: 0.999999 0.00128399 9.21296e-05 -0.00128401 0.999999 0.000100882 -9.28703e-05 -0.000101119 1 0.0257891 0.0593412 -0.0266492
FixedParameters: 0 0 0

#Transform 431
Transform: AffineTransform_float_3_3
Parameters: 1 0.00118103 -9.26646e-05 -0.00118097 1 0.00028411 9.33354e-05 -0.00028389 1 0.0300817 0.0331304 -0.0192655
FixedParameters: 0 0 0

#Transform 432
Transform: AffineTransform_float_3_3
Parameters: 0.999999 0.000937007 -9.29175e-05 -0.000936991 0.999999 8.80871e-05 9.30824e-05 -8.79128e-05 1 0.0341773 0.0725409 -0.0445397
FixedParameters: 0 0 0

#Transform 433
Transform: AffineTransform_float_3_3
Parameters: 0.999999 0.00128275 0.000294094 -0.00128325 0.999999 0.000852623 -0.000292906 -0.000852376 0.999999 0.0285472 0.0164088 -0.0171866
FixedParameters: 0 0 0

#Transform 434
Transform: AffineTransform_float_3_3
Parameters: 0.999999 0.00128483 0.000461463 -0.00128517 0.999999 0.000360407 -0.000460537 -0.000360592 1 0.03001 0.117864 -0.00367598
FixedParameters: 0 0 0

#Transform 435
Transform: AffineTransform_float_3_3
Parameters: 1 0.00107093 0.000461157 -0.00107107 1 0.000146506 -0.000460842 -0.000147494 1 0.0313445 0.0115029 -0.0270873
FixedParameters: 0 0 0

#Transform 436
Transform: AffineTransform_float_3_3
Parameters: 1 0.000875137 0.000642813 -0.000874862 0.999999 -0.000214562 -0.000643187 0.000213437 1 0.0314536 0.102758 -0.0442907
FixedParameters: 0 0 0

#Transform 437
Transform: AffineTransform_float_3_3
Parameters: 0.999999 0.000763083 0.000460862 -0.000762916 0.999999 -0.000181352 -0.000461138 0.000181648 1 0.0435711 -0.00762377 -0.0486637
FixedParameters: 0 0 0

#Transform 438
Transform: AffineTransform_float_3_3
Parameters: 1 0.00097611 0.000460768 -0.00097589 0.999999 -0.00023845 -0.000461232 0.00023755 1 0.0256587 0.0833618 -0.0329725
FixedParameters: 0 0 0

#Transform 439
Transform: AffineTransform_float_3_3
Parameters: 1 0.000975938 0.000461132 -0.000976062 0.999999 0.00013455 -0.000460869 -0.00013445 1 0.0366333 0.00116881 -0.026789
FixedParameters: 0 0 0

#Transform 440
Transform: AffineTransform_float_3_3
Parameters: 0.999999 0.000834986 0.000238047 -0.000835013 0.999999 5.58012e-05 -0.000237953 -5.61987e-05 1 0.0311593 0.104433 -0.0454993
FixedParameters: 0 0 0

#Transform 441
Transform: AffineTransform_float_3_3
Parameters: 0.999999 0.000976042 -0.000134695 -0.000975958 1 0.000312132 0.000135304 -0.000311868 1 0.0341085 0.0137574 -0.0421449
FixedParameters: 0 0 0

#Transform 442
Transform: AffineTransform_float_3_3
Parameters: 1 0.001098 -1.67661e-05 -0.001098 1 0.000213019 1.62339e-05 -0.000212982 1 0.0303307 0.105665 -0.00654568
FixedParameters: 0 0 0

#Transform 443
Transform: AffineTransform_float_3_3
Parameters: 1 0.00110206 -0.000183646 -0.00110194 1 0.000321203 0.000184354 -0.000320797 1 0.0325592 -0.000450456 -0.0123408
FixedParameters: 0 0 0

#Transform 444
Transform: AffineTransform_float_3_3
Parameters: 1 0.00108301 -0.000189923 -0.00108299 1 7.12058e-05 0.000190077 -7.07942e-05 1 0.0330721 0.0876523 -0.0160292
FixedParameters: 0 0 0

#Transform 445
Transform: AffineTransform_float_3_3
Parameters: 0.999999 0.000975998 8.40126e-05 -0.000976 0.999999 1.2918e-05 -8.39882e-05 -1.2082e-05 1 0.0376636 0.0342896 -0.0258567
FixedParameters: 0 0 0

#Transform 446
Transform: AffineTransform_float_3_3
Parameters: 0.999999 0.000976032 0.000102694 -0.000975968 1 -0.000313101 -0.000103305 0.000312899 1 0.0359476 0.074396 -0.0223164
FixedParameters: 0 0 0

#Transform 447
Transform: AffineTransform_float_3_3
Parameters: 0.999999 0.000853982 9.91536e-05 -0.000854017 0.999999 0.000179915 -9.88462e-05 -0.000180084 1 0.0328044 0.0512502 -0.0182459
FixedParameters: 0 0 0

#Transform 448
Transform: AffineTransform_float_3_3
Parameters: 0.999999 0.000975991 3.42176e-05 -0.000976007 0.999999 0.000222967 -3.37823e-05 -0.000223033 1 0.036772 0.0170325 0.00160922
FixedParameters: 0 0 0

#Transform 449
Transform: AffineTransform_float_3_3
Parameters: 1 0.000521755 0.000343373 -0.000522245 0.999999 0.00071482 -0.000343627 -0.000714179 0.999999 0.0404814 0.0194259 0.0290157
FixedParameters: 0 0 0
