#Insight Transform File V1.0
#Transform 0
Transform: AffineTransform_float_3_3
Parameters: 1 -3.5883e-08 8.1e-05 -3.5883e-08 1 0.000443 -8.1e-05 -0.000443 1 -0.016845 0.0248903 0.0837865
FixedParameters: 0 0 0

#Transform 1
Transform: AffineTransform_float_3_3
Parameters: 1 -7.08e-10 0.000118 -7.08e-10 1 6e-06 -0.000118 -6e-06 1 -0.012421 0.0135698 0.0595766
FixedParameters: 0 0 0

#Transform 2
Transform: AffineTransform_float_3_3
Parameters: 1 0 0 0 1 2e-05 0 -2e-05 1 -0.016185 0.0390168 0.0514342
FixedParameters: 0 0 0

#Transform 3
Transform: AffineTransform_float_3_3
Parameters: 1 0 0 0 1 2.8e-05 0 -2.8e-05 1 -0.014887 0.0248371 0.0515677
FixedParameters: 0 0 0

#Transform 4
Transform: AffineTransform_float_3_3
Parameters: 1 -1.3563e-08 9.9e-05 -1.3563e-08 1 0.000137 -9.9e-05 -0.000137 1 -0.00955939 0.0125112 0.0415405
FixedParameters: 0 0 0

#Transform 5
Transform: AffineTransform_float_3_3
Parameters: 1 -3.1415e-08 0.000103 -3.1415e-08 1 0.000305 -0.000103 -0.000305 1 -0.0160524 0.0111728 0.0505082
FixedParameters: 0 0 0

#Transform 6
Transform: AffineTransform_float_3_3
Parameters: 1 -2.436e-08 0.000203 -2.436e-08 1 0.00012 -0.000203 -0.00012 1 -0.0138363 0.0194941 0.0470776
FixedParameters: 0 0 0

#Transform 7
Transform: AffineTransform_float_3_3
Parameters: 1 -0.000108016 0.000249993 0.000107983 1 6.6027e-05 -0.000250007 -6.5973e-05 1 -0.00400458 0.013314 0.0292805
FixedParameters: 0 0 0

#Transform 8
Transform: AffineTransform_float_3_3
Parameters: 1 -0.000349964 0.000300042 0.000350036 1 -0.000118895 -0.000299958 0.000119105 1 0.00377448 0.00129121 0.0128856
FixedParameters: 0 0 0

#Transform 9
Transform: AffineTransform_float_3_3
Parameters: 1 -0.000283 6.1128e-08 0.000283 1 -0.000216 6.1128e-08 0.000216 1 -0.00115965 0.015128 0.0118339
FixedParameters: 0 0 0

#Transform 10
Transform: AffineTransform_float_3_3
Parameters: 1 7.884e-09 0.000219 7.884e-09 1 -3.6e-05 -0.000219 3.6e-05 1 -0.00173259 0.0105237 0.0202215
FixedParameters: 0 0 0

#Transform 11
Transform: AffineTransform_float_3_3
Parameters: 1 1.77e-09 0.000177 1.77e-09 1 -1e-05 -0.000177 1e-05 1 -0.00138334 0.0103685 0.0149753
FixedParameters: 0 0 0

#Transform 12
Transform: AffineTransform_float_3_3
Parameters: 1 -7.582e-09 0.000223 -7.582e-09 1 3.4e-05 -0.000223 -3.4e-05 1 -0.00176153 0.00996746 0.0114056
FixedParameters: 0 0 0

#Transform 13
Transform: AffineTransform_float_3_3
Parameters: 1 0 0 0 1 0.000273 0 -0.000273 1 1.42109e-14 0.00809461 0.0102879
FixedParameters: 0 0 0

#Transform 14
Transform: AffineTransform_float_3_3
Parameters: 1 -4.8503e-08 0.000169 -4.8503e-08 1 0.000287 -0.000169 -0.000287 1 -0.00130896 0.00798309 0.0173211
FixedParameters: 0 0 0

#Transform 15
Transform: AffineTransform_float_3_3
Parameters: 1 0 0 0 1 0.000345 0 -0.000345 1 -0.006829 0.00321303 0.0235975
FixedParameters: 0 0 0

#Transform 16
Transform: AffineTransform_float_3_3
Parameters: 1 3.1453e-08 -7.1e-05 3.1453e-08 1 0.000443 7.1e-05 -0.000443 1 0.000558775 -0.00268529 0.0193415
FixedParameters: 0 0 0

#Transform 17
Transform: AffineTransform_float_3_3
Parameters: 1 0.000150013 -4.99613e-05 -0.000149987 1 0.000258007 5.00387e-05 -0.000257992 1 -0.00218857 0.0184139 0.00470352
FixedParameters: 0 0 0

#Transform 18
Transform: AffineTransform_float_3_3
Parameters: 1 0.000104 1.352e-09 -0.000104 1 1.3e-05 1.352e-09 -1.3e-05 1 -0.00174715 -0.00130799 0.00916264
FixedParameters: 0 0 0

#Transform 19
Transform: AffineTransform_float_3_3
Parameters: 1 0 0 0 1 8.2e-05 0 -8.2e-05 1 -0.003054 -0.0126577 0.01043
FixedParameters: 0 0 0

#Transform 20
Transform: AffineTransform_float_3_3
Parameters: 1 0 0 0 1 -0.0001 0 0.0001 1 0.007357 0.00395538 -0.00113242
FixedParameters: 0 0 0

#Transform 21
Transform: AffineTransform_float_3_3
Parameters: 1 0 0 0 1 0.00013 0 -0.00013 1 0.005732 -0.00238812 0.00787557
FixedParameters: 0 0 0

#Transform 22
Transform: AffineTransform_float_3_3
Parameters: 1 0 0 0 1 0.000102 0 -0.000102 1 0.007991 -0.00598872 0.000708524
FixedParameters: 0 0 0

#Transform 23
Transform: AffineTransform_float_3_3
Parameters: 1 0 0 0 1 -8e-06 0 8e-06 1 0.007991 0.0174501 0.00224675
FixedParameters: 0 0 0

#Transform 24
Transform: AffineTransform_float_3_3
Parameters: 1 -0.000112039 0.000157973 0.000111961 1 0.000244018 -0.000158027 -0.000243982 1 0.00862709 0.00861446 0.00101848
FixedParameters: 0 0 0

#Transform 25
Transform: AffineTransform_float_3_3
Parameters: 1 0 0 0 1 0.000392 0 -0.000392 1 0.003354 -0.00256773 0.0133479
FixedParameters: 0 0 0

#Transform 26
Transform: AffineTransform_float_3_3
Parameters: 1 -0.000156028 6.29309e-05 0.000155972 1 0.00044301 -6.30691e-05 -0.00044299 1 0.0101268 0.0323597 0.00536436
FixedParameters: 0 0 0

#Transform 27
Transform: AffineTransform_float_3_3
Parameters: 1 -0.000177 -1.13634e-07 0.000177 1 0.000642 -1.13634e-07 -0.000642 1 0.0110069 0.0147563 0.0177614
FixedParameters: 0 0 0

#Transform 28
Transform: AffineTransform_float_3_3
Parameters: 1 0 0 0 0.999999 0.000931999 0 -0.000931999 0.999999 -0.002517 -0.00594177 0.0289914
FixedParameters: 0 0 0

#Transform 29
Transform: AffineTransform_float_3_3
Parameters: 1 0 0 0 0.999999 0.000931999 0 -0.000931999 0.999999 -0.007676 0.0231781 0.0406443
FixedParameters: 0 0 0

#Transform 30
Transform: AffineTransform_float_3_3
Parameters: 1 -0.000197849 -0.000162184 0.000198151 0.999999 0.000931967 0.000161815 -0.000932031 0.999999 -0.00234837 0.041074 0.0328745
FixedParameters: 0 0 0

#Transform 31
Transform: AffineTransform_float_3_3
Parameters: 1 -0.000175782 -0.000234164 0.000176218 0.999999 0.000931958 0.000233836 -0.00093204 0.999999 -0.00350837 0.0186844 0.0470935
FixedParameters: 0 0 0

#Transform 32
Transform: AffineTransform_float_3_3
Parameters: 1 -0.000144753 -0.000249144 0.000145247 0.999999 0.000991964 0.000248856 -0.000992036 1 -0.00603345 0.0155175 0.0485333
FixedParameters: 0 0 0

#Transform 33
Transform: AffineTransform_float_3_3
Parameters: 1 -8.17856e-05 -0.000230076 8.22143e-05 0.999999 0.00093198 0.000229923 -0.000932018 0.999999 -0.00571641 0.0226207 0.0474439
FixedParameters: 0 0 0

#Transform 34
Transform: AffineTransform_float_3_3
Parameters: 1 2.91716e-07 -0.000313 2.91716e-07 0.999999 0.000931999 0.000313 -0.000931999 0.999999 -0.0055083 0.022634 0.0287948
FixedParameters: 0 0 0

#Transform 35
Transform: AffineTransform_float_3_3
Parameters: 1 0 0 0 0.999999 0.000931999 0 -0.000931999 0.999999 0.00042 0.00281768 0.0348433
FixedParameters: 0 0 0

#Transform 36
Transform: AffineTransform_float_3_3
Parameters: 1 6.31707e-05 -0.000208948 -6.283e-05 0.999999 0.000817013 0.000208051 -0.000816986 0.999999 -0.00265005 0.00921641 0.033443
FixedParameters: 0 0 0

#Transform 37
Transform: AffineTransform_float_3_3
Parameters: 1 0 0 0 1 0.000604 0 -0.000604 1 -0.002188 0.0146994 0.00992421
FixedParameters: 0 0 0

#Transform 38
Transform: AffineTransform_float_3_3
Parameters: 1 0 0 0 0.999999 0.000866999 0 -0.000866999 0.999999 0.007999 0.00537424 0.0178251
FixedParameters: 0 0 0

#Transform 39
Transform: AffineTransform_float_3_3
Parameters: 1 0.000277179 -0.000215769 -0.00027682 0.999999 0.000832059 0.00021623 -0.000831939 0.999999 -0.00970488 -0.00289841 0.0299281
FixedParameters: 0 0 0

#Transform 40
Transform: AffineTransform_float_3_3
Parameters: 1 0.000363191 -0.000204661 -0.000362809 0.999999 0.000932073 0.000204338 -0.000931925 0.999999 -0.00934648 0.0136348 0.0160446
FixedParameters: 0 0 0

#Transform 41
Transform: AffineTransform_float_3_3
Parameters: 1 0.000329347 -0.000403717 -0.000328653 0.999999 0.000860132 0.000403283 -0.000859867 0.999999 -0.00467758 0.0130761 0.0152258
FixedParameters: 0 0 0

#Transform 42
Transform: AffineTransform_float_3_3
Parameters: 1 0.000319 3.24742e-07 -0.000319 1 0.001018 3.24742e-07 -0.001018 1 -0.0037629 0.0108691 0.0341982
FixedParameters: 0 0 0

#Transform 43
Transform: AffineTransform_float_3_3
Parameters: 1 0.000308073 -6.4655e-05 -0.000307927 1 0.00112002 6.53449e-05 -0.00111998 1 -0.0069906 0.00795604 0.0274651
FixedParameters: 0 0 0

#Transform 44
Transform: AffineTransform_float_3_3
Parameters: 1 0.000291 2.94201e-07 -0.000291 1 0.001011 2.94201e-07 -0.001011 1 -0.0137966 0.0186469 0.0168691
FixedParameters: 0 0 0

#Transform 45
Transform: AffineTransform_float_3_3
Parameters: 1 0.000269 3.11233e-07 -0.000269 1 0.001157 3.11233e-07 -0.001157 1 -0.00586659 0.00509309 0.0315121
FixedParameters: 0 0 0

#Transform 46
Transform: AffineTransform_float_3_3
Parameters: 1 0.000205868 0.000104261 -0.000206133 0.999999 0.00126898 -0.000104739 -0.00126902 0.999999 0.00362319 0.00109081 0.0212216
FixedParameters: 0 0 0

#Transform 47
Transform: AffineTransform_float_3_3
Parameters: 1 -2.92945e-07 0.000205 -2.92945e-07 0.999999 0.001429 -0.000205 -0.001429 0.999999 0.00638708 0.0102409 0.0313252
FixedParameters: 0 0 0

#Transform 48
Transform: AffineTransform_float_3_3
Parameters: 1 -1.48302e-07 0.000107 -1.48302e-07 0.999999 0.001386 -0.000107 -0.001386 0.999999 0.0071443 0.0317595 0.036443
FixedParameters: 0 0 0

#Transform 49
Transform: AffineTransform_float_3_3
Parameters: 1 0 0 0 0.999999 0.00131 0 -0.00131 0.999999 0.003926 0.026285 0.0397539
FixedParameters: 0 0 0

#Transform 50
Transform: AffineTransform_float_3_3
Parameters: 1 -1.62955e-07 0.000115 -1.62955e-07 0.999999 0.001417 -0.000115 -0.001417 0.999999 0.00708406 0.025445 0.0414375
FixedParameters: 0 0 0

#Transform 51
Transform: AffineTransform_float_3_3
Parameters: 1 0 0 0 0.999999 0.001364 0 -0.001364 0.999999 0.00799 0.0258803 0.0399827
FixedParameters: 0 0 0

#Transform 52
Transform: AffineTransform_float_3_3
Parameters: 1 0 0 0 1 0.001196 0 -0.001196 1 0.003099 0.0345102 0.0454446
FixedParameters: 0 0 0

#Transform 53
Transform: AffineTransform_float_3_3
Parameters: 1 0.000156 2.21052e-07 -0.000156 0.999999 0.001417 2.21052e-07 -0.001417 0.999999 -0.00450002 0.0223962 0.0492098
FixedParameters: 0 0 0

#Transform 54
Transform: AffineTransform_float_3_3
Parameters: 1 0.000181 2.81093e-07 -0.000181 0.999999 0.001553 2.81093e-07 -0.001553 0.999999 -0.00786237 0.0240234 0.0575908
FixedParameters: 0 0 0

#Transform 55
Transform: AffineTransform_float_3_3
Parameters: 1 0 0 0 0.999999 0.001417 0 -0.001417 0.999999 -0.00307 0.038059 0.0562026
FixedParameters: 0 0 0

#Transform 56
Transform: AffineTransform_float_3_3
Parameters: 1 0.000131 1.965e-07 -0.000131 0.999999 0.0015 1.965e-07 -0.0015 0.999999 -0.0048151 0.0245314 0.0505817
FixedParameters: 0 0 0

#Transform 57
Transform: AffineTransform_float_3_3
Parameters: 1 -2.49392e-07 0.000176 -2.49392e-07 0.999999 0.001417 -0.000176 -0.001417 0.999999 0.000130377 0.0153566 0.0488798
FixedParameters: 0 0 0

#Transform 58
Transform: AffineTransform_float_3_3
Parameters: 1 0 0 0 0.999999 0.001417 0 -0.001417 0.999999 0.007991 0.0245326 0.0524528
FixedParameters: 0 0 0

#Transform 59
Transform: AffineTransform_float_3_3
Parameters: 1 -2.7477e-07 0.000213 -2.7477e-07 0.999999 0.00129 -0.000213 -0.00129 0.999999 0.00632848 0.0261642 0.0465805
FixedParameters: 0 0 0

#Transform 60
Transform: AffineTransform_float_3_3
Parameters: 1 0 0 0 0.999999 0.001477 0 -0.001477 0.999999 -0.003556 0.0400935 0.0581562
FixedParameters: 0 0 0

#Transform 61
Transform: AffineTransform_float_3_3
Parameters: 1 0 0 0 0.999999 0.001417 0 -0.001417 0.999999 -0.001317 0.0226301 0.0492335
FixedParameters: 0 0 0

#Transform 62
Transform: AffineTransform_float_3_3
Parameters: 1 -3.4452e-07 0.00027 -3.4452e-07 0.999999 0.001276 -0.00027 -0.001276 0.999999 0.00590559 0.0240809 0.0463003
FixedParameters: 0 0 0

#Transform 63
Transform: AffineTransform_float_3_3
Parameters: 1 0.000121824 0.00011918 -0.000122176 0.999999 0.00147999 -0.000118819 -0.00148001 0.999999 -0.00133053 0.0273732 0.0400555
FixedParameters: 0 0 0

#Transform 64
Transform: AffineTransform_float_3_3
Parameters: 1 0.000119 1.58984e-07 -0.000119 0.999999 0.001336 1.58984e-07 -0.001336 0.999999 0.00595751 0.0272525 0.0477432
FixedParameters: 0 0 0

#Transform 65
Transform: AffineTransform_float_3_3
Parameters: 1 0.000296854 9.34653e-05 -0.000297145 0.999998 0.00156697 -9.25345e-05 -0.00156703 0.999999 -0.00426102 0.0249562 0.0516255
FixedParameters: 0 0 0

#Transform 66
Transform: AffineTransform_float_3_3
Parameters: 1 0.000125 2.2e-07 -0.000125 0.999999 0.00176 2.2e-07 -0.00176 0.999999 -0.00216403 0.0239374 0.0731713
FixedParameters: 0 0 0

#Transform 67
Transform: AffineTransform_float_3_3
Parameters: 1 0.000172871 8.12743e-05 -0.00017313 0.999998 0.00158599 -8.17255e-05 -0.00158601 0.999998 0.00430678 0.0359337 0.0700386
FixedParameters: 0 0 0

#Transform 68
Transform: AffineTransform_float_3_3
Parameters: 1 0.000359999 5.9148e-07 -0.000360001 0.999998 0.001643 -4.08519e-07 -0.001643 0.999998 0.0017613 0.035104 0.0587671
FixedParameters: 0 0 0

#Transform 69
Transform: AffineTransform_float_3_3
Parameters: 1 0.000219 3.50838e-07 -0.000219 0.999998 0.001602 3.50838e-07 -0.001602 0.999998 -0.00266181 0.0398891 0.0579646
FixedParameters: 0 0 0

#Transform 70
Transform: AffineTransform_float_3_3
Parameters: 1 0.000198762 0.000168282 -0.000199239 0.999999 0.00141697 -0.000168718 -0.00141703 0.999999 -0.000228657 0.024136 0.0669638
FixedParameters: 0 0 0

#Transform 71
Transform: AffineTransform_float_3_3
Parameters: 1 0.000277 4.11345e-07 -0.000277 0.999999 0.001485 4.11345e-07 -0.001485 0.999999 -0.00269846 0.0392932 0.0696975
FixedParameters: 0 0 0

#Transform 72
Transform: AffineTransform_float_3_3
Parameters: 1 0.000187 2.64979e-07 -0.000187 0.999999 0.001417 2.64979e-07 -0.001417 0.999999 0.00475702 0.0429353 0.0674827
FixedParameters: 0 0 0

#Transform 73
Transform: AffineTransform_float_3_3
Parameters: 1 0.000135708 0.000197201 -0.000135291 0.999999 0.00147897 -0.0001968 -0.00147903 0.999999 0.00413159 0.0365526 0.0680807
FixedParameters: 0 0 0

#Transform 74
Transform: AffineTransform_float_3_3
Parameters: 1 0.000178769 0.000163253 -0.000179232 0.999999 0.00141697 -0.000163746 -0.00141703 0.999999 0.00360476 0.0264731 0.0672259
FixedParameters: 0 0 0

#Transform 75
Transform: AffineTransform_float_3_3
Parameters: 1 0.000134732 0.000189191 -0.000134268 0.999999 0.00141697 -0.00018881 -0.00141703 0.999999 0.00419524 0.0441897 0.0471821
FixedParameters: 0 0 0

#Transform 76
Transform: AffineTransform_float_3_3
Parameters: 1 0.000240865 9.53414e-05 -0.000241134 0.999999 0.00141698 -9.46584e-05 -0.00141702 0.999999 0.00306011 0.0240725 0.0459793
FixedParameters: 0 0 0

#Transform 77
Transform: AffineTransform_float_3_3
Parameters: 1 0.00024 3.4008e-07 -0.00024 0.999999 0.001417 3.4008e-07 -0.001417 0.999999 -0.000307254 0.026273 0.0425113
FixedParameters: 0 0 0

#Transform 78
Transform: AffineTransform_float_3_3
Parameters: 1 0.000197 2.79149e-07 -0.000197 0.999999 0.001417 2.79149e-07 -0.001417 0.999999 0.00672341 0.0400941 0.0339397
FixedParameters: 0 0 0

#Transform 79
Transform: AffineTransform_float_3_3
Parameters: 1 0.000178 2.52226e-07 -0.000178 0.999999 0.001417 2.52226e-07 -0.001417 0.999999 0.00691735 0.0220346 0.0449353
FixedParameters: 0 0 0

#Transform 80
Transform: AffineTransform_float_3_3
Parameters: 1 0 0 0 0.999999 0.001495 0 -0.001495 0.999999 0.012897 0.0141961 0.0463251
FixedParameters: 0 0 0

#Transform 81
Transform: AffineTransform_float_3_3
Parameters: 1 0.000171721 0.000197244 -0.000172279 0.999999 0.00141697 -0.000196756 -0.00141703 0.999999 0.0166744 0.0264509 0.0324368
FixedParameters: 0 0 0

#Transform 82
Transform: AffineTransform_float_3_3
Parameters: 1 4.96138e-05 0.000285067 -5.03861e-05 0.999999 0.00135499 -0.000284932 -0.00135501 0.999999 0.022862 0.0271518 0.0260668
FixedParameters: 0 0 0

#Transform 83
Transform: AffineTransform_float_3_3
Parameters: 1 -3.46658e-07 0.000199 -3.46658e-07 0.999998 0.001742 -0.000199 -0.001742 0.999998 0.0244589 0.024249 0.0284719
FixedParameters: 0 0 0

#Transform 84
Transform: AffineTransform_float_3_3
Parameters: 1 -4.40327e-07 0.000281 -4.40327e-07 0.999999 0.001567 -0.000281 -0.001567 0.999998 0.0160034 0.0181712 0.0308308
FixedParameters: 0 0 0

#Transform 85
Transform: AffineTransform_float_3_3
Parameters: 1 -2.10029e-07 0.000139 -2.10029e-07 0.999999 0.001511 -0.000139 -0.001511 0.999999 0.0249079 0.0218231 0.0280886
FixedParameters: 0 0 0

#Transform 86
Transform: AffineTransform_float_3_3
Parameters: 1 -5.51213e-07 0.000389 4.48786e-07 0.999999 0.001417 -0.000389001 -0.001417 0.999999 0.0173354 0.00435163 0.0259078
FixedParameters: 0 0 0

#Transform 87
Transform: AffineTransform_float_3_3
Parameters: 1 -3.16274e-07 0.000287 -3.16274e-07 1 0.001102 -0.000287 -0.001102 1 0.0237973 0.0068928 0.0111472
FixedParameters: 0 0 0

#Transform 88
Transform: AffineTransform_float_3_3
Parameters: 1 -0.000113181 0.000168879 0.00011282 1 0.00107002 -0.000168121 -0.00107098 1 0.0164851 0.0417034 0.0192664
FixedParameters: 0 0 0

#Transform 89
Transform: AffineTransform_float_3_3
Parameters: 1 0 0 0 0.999999 0.001339 0 -0.001339 0.999999 0.011013 0.00500217 0.00328403
FixedParameters: 0 0 0

#Transform 90
Transform: AffineTransform_float_3_3
Parameters: 1 0.000139 1.85287e-07 -0.000139 0.999999 0.001333 1.85287e-07 -0.001333 0.999999 0.00898394 -0.0170404 -0.00329985
FixedParameters: 0 0 0

#Transform 91
Transform: AffineTransform_float_3_3
Parameters: 1 0 0 0 0.999999 0.001247 0 -0.001247 0.999999 0.015942 0.00891561 -0.00988183
FixedParameters: 0 0 0

#Transform 92
Transform: AffineTransform_float_3_3
Parameters: 1 0.000119 1.58508e-07 -0.000119 0.999999 0.001332 1.58508e-07 -0.001332 0.999999 0.0116402 -0.000754656 -0.0125426
FixedParameters: 0 0 0

#Transform 93
Transform: AffineTransform_float_3_3
Parameters: 1 0 0 0 0.999999 0.001525 0 -0.001525 0.999999 0.001467 -0.00191024 0.00973761
FixedParameters: 0 0 0

#Transform 94
Transform: AffineTransform_float_3_3
Parameters: 1 0 0 0 0.999999 0.001534 0 -0.001534 0.999999 0.01587 0.00599534 0.00735593
FixedParameters: 0 0 0

#Transform 95
Transform: AffineTransform_float_3_3
Parameters: 1 -1.72462e-07 0.000106 -1.72462e-07 0.999998 0.001627 -0.000106 -0.001627 0.999998 0.015011 0.00882816 -0.00182597
FixedParameters: 0 0 0

#Transform 96
Transform: AffineTransform_float_3_3
Parameters: 1 6.19999e-05 8.7854e-08 -6.19999e-05 0.999999 0.001417 8.7854e-08 -0.001417 0.999999 0.0158953 0.0207827 -0.014312
FixedParameters: 0 0 0

#Transform 97
Transform: AffineTransform_float_3_3
Parameters: 1 6.49999e-05 9.2105e-08 -6.49999e-05 0.999999 0.001417 9.2105e-08 -0.001417 0.999999 0.0130836 -0.00470808 -0.0192389
FixedParameters: 0 0 0

#Transform 98
Transform: AffineTransform_float_3_3
Parameters: 1 0.000143738 0.000185204 -0.000144262 0.999999 0.00141697 -0.000184796 -0.00141703 0.999999 0.00907771 -0.00937747 -0.0157334
FixedParameters: 0 0 0

#Transform 99
Transform: AffineTransform_float_3_3
Parameters: 1 -2.55618e-07 0.000198 -2.55618e-07 0.999999 0.001291 -0.000198 -0.001291 0.999999 0.0190437 -8.04262e-05 -0.0269538
FixedParameters: 0 0 0

#Transform 100
Transform: AffineTransform_float_3_3
Parameters: 1 6.87197e-05 0.000338057 -6.92801e-05 0.999999 0.000828976 -0.000337943 -0.000829023 0.999999 0.0221898 0.00178745 -0.0362763
FixedParameters: 0 0 0

#Transform 101
Transform: AffineTransform_float_3_3
Parameters: 1 -2.91305e-07 0.000287 -2.91305e-07 1 0.001015 -0.000287 -0.001015 1 0.0237516 -0.0161113 -0.036636
FixedParameters: 0 0 0

#Transform 102
Transform: AffineTransform_float_3_3
Parameters: 1 -3.42432e-07 0.000328 -3.42432e-07 1 0.001044 -0.000328 -0.001044 1 0.0234676 -0.016337 -0.0495902
FixedParameters: 0 0 0

#Transform 103
Transform: AffineTransform_float_3_3
Parameters: 1 -1.4007e-07 0.000105 -1.4007e-07 0.999999 0.001334 -0.000105 -0.001334 0.999999 0.0251993 0.000752611 -0.0442032
FixedParameters: 0 0 0

#Transform 104
Transform: AffineTransform_float_3_3
Parameters: 1 -2.30202e-07 0.000174 -2.30202e-07 0.999999 0.001323 -0.000174 -0.001323 0.999999 0.0246265 -0.0185344 -0.0335446
FixedParameters: 0 0 0

#Transform 105
Transform: AffineTransform_float_3_3
Parameters: 1 -2.23928e-07 0.000184 -2.23928e-07 1 0.001217 -0.000184 -0.001217 0.999999 0.0288141 0.00236631 -0.0464233
FixedParameters: 0 0 0

#Transform 106
Transform: AffineTransform_float_3_3
Parameters: 1 -0.000134 -1.30784e-07 0.000134 0.999999 0.000975999 -1.30784e-07 -0.000975999 0.999999 0.0282769 0.0190405 -0.0450216
FixedParameters: 0 0 0

#Transform 107
Transform: AffineTransform_float_3_3
Parameters: 1 0 0 0 1 0.001178 0 -0.001178 1 0.026009 -0.00488918 -0.0303263
FixedParameters: 0 0 0

#Transform 108
Transform: AffineTransform_float_3_3
Parameters: 1 0 0 0 1 0.001036 0 -0.001036 1 0.026021 -0.0037859 -0.034501
FixedParameters: 0 0 0

#Transform 109
Transform: AffineTransform_float_3_3
Parameters: 1 -2.09066e-07 0.000187 -2.09066e-07 1 0.001118 -0.000187 -0.001118 1 0.0245664 0.00947773 -0.0318339
FixedParameters: 0 0 0

#Transform 110
Transform: AffineTransform_float_3_3
Parameters: 1 6.46254e-05 0.000321076 -6.53746e-05 1 0.00116698 -0.000320924 -0.00116702 1 0.0308931 -0.0106458 -0.0475058
FixedParameters: 0 0 0

#Transform 111
Transform: AffineTransform_float_3_3
Parameters: 1 -2.72384e-07 0.000304 -2.72384e-07 0.999999 0.000895999 -0.000304 -0.000895999 0.999999 0.0329177 -0.0163622 -0.0344914
FixedParameters: 0 0 0

#Transform 112
Transform: AffineTransform_float_3_3
Parameters: 1 7.27955e-05 0.000240062 -7.32044e-05 0.999999 0.000851982 -0.000239938 -0.000852017 0.999999 0.0228246 -0.00256073 -0.0529298
FixedParameters: 0 0 0

#Transform 113
Transform: AffineTransform_float_3_3
Parameters: 1 -1.1388e-07 0.000156 -1.1388e-07 0.999999 0.00073 -0.000156 -0.00073 0.999999 0.0247949 0.00594148 -0.0134056
FixedParameters: 0 0 0

#Transform 114
Transform: AffineTransform_float_3_3
Parameters: 1 0.000339 3.24762e-07 -0.000339 1 0.000958 3.24762e-07 -0.000958 0.999999 0.00915738 -0.00379909 0.0183108
FixedParameters: 0 0 0

#Transform 115
Transform: AffineTransform_float_3_3
Parameters: 1 0.000305021 -7.69161e-05 -0.000304979 1 0.000275023 7.60839e-05 -0.000274977 1 0.00403534 0.03451 0.00285711
FixedParameters: 0 0 0

#Transform 116
Transform: AffineTransform_float_3_3
Parameters: 1 0.000538 3.51314e-07 -0.000538 0.999999 0.000653 3.51314e-07 -0.000653 1 0.00040026 -0.00339769 -0.0113713
FixedParameters: 0 0 0

#Transform 117
Transform: AffineTransform_float_3_3
Parameters: 1 0.000348 1.67736e-07 -0.000348 1 0.000482 1.67736e-07 -0.000482 1 0.0200128 0.00167722 -0.0389956
FixedParameters: 0 0 0

#Transform 118
Transform: AffineTransform_float_3_3
Parameters: 1 -9.02e-08 0.000328 -9.02e-08 1 0.000275 -0.000328 -0.000275 1 0.0234697 0.0219964 -0.0432025
FixedParameters: 0 0 0

#Transform 119
Transform: AffineTransform_float_3_3
Parameters: 1 0.000425949 0.000116186 -0.000426051 1 0.00043695 -0.000115814 -0.000437049 1 0.0177629 -0.010461 -0.0399452
FixedParameters: 0 0 0

#Transform 120
Transform: AffineTransform_float_3_3
Parameters: 1 0.000453901 0.000201222 -0.000454098 1 0.000489909 -0.000200777 -0.000490091 1 0.0165533 0.00395802 -0.0463681
FixedParameters: 0 0 0

#Transform 121
Transform: AffineTransform_float_3_3
Parameters: 1 0.00045 2.0925e-07 -0.00045 1 0.000465 2.0925e-07 -0.000465 1 0.0182151 0.00833937 -0.0392155
FixedParameters: 0 0 0

#Transform 122
Transform: AffineTransform_float_3_3
Parameters: 1 0.000597874 0.000182413 -0.000598125 0.999999 0.000690891 -0.000181587 -0.000691108 0.999999 0.00989922 -0.0128188 -0.0357703
FixedParameters: 0 0 0

#Transform 123
Transform: AffineTransform_float_3_3
Parameters: 1 0.000620999 4.38426e-07 -0.000620999 0.999999 0.000705999 4.38426e-07 -0.000705999 1 0.00755702 -0.0129945 -0.0296278
FixedParameters: 0 0 0

#Transform 124
Transform: AffineTransform_float_3_3
Parameters: 1 0.000611999 4.32072e-07 -0.000611999 0.999999 0.000705999 4.32072e-07 -0.000705999 1 0.00944933 0.00458312 -0.0351462
FixedParameters: 0 0 0

#Transform 125
Transform: AffineTransform_float_3_3
Parameters: 1 0.000547 3.86182e-07 -0.000547 0.999999 0.000705999 3.86182e-07 -0.000705999 1 0.0166177 -0.0127945 -0.020335
FixedParameters: 0 0 0

#Transform 126
Transform: AffineTransform_float_3_3
Parameters: 1 0.000495764 0.000288406 -0.000495236 0.999999 0.000818857 -0.000288595 -0.000818143 0.999999 0.0152449 0.00307698 -0.0176344
FixedParameters: 0 0 0

#Transform 127
Transform: AffineTransform_float_3_3
Parameters: 1 0.000397713 0.000406281 -0.000398286 0.999999 0.000705838 -0.000405719 -0.000706161 0.999999 0.0160365 0.0104234 -0.0218182
FixedParameters: 0 0 0

#Transform 128
Transform: AffineTransform_float_3_3
Parameters: 1 0.000271681 0.000451192 -0.000272318 0.999999 0.000705877 -0.000450808 -0.000706122 0.999999 0.0275976 0.0126089 -0.0393145
FixedParameters: 0 0 0

#Transform 129
Transform: AffineTransform_float_3_3
Parameters: 1 0.000175675 0.000460124 -0.000176325 0.999999 0.000705919 -0.000459875 -0.00070608 0.999999 0.0193734 0.00174826 -0.0339209
FixedParameters: 0 0 0

#Transform 130
Transform: AffineTransform_float_3_3
Parameters: 1 0.000211612 0.000604136 -0.000212388 1 0.000641871 -0.000603863 -0.000642128 0.999999 0.0267299 0.012609 -0.0411822
FixedParameters: 0 0 0

#Transform 131
Transform: AffineTransform_float_3_3
Parameters: 0.999999 0.000196491 0.000721138 -0.000196509 0.999999 0.000705858 -0.000720861 -0.000706141 0.999999 0.0285599 0.0123361 -0.0432836
FixedParameters: 0 0 0

#Transform 132
Transform: AffineTransform_float_3_3
Parameters: 1 -3.2476e-07 0.00046 -3.2476e-07 1 0.000705999 -0.00046 -0.000705999 0.999999 0.0325659 0.00486566 -0.0352872
FixedParameters: 0 0 0

#Transform 133
Transform: AffineTransform_float_3_3
Parameters: 1 -3.2476e-07 0.00046 -3.2476e-07 1 0.000705999 -0.00046 -0.000705999 0.999999 0.02657 -0.0029228 -0.0330959
FixedParameters: 0 0 0

#Transform 134
Transform: AffineTransform_float_3_3
Parameters: 1 5.95239e-05 0.000460062 -6.04761e-05 1 0.00103497 -0.000459938 -0.00103503 1 0.0305986 0.00870932 -0.0157668
FixedParameters: 0 0 0

#Transform 135
Transform: AffineTransform_float_3_3
Parameters: 0.999999 0.00012832 0.000741118 -0.00012868 0.999999 0.000917905 -0.000740882 -0.000918095 1 0.0320563 0.0212875 -0.0109506
FixedParameters: 0 0 0

#Transform 136
Transform: AffineTransform_float_3_3
Parameters: 1 -6.07866e-07 0.000706 3.92133e-07 0.999999 0.000861 -0.000706001 -0.000861 1 0.0409118 0.00793823 -0.0194991
FixedParameters: 0 0 0

#Transform 137
Transform: AffineTransform_float_3_3
Parameters: 0.999999 -0.000350284 0.000874885 0.000349716 1 0.000325306 -0.000874113 -0.000324694 0.999999 0.0376694 0.083335 -0.0308254
FixedParameters: 0 0 0

#Transform 138
Transform: AffineTransform_float_3_3
Parameters: 0.999999 -0.000160904 0.000956848 0.000160095 0.999999 0.000945153 -0.000957151 -0.000944846 0.999999 0.0337155 -0.0627436 -0.0254377
FixedParameters: 0 0 0

#Transform 139
Transform: AffineTransform_float_3_3
Parameters: 0.999999 -6.76375e-07 0.000875 3.23624e-07 0.999999 0.000773001 -0.000875 -0.000773 1 0.0309622 0.021097 -0.0234146
FixedParameters: 0 0 0

#Transform 140
Transform: AffineTransform_float_3_3
Parameters: 0.999999 -1.02637e-06 0.000874999 -2.6376e-08 1 0.001173 -0.000875 -0.001173 0.999999 0.032533 0.00464226 -0.0236699
FixedParameters: 0 0 0

#Transform 141
Transform: AffineTransform_float_3_3
Parameters: 0.999999 -1.11387e-06 0.000874999 -1.13876e-07 0.999999 0.001273 -0.000875 -0.001273 0.999999 0.0379009 0.00386095 -0.0226292
FixedParameters: 0 0 0

#Transform 142
Transform: AffineTransform_float_3_3
Parameters: 0.999999 -9.00375e-07 0.000874999 9.9624e-08 1 0.001029 -0.000875 -0.001029 0.999999 0.0345283 0.0221567 -0.0312859
FixedParameters: 0 0 0

#Transform 143
Transform: AffineTransform_float_3_3
Parameters: 1 0.000185276 0.000600224 -0.000185725 1 0.00120689 -0.000600776 -0.00120711 0.999999 0.0238932 0.0380115 -0.042276
FixedParameters: 0 0 0

#Transform 144
Transform: AffineTransform_float_3_3
Parameters: 1 0.000214795 0.000171258 -0.000215205 1 0.00119896 -0.000170742 -0.00119904 1 0.0269624 0.0182741 -0.0338414
FixedParameters: 0 0 0

#Transform 145
Transform: AffineTransform_float_3_3
Parameters: 1 0.000238454 0.000455286 -0.000238545 1 0.00119889 -0.000454714 -0.00119911 0.999999 0.0248026 0.0083065 -0.0281939
FixedParameters: 0 0 0

#Transform 146
Transform: AffineTransform_float_3_3
Parameters: 1 0.000219412 0.000490263 -0.000219587 1 0.00119889 -0.000489737 -0.00119911 0.999999 0.0184327 0.00859054 -0.0345267
FixedParameters: 0 0 0

#Transform 147
Transform: AffineTransform_float_3_3
Parameters: 1 0.000320418 0.000485385 -0.000321581 0.999999 0.00119884 -0.000484615 -0.00119916 0.999999 0.0231564 0.00456403 -0.034501
FixedParameters: 0 0 0

#Transform 148
Transform: AffineTransform_float_3_3
Parameters: 1 0.000353362 0.000532424 -0.000354638 0.999999 0.00119881 -0.000531575 -0.00119919 0.999999 0.0227626 -0.00583953 -0.0424215
FixedParameters: 0 0 0

#Transform 149
Transform: AffineTransform_float_3_3
Parameters: 1 0.000378445 0.000463454 -0.000379555 0.999999 0.00119882 -0.000462545 -0.00119918 0.999999 0.0158285 -0.00587038 -0.03444
FixedParameters: 0 0 0

#Transform 150
Transform: AffineTransform_float_3_3
Parameters: 1 -5.81603e-07 0.000407 4.18396e-07 0.999999 0.001429 -0.000407001 -0.001429 0.999999 0.0228082 6.5347e-05 -0.0303853
FixedParameters: 0 0 0

#Transform 151
Transform: AffineTransform_float_3_3
Parameters: 1 0.000282605 0.000308363 -0.000282396 0.999999 0.00128191 -0.000308638 -0.00128209 0.999999 0.0227562 0.0133564 -0.0326615
FixedParameters: 0 0 0

#Transform 152
Transform: AffineTransform_float_3_3
Parameters: 1 0.000300457 0.000430379 -0.000301542 0.999999 0.00126187 -0.00042962 -0.00126213 0.999999 0.0174862 0.00204768 -0.0231493
FixedParameters: 0 0 0

#Transform 153
Transform: AffineTransform_float_3_3
Parameters: 1 0.000216746 0.000185297 -0.000217255 0.999999 0.00137096 -0.000185702 -0.00137104 0.999999 0.0241255 -0.000807306 -0.0204943
FixedParameters: 0 0 0

#Transform 154
Transform: AffineTransform_float_3_3
Parameters: 1 0.000169176 0.000545256 -0.000170824 0.999999 0.00151191 -0.000544742 -0.00151109 0.999998 0.0248867 0.0329934 -0.00923579
FixedParameters: 0 0 0

#Transform 155
Transform: AffineTransform_float_3_3
Parameters: 1 -5.43147e-07 0.000453 4.56852e-07 1 0.001199 -0.000453001 -0.001199 0.999999 0.0224962 0.0246784 -0.0139802
FixedParameters: 0 0 0

#Transform 156
Transform: AffineTransform_float_3_3
Parameters: 1 0.000192391 0.000508231 -0.00019361 1 0.0011989 -0.000508768 -0.0011991 0.999999 0.0232363 0.00754085 -0.026466
FixedParameters: 0 0 0

#Transform 157
Transform: AffineTransform_float_3_3
Parameters: 1 0.000139045 0.000648205 -0.000139954 0.999999 0.00147291 -0.000647794 -0.00147309 0.999998 0.0270899 0.0140188 -0.0217262
FixedParameters: 0 0 0

#Transform 158
Transform: AffineTransform_float_3_3
Parameters: 1 -6.15087e-07 0.000513 3.84912e-07 1 0.001199 -0.000513001 -0.001199 0.999999 0.0241547 0.0201219 -0.0177431
FixedParameters: 0 0 0

#Transform 159
Transform: AffineTransform_float_3_3
Parameters: 0.999999 -6.74625e-07 0.000875 3.25374e-07 0.999999 0.000771001 -0.000875 -0.000771 1 0.0255251 0.037146 0.00959175
FixedParameters: 0 0 0

#Transform 160
Transform: AffineTransform_float_3_3
Parameters: 1 -8.29708e-07 0.000691999 1.70291e-07 1 0.001199 -0.000692001 -0.001199 0.999999 0.0207155 0.0113151 0.0349787
FixedParameters: 0 0 0

#Transform 161
Transform: AffineTransform_float_3_3
Parameters: 1 0.000195447 0.000461235 -0.000196553 1 0.00119891 -0.000460765 -0.00119909 0.999999 0.0190816 0.024385 0.0213036
FixedParameters: 0 0 0

#Transform 162
Transform: AffineTransform_float_3_3
Parameters: 1 -2.86143e-07 0.000253 -2.86143e-07 1 0.001131 -0.000253 -0.001131 1 0.0241221 0.0530788 0.043677
FixedParameters: 0 0 0

#Transform 163
Transform: AffineTransform_float_3_3
Parameters: 1 0.000337437 0.000469405 -0.000337562 0.999999 0.00119884 -0.000468596 -0.00119916 0.999999 0.0166134 0.0202098 0.0395807
FixedParameters: 0 0 0

#Transform 164
Transform: AffineTransform_float_3_3
Parameters: 1 0.000344563 0.000460327 -0.000345436 1 0.000948842 -0.000459672 -0.000949159 1 0.01652 0.0260535 0.0226969
FixedParameters: 0 0 0

#Transform 165
Transform: AffineTransform_float_3_3
Parameters: 1 0.00014554 0.000526127 -0.00014546 0.999999 0.000874923 -0.000525873 -0.000875076 0.999999 0.0194607 0.0459574 0.0174791
FixedParameters: 0 0 0

#Transform 166
Transform: AffineTransform_float_3_3
Parameters: 1 8.65098e-05 0.000446095 -8.64901e-05 1 0.00109896 -0.000445905 -0.00109904 1 0.0244185 0.0400791 0.0141682
FixedParameters: 0 0 0

#Transform 167
Transform: AffineTransform_float_3_3
Parameters: 1 0.000181455 0.000494201 -0.000181545 1 0.00110291 -0.0004938 -0.00110309 1 0.0191121 0.025108 0.0142324
FixedParameters: 0 0 0

#Transform 168
Transform: AffineTransform_float_3_3
Parameters: 1 0.000269719 0.000335226 -0.000269281 0.999999 0.000838909 -0.000334774 -0.00083909 0.999999 0.0119741 0.0268327 0.00398051
FixedParameters: 0 0 0

#Transform 169
Transform: AffineTransform_float_3_3
Parameters: 1 0.000419714 0.000364329 -0.000420285 0.999999 0.000784846 -0.00036367 -0.000785152 0.999999 0.0159269 0.0269912 -0.00433351
FixedParameters: 0 0 0

#Transform 170
Transform: AffineTransform_float_3_3
Parameters: 1 0.000325556 0.000517279 -0.000326445 0.999999 0.000858831 -0.000517719 -0.000859168 0.999999 0.0162947 0.00484691 -0.00565489
FixedParameters: 0 0 0

#Transform 171
Transform: AffineTransform_float_3_3
Parameters: 1 -3.41348e-07 0.000511 -3.41348e-07 1 0.000668 -0.000511 -0.000668 0.999999 0.0291874 0.0121309 -0.0114472
FixedParameters: 0 0 0

#Transform 172
Transform: AffineTransform_float_3_3
Parameters: 0.999999 0.000174499 0.000700125 -0.000175501 0.999999 0.000715877 -0.000699874 -0.000716122 0.999999 0.0331697 0.00546637 -0.029942
FixedParameters: 0 0 0

#Transform 173
Transform: AffineTransform_float_3_3
Parameters: 1 0.000162577 0.000558123 -0.000163422 0.999999 0.000756908 -0.000557876 -0.00075709 0.999999 0.0253606 0.0046112 -0.0336066
FixedParameters: 0 0 0

#Transform 174
Transform: AffineTransform_float_3_3
Parameters: 1 0.000224628 0.000542154 -0.000225372 0.999999 0.000685877 -0.000541845 -0.000686121 0.999999 0.0292584 5.30837e-05 -0.0377144
FixedParameters: 0 0 0

#Transform 175
Transform: AffineTransform_float_3_3
Parameters: 1 0.000108674 0.000553064 -0.000109326 1 0.000588939 -0.000553935 -0.00058906 0.999999 0.031838 0.0187436 -0.0344503
FixedParameters: 0 0 0

#Transform 176
Transform: AffineTransform_float_3_3
Parameters: 1 7.35429e-05 0.000616054 -7.4457e-05 0.999999 0.000741954 -0.000615945 -0.000742045 0.999999 0.0330828 0.0229897 -0.028485
FixedParameters: 0 0 0

#Transform 177
Transform: AffineTransform_float_3_3
Parameters: 0.999999 -8.60124e-07 0.000874999 1.39874e-07 0.999999 0.000983 -0.000875 -0.000982999 0.999999 0.0346231 0.0185343 -0.0200486
FixedParameters: 0 0 0

#Transform 178
Transform: AffineTransform_float_3_3
Parameters: 1 -5.32824e-07 0.000596 4.67175e-07 0.999999 0.000894 -0.000596001 -0.000894 1 0.0358901 0.0150048 -0.0258145
FixedParameters: 0 0 0

#Transform 179
Transform: AffineTransform_float_3_3
Parameters: 1 -5.15412e-07 0.000618 4.84587e-07 0.999999 0.000834001 -0.000618001 -0.000834 1 0.034931 0.0246695 -0.0204553
FixedParameters: 0 0 0

#Transform 180
Transform: AffineTransform_float_3_3
Parameters: 1 -4.36579e-07 0.000473 -4.36579e-07 0.999999 0.000923 -0.000473 -0.000923 1 0.0388253 0.0148924 -0.00836223
FixedParameters: 0 0 0

#Transform 181
Transform: AffineTransform_float_3_3
Parameters: 1 -6.18684e-07 0.000516 3.81315e-07 1 0.001199 -0.000516001 -0.001199 0.999999 0.021995 -0.00115614 -0.0202774
FixedParameters: 0 0 0

#Transform 182
Transform: AffineTransform_float_3_3
Parameters: 1 -6.45585e-07 0.000669 3.54414e-07 0.999999 0.000965 -0.000669001 -0.000965 1 0.0342793 0.0124127 -0.0186584
FixedParameters: 0 0 0

#Transform 183
Transform: AffineTransform_float_3_3
Parameters: 1 -7.78151e-07 0.000648999 2.21848e-07 1 0.001199 -0.000649001 -0.001199 0.999999 0.0291471 0.0163279 -0.0260683
FixedParameters: 0 0 0

#Transform 184
Transform: AffineTransform_float_3_3
Parameters: 1 -6.16286e-07 0.000514 3.83713e-07 1 0.001199 -0.000514001 -0.001199 0.999999 0.0319439 0.005998 -0.0293548
FixedParameters: 0 0 0

#Transform 185
Transform: AffineTransform_float_3_3
Parameters: 1 6.14164e-05 0.000522069 -6.15836e-05 1 0.00111797 -0.000521932 -0.00111803 0.999999 0.0291083 -0.00411651 -0.0217187
FixedParameters: 0 0 0

#Transform 186
Transform: AffineTransform_float_3_3
Parameters: 1 -7.05012e-07 0.000588 2.94987e-07 1 0.001199 -0.000588001 -0.001199 0.999999 0.0283905 0.014642 -0.00517226
FixedParameters: 0 0 0

#Transform 187
Transform: AffineTransform_float_3_3
Parameters: 1 -6.32774e-07 0.000503 3.67225e-07 0.999999 0.001258 -0.000503001 -0.001258 0.999999 0.0221161 0.017289 -0.0104624
FixedParameters: 0 0 0

#Transform 188
Transform: AffineTransform_float_3_3
Parameters: 1 -8.27133e-05 0.000594901 8.22865e-05 1 0.00119905 -0.000595099 -0.00119895 0.999999 0.0358451 0.0285873 -0.018019
FixedParameters: 0 0 0

#Transform 189
Transform: AffineTransform_float_3_3
Parameters: 1 -6.85828e-07 0.000572 3.14171e-07 1 0.001199 -0.000572001 -0.001199 0.999999 0.0313281 0.00680765 -0.0204692
FixedParameters: 0 0 0

#Transform 190
Transform: AffineTransform_float_3_3
Parameters: 1 6.70541e-05 0.000609105 -6.79457e-05 0.999999 0.00155296 -0.000608895 -0.00155304 0.999998 0.0281114 0.00351529 -0.00831355
FixedParameters: 0 0 0

#Transform 191
Transform: AffineTransform_float_3_3
Parameters: 1 9.9223e-05 0.000648119 -0.000100777 1 0.00119894 -0.00064788 -0.00119906 0.999999 0.0261899 0.0253597 -0.0102495
FixedParameters: 0 0 0

#Transform 192
Transform: AffineTransform_float_3_3
Parameters: 1 -6.24679e-07 0.000521 3.7532e-07 1 0.001199 -0.000521001 -0.001199 0.999999 0.0288907 0.0198499 -0.00946339
FixedParameters: 0 0 0

#Transform 193
Transform: AffineTransform_float_3_3
Parameters: 0.999999 0.000205951 0.000875247 -0.000206049 1 0.00119882 -0.000874753 -0.00119918 0.999999 0.0275864 0.000819719 -0.0210668
FixedParameters: 0 0 0

#Transform 194
Transform: AffineTransform_float_3_3
Parameters: 0.999999 0.00019312 0.000734232 -0.00019388 1 0.00119886 -0.000733768 -0.00119914 0.999999 0.031784 0.00744897 -0.0208177
FixedParameters: 0 0 0

#Transform 195
Transform: AffineTransform_float_3_3
Parameters: 0.999999 0.000129027 0.000811155 -0.000130972 1 0.00119889 -0.000810843 -0.00119911 0.999999 0.0299049 0.021103 -0.0209916
FixedParameters: 0 0 0

#Transform 196
Transform: AffineTransform_float_3_3
Parameters: 0.999999 -1.09375e-06 0.000874999 -9.3751e-08 0.999999 0.00125 -0.000875 -0.00125 0.999999 0.0352799 0.0122005 -0.0294244
FixedParameters: 0 0 0

#Transform 197
Transform: AffineTransform_float_3_3
Parameters: 1 0.000266307 0.00057832 -0.000266693 0.999999 0.00119885 -0.000577681 -0.00119915 0.999999 0.0269137 0.000748178 -0.0204623
FixedParameters: 0 0 0

#Transform 198
Transform: AffineTransform_float_3_3
Parameters: 1 0.000276166 0.000560412 -0.000276833 0.999999 0.00148884 -0.000559588 -0.00148915 0.999998 0.0262854 0.0123673 -0.0154299
FixedParameters: 0 0 0

#Transform 199
Transform: AffineTransform_float_3_3
Parameters: 1 0.000219324 0.000564263 -0.000219676 1 0.00119888 -0.000563737 -0.00119912 0.999999 0.028901 0.0348471 -0.0230053
FixedParameters: 0 0 0

#Transform 200
Transform: AffineTransform_float_3_3
Parameters: 0.999999 0.000163161 0.000700196 -0.000163839 1 0.00119889 -0.000699804 -0.00119911 0.999999 0.0301946 0.0176798 -0.0207707
FixedParameters: 0 0 0

#Transform 201
Transform: AffineTransform_float_3_3
Parameters: 1 0.000335298 0.000493477 -0.000335702 0.999999 0.00142183 -0.000493523 -0.00142217 0.999999 0.026176 0.0121859 -0.00589834
FixedParameters: 0 0 0

#Transform 202
Transform: AffineTransform_float_3_3
Parameters: 1 0.00035536 0.000501454 -0.000355641 0.999999 0.00127682 -0.000501546 -0.00127718 0.999999 0.0235954 0.0188764 -0.00821397
FixedParameters: 0 0 0

#Transform 203
Transform: AffineTransform_float_3_3
Parameters: 1 0.000226391 0.000508272 -0.000226609 1 0.00119889 -0.000507729 -0.00119912 0.999999 0.0279132 0.000128912 -0.00284582
FixedParameters: 0 0 0

#Transform 204
Transform: AffineTransform_float_3_3
Parameters: 1 0.00029243 0.000475351 -0.000293569 0.999999 0.00119886 -0.000474648 -0.00119914 0.999999 0.0269584 9.82096e-06 -0.0403979
FixedParameters: 0 0 0

#Transform 205
Transform: AffineTransform_float_3_3
Parameters: 1 -6.44434e-07 0.000482 3.55565e-07 0.999999 0.001337 -0.000482001 -0.001337 0.999999 0.0319639 0.019735 -0.0239056
FixedParameters: 0 0 0

#Transform 206
Transform: AffineTransform_float_3_3
Parameters: 1 -3.942e-07 0.0003 -3.942e-07 0.999999 0.001314 -0.0003 -0.001314 0.999999 0.0334361 0.0246173 -0.000387565
FixedParameters: 0 0 0

#Transform 207
Transform: AffineTransform_float_3_3
Parameters: 0.999999 -1.42362e-06 0.000874999 -4.23627e-07 0.999998 0.001627 -0.000875 -0.001627 0.999999 0.02901 0.0113529 0.00378533
FixedParameters: 0 0 0

#Transform 208
Transform: AffineTransform_float_3_3
Parameters: 1 -8.49293e-07 0.000521999 1.50705e-07 0.999998 0.001627 -0.000522001 -0.001627 0.999998 0.0316947 0.0270394 0.00158693
FixedParameters: 0 0 0

#Transform 209
Transform: AffineTransform_float_3_3
Parameters: 1 -8.20638e-07 0.000545999 1.79361e-07 0.999999 0.001503 -0.000546001 -0.001503 0.999998 0.0315579 0.0386729 0.00232828
FixedParameters: 0 0 0

#Transform 210
Transform: AffineTransform_float_3_3
Parameters: 1 -9.82707e-07 0.000603999 1.7291e-08 0.999998 0.001627 -0.000604 -0.001627 0.999998 0.0310991 0.0283543 0.0193638
FixedParameters: 0 0 0

#Transform 211
Transform: AffineTransform_float_3_3
Parameters: 0.999999 -1.4945e-06 0.000874999 -4.94502e-07 0.999998 0.001708 -0.000875 -0.001708 0.999998 0.0290305 0.0279318 0.022679
FixedParameters: 0 0 0

#Transform 212
Transform: AffineTransform_float_3_3
Parameters: 0.999999 -1.66425e-06 0.000874998 3.35746e-07 0.999998 0.001902 -0.000875002 -0.001902 0.999998 0.0290141 0.0271727 0.00843937
FixedParameters: 0 0 0

#Transform 213
Transform: AffineTransform_float_3_3
Parameters: 0.999999 -0.00013834 0.000823776 0.000136659 0.999998 0.00162711 -0.000824223 -0.00162689 0.999999 0.0317534 0.0373934 0.0113048
FixedParameters: 0 0 0

#Transform 214
Transform: AffineTransform_float_3_3
Parameters: 0.999999 -1.19422e-06 0.000733999 -1.9422e-07 0.999998 0.001627 -0.000734001 -0.001627 0.999999 0.0300552 0.0117173 0.00400035
FixedParameters: 0 0 0

#Transform 215
Transform: AffineTransform_float_3_3
Parameters: 0.999999 -1.40378e-06 0.000764999 -4.03777e-07 0.999999 0.001835 -0.000765 -0.001835 0.999998 0.0298367 0.0163343 0.0028075
FixedParameters: 0 0 0

#Transform 216
Transform: AffineTransform_float_3_3
Parameters: 0.999999 -0.000120423 0.000874805 0.000119578 0.999998 0.00162711 -0.000874196 -0.0016269 0.999999 0.0311198 0.0403518 0.00366296
FixedParameters: 0 0 0

#Transform 217
Transform: AffineTransform_float_3_3
Parameters: 0.999999 -0.000189423 0.000874693 0.000187578 0.999998 0.00162716 -0.000874306 -0.00162683 0.999999 0.0362776 0.0182639 -0.00310663
FixedParameters: 0 0 0

#Transform 218
Transform: AffineTransform_float_3_3
Parameters: 0.999999 -1.24614e-06 0.000804998 -2.46141e-07 0.999999 0.001548 -0.000805 -0.001548 0.999998 0.0295025 0.0069501 -0.00189304
FixedParameters: 0 0 0

#Transform 219
Transform: AffineTransform_float_3_3
Parameters: 0.999999 -1.42362e-06 0.000874999 -4.23627e-07 0.999998 0.001627 -0.000875 -0.001627 0.999999 0.0290025 0.0257989 -0.00483518
FixedParameters: 0 0 0

#Transform 220
Transform: AffineTransform_float_3_3
Parameters: 0.999999 -1.526e-06 0.000874998 4.73996e-07 0.999999 0.001744 -0.000875002 -0.001744 0.999998 0.0290137 0.0208422 0.00575309
FixedParameters: 0 0 0

#Transform 221
Transform: AffineTransform_float_3_3
Parameters: 0.999999 -1.00514e-06 0.000771999 -5.145e-09 0.999999 0.001302 -0.000772 -0.001302 0.999999 0.0297623 0.0242381 -0.0387915
FixedParameters: 0 0 0

#Transform 222
Transform: AffineTransform_float_3_3
Parameters: 1 9.73247e-05 0.000627105 -9.76752e-05 1 0.00107694 -0.000626895 -0.00107706 0.999999 0.031242 0.00855159 -0.0509909
FixedParameters: 0 0 0

#Transform 223
Transform: AffineTransform_float_3_3
Parameters: 1 0.000201797 0.000620066 -0.000201203 1 0.000326875 -0.000619934 -0.000327125 1 0.0274525 0.00349076 -0.0639542
FixedParameters: 0 0 0

#Transform 224
Transform: AffineTransform_float_3_3
Parameters: 1 0.000219505 0.000625173 -0.000219494 0.999999 0.000790862 -0.000624826 -0.000791137 0.999999 0.0271066 -0.0148096 -0.071819
FixedParameters: 0 0 0

#Transform 225
Transform: AffineTransform_float_3_3
Parameters: 0.999999 -5.78221e-07 0.000731 4.21778e-07 0.999999 0.000791001 -0.000731001 -0.000791 1 0.0300134 -0.0143531 -0.0561968
FixedParameters: 0 0 0

#Transform 226
Transform: AffineTransform_float_3_3
Parameters: 1 0.000187463 0.000513197 -0.000188537 1 0.0010469 -0.000512803 -0.0010471 1 0.028461 -0.0166255 -0.0479111
FixedParameters: 0 0 0

#Transform 227
Transform: AffineTransform_float_3_3
Parameters: 1 0.000150267 0.000642172 -0.000150734 1 0.0011419 -0.000642828 -0.0011421 0.999999 0.0281255 0.0110182 -0.0470855
FixedParameters: 0 0 0

#Transform 228
Transform: AffineTransform_float_3_3
Parameters: 1 -5.56036e-07 0.000442 4.43963e-07 0.999999 0.001258 -0.000442001 -0.001258 0.999999 0.0386678 0.00326703 -0.061347
FixedParameters: 0 0 0

#Transform 229
Transform: AffineTransform_float_3_3
Parameters: 1 0.000219366 0.00048029 -0.000219635 0.999999 0.00132089 -0.00048071 -0.00132011 0.999999 0.0303651 -0.000644545 -0.0543658
FixedParameters: 0 0 0

#Transform 230
Transform: AffineTransform_float_3_3
Parameters: 1 5.13523e-05 0.000542062 -5.16477e-05 1 0.00119497 -0.000541939 -0.00119503 0.999999 0.040557 0.0183627 -0.0629857
FixedParameters: 0 0 0

#Transform 231
Transform: AffineTransform_float_3_3
Parameters: 1 -3.68214e-07 0.000462 -3.68214e-07 0.999999 0.000796999 -0.000462 -0.000796999 0.999999 0.0321013 0.00218774 -0.0808442
FixedParameters: 0 0 0

#Transform 232
Transform: AffineTransform_float_3_3
Parameters: 1 0.000416699 0.000334375 -0.0004173 0.999999 0.00089986 -0.000333625 -0.000899138 0.999999 0.0259039 -0.0176625 -0.0746842
FixedParameters: 0 0 0

#Transform 233
Transform: AffineTransform_float_3_3
Parameters: 1 0.000275659 0.00028533 -0.00027534 0.999999 0.00119492 -0.000284671 -0.00119508 0.999999 0.0287428 -0.00938381 -0.0805437
FixedParameters: 0 0 0

#Transform 234
Transform: AffineTransform_float_3_3
Parameters: 1 0.000105663 0.000381094 -0.000106337 0.999999 0.000885959 -0.000380906 -0.00088504 0.999999 0.0309338 -0.00118361 -0.090299
FixedParameters: 0 0 0

#Transform 235
Transform: AffineTransform_float_3_3
Parameters: 1 0.000228761 0.000271201 -0.000228238 0.999999 0.000879937 -0.000270799 -0.000880061 0.999999 0.0297284 -0.0173649 -0.0919221
FixedParameters: 0 0 0

#Transform 236
Transform: AffineTransform_float_3_3
Parameters: 1 0.000201836 0.000159208 -0.000202164 0.999999 0.00103097 -0.000158792 -0.00103103 1 0.0309617 -0.00773951 -0.0988536
FixedParameters: 0 0 0

#Transform 237
Transform: AffineTransform_float_3_3
Parameters: 1 0.000187949 5.9162e-05 -0.000188051 0.999999 0.000861988 -5.88379e-05 -0.00086201 0.999999 0.03841 -0.0181671 -0.0929706
FixedParameters: 0 0 0

#Transform 238
Transform: AffineTransform_float_3_3
Parameters: 1 0.00022662 0.000429201 -0.000226379 0.999999 0.000884903 -0.0004288 -0.000885097 1 0.0419162 -0.0247929 -0.0933438
FixedParameters: 0 0 0

#Transform 239
Transform: AffineTransform_float_3_3
Parameters: 1 0.000288664 0.000293331 -0.000289335 1 0.00114492 -0.000292669 -0.00114509 1 0.0393182 -0.022506 -0.0886018
FixedParameters: 0 0 0

#Transform 240
Transform: AffineTransform_float_3_3
Parameters: 1 0.000170843 0.000210128 -0.000171157 0.999999 0.000746964 -0.000209872 -0.000747035 0.999999 0.0434099 -0.00972217 -0.0953089
FixedParameters: 0 0 0

#Transform 241
Transform: AffineTransform_float_3_3
Parameters: 1 0.000198948 5.91735e-05 -0.000199051 0.999999 0.000871988 -5.88264e-05 -0.000872011 0.999999 0.0318265 -0.0273014 -0.0927476
FixedParameters: 0 0 0

#Transform 242
Transform: AffineTransform_float_3_3
Parameters: 1 0.000239849 0.000156232 -0.00023915 0.999999 0.000965962 -0.000155769 -0.000966036 0.999999 0.0356775 -0.01956 -0.0784577
FixedParameters: 0 0 0

#Transform 243
Transform: AffineTransform_float_3_3
Parameters: 1 0.00035895 5.93012e-05 -0.000359049 0.999999 0.000838978 -5.86987e-05 -0.00083902 0.999999 0.0290729 -0.00358131 -0.0760128
FixedParameters: 0 0 0

#Transform 244
Transform: AffineTransform_float_3_3
Parameters: 1 0.00023789 0.000176148 -0.00023811 1 0.000621958 -0.000176852 -0.000622042 1 0.0377778 -0.00756259 -0.0834406
FixedParameters: 0 0 0

#Transform 245
Transform: AffineTransform_float_3_3
Parameters: 1 0.00036475 0.00033827 -0.00036525 0.999999 0.000740876 -0.00033773 -0.000740123 0.999999 0.035664 -0.0188397 -0.0791127
FixedParameters: 0 0 0

#Transform 246
Transform: AffineTransform_float_3_3
Parameters: 1 0.000413677 0.000430311 -0.000414323 0.999999 0.000751821 -0.000429689 -0.000751177 0.999999 0.0367745 -0.0373589 -0.0956058
FixedParameters: 0 0 0

#Transform 247
Transform: AffineTransform_float_3_3
Parameters: 1 0.000394601 0.000377418 -0.000395399 1 0.00105885 -0.000376582 -0.00105915 1 0.0344299 0.00425944 -0.0828617
FixedParameters: 0 0 0

#Transform 248
Transform: AffineTransform_float_3_3
Parameters: 1 0.00053671 0.000324481 -0.000537291 1 0.000896826 -0.000323518 -0.000896174 0.999999 0.0350952 -0.0203892 -0.0799895
FixedParameters: 0 0 0

#Transform 249
Transform: AffineTransform_float_3_3
Parameters: 0.999999 0.000645761 0.000372413 -0.000645238 0.999999 0.000639759 -0.000372587 -0.00064024 0.999999 0.0268249 -0.024891 -0.0973942
FixedParameters: 0 0 0

#Transform 250
Transform: AffineTransform_float_3_3
Parameters: 0.999999 0.000596547 0.000484559 -0.000596454 1 0.000935712 -0.000484443 -0.00093529 1 0.0350025 0.000316692 -0.0925343
FixedParameters: 0 0 0

#Transform 251
Transform: AffineTransform_float_3_3
Parameters: 0.999999 0.000670553 0.000464646 -0.000671447 1 0.000962689 -0.000464354 -0.000963312 1 0.0372191 -0.0192995 -0.092062
FixedParameters: 0 0 0

#Transform 252
Transform: AffineTransform_float_3_3
Parameters: 0.999999 0.000654607 0.000407632 -0.000654393 1 0.000964734 -0.000407369 -0.000965268 1 0.0300015 -0.0170422 -0.0919327
FixedParameters: 0 0 0

#Transform 253
Transform: AffineTransform_float_3_3
Parameters: 0.999999 0.000520619 0.000478414 -0.000521381 0.999999 0.00079575 -0.000478585 -0.000795249 0.999999 0.0388053 -0.0050904 -0.0949638
FixedParameters: 0 0 0

#Transform 254
Transform: AffineTransform_float_3_3
Parameters: 0.999999 0.000415636 0.000653231 -0.000415363 1 0.000556728 -0.000652768 -0.000557271 0.999999 0.0414866 -0.015501 -0.0916709
FixedParameters: 0 0 0

#Transform 255
Transform: AffineTransform_float_3_3
Parameters: 0.999999 0.000525412 0.000634487 -0.000525588 0.999999 0.000926667 -0.000634514 -0.000926334 1 0.0383287 -0.0355888 -0.0784037
FixedParameters: 0 0 0

#Transform 256
Transform: AffineTransform_float_3_3
Parameters: 1 0.000480637 0.000478364 -0.000481363 0.999999 0.000757769 -0.000478635 -0.00075823 0.999999 0.0399909 0.000700393 -0.0956797
FixedParameters: 0 0 0

#Transform 257
Transform: AffineTransform_float_3_3
Parameters: 0.999999 0.000675567 0.000478613 -0.000676434 1 0.000906677 -0.000478387 -0.000906324 1 0.0358708 -0.0233705 -0.0760217
FixedParameters: 0 0 0

#Transform 258
Transform: AffineTransform_float_3_3
Parameters: 0.999999 0.000608423 0.000478734 -0.000609577 0.999999 0.00120571 -0.000478265 -0.00120629 0.999999 0.0378507 -0.029069 -0.0788603
FixedParameters: 0 0 0

#Transform 259
Transform: AffineTransform_float_3_3
Parameters: 1 0.000446516 0.000478453 -0.000446486 1 0.00101379 -0.000478548 -0.00101321 1 0.0447964 0.00253041 -0.0662166
FixedParameters: 0 0 0

#Transform 260
Transform: AffineTransform_float_3_3
Parameters: 1 0.000194562 0.000478179 -0.000195439 0.999999 0.000915907 -0.000478821 -0.000916093 1 0.0530659 -0.0197596 -0.0927926
FixedParameters: 0 0 0

#Transform 261
Transform: AffineTransform_float_3_3
Parameters: 1 0.000315516 0.00047832 -0.000316486 1 0.00101385 -0.00047868 -0.00101315 1 0.0490647 -0.0243853 -0.0875914
FixedParameters: 0 0 0

#Transform 262
Transform: AffineTransform_float_3_3
Parameters: 1 0.000240515 0.000478244 -0.000241486 1 0.00101389 -0.000478755 -0.00101412 1 0.0447834 -0.0273667 -0.0792042
FixedParameters: 0 0 0

#Transform 263
Transform: AffineTransform_float_3_3
Parameters: 1 0.000261515 0.000478266 -0.000261486 1 0.00101388 -0.000478735 -0.00101413 1 0.0456731 0.00311088 -0.0722485
FixedParameters: 0 0 0

#Transform 264
Transform: AffineTransform_float_3_3
Parameters: 1 0.000346516 0.000478352 -0.000347486 1 0.00101383 -0.000478648 -0.00101317 1 0.0447642 -0.0162279 -0.0751126
FixedParameters: 0 0 0

#Transform 265
Transform: AffineTransform_float_3_3
Parameters: 1 0.000387425 0.000478466 -0.000387575 0.999999 0.00120182 -0.000478534 -0.00120219 0.999999 0.0453688 -0.0179176 -0.0879117
FixedParameters: 0 0 0

#Transform 266
Transform: AffineTransform_float_3_3
Parameters: 1 0.000397452 0.000478456 -0.000397549 1 0.00114581 -0.000478545 -0.00114619 0.999999 0.0469708 -0.0174738 -0.0910257
FixedParameters: 0 0 0

#Transform 267
Transform: AffineTransform_float_3_3
Parameters: 1 0.000306515 0.000478311 -0.000307486 1 0.00101385 -0.000478689 -0.00101415 1 0.0520651 -0.00646792 -0.0912309
FixedParameters: 0 0 0

#Transform 268
Transform: AffineTransform_float_3_3
Parameters: 1 0.000449439 0.000478527 -0.000450562 0.999999 0.00117279 -0.000478472 -0.00117222 0.999999 0.0498637 -0.0252887 -0.0852492
FixedParameters: 0 0 0

#Transform 269
Transform: AffineTransform_float_3_3
Parameters: 0.999999 0.000609464 0.000529618 -0.000609537 1 0.00101368 -0.000529383 -0.00101332 1 0.0400033 -0.0302574 -0.0725887
FixedParameters: 0 0 0

#Transform 270
Transform: AffineTransform_float_3_3
Parameters: 1 0.000367004 0.000864424 -0.000367996 1 0.00115268 -0.000863577 -0.00115332 0.999999 0.0469781 -0.0147402 -0.0896898
FixedParameters: 0 0 0

#Transform 271
Transform: AffineTransform_float_3_3
Parameters: 0.999999 0.0003543 0.000643386 -0.000354699 1 0.00108777 -0.000642614 -0.00108823 0.999999 0.0502708 -0.00190604 -0.0903387
FixedParameters: 0 0 0

#Transform 272
Transform: AffineTransform_float_3_3
Parameters: 0.999999 0.000354128 0.000655472 -0.000354871 0.999999 0.00133077 -0.000654528 -0.00133123 0.999999 0.0479103 -0.0424924 -0.103755
FixedParameters: 0 0 0

#Transform 273
Transform: AffineTransform_float_3_3
Parameters: 0.999999 0.00035407 0.000677486 -0.000354929 0.999999 0.00137276 -0.000676513 -0.00137324 0.999999 0.0454712 -0.0181429 -0.0855357
FixedParameters: 0 0 0

#Transform 274
Transform: AffineTransform_float_3_3
Parameters: 0.999999 0.000229112 0.000680299 -0.000230888 0.999999 0.00130484 -0.000680699 -0.00130516 0.999999 0.0529778 -0.010704 -0.0927977
FixedParameters: 0 0 0
