#Insight Transform File V1.0
#Transform 0
Transform: AffineTransform_float_3_3
Parameters: 1 1.12068e-07 6.59999e-05 1.12068e-07 0.999998 -0.001698 -6.59999e-05 0.001698 0.999998 -0.0126608 0.0478994 0.0386028
FixedParameters: 0 0 0

#Transform 1
Transform: AffineTransform_float_3_3
Parameters: 1 0.000253 -4.46798e-07 -0.000253 0.999999 -0.001766 -4.46798e-07 0.001766 0.999999 -0.0156371 0.07144 0.0375246
FixedParameters: 0 0 0

#Transform 2
Transform: AffineTransform_float_3_3
Parameters: 1 0 0 0 0.999998 -0.001597 0 0.001597 0.999998 0 0.0465516 0.0346586
FixedParameters: 0 0 0

#Transform 3
Transform: AffineTransform_float_3_3
Parameters: 1 0 0 0 0.999998 -0.001624 0 0.001624 0.999998 8e-06 0.0469143 0.0223232
FixedParameters: 0 0 0

#Transform 4
Transform: AffineTransform_float_3_3
Parameters: 1 0.00033985 -9.15581e-05 -0.000340149 0.999998 -0.00164197 9.04416e-05 0.00164203 0.999998 -0.00502961 0.0700893 0.0159821
FixedParameters: 0 0 0

#Transform 5
Transform: AffineTransform_float_3_3
Parameters: 1 0.000267 -3.54309e-07 -0.000267 0.999999 -0.001327 -3.54309e-07 0.001327 0.999999 -0.00480316 0.01763 0.0128087
FixedParameters: 0 0 0

#Transform 6
Transform: AffineTransform_float_3_3
Parameters: 1 0.000152 -2.35904e-07 -0.000152 0.999999 -0.001552 -2.35904e-07 0.001552 0.999999 -0.00266078 0.0364972 0.00885909
FixedParameters: 0 0 0

#Transform 7
Transform: AffineTransform_float_3_3
Parameters: 1 0.000134269 0.000202822 -0.000133731 0.999999 -0.00132703 -0.000203178 0.00132697 0.999999 -0.00469625 0.0339826 0.00233367
FixedParameters: 0 0 0

#Transform 8
Transform: AffineTransform_float_3_3
Parameters: 1 1.22084e-07 9.19999e-05 1.22084e-07 0.999999 -0.001327 -9.19999e-05 0.001327 0.999999 -0.00103359 0.0342138 0.00618483
FixedParameters: 0 0 0

#Transform 9
Transform: AffineTransform_float_3_3
Parameters: 1 0.000221136 9.56872e-05 -0.000220864 0.999999 -0.00141502 -9.63126e-05 0.00141498 0.999999 -0.00509922 0.034755 -0.000387719
FixedParameters: 0 0 0

#Transform 10
Transform: AffineTransform_float_3_3
Parameters: 1 0.000272 -3.83792e-07 -0.000272 0.999999 -0.001411 -3.83792e-07 0.001411 0.999999 -0.00479513 0.0183145 -0.0109679
FixedParameters: 0 0 0

#Transform 11
Transform: AffineTransform_float_3_3
Parameters: 1 0 0 0 1 -0.001042 0 0.001042 1 0 0.00839609 0.00148477
FixedParameters: 0 0 0

#Transform 12
Transform: AffineTransform_float_3_3
Parameters: 1 1.25304e-07 0.000138 1.25304e-07 0.999999 -0.000907999 -0.000138 0.000907999 0.999999 -0.00161676 0.0129463 0.00353879
FixedParameters: 0 0 0

#Transform 13
Transform: AffineTransform_float_3_3
Parameters: 1 0 0 0 0.999999 -0.001311 0 0.001311 0.999999 1e-05 0.0345968 -0.0106456
FixedParameters: 0 0 0

#Transform 14
Transform: AffineTransform_float_3_3
Parameters: 1 5.21788e-05 0.000196953 -5.1822e-05 0.999999 -0.000908009 -0.000196047 0.000907989 0.999999 0.000459483 0.0298321 0.0034489
FixedParameters: 0 0 0

#Transform 15
Transform: AffineTransform_float_3_3
Parameters: 1 2.754e-07 0.000324 2.754e-07 0.999999 -0.000849999 -0.000324 0.000849999 0.999999 -0.00373103 0.0169076 -0.012126
FixedParameters: 0 0 0

#Transform 16
Transform: AffineTransform_float_3_3
Parameters: 1 5.10714e-05 0.000116969 -5.09286e-05 1 -0.000610006 -0.000117031 0.000609994 1 -0.00228877 0.026432 -0.00367044
FixedParameters: 0 0 0

#Transform 17
Transform: AffineTransform_float_3_3
Parameters: 1 0.000131106 0.000194929 -0.000130894 1 -0.000544025 -0.000195071 0.000543974 1 -0.00461377 0.00414656 -0.0168608
FixedParameters: 0 0 0

#Transform 18
Transform: AffineTransform_float_3_3
Parameters: 1 0 0 0 1 -0.00049 0 0.00049 1 0.009817 0.00378668 -0.00813376
FixedParameters: 0 0 0

#Transform 19
Transform: AffineTransform_float_3_3
Parameters: 1 0 0 0 1 -0.000163 0 0.000163 1 0.017791 6.43169e-05 -0.00616585
FixedParameters: 0 0 0

#Transform 20
Transform: AffineTransform_float_3_3
Parameters: 1 -0.000108 9.072e-09 0.000108 1 -8.4e-05 9.072e-09 8.4e-05 1 0.00491228 -0.000657152 -0.0047321
FixedParameters: 0 0 0

#Transform 21
Transform: AffineTransform_float_3_3
Parameters: 1 6.2e-05 -5.208e-09 -6.2e-05 1 -8.4e-05 -5.208e-09 8.4e-05 1 0.00364395 -0.000979147 -0.00473113
FixedParameters: 0 0 0

#Transform 22
Transform: AffineTransform_float_3_3
Parameters: 1 0 0 0 1 -0.000392 0 0.000392 1 0.009344 0.0275489 0.0102819
FixedParameters: 0 0 0

#Transform 23
Transform: AffineTransform_float_3_3
Parameters: 1 0 0 0 1 -8.4e-05 0 8.4e-05 1 0.008364 0.0240557 0.015728
FixedParameters: 0 0 0

#Transform 24
Transform: AffineTransform_float_3_3
Parameters: 1 2.7552e-08 0.000328 2.7552e-08 1 -8.4e-05 -0.000328 8.4e-05 1 -0.00692102 0.00358426 0.00954748
FixedParameters: 0 0 0

#Transform 25
Transform: AffineTransform_float_3_3
Parameters: 1 5.313e-09 0.000161 5.313e-09 1 -3.3e-05 -0.000161 3.3e-05 1 0.00551454 -0.0077399 0.0019976
FixedParameters: 0 0 0

#Transform 26
Transform: AffineTransform_float_3_3
Parameters: 1 -1.836e-08 0.00018 -1.836e-08 1 0.000102 -0.00018 -0.000102 1 0.0031001 0.0169281 0.0187432
FixedParameters: 0 0 0

#Transform 27
Transform: AffineTransform_float_3_3
Parameters: 1 9.9e-05 1.9899e-08 -9.9e-05 1 0.000201 1.9899e-08 -0.000201 1 0.00928539 0.0218213 0.0039753
FixedParameters: 0 0 0

#Transform 28
Transform: AffineTransform_float_3_3
Parameters: 1 0 0 0 1 0.000356 0 -0.000356 1 0.005924 0.0145119 0.00676599
FixedParameters: 0 0 0

#Transform 29
Transform: AffineTransform_float_3_3
Parameters: 1 0 0 0 1 0.000547 0 -0.000547 1 0.017782 0.00347743 0.0102285
FixedParameters: 0 0 0

#Transform 30
Transform: AffineTransform_float_3_3
Parameters: 1 0.000155814 0.000210138 -0.000156186 0.999999 0.000885966 -0.000209862 -0.000886032 0.999999 -0.00225852 0.0121837 -0.00831362
FixedParameters: 0 0 0

#Transform 31
Transform: AffineTransform_float_3_3
Parameters: 1 0 0 0 0.999999 0.001303 0 -0.001303 0.999999 0.00186 -0.0051468 0.0260808
FixedParameters: 0 0 0

#Transform 32
Transform: AffineTransform_float_3_3
Parameters: 1 0 0 0 1 0.00103 0 -0.00103 1 -0.001968 -0.00195181 0.0211389
FixedParameters: 0 0 0

#Transform 33
Transform: AffineTransform_float_3_3
Parameters: 1 -0.000233299 0.000235704 0.000232701 0.999999 0.00126806 -0.000236295 -0.00126795 0.999999 0.0103803 0.0035032 0.0249394
FixedParameters: 0 0 0

#Transform 34
Transform: AffineTransform_float_3_3
Parameters: 1 -0.000181 -1.8643e-07 0.000181 1 0.00103 -1.8643e-07 -0.00103 1 0.0133908 0.0218587 0.0211354
FixedParameters: 0 0 0

#Transform 35
Transform: AffineTransform_float_3_3
Parameters: 1 -0.000104419 0.000346874 0.000103581 1 0.00120704 -0.000347125 -0.00120696 0.999999 0.0157019 0.00702766 0.0324837
FixedParameters: 0 0 0

#Transform 36
Transform: AffineTransform_float_3_3
Parameters: 1 -0.000122519 0.000432853 0.000122481 1 0.00119905 -0.000433147 -0.00119895 0.999999 0.010869 0.00639913 0.0417946
FixedParameters: 0 0 0

#Transform 37
Transform: AffineTransform_float_3_3
Parameters: 1 -0.000166545 0.000432791 0.000166455 0.999999 0.00125907 -0.00043321 -0.00125893 0.999999 0.00724315 0.0135706 0.0407207
FixedParameters: 0 0 0

#Transform 38
Transform: AffineTransform_float_3_3
Parameters: 1 -0.000403446 0.000432585 0.000402554 1 0.00103018 -0.000433415 -0.00102983 1 0.011579 0.0192551 0.045181
FixedParameters: 0 0 0

#Transform 39
Transform: AffineTransform_float_3_3
Parameters: 1 -0.000282629 0.000432589 0.00028237 0.999999 0.00145412 -0.000433411 -0.00145388 0.999999 0.0179357 0.00455392 0.0499259
FixedParameters: 0 0 0

#Transform 40
Transform: AffineTransform_float_3_3
Parameters: 1 -0.000403684 0.000432362 0.000402315 0.999998 0.00158017 -0.000433636 -0.00158082 0.999998 0.0143693 -0.0147169 0.0442155
FixedParameters: 0 0 0

#Transform 41
Transform: AffineTransform_float_3_3
Parameters: 1 -0.000403517 0.000355414 0.000402482 0.999999 0.00145414 -0.000356585 -0.00145386 0.999999 0.0208823 0.00228636 0.0456702
FixedParameters: 0 0 0

#Transform 42
Transform: AffineTransform_float_3_3
Parameters: 1 -0.000403668 0.000432377 0.00040233 0.999998 0.00154517 -0.000433622 -0.00154482 0.999998 0.0200009 0.0141561 0.0471672
FixedParameters: 0 0 0

#Transform 43
Transform: AffineTransform_float_3_3
Parameters: 1 -0.000547656 0.000432169 0.000546343 0.999998 0.00151824 -0.00043283 -0.00151776 0.999999 0.0226109 0.00996396 0.0465851
FixedParameters: 0 0 0

#Transform 44
Transform: AffineTransform_float_3_3
Parameters: 0.999999 -0.000554032 0.000543951 0.000552968 0.999998 0.0018953 -0.000545049 -0.0018947 0.999998 0.0215033 -0.00242773 0.0531521
FixedParameters: 0 0 0

#Transform 45
Transform: AffineTransform_float_3_3
Parameters: 0.999999 -0.000471108 0.000584108 0.000469892 0.999998 0.00189528 -0.000584891 -0.00189473 0.999998 0.0195796 0.0085251 0.0530898
FixedParameters: 0 0 0

#Transform 46
Transform: AffineTransform_float_3_3
Parameters: 1 -0.000404055 0.000556235 0.000402946 0.999998 0.00189522 -0.000556764 -0.00189478 0.999998 0.0251244 0.0134178 0.0505903
FixedParameters: 0 0 0

#Transform 47
Transform: AffineTransform_float_3_3
Parameters: 0.999999 -0.000404601 0.000735121 0.000402399 0.999997 0.0021773 -0.000735878 -0.0021767 0.999998 0.0249432 -0.00599315 0.0579115
FixedParameters: 0 0 0

#Transform 48
Transform: AffineTransform_float_3_3
Parameters: 0.999999 -0.00069804 0.000431321 0.000696958 0.999997 0.0024073 -0.000433679 -0.0024067 0.999997 0.0416871 -0.00808603 0.0625879
FixedParameters: 0 0 0

#Transform 49
Transform: AffineTransform_float_3_3
Parameters: 1 -0.000816676 0.000695036 0.000815325 0.999997 0.00240757 -0.000696965 -0.00240743 0.999997 0.0407583 0.000331457 0.0620016
FixedParameters: 0 0 0

#Transform 50
Transform: AffineTransform_float_3_3
Parameters: 0.999999 -0.000994442 0.000862191 0.000992558 0.999995 0.00282886 -0.000864811 -0.00282814 0.999995 0.0375979 -0.00294958 0.0615399
FixedParameters: 0 0 0

#Transform 51
Transform: AffineTransform_float_3_3
Parameters: 0.999999 -0.00111562 0.000876682 0.00111338 0.999995 0.00297798 -0.000880319 -0.00297702 0.999995 0.049705 -0.0067893 0.0719048
FixedParameters: 0 0 0

#Transform 52
Transform: AffineTransform_float_3_3
Parameters: 0.999999 -0.00123041 0.000850523 0.00122759 0.999995 0.00282905 -0.000854475 -0.00282795 0.999995 0.0504963 -0.0118735 0.0693324
FixedParameters: 0 0 0

#Transform 53
Transform: AffineTransform_float_3_3
Parameters: 0.999999 -0.00104041 0.00085106 0.00103759 0.999996 0.00282889 -0.000853938 -0.00282811 0.999995 0.0399422 -0.0121898 0.0692703
FixedParameters: 0 0 0

#Transform 54
Transform: AffineTransform_float_3_3
Parameters: 1 -0.000853412 0.00085159 0.000850587 0.999995 0.00282872 -0.000854409 -0.00282827 0.999995 0.0365714 -0.00277512 0.0815489
FixedParameters: 0 0 0

#Transform 55
Transform: AffineTransform_float_3_3
Parameters: 1 -0.000608413 0.000852283 0.000606585 0.999996 0.00282852 -0.000854719 -0.00282848 0.999995 0.0322069 -0.00194743 0.0692816
FixedParameters: 0 0 0

#Transform 56
Transform: AffineTransform_float_3_3
Parameters: 1 -0.000730413 0.000851938 0.000728587 0.999995 0.00282862 -0.000854064 -0.00282838 0.999995 0.034434 -0.0128875 0.0692533
FixedParameters: 0 0 0

#Transform 57
Transform: AffineTransform_float_3_3
Parameters: 1 -0.000830588 0.000851483 0.00082841 0.999995 0.00303571 -0.000854518 -0.00303429 0.999995 0.0362081 -0.0150137 0.0730481
FixedParameters: 0 0 0

#Transform 58
Transform: AffineTransform_float_3_3
Parameters: 0.999999 -0.000672448 0.00077789 0.000669551 0.999995 0.00314352 -0.000780108 -0.00314348 0.999995 0.034279 -0.0165485 0.0750298
FixedParameters: 0 0 0

#Transform 59
Transform: AffineTransform_float_3_3
Parameters: 1 -0.000807412 0.00085172 0.000804587 0.999995 0.00282869 -0.000854279 -0.00282831 0.999995 0.0289182 0.00328403 0.0640302
FixedParameters: 0 0 0

#Transform 60
Transform: AffineTransform_float_3_3
Parameters: 1 -0.000859412 0.000851573 0.000856587 0.999995 0.00282873 -0.000854426 -0.00282827 0.999995 0.0366691 0.000444514 0.0665556
FixedParameters: 0 0 0

#Transform 61
Transform: AffineTransform_float_3_3
Parameters: 1 -0.000871791 0.000851152 0.000869211 0.999995 0.00327274 -0.00085385 -0.00327226 0.999995 0.0369699 -0.0348132 0.0707973
FixedParameters: 0 0 0

#Transform 62
Transform: AffineTransform_float_3_3
Parameters: 1 -0.0008799 0.000851011 0.0008771 0.999994 0.00340275 -0.000853989 -0.00340125 0.999994 0.0339972 -0.0363013 0.0676395
FixedParameters: 0 0 0

#Transform 63
Transform: AffineTransform_float_3_3
Parameters: 0.999999 -0.00123122 0.000849348 0.00122778 0.999992 0.00378405 -0.000854652 -0.00378295 0.999993 0.050971 -0.0308568 0.0814422
FixedParameters: 0 0 0

#Transform 64
Transform: AffineTransform_float_3_3
Parameters: 0.999999 -0.00104413 0.000850173 0.00104087 0.999992 0.00367089 -0.000853826 -0.00367011 0.999993 0.0404113 -0.0352914 0.0843612
FixedParameters: 0 0 0

#Transform 65
Transform: AffineTransform_float_3_3
Parameters: 0.999999 -0.00114718 0.000849728 0.00114382 0.999993 0.00372898 -0.00085427 -0.00372802 0.999992 0.042231 -0.0138469 0.107364
FixedParameters: 0 0 0

#Transform 66
Transform: AffineTransform_float_3_3
Parameters: 0.999999 -0.00123087 0.000849851 0.00122812 0.999993 0.00337505 -0.000854149 -0.00337395 0.999994 0.0474433 -0.00364527 0.100998
FixedParameters: 0 0 0

#Transform 67
Transform: AffineTransform_float_3_3
Parameters: 0.999999 -0.000983516 0.00101561 0.000980484 0.999994 0.003456 -0.00101939 -0.003455 0.999994 0.0436247 -0.0110572 0.102208
FixedParameters: 0 0 0

#Transform 68
Transform: AffineTransform_float_3_3
Parameters: 0.999999 -0.000949939 0.000850729 0.00094706 0.999993 0.00344881 -0.000854271 -0.00344819 0.999993 0.0447377 -0.00619517 0.0934387
FixedParameters: 0 0 0

#Transform 69
Transform: AffineTransform_float_3_3
Parameters: 0.999998 -0.00123154 0.00107597 0.00122746 0.999994 0.00328132 -0.00108003 -0.00328067 0.999994 0.0505387 -0.00868323 0.0915682
FixedParameters: 0 0 0

#Transform 70
Transform: AffineTransform_float_3_3
Parameters: 0.999999 -0.00106334 0.00103959 0.00106066 0.999995 0.00321111 -0.00104241 -0.0032099 0.999995 0.04756 -0.00817614 0.0872394
FixedParameters: 0 0 0

#Transform 71
Transform: AffineTransform_float_3_3
Parameters: 0.999999 -0.00103659 0.00117684 0.00103241 0.999995 0.00305022 -0.00118015 -0.00304878 0.999994 0.0439746 -0.00276486 0.0773456
FixedParameters: 0 0 0

#Transform 72
Transform: AffineTransform_float_3_3
Parameters: 0.999999 -0.00101308 0.00100792 0.00100992 0.999995 0.00305002 -0.00101108 -0.00304898 0.999995 0.0385484 -0.00653261 0.0776766
FixedParameters: 0 0 0

#Transform 73
Transform: AffineTransform_float_3_3
Parameters: 0.999998 -0.00112619 0.00126027 0.00112181 0.999994 0.00332142 -0.00126473 -0.00332058 0.999993 0.0493973 -0.00938097 0.0791273
FixedParameters: 0 0 0

#Transform 74
Transform: AffineTransform_float_3_3
Parameters: 0.999998 -0.00107098 0.00126063 0.00106702 0.999995 0.00315335 -0.00126437 -0.00315265 0.999994 0.0531043 -0.0186403 0.0714241
FixedParameters: 0 0 0

#Transform 75
Transform: AffineTransform_float_3_3
Parameters: 0.999998 -0.00100379 0.001261 0.00100022 0.999995 0.00299826 -0.001264 -0.00299773 0.999994 0.0425957 -0.00594469 0.0623785
FixedParameters: 0 0 0

#Transform 76
Transform: AffineTransform_float_3_3
Parameters: 0.999999 -0.000971499 0.00114604 0.0009675 0.999995 0.00305011 -0.00114896 -0.00304889 0.999994 0.0442254 -0.0215584 0.0682882
FixedParameters: 0 0 0

#Transform 77
Transform: AffineTransform_float_3_3
Parameters: 0.999998 -0.00107271 0.00126085 0.00106929 0.999995 0.00293835 -0.00126415 -0.00293665 0.999995 0.0468979 -0.0252246 0.0678095
FixedParameters: 0 0 0

#Transform 78
Transform: AffineTransform_float_3_3
Parameters: 0.999999 -0.00123205 0.00126005 0.00122795 0.999994 0.00320955 -0.00126495 -0.00320745 0.999994 0.0558512 -0.0279955 0.0801394
FixedParameters: 0 0 0

#Transform 79
Transform: AffineTransform_float_3_3
Parameters: 0.999998 -0.00104493 0.00126075 0.00104107 0.999994 0.00311632 -0.00126425 -0.00311468 0.999995 0.0503445 -0.0179544 0.0600668
FixedParameters: 0 0 0

#Transform 80
Transform: AffineTransform_float_3_3
Parameters: 0.999998 -0.00123258 0.00150025 0.00122742 0.999994 0.00305085 -0.00150375 -0.00304915 0.999994 0.0531145 -0.0033406 0.0524337
FixedParameters: 0 0 0

#Transform 81
Transform: AffineTransform_float_3_3
Parameters: 0.999999 -0.00111754 0.0014866 0.00111346 0.999994 0.00305066 -0.0014894 -0.00304934 0.999994 0.0512813 -0.00847202 0.0531845
FixedParameters: 0 0 0

#Transform 82
Transform: AffineTransform_float_3_3
Parameters: 0.999998 -0.0012326 0.00150525 0.0012274 0.999994 0.00305085 -0.00150875 -0.00304915 0.999994 0.0530538 -0.00332066 0.0583444
FixedParameters: 0 0 0

#Transform 83
Transform: AffineTransform_float_3_3
Parameters: 0.999998 -0.00117209 0.00158525 0.00116691 0.999994 0.00320786 -0.00158875 -0.00320614 0.999993 0.0681877 -0.0238673 0.0610647
FixedParameters: 0 0 0

#Transform 84
Transform: AffineTransform_float_3_3
Parameters: 0.999998 -0.00123337 0.00166704 0.00122763 0.999994 0.00321806 -0.00167096 -0.00321595 0.999994 0.0616387 -0.0239162 0.0611294
FixedParameters: 0 0 0

#Transform 85
Transform: AffineTransform_float_3_3
Parameters: 0.999998 -0.00123318 0.00160503 0.00122782 0.999994 0.00322398 -0.00160896 -0.00322202 0.999993 0.0689302 -0.0134757 0.0542014
FixedParameters: 0 0 0

#Transform 86
Transform: AffineTransform_float_3_3
Parameters: 0.999998 -0.00123315 0.00168825 0.00122784 0.999994 0.00305108 -0.00169275 -0.00304892 0.999994 0.0680267 -0.0220872 0.0581407
FixedParameters: 0 0 0

#Transform 87
Transform: AffineTransform_float_3_3
Parameters: 0.999997 -0.00131515 0.001688 0.00130984 0.999994 0.00305122 -0.001692 -0.00304878 0.999994 0.0695808 -0.038437 0.0581257
FixedParameters: 0 0 0

#Transform 88
Transform: AffineTransform_float_3_3
Parameters: 0.999998 -0.00123298 0.00168838 0.00122802 0.999995 0.00294508 -0.00169262 -0.00294292 0.999994 0.0680449 -0.0338882 0.056234
FixedParameters: 0 0 0

#Transform 89
Transform: AffineTransform_float_3_3
Parameters: 0.999998 -0.00114036 0.00168839 0.00113464 0.999995 0.00317392 -0.00169261 -0.00317208 0.999993 0.0620104 -0.021837 0.0602618
FixedParameters: 0 0 0

#Transform 90
Transform: AffineTransform_float_3_3
Parameters: 0.999998 -0.00123355 0.00168796 0.00122745 0.999994 0.00328408 -0.00169204 -0.00328192 0.999993 0.0680222 -0.023033 0.0506762
FixedParameters: 0 0 0

#Transform 91
Transform: AffineTransform_float_3_3
Parameters: 0.999998 -0.00117103 0.00191733 0.00116498 0.999995 0.00314024 -0.00192067 -0.00313776 0.999993 0.0682531 -0.0214924 0.0389972
FixedParameters: 0 0 0

#Transform 92
Transform: AffineTransform_float_3_3
Parameters: 0.999998 -0.00123462 0.00189169 0.00122738 0.999993 0.00349833 -0.0018953 -0.00349567 0.999992 0.0699247 -0.0254637 0.0454381
FixedParameters: 0 0 0

#Transform 93
Transform: AffineTransform_float_3_3
Parameters: 0.999998 -0.00115394 0.00198298 0.00114706 0.999993 0.00349828 -0.00198702 -0.00349572 0.999992 0.060275 -0.0256108 0.0592085
FixedParameters: 0 0 0

#Transform 94
Transform: AffineTransform_float_3_3
Parameters: 0.999997 -0.00102261 0.00217344 0.0010144 0.999994 0.00349822 -0.00217656 -0.00349579 0.999992 0.0597737 -0.0257607 0.0647223
FixedParameters: 0 0 0

#Transform 95
Transform: AffineTransform_float_3_3
Parameters: 0.999998 -0.00123368 0.00168786 0.00122731 0.999993 0.00336508 -0.00169214 -0.00336292 0.999993 0.0732924 -0.0239191 0.0637721
FixedParameters: 0 0 0

#Transform 96
Transform: AffineTransform_float_3_3
Parameters: 0.999998 -0.00123391 0.0016877 0.00122809 0.999993 0.00349808 -0.00169231 -0.00349592 0.999993 0.0686074 -0.0254688 0.0661903
FixedParameters: 0 0 0

#Transform 97
Transform: AffineTransform_float_3_3
Parameters: 0.999997 -0.0012351 0.00202869 0.0012279 0.999993 0.0034985 -0.00203331 -0.0034965 0.999992 0.0682172 -0.025459 0.0654997
FixedParameters: 0 0 0

#Transform 98
Transform: AffineTransform_float_3_3
Parameters: 0.999997 -0.00123592 0.00215147 0.00122808 0.999993 0.00367765 -0.00215653 -0.00367535 0.999991 0.0798211 -0.0442137 0.0685697
FixedParameters: 0 0 0

#Transform 99
Transform: AffineTransform_float_3_3
Parameters: 0.999997 -0.00131336 0.00210342 0.00130664 0.999993 0.00349876 -0.00210758 -0.00349624 0.999991 0.0818537 -0.0195022 0.0739384
FixedParameters: 0 0 0

#Transform 100
Transform: AffineTransform_float_3_3
Parameters: 0.999997 -0.00123479 0.00202788 0.00122822 0.999993 0.0033445 -0.00203112 -0.0033425 0.999993 0.0721079 -0.00383436 0.0805356
FixedParameters: 0 0 0

#Transform 101
Transform: AffineTransform_float_3_3
Parameters: 0.999997 -0.0012341 0.00199524 0.00122791 0.999995 0.00305346 -0.00199876 -0.00305054 0.999994 0.0750221 -0.00737762 0.0681981
FixedParameters: 0 0 0

#Transform 102
Transform: AffineTransform_float_3_3
Parameters: 0.999996 -0.00123511 0.00230119 0.00122788 0.999995 0.00308984 -0.0023058 -0.00308716 0.999992 0.0781073 -0.0149371 0.0588403
FixedParameters: 0 0 0

#Transform 103
Transform: AffineTransform_float_3_3
Parameters: 0.999997 -0.00123461 0.0021402 0.00122739 0.999995 0.00308964 -0.0021438 -0.00308636 0.999993 0.0799523 -0.0148784 0.0591941
FixedParameters: 0 0 0

#Transform 104
Transform: AffineTransform_float_3_3
Parameters: 0.999997 -0.00123629 0.00240075 0.00122771 0.999994 0.00345096 -0.00240525 -0.00344804 0.999991 0.0769349 -0.0286837 0.0760431
FixedParameters: 0 0 0

#Transform 105
Transform: AffineTransform_float_3_3
Parameters: 0.999996 -0.00172611 0.00234806 0.00171789 0.999992 0.00345005 -0.00235394 -0.00344595 0.999992 0.0863164 -0.0182536 0.0767469
FixedParameters: 0 0 0

#Transform 106
Transform: AffineTransform_float_3_3
Parameters: 0.999995 -0.00155995 0.00254153 0.00155005 0.999992 0.00351995 -0.00254747 -0.00351604 0.99999 0.0811029 -0.0193078 0.0710016
FixedParameters: 0 0 0

#Transform 107
Transform: AffineTransform_float_3_3
Parameters: 0.999995 -0.00154626 0.00251293 0.00153774 0.999994 0.00328488 -0.00251806 -0.00328112 0.999991 0.0865555 -0.0186047 0.0652657
FixedParameters: 0 0 0

#Transform 108
Transform: AffineTransform_float_3_3
Parameters: 0.999996 -0.0017257 0.00254279 0.0017173 0.999994 0.00302838 -0.00254821 -0.00302362 0.999992 0.100522 -0.0132319 0.0752346
FixedParameters: 0 0 0

#Transform 109
Transform: AffineTransform_float_3_3
Parameters: 0.999996 -0.00159949 0.00259178 0.00159151 0.999994 0.00327514 -0.00259622 -0.00327086 0.999992 0.0978618 -0.0279748 0.0826288
FixedParameters: 0 0 0

#Transform 110
Transform: AffineTransform_float_3_3
Parameters: 0.999995 -0.00154269 0.00256339 0.00153531 0.999995 0.00299895 -0.00256761 -0.00299405 0.999992 0.0848467 -0.00940279 0.0833332
FixedParameters: 0 0 0

#Transform 111
Transform: AffineTransform_float_3_3
Parameters: 0.999997 -0.00124437 0.00240621 0.00123763 0.999994 0.00306099 -0.0024098 -0.00305801 0.999993 0.0764778 -0.0146795 0.0598554
FixedParameters: 0 0 0

#Transform 112
Transform: AffineTransform_float_3_3
Parameters: 0.999997 -0.00116848 0.00244144 0.00116053 0.999994 0.00306084 -0.00244456 -0.00305815 0.999993 0.0808451 -0.0194328 0.063182
FixedParameters: 0 0 0

#Transform 113
Transform: AffineTransform_float_3_3
Parameters: 0.999996 -0.00172614 0.00251944 0.00171786 0.999994 0.00322934 -0.00252456 -0.00322466 0.999991 0.100762 -0.0179956 0.0499438
FixedParameters: 0 0 0

#Transform 114
Transform: AffineTransform_float_3_3
Parameters: 0.999996 -0.0014581 0.00232695 0.0014499 0.999993 0.00347739 -0.00233205 -0.00347361 0.999991 0.0981774 -0.0322999 0.0473175
FixedParameters: 0 0 0

#Transform 115
Transform: AffineTransform_float_3_3
Parameters: 0.999995 -0.00144417 0.00255239 0.00143683 0.999994 0.00320068 -0.00255661 -0.00319632 0.999991 0.093418 -0.0158902 0.0493802
FixedParameters: 0 0 0

#Transform 116
Transform: AffineTransform_float_3_3
Parameters: 0.999997 -0.00119138 0.00241037 0.00118362 0.999995 0.00306287 -0.00241364 -0.00305914 0.999993 0.0895125 -0.0255728 0.0295674
FixedParameters: 0 0 0

#Transform 117
Transform: AffineTransform_float_3_3
Parameters: 0.999996 -0.00137923 0.00273386 0.00137077 0.999995 0.00301076 -0.00273814 -0.00300624 0.999991 0.0893519 -0.0230925 0.0430141
FixedParameters: 0 0 0

#Transform 118
Transform: AffineTransform_float_3_3
Parameters: 0.999995 -0.0014739 0.00275125 0.0014651 0.999993 0.00323405 -0.00275675 -0.00322995 0.999991 0.0937137 -0.0323158 0.0555485
FixedParameters: 0 0 0

#Transform 119
Transform: AffineTransform_float_3_3
Parameters: 0.999995 -0.00145569 0.00259013 0.00144631 0.999994 0.00335476 -0.00259486 -0.00335024 0.999991 0.0952155 -0.0228272 0.069739
FixedParameters: 0 0 0

#Transform 120
Transform: AffineTransform_float_3_3
Parameters: 0.999994 -0.00172774 0.00280603 0.00171726 0.999993 0.00346884 -0.00281197 -0.00346316 0.99999 0.094561 -0.00565814 0.0769945
FixedParameters: 0 0 0

#Transform 121
Transform: AffineTransform_float_3_3
Parameters: 0.999995 -0.00172788 0.00258843 0.00171812 0.999992 0.00381347 -0.00259557 -0.00380954 0.99999 0.100002 -0.00514581 0.0806203
FixedParameters: 0 0 0

#Transform 122
Transform: AffineTransform_float_3_3
Parameters: 0.999995 -0.00172809 0.00258829 0.00171791 0.999991 0.00389547 -0.00259471 -0.00389153 0.999989 0.0925991 -0.0318845 0.0786437
FixedParameters: 0 0 0

#Transform 123
Transform: AffineTransform_float_3_3
Parameters: 0.999995 -0.00172809 0.00258829 0.00171791 0.999991 0.00389547 -0.00259471 -0.00389153 0.999989 0.10004 -0.0444935 0.0699645
FixedParameters: 0 0 0

#Transform 124
Transform: AffineTransform_float_3_3
Parameters: 0.999995 -0.00165855 0.00278315 0.00164745 0.99999 0.00414761 -0.00278985 -0.00414239 0.999987 0.0891055 -0.0313702 0.0766109
FixedParameters: 0 0 0

#Transform 125
Transform: AffineTransform_float_3_3
Parameters: 0.999995 -0.00172849 0.00258803 0.00171751 0.999991 0.00404947 -0.00259497 -0.00404454 0.999989 0.100011 -0.0243649 0.0727276
FixedParameters: 0 0 0

#Transform 126
Transform: AffineTransform_float_3_3
Parameters: 0.999995 -0.00159458 0.00249727 0.00158341 0.99999 0.00423497 -0.00250372 -0.00423102 0.999988 0.0987676 -0.0267601 0.0761538
FixedParameters: 0 0 0

#Transform 127
Transform: AffineTransform_float_3_3
Parameters: 0.999995 -0.00159715 0.00250155 0.00158685 0.99999 0.00405398 -0.00250845 -0.00405001 0.999988 0.0960391 -0.0483805 0.0521256
FixedParameters: 0 0 0

#Transform 128
Transform: AffineTransform_float_3_3
Parameters: 0.999995 -0.00172932 0.00258747 0.00171768 0.999989 0.00437047 -0.00259553 -0.00436653 0.999987 0.0999962 -0.0304432 0.0607307
FixedParameters: 0 0 0

#Transform 129
Transform: AffineTransform_float_3_3
Parameters: 0.999994 -0.00203475 0.0027456 0.00202226 0.999987 0.00463658 -0.0027544 -0.00463143 0.999986 0.119998 -0.0328757 0.0581377
FixedParameters: 0 0 0

#Transform 130
Transform: AffineTransform_float_3_3
Parameters: 0.999995 -0.00179751 0.00258704 0.00178649 0.999988 0.00444564 -0.00259496 -0.00444135 0.999987 0.113418 -0.031157 0.0715669
FixedParameters: 0 0 0

#Transform 131
Transform: AffineTransform_float_3_3
Parameters: 0.999994 -0.00154391 0.00290317 0.00153108 0.999989 0.00444547 -0.00291083 -0.00444053 0.999986 0.0947389 -0.031576 0.065461
FixedParameters: 0 0 0

#Transform 132
Transform: AffineTransform_float_3_3
Parameters: 0.999995 -0.00154118 0.00284089 0.00152782 0.999988 0.00463637 -0.00284811 -0.00463164 0.999985 0.103302 -0.0337199 0.0663941
FixedParameters: 0 0 0

#Transform 133
Transform: AffineTransform_float_3_3
Parameters: 0.999995 -0.00157026 0.002735 0.00155874 0.999989 0.00447929 -0.00274201 -0.00447572 0.999986 0.0965909 -0.0381066 0.0714857
FixedParameters: 0 0 0

#Transform 134
Transform: AffineTransform_float_3_3
Parameters: 0.999995 -0.00144124 0.00272557 0.00142976 0.999989 0.00448592 -0.00273244 -0.00448208 0.999986 0.0963698 -0.0464195 0.0814687
FixedParameters: 0 0 0

#Transform 135
Transform: AffineTransform_float_3_3
Parameters: 0.999996 -0.00164222 0.00258728 0.00162978 0.999987 0.00471823 -0.00259471 -0.00471376 0.999985 0.103308 -0.0387955 0.0811622
FixedParameters: 0 0 0

#Transform 136
Transform: AffineTransform_float_3_3
Parameters: 0.999996 -0.00120848 0.00258921 0.00119552 0.999987 0.00481811 -0.00259479 -0.00481488 0.999985 0.0977455 -0.0364358 0.0815078
FixedParameters: 0 0 0

#Transform 137
Transform: AffineTransform_float_3_3
Parameters: 0.999995 -0.00164302 0.00275728 0.00162997 0.999987 0.00471852 -0.00276572 -0.00471348 0.999985 0.0997505 -0.0345566 0.0758417
FixedParameters: 0 0 0

#Transform 138
Transform: AffineTransform_float_3_3
Parameters: 0.999995 -0.00146422 0.00258812 0.00145178 0.999988 0.00471778 -0.00259487 -0.00471422 0.999985 0.0995104 -0.0348448 0.0789916
FixedParameters: 0 0 0

#Transform 139
Transform: AffineTransform_float_3_3
Parameters: 0.999996 -0.00164345 0.0025865 0.00162955 0.999985 0.00519324 -0.0025955 -0.00518976 0.999983 0.114843 -0.0397819 0.0996331
FixedParameters: 0 0 0

#Transform 140
Transform: AffineTransform_float_3_3
Parameters: 0.999996 -0.00164345 0.0025865 0.00162955 0.999985 0.00519324 -0.0025955 -0.00518976 0.999983 0.0991697 -0.0196333 0.101956
FixedParameters: 0 0 0

#Transform 141
Transform: AffineTransform_float_3_3
Parameters: 0.999995 -0.00141912 0.00275729 0.00140588 0.999987 0.0047549 -0.00276371 -0.0047511 0.999985 0.09082 -0.0324923 0.0980226
FixedParameters: 0 0 0

#Transform 142
Transform: AffineTransform_float_3_3
Parameters: 0.999995 -0.00155165 0.00278599 0.00153934 0.999988 0.00453931 -0.00279301 -0.00453469 0.999986 0.0986744 -0.0213461 0.0973248
FixedParameters: 0 0 0

#Transform 143
Transform: AffineTransform_float_3_3
Parameters: 0.999994 -0.00147569 0.00292463 0.00146131 0.999987 0.0050183 -0.00293137 -0.0050147 0.999983 0.0917982 -0.0427895 0.109402
FixedParameters: 0 0 0

#Transform 144
Transform: AffineTransform_float_3_3
Parameters: 0.999994 -0.00141657 0.0029751 0.00140143 0.999987 0.00489519 -0.00298189 -0.0048908 0.999983 0.0884481 -0.0340371 0.112504
FixedParameters: 0 0 0

#Transform 145
Transform: AffineTransform_float_3_3
Parameters: 0.999995 -0.00131531 0.00292761 0.00130169 0.999987 0.00488584 -0.00293339 -0.00488217 0.999984 0.0838497 0.000759734 0.117287
FixedParameters: 0 0 0

#Transform 146
Transform: AffineTransform_float_3_3
Parameters: 0.999995 -0.00136752 0.00289117 0.00135348 0.999987 0.00501994 -0.00289783 -0.00501507 0.999983 0.0903347 -0.00656784 0.119805
FixedParameters: 0 0 0

#Transform 147
Transform: AffineTransform_float_3_3
Parameters: 0.999995 -0.00133002 0.00292522 0.00131498 0.999986 0.00513087 -0.00293178 -0.00512712 0.999982 0.085254 -0.0367515 0.121721
FixedParameters: 0 0 0

#Transform 148
Transform: AffineTransform_float_3_3
Parameters: 0.999994 -0.00152537 0.00288091 0.00150963 0.999984 0.00532837 -0.00288908 -0.00532462 0.999981 0.088894 -0.0328103 0.130656
FixedParameters: 0 0 0

#Transform 149
Transform: AffineTransform_float_3_3
Parameters: 0.999995 -0.0014826 0.00287552 0.0014684 0.999986 0.00507325 -0.00288348 -0.00506875 0.999983 0.0961151 -0.00698675 0.120795
FixedParameters: 0 0 0

#Transform 150
Transform: AffineTransform_float_3_3
Parameters: 0.999994 -0.00143007 0.00296225 0.00141593 0.999987 0.00474722 -0.00296875 -0.00474378 0.999985 0.0874351 -0.0330261 0.0969494
FixedParameters: 0 0 0

#Transform 151
Transform: AffineTransform_float_3_3
Parameters: 0.999994 -0.0014002 0.00298939 0.0013868 0.999988 0.00474717 -0.00299561 -0.00474383 0.999985 0.0961983 -0.0470222 0.101019
FixedParameters: 0 0 0

#Transform 152
Transform: AffineTransform_float_3_3
Parameters: 0.999994 -0.00147519 0.00319703 0.00145981 0.999987 0.00474769 -0.00320396 -0.0047433 0.999983 0.102103 -0.0468549 0.10053
FixedParameters: 0 0 0

#Transform 153
Transform: AffineTransform_float_3_3
Parameters: 0.999994 -0.00128729 0.00304199 0.00127371 0.999988 0.0046939 -0.00304801 -0.0046901 0.999985 0.10107 -0.023186 0.0706134
FixedParameters: 0 0 0

#Transform 154
Transform: AffineTransform_float_3_3
Parameters: 0.999994 -0.00133445 0.00316253 0.00131855 0.999987 0.0048812 -0.00316947 -0.0048768 0.999983 0.106029 -0.0515045 0.0738065
FixedParameters: 0 0 0

#Transform 155
Transform: AffineTransform_float_3_3
Parameters: 0.999994 -0.00130656 0.00337726 0.00128844 0.999985 0.00519638 -0.00338374 -0.00519261 0.999981 0.118395 -0.0658308 0.0790393
FixedParameters: 0 0 0

#Transform 156
Transform: AffineTransform_float_3_3
Parameters: 0.999992 -0.00165019 0.0034434 0.00162982 0.999981 0.00585665 -0.0034526 -0.00585134 0.999977 0.113068 -0.0620601 0.103263
FixedParameters: 0 0 0

#Transform 157
Transform: AffineTransform_float_3_3
Parameters: 0.999992 -0.00200331 0.00328169 0.00198369 0.999979 0.00617955 -0.00329431 -0.00617344 0.999975 0.133563 -0.0513552 0.105381
FixedParameters: 0 0 0

#Transform 158
Transform: AffineTransform_float_3_3
Parameters: 0.999992 -0.00225437 0.00323321 0.00223263 0.999975 0.00659727 -0.00324779 -0.00658973 0.999973 0.131658 -0.0355778 0.125637
FixedParameters: 0 0 0

#Transform 159
Transform: AffineTransform_float_3_3
Parameters: 0.999992 -0.00211449 0.0033975 0.00209152 0.999974 0.00690216 -0.00341151 -0.00689484 0.999971 0.130245 -0.039359 0.137628
FixedParameters: 0 0 0

#Transform 160
Transform: AffineTransform_float_3_3
Parameters: 0.999992 -0.00197071 0.00343564 0.00194829 0.999978 0.00630975 -0.00344836 -0.00630326 0.999974 0.125036 -0.0277847 0.120121
FixedParameters: 0 0 0

#Transform 161
Transform: AffineTransform_float_3_3
Parameters: 0.999993 -0.00178766 0.0034634 0.00176534 0.999977 0.00653516 -0.00347461 -0.00652884 0.999972 0.12422 -0.0413777 0.124176
FixedParameters: 0 0 0

#Transform 162
Transform: AffineTransform_float_3_3
Parameters: 0.999992 -0.00171757 0.00340971 0.00169743 0.999981 0.00602683 -0.00342029 -0.00602117 0.999976 0.11496 -0.0362897 0.133185
FixedParameters: 0 0 0

#Transform 163
Transform: AffineTransform_float_3_3
Parameters: 0.999993 -0.00179845 0.00344689 0.00177656 0.999979 0.00621617 -0.0034571 -0.00620983 0.999974 0.114197 -0.050883 0.136517
FixedParameters: 0 0 0

#Transform 164
Transform: AffineTransform_float_3_3
Parameters: 0.999993 -0.00175614 0.00345885 0.00173386 0.999978 0.00639304 -0.00347015 -0.00638795 0.999973 0.121564 -0.0538745 0.128583
FixedParameters: 0 0 0

#Transform 165
Transform: AffineTransform_float_3_3
Parameters: 0.999992 -0.00170309 0.0035886 0.00168091 0.999979 0.00614908 -0.0035994 -0.00614291 0.999974 0.122255 -0.0636493 0.108977
FixedParameters: 0 0 0

#Transform 166
Transform: AffineTransform_float_3_3
Parameters: 0.999993 -0.0017404 0.0034523 0.00171861 0.99998 0.00619098 -0.0034627 -0.00618502 0.999975 0.131148 -0.0746276 0.101642
FixedParameters: 0 0 0

#Transform 167
Transform: AffineTransform_float_3_3
Parameters: 0.999992 -0.00174009 0.00356783 0.00171691 0.999977 0.00646417 -0.00357917 -0.00645782 0.999972 0.124663 -0.0778566 0.109677
FixedParameters: 0 0 0

#Transform 168
Transform: AffineTransform_float_3_3
Parameters: 0.999993 -0.00161371 0.00357082 0.00159128 0.999978 0.00635473 -0.00358118 -0.00634927 0.999974 0.127525 -0.0564793 0.100169
FixedParameters: 0 0 0

#Transform 169
Transform: AffineTransform_float_3_3
Parameters: 0.999992 -0.00181497 0.00355838 0.00179204 0.999977 0.00644642 -0.00356962 -0.00644057 0.999973 0.131299 -0.0571624 0.101788
FixedParameters: 0 0 0

#Transform 170
Transform: AffineTransform_float_3_3
Parameters: 0.999992 -0.00204983 0.00343489 0.00202617 0.999974 0.00692802 -0.00344811 -0.00692099 0.99997 0.136947 -0.0620348 0.137493
FixedParameters: 0 0 0

#Transform 171
Transform: AffineTransform_float_3_3
Parameters: 0.999991 -0.00216362 0.00364533 0.00213638 0.999971 0.00729085 -0.00366066 -0.00728314 0.999967 0.133216 -0.0515533 0.144422
FixedParameters: 0 0 0

#Transform 172
Transform: AffineTransform_float_3_3
Parameters: 0.999991 -0.00223261 0.00343649 0.00220738 0.99997 0.00743965 -0.00345351 -0.00743135 0.999967 0.124627 -0.0312047 0.136713
FixedParameters: 0 0 0

#Transform 173
Transform: AffineTransform_float_3_3
Parameters: 0.999991 -0.00219223 0.00358208 0.00216577 0.999971 0.00730982 -0.00359792 -0.00730218 0.999967 0.135025 -0.051176 0.156641
FixedParameters: 0 0 0

#Transform 174
Transform: AffineTransform_float_3_3
Parameters: 0.999992 -0.00209401 0.00346702 0.00206899 0.999972 0.00720123 -0.00348198 -0.00719477 0.999968 0.133237 -0.0468841 0.154816
FixedParameters: 0 0 0

#Transform 175
Transform: AffineTransform_float_3_3
Parameters: 0.999993 -0.00180479 0.00328458 0.00178221 0.999975 0.0069269 -0.00329742 -0.0069211 0.99997 0.119889 -0.0314748 0.150237
FixedParameters: 0 0 0

#Transform 176
Transform: AffineTransform_float_3_3
Parameters: 0.999992 -0.00173084 0.00362424 0.00170615 0.999975 0.00684724 -0.00363676 -0.00684076 0.99997 0.117976 -0.043403 0.148333
FixedParameters: 0 0 0

#Transform 177
Transform: AffineTransform_float_3_3
Parameters: 0.999992 -0.0016947 0.00344897 0.0016703 0.999973 0.00715082 -0.00346103 -0.00714519 0.999969 0.121225 -0.0641851 0.154136
FixedParameters: 0 0 0

#Transform 178
Transform: AffineTransform_float_3_3
Parameters: 0.999992 -0.00200101 0.00330097 0.00197599 0.99997 0.00756158 -0.00331603 -0.00755542 0.999966 0.123777 -0.0507885 0.182923
FixedParameters: 0 0 0

#Transform 179
Transform: AffineTransform_float_3_3
Parameters: 0.999992 -0.00198437 0.00327978 0.00195962 0.999969 0.00772148 -0.00329522 -0.00771452 0.999965 0.131433 -0.0477092 0.173694
FixedParameters: 0 0 0

#Transform 180
Transform: AffineTransform_float_3_3
Parameters: 0.999993 -0.00209698 0.00303224 0.00207402 0.99997 0.00756134 -0.00304776 -0.00755466 0.999967 0.128243 -0.0402492 0.163901
FixedParameters: 0 0 0

#Transform 181
Transform: AffineTransform_float_3_3
Parameters: 0.999994 -0.00174646 0.0032234 0.00172354 0.999972 0.00726561 -0.0032366 -0.0072594 0.999969 0.120249 -0.0480772 0.161123
FixedParameters: 0 0 0

#Transform 182
Transform: AffineTransform_float_3_3
Parameters: 0.999993 -0.0018559 0.00303472 0.0018341 0.999973 0.00720262 -0.00304829 -0.00719739 0.99997 0.122282 -0.0242543 0.174748
FixedParameters: 0 0 0

#Transform 183
Transform: AffineTransform_float_3_3
Parameters: 0.999994 -0.00171824 0.00303608 0.00169676 0.999974 0.0069842 -0.00304792 -0.00697981 0.999971 0.110028 -0.0232669 0.173084
FixedParameters: 0 0 0

#Transform 184
Transform: AffineTransform_float_3_3
Parameters: 0.999993 -0.00163325 0.00342354 0.00160975 0.999973 0.00707256 -0.00343547 -0.00706744 0.999969 0.109592 -0.0333863 0.174031
FixedParameters: 0 0 0

#Transform 185
Transform: AffineTransform_float_3_3
Parameters: 0.999993 -0.00181498 0.00303496 0.00179201 0.999972 0.00723149 -0.00304803 -0.00722552 0.999969 0.113777 -0.043439 0.177703
FixedParameters: 0 0 0

#Transform 186
Transform: AffineTransform_float_3_3
Parameters: 0.999994 -0.0016736 0.00303619 0.0016524 0.999974 0.00710306 -0.00304781 -0.00709795 0.99997 0.103167 -0.0328998 0.175362
FixedParameters: 0 0 0

#Transform 187
Transform: AffineTransform_float_3_3
Parameters: 0.999994 -0.00170799 0.00303573 0.00168601 0.999973 0.00723117 -0.00304827 -0.00722584 0.999969 0.12122 -0.0341865 0.177605
FixedParameters: 0 0 0

#Transform 188
Transform: AffineTransform_float_3_3
Parameters: 0.999994 -0.00199893 0.00303302 0.00197607 0.999969 0.00754304 -0.00304799 -0.00753695 0.999967 0.126403 -0.0480392 0.183181
FixedParameters: 0 0 0

#Transform 189
Transform: AffineTransform_float_3_3
Parameters: 0.999992 -0.00231655 0.00302938 0.00229245 0.999964 0.008082 -0.00304762 -0.00807499 0.999963 0.132146 -0.0576447 0.192805
FixedParameters: 0 0 0

#Transform 190
Transform: AffineTransform_float_3_3
Parameters: 0.999992 -0.0023169 0.00320817 0.00229211 0.999968 0.00774142 -0.00322583 -0.00773459 0.999965 0.129961 -0.0294536 0.180736
FixedParameters: 0 0 0

#Transform 191
Transform: AffineTransform_float_3_3
Parameters: 0.999993 -0.00231718 0.00296348 0.00229182 0.999961 0.00847284 -0.00298251 -0.00846514 0.999959 0.122635 -0.0325185 0.262065
FixedParameters: 0 0 0

#Transform 192
Transform: AffineTransform_float_3_3
Parameters: 0.999993 -0.00231952 0.00314993 0.00229249 0.99996 0.00871029 -0.00317008 -0.00870372 0.999957 0.118461 -0.0249761 0.254994
FixedParameters: 0 0 0

#Transform 193
Transform: AffineTransform_float_3_3
Parameters: 0.999992 -0.00252077 0.00285962 0.00249423 0.999954 0.00932621 -0.00288338 -0.00931881 0.999953 0.123564 -0.00906126 0.283876
FixedParameters: 0 0 0

#Transform 194
Transform: AffineTransform_float_3_3
Parameters: 0.999992 -0.00256045 0.00302498 0.00253356 0.999956 0.00904174 -0.00304803 -0.00903427 0.999955 0.124142 -0.00834628 0.302489
FixedParameters: 0 0 0

#Transform 195
Transform: AffineTransform_float_3_3
Parameters: 0.999992 -0.00222572 0.00325924 0.00219828 0.999961 0.00848422 -0.00327776 -0.00847676 0.999958 0.117828 -0.0119867 0.277606
FixedParameters: 0 0 0

#Transform 196
Transform: AffineTransform_float_3_3
Parameters: 0.999993 -0.0022313 0.00321221 0.0022037 0.999961 0.00847814 -0.00323079 -0.00847085 0.999959 0.11864 -0.0105637 0.272599
FixedParameters: 0 0 0

#Transform 197
Transform: AffineTransform_float_3_3
Parameters: 0.999992 -0.00228112 0.00333091 0.00225288 0.999962 0.00842257 -0.00335009 -0.00841543 0.999959 0.109415 -0.0170689 0.258785
FixedParameters: 0 0 0

#Transform 198
Transform: AffineTransform_float_3_3
Parameters: 0.999992 -0.00221614 0.0032748 0.00218886 0.999964 0.00826924 -0.00329321 -0.00826177 0.999961 0.127647 -0.0306243 0.256346
FixedParameters: 0 0 0

#Transform 199
Transform: AffineTransform_float_3_3
Parameters: 0.999992 -0.00215213 0.00330083 0.00212387 0.999962 0.00850308 -0.00331917 -0.00849593 0.999959 0.118205 -0.0255133 0.263827
FixedParameters: 0 0 0

#Transform 200
Transform: AffineTransform_float_3_3
Parameters: 0.999992 -0.0024064 0.00335049 0.00237859 0.999964 0.00815904 -0.00337051 -0.00815096 0.999961 0.12378 -0.0212134 0.254111
FixedParameters: 0 0 0

#Transform 201
Transform: AffineTransform_float_3_3
Parameters: 0.999991 -0.00235084 0.00332751 0.00232317 0.999963 0.0083448 -0.00334649 -0.0083372 0.999959 0.126232 -0.0234572 0.245127
FixedParameters: 0 0 0

#Transform 202
Transform: AffineTransform_float_3_3
Parameters: 0.999992 -0.00239303 0.00338335 0.00236497 0.999963 0.00826307 -0.00340365 -0.00825493 0.99996 0.129432 -0.0225761 0.235137
FixedParameters: 0 0 0

#Transform 203
Transform: AffineTransform_float_3_3
Parameters: 0.999992 -0.00229661 0.00346184 0.00226839 0.999966 0.00795892 -0.00348016 -0.00795108 0.999963 0.126813 -0.0158682 0.232338
FixedParameters: 0 0 0

#Transform 204
Transform: AffineTransform_float_3_3
Parameters: 0.999992 -0.00228961 0.00334662 0.00226439 0.999969 0.00763664 -0.00336338 -0.00762937 0.999965 0.117788 -0.0156941 0.23133
FixedParameters: 0 0 0

#Transform 205
Transform: AffineTransform_float_3_3
Parameters: 0.999991 -0.00226938 0.00353256 0.00224161 0.999967 0.00773598 -0.00355044 -0.00772801 0.999964 0.117239 -0.0336648 0.240158
FixedParameters: 0 0 0

#Transform 206
Transform: AffineTransform_float_3_3
Parameters: 0.999991 -0.00215195 0.00361811 0.00212505 0.99997 0.00743575 -0.00363389 -0.00742825 0.999966 0.116693 -0.013538 0.241456
FixedParameters: 0 0 0

#Transform 207
Transform: AffineTransform_float_3_3
Parameters: 0.999992 -0.00200701 0.00345014 0.00198298 0.999974 0.0069489 -0.00346486 -0.0069421 0.99997 0.111765 -0.0115309 0.227056
FixedParameters: 0 0 0

#Transform 208
Transform: AffineTransform_float_3_3
Parameters: 0.999993 -0.00174778 0.00351631 0.00172222 0.999971 0.00732011 -0.0035297 -0.00731389 0.999967 0.109189 -0.0185888 0.232451
FixedParameters: 0 0 0

#Transform 209
Transform: AffineTransform_float_3_3
Parameters: 0.999992 -0.00189371 0.00356743 0.00186629 0.999968 0.00775472 -0.00358257 -0.00774828 0.999963 0.118529 -0.034514 0.230347
FixedParameters: 0 0 0

#Transform 210
Transform: AffineTransform_float_3_3
Parameters: 0.999992 -0.0020933 0.00334128 0.00206771 0.99997 0.00755697 -0.00335671 -0.00755003 0.999966 0.124588 -0.0150015 0.241731
FixedParameters: 0 0 0

#Transform 211
Transform: AffineTransform_float_3_3
Parameters: 0.999992 -0.00204309 0.00349531 0.00201591 0.999968 0.00773611 -0.00351169 -0.00772889 0.999964 0.121916 -0.00513673 0.240356
FixedParameters: 0 0 0

#Transform 212
Transform: AffineTransform_float_3_3
Parameters: 0.999992 -0.00209465 0.00343489 0.00206735 0.999968 0.00774316 -0.0034511 -0.00773583 0.999964 0.123503 -0.0123433 0.23314
FixedParameters: 0 0 0

#Transform 213
Transform: AffineTransform_float_3_3
Parameters: 0.999992 -0.00190792 0.00356419 0.00188007 0.999967 0.00782276 -0.00357881 -0.00781523 0.999963 0.120113 -0.0146111 0.234325
FixedParameters: 0 0 0

#Transform 214
Transform: AffineTransform_float_3_3
Parameters: 0.999992 -0.00194362 0.00348875 0.00191537 0.999967 0.00790374 -0.00350424 -0.00789725 0.999962 0.118177 -0.0211141 0.23875
FixedParameters: 0 0 0

#Transform 215
Transform: AffineTransform_float_3_3
Parameters: 0.999992 -0.0018723 0.00359288 0.0018427 0.999965 0.00814169 -0.00360812 -0.00813432 0.999961 0.118052 -0.00972274 0.252808
FixedParameters: 0 0 0

#Transform 216
Transform: AffineTransform_float_3_3
Parameters: 0.999992 -0.00192647 0.00355471 0.00189853 0.999966 0.00799581 -0.00356929 -0.00798919 0.999961 0.120258 -0.0286009 0.237438
FixedParameters: 0 0 0

#Transform 217
Transform: AffineTransform_float_3_3
Parameters: 0.999991 -0.00209598 0.00353355 0.00206801 0.999966 0.00790437 -0.00355045 -0.00789762 0.999962 0.128615 -0.0394851 0.233801
FixedParameters: 0 0 0

#Transform 218
Transform: AffineTransform_float_3_3
Parameters: 0.999992 -0.00174294 0.00365634 0.00171405 0.999968 0.00790333 -0.00367066 -0.00789767 0.999962 0.115442 -0.0443033 0.23062
FixedParameters: 0 0 0

#Transform 219
Transform: AffineTransform_float_3_3
Parameters: 0.999992 -0.00182551 0.00354446 0.00179649 0.999966 0.00803144 -0.00355854 -0.00802457 0.999962 0.126201 -0.0279571 0.235602
FixedParameters: 0 0 0

#Transform 220
Transform: AffineTransform_float_3_3
Parameters: 0.999992 -0.0017302 0.00344647 0.00170279 0.999967 0.00788092 -0.00346052 -0.00787507 0.999963 0.120041 -0.0222443 0.235585
FixedParameters: 0 0 0

#Transform 221
Transform: AffineTransform_float_3_3
Parameters: 0.999992 -0.00182574 0.0035328 0.00179826 0.999967 0.00783941 -0.0035472 -0.00783358 0.999963 0.122309 -0.0257927 0.23475
FixedParameters: 0 0 0

#Transform 222
Transform: AffineTransform_float_3_3
Parameters: 0.999992 -0.00163525 0.00359729 0.00160675 0.999968 0.00784184 -0.00360971 -0.00783616 0.999963 0.116716 -0.0250952 0.250797
FixedParameters: 0 0 0

#Transform 223
Transform: AffineTransform_float_3_3
Parameters: 0.999992 -0.00161572 0.00368798 0.00158829 0.99997 0.00750692 -0.00369902 -0.00750108 0.999965 0.117609 0.00395855 0.249571
FixedParameters: 0 0 0

#Transform 224
Transform: AffineTransform_float_3_3
Parameters: 0.999992 -0.00146661 0.00366708 0.00143939 0.99997 0.00752033 -0.00367793 -0.00751566 0.999965 0.116308 0.0104014 0.238061
FixedParameters: 0 0 0

#Transform 225
Transform: AffineTransform_float_3_3
Parameters: 0.999992 -0.00141889 0.00374819 0.00139011 0.99997 0.00770028 -0.00375881 -0.00769473 0.999964 0.115576 -0.000481373 0.241234
FixedParameters: 0 0 0

#Transform 226
Transform: AffineTransform_float_3_3
Parameters: 0.999992 -0.00168639 0.00381558 0.00165762 0.999971 0.00743039 -0.00382742 -0.00742461 0.999965 0.120471 0.0206877 0.236064
FixedParameters: 0 0 0

#Transform 227
Transform: AffineTransform_float_3_3
Parameters: 0.999992 -0.00163343 0.00365731 0.00160658 0.999972 0.00721693 -0.00366869 -0.00721106 0.999968 0.124555 -0.00843831 0.238717
FixedParameters: 0 0 0

#Transform 228
Transform: AffineTransform_float_3_3
Parameters: 0.999992 -0.00169028 0.00368561 0.00166273 0.999972 0.00739019 -0.00369838 -0.00738481 0.999966 0.129663 -0.0185115 0.235849
FixedParameters: 0 0 0

#Transform 229
Transform: AffineTransform_float_3_3
Parameters: 0.999991 -0.00209664 0.00367983 0.00206736 0.999967 0.00776868 -0.00369617 -0.00776132 0.999963 0.138858 -0.021641 0.242576
FixedParameters: 0 0 0

#Transform 230
Transform: AffineTransform_float_3_3
Parameters: 0.999991 -0.00209812 0.00362675 0.00206788 0.999963 0.00828757 -0.00364426 -0.00828042 0.999959 0.138883 -0.00446154 0.269198
FixedParameters: 0 0 0

#Transform 231
Transform: AffineTransform_float_3_3
Parameters: 0.999991 -0.00221863 0.00368153 0.00218637 0.999958 0.00884313 -0.00370147 -0.00883487 0.999954 0.139921 -0.0105437 0.268991
FixedParameters: 0 0 0

#Transform 232
Transform: AffineTransform_float_3_3
Parameters: 0.999991 -0.00237563 0.00346183 0.00234338 0.999953 0.00940019 -0.00348317 -0.00939181 0.99995 0.141888 -0.0140144 0.300293
FixedParameters: 0 0 0

#Transform 233
Transform: AffineTransform_float_3_3
Parameters: 0.999991 -0.00250336 0.00342616 0.00246864 0.999947 0.00999555 -0.00345084 -0.00998745 0.999944 0.134377 0.00423652 0.386964
FixedParameters: 0 0 0

#Transform 234
Transform: AffineTransform_float_3_3
Parameters: 0.99999 -0.00259394 0.00366754 0.00255907 0.999951 0.00949848 -0.00369146 -0.00948952 0.999948 0.139855 0.0260687 0.35082
FixedParameters: 0 0 0

#Transform 235
Transform: AffineTransform_float_3_3
Parameters: 0.99999 -0.00234686 0.00367962 0.00231314 0.999955 0.0091796 -0.00370038 -0.00917141 0.999951 0.124978 0.0187574 0.3441
FixedParameters: 0 0 0

#Transform 236
Transform: AffineTransform_float_3_3
Parameters: 0.99999 -0.00227546 0.00367589 0.00224053 0.999953 0.00935333 -0.00369711 -0.00934468 0.99995 0.124515 0.00143385 0.343966
FixedParameters: 0 0 0

#Transform 237
Transform: AffineTransform_float_3_3
Parameters: 0.999991 -0.00250287 0.00345169 0.00246913 0.999949 0.00978161 -0.00347631 -0.00977339 0.999946 0.136434 -0.00851462 0.338656
FixedParameters: 0 0 0

#Transform 238
Transform: AffineTransform_float_3_3
Parameters: 0.999991 -0.00250497 0.00359823 0.00246904 0.999948 0.00996498 -0.00362277 -0.00995602 0.999944 0.137903 -0.000668649 0.323998
FixedParameters: 0 0 0

#Transform 239
Transform: AffineTransform_float_3_3
Parameters: 0.999991 -0.00250415 0.00360282 0.00246885 0.999949 0.00972899 -0.00362618 -0.00972001 0.999946 0.139466 -0.00834554 0.317688
FixedParameters: 0 0 0

#Transform 240
Transform: AffineTransform_float_3_3
Parameters: 0.99999 -0.00250437 0.00352413 0.00246863 0.999947 0.0100048 -0.00354886 -0.0099962 0.999943 0.133265 -0.014408 0.339328
FixedParameters: 0 0 0

#Transform 241
Transform: AffineTransform_float_3_3
Parameters: 0.999991 -0.00250487 0.00362749 0.00246914 0.999949 0.00985905 -0.00365151 -0.00984995 0.999945 0.136382 -0.00424416 0.312722
FixedParameters: 0 0 0

#Transform 242
Transform: AffineTransform_float_3_3
Parameters: 0.99999 -0.00228561 0.00365055 0.00225038 0.999952 0.0094573 -0.00367243 -0.00944869 0.999948 0.132794 0.00631001 0.28874
FixedParameters: 0 0 0

#Transform 243
Transform: AffineTransform_float_3_3
Parameters: 0.999991 -0.00237827 0.00353249 0.00234572 0.999955 0.00911237 -0.00355451 -0.00910463 0.999952 0.128516 -0.0178563 0.297462
FixedParameters: 0 0 0

#Transform 244
Transform: AffineTransform_float_3_3
Parameters: 0.999991 -0.00250025 0.00341937 0.00246876 0.999956 0.00911252 -0.00344163 -0.00910448 0.999952 0.131093 -0.0430092 0.296767
FixedParameters: 0 0 0

#Transform 245
Transform: AffineTransform_float_3_3
Parameters: 0.999991 -0.00235133 0.00349311 0.00231967 0.999958 0.00894618 -0.00351389 -0.00893882 0.999954 0.122507 -0.0159792 0.287059
FixedParameters: 0 0 0

#Transform 246
Transform: AffineTransform_float_3_3
Parameters: 0.999991 -0.00226156 0.00338946 0.00223244 0.999959 0.00869864 -0.00340954 -0.00869136 0.999957 0.127049 -0.00479915 0.293693
FixedParameters: 0 0 0

#Transform 247
Transform: AffineTransform_float_3_3
Parameters: 0.99999 -0.00250284 0.00365304 0.00246916 0.999955 0.00923811 -0.00367596 -0.00922889 0.99995 0.135433 -0.0120226 0.2981
FixedParameters: 0 0 0

#Transform 248
Transform: AffineTransform_float_3_3
Parameters: 0.999991 -0.00222548 0.00378679 0.00218952 0.999952 0.00961138 -0.00380821 -0.00960262 0.999946 0.125153 -0.0228913 0.326183
FixedParameters: 0 0 0

#Transform 249
Transform: AffineTransform_float_3_3
Parameters: 0.999991 -0.00231246 0.00358638 0.00227654 0.999949 0.00986025 -0.00360861 -0.00985274 0.999945 0.129302 -0.0212467 0.312554
FixedParameters: 0 0 0

#Transform 250
Transform: AffineTransform_float_3_3
Parameters: 0.99999 -0.00250369 0.00375208 0.00246831 0.999955 0.00922136 -0.00377491 -0.00921165 0.999951 0.130053 -0.000654743 0.295162
FixedParameters: 0 0 0

#Transform 251
Transform: AffineTransform_float_3_3
Parameters: 0.999991 -0.00243461 0.00366122 0.00240039 0.999952 0.00942788 -0.00368378 -0.00941912 0.999949 0.131404 -0.0118511 0.321559
FixedParameters: 0 0 0

#Transform 252
Transform: AffineTransform_float_3_3
Parameters: 0.99999 -0.00234172 0.0038143 0.00230628 0.999953 0.00934289 -0.0038357 -0.00933411 0.999949 0.126513 -0.00735176 0.309435
FixedParameters: 0 0 0

#Transform 253
Transform: AffineTransform_float_3_3
Parameters: 0.99999 -0.00250189 0.00364565 0.00246912 0.999957 0.00899809 -0.00366735 -0.00898892 0.999953 0.134906 0.0221814 0.308451
FixedParameters: 0 0 0

#Transform 254
Transform: AffineTransform_float_3_3
Parameters: 0.999991 -0.00250283 0.0036289 0.00246917 0.999953 0.00929805 -0.00365211 -0.00928895 0.99995 0.129096 -0.0281976 0.313017
FixedParameters: 0 0 0

#Transform 255
Transform: AffineTransform_float_3_3
Parameters: 0.999992 -0.00220533 0.00351593 0.00217367 0.999955 0.00917372 -0.00353608 -0.00916527 0.999951 0.123114 -0.00317122 0.321655
FixedParameters: 0 0 0

#Transform 256
Transform: AffineTransform_float_3_3
Parameters: 0.999991 -0.00227224 0.00358376 0.00224077 0.999957 0.00897512 -0.00360325 -0.0089669 0.999954 0.124127 -0.00705138 0.327584
FixedParameters: 0 0 0

#Transform 257
Transform: AffineTransform_float_3_3
Parameters: 0.999991 -0.00250291 0.00357953 0.00246909 0.999953 0.00944493 -0.00360347 -0.00943607 0.999949 0.129961 -0.0233931 0.329587
FixedParameters: 0 0 0

#Transform 258
Transform: AffineTransform_float_3_3
Parameters: 0.999991 -0.00250298 0.00357344 0.00246902 0.999952 0.00948191 -0.00359756 -0.00947308 0.999948 0.128536 -0.00505023 0.327321
FixedParameters: 0 0 0

#Transform 259
Transform: AffineTransform_float_3_3
Parameters: 0.99999 -0.00229828 0.0037858 0.00226372 0.999954 0.00929766 -0.0038072 -0.00928934 0.999949 0.122023 0.00189969 0.326661
FixedParameters: 0 0 0

#Transform 260
Transform: AffineTransform_float_3_3
Parameters: 0.999991 -0.0022738 0.00362703 0.0022402 0.999955 0.00929721 -0.00364798 -0.00928879 0.99995 0.121614 0.0150087 0.326213
FixedParameters: 0 0 0

#Transform 261
Transform: AffineTransform_float_3_3
Parameters: 0.99999 -0.00242216 0.00355664 0.00238984 0.999954 0.00929759 -0.00357937 -0.00928942 0.999951 0.126104 -0.00200939 0.328418
FixedParameters: 0 0 0

#Transform 262
Transform: AffineTransform_float_3_3
Parameters: 0.999992 -0.00215088 0.00357986 0.00211711 0.999953 0.00944266 -0.00360014 -0.00943434 0.999949 0.117376 0.00413299 0.331067
FixedParameters: 0 0 0

#Transform 263
Transform: AffineTransform_float_3_3
Parameters: 0.999991 -0.0019107 0.0036174 0.00187731 0.999955 0.00929587 -0.0036346 -0.00928914 0.99995 0.113 0.031942 0.316942
FixedParameters: 0 0 0

#Transform 264
Transform: AffineTransform_float_3_3
Parameters: 0.99999 -0.00250508 0.00382261 0.00246892 0.999952 0.00941254 -0.0038464 -0.00940346 0.999949 0.1261 0.00793591 0.312071
FixedParameters: 0 0 0

#Transform 265
Transform: AffineTransform_float_3_3
Parameters: 0.999989 -0.00250613 0.00377863 0.00246887 0.999949 0.00979943 -0.00380236 -0.00978957 0.999945 0.127748 0.000146824 0.352007
FixedParameters: 0 0 0

#Transform 266
Transform: AffineTransform_float_3_3
Parameters: 0.999991 -0.00250452 0.00361465 0.00246847 0.999949 0.00979902 -0.00363935 -0.00978998 0.999946 0.12658 0.00147064 0.340788
FixedParameters: 0 0 0

#Transform 267
Transform: AffineTransform_float_3_3
Parameters: 0.999988 -0.00282915 0.00386766 0.00278985 0.999945 0.0100899 -0.00389633 -0.0100791 0.999941 0.147559 0.0171823 0.348747
FixedParameters: 0 0 0

#Transform 268
Transform: AffineTransform_float_3_3
Parameters: 0.999989 -0.0031294 0.00353625 0.0030916 0.99994 0.0105321 -0.00356874 -0.0105209 0.999939 0.144424 0.00253834 0.379528
FixedParameters: 0 0 0

#Transform 269
Transform: AffineTransform_float_3_3
Parameters: 0.999989 -0.0029067 0.00348471 0.00286929 0.999941 0.0104911 -0.00351528 -0.0104809 0.999939 0.132401 -0.00250006 0.377117
FixedParameters: 0 0 0

#Transform 270
Transform: AffineTransform_float_3_3
Parameters: 0.999989 -0.0027943 0.00377707 0.0027527 0.999934 0.0111585 -0.00380794 -0.0111485 0.99993 0.129559 0.000801542 0.385839
FixedParameters: 0 0 0

#Transform 271
Transform: AffineTransform_float_3_3
Parameters: 0.999989 -0.00313164 0.00354841 0.00309236 0.999934 0.0111211 -0.00358359 -0.0111099 0.999932 0.141987 -0.00135069 0.387949
FixedParameters: 0 0 0

#Transform 272
Transform: AffineTransform_float_3_3
Parameters: 0.99999 -0.00313208 0.00340759 0.00309191 0.999926 0.0117047 -0.00344441 -0.0116943 0.999925 0.127336 0.00653221 0.466052
FixedParameters: 0 0 0

#Transform 273
Transform: AffineTransform_float_3_3
Parameters: 0.999989 -0.0030044 0.00358471 0.0029636 0.999929 0.0114987 -0.0036193 -0.0114883 0.999928 0.12958 0.0342613 0.458301
FixedParameters: 0 0 0

#Transform 274
Transform: AffineTransform_float_3_3
Parameters: 0.999989 -0.00276154 0.003745 0.00271846 0.999933 0.0113183 -0.003776 -0.0113077 0.999929 0.117585 0.00949038 0.422994
FixedParameters: 0 0 0

#Transform 275
Transform: AffineTransform_float_3_3
Parameters: 0.99999 -0.00258556 0.00371138 0.00254343 0.999934 0.0111615 -0.00373961 -0.0111514 0.999931 0.122014 -0.00708692 0.42379
FixedParameters: 0 0 0

#Transform 276
Transform: AffineTransform_float_3_3
Parameters: 0.999989 -0.00254821 0.00375402 0.00250779 0.99994 0.0106775 -0.00378098 -0.0106675 0.999936 0.116553 0.0135365 0.398688
FixedParameters: 0 0 0

#Transform 277
Transform: AffineTransform_float_3_3
Parameters: 0.999989 -0.00270143 0.00381035 0.00266157 0.999944 0.0103153 -0.00383865 -0.0103048 0.99994 0.127722 -0.00388464 0.373548
FixedParameters: 0 0 0

#Transform 278
Transform: AffineTransform_float_3_3
Parameters: 0.99999 -0.00271025 0.00375699 0.00267075 0.999942 0.0104141 -0.003785 -0.0104039 0.999938 0.125381 -0.00160521 0.376383
FixedParameters: 0 0 0

#Transform 279
Transform: AffineTransform_float_3_3
Parameters: 0.999989 -0.00284151 0.00376652 0.0028025 0.999942 0.0104537 -0.00379549 -0.0104433 0.999939 0.127332 -0.00478395 0.381913
FixedParameters: 0 0 0

#Transform 280
Transform: AffineTransform_float_3_3
Parameters: 0.999989 -0.00284516 0.00371433 0.00280584 0.999941 0.0105055 -0.00374367 -0.0104945 0.999938 0.128765 -0.00596232 0.379358
FixedParameters: 0 0 0

#Transform 281
Transform: AffineTransform_float_3_3
Parameters: 0.999988 -0.00289016 0.00376425 0.00285084 0.999942 0.0103679 -0.00379375 -0.0103572 0.999939 0.124475 0.00810631 0.371789
FixedParameters: 0 0 0

#Transform 282
Transform: AffineTransform_float_3_3
Parameters: 0.999989 -0.00301011 0.00359929 0.0029739 0.999943 0.0102708 -0.00362972 -0.0102602 0.999941 0.132175 0.0126243 0.365415
FixedParameters: 0 0 0

#Transform 283
Transform: AffineTransform_float_3_3
Parameters: 0.999989 -0.00281593 0.0037216 0.00277807 0.999944 0.0101584 -0.0037494 -0.0101476 0.999942 0.127105 -0.00441501 0.357025
FixedParameters: 0 0 0

#Transform 284
Transform: AffineTransform_float_3_3
Parameters: 0.999988 -0.00297534 0.00391492 0.00293365 0.999941 0.0105246 -0.00394607 -0.0105124 0.999937 0.135648 -0.00131448 0.357273
FixedParameters: 0 0 0

#Transform 285
Transform: AffineTransform_float_3_3
Parameters: 0.999988 -0.00312904 0.00357289 0.00309196 0.999942 0.0103272 -0.00360411 -0.0103158 0.999941 0.134323 0.0237661 0.372891
FixedParameters: 0 0 0

#Transform 286
Transform: AffineTransform_float_3_3
Parameters: 0.999988 -0.00313216 0.00373569 0.00309183 0.999938 0.0107097 -0.00376931 -0.0106973 0.999935 0.136317 0.00827502 0.394048
FixedParameters: 0 0 0

#Transform 287
Transform: AffineTransform_float_3_3
Parameters: 0.999989 -0.00313001 0.00348524 0.003092 0.999937 0.0108569 -0.00351876 -0.0108461 0.999935 0.130493 0.00659699 0.423224
FixedParameters: 0 0 0

#Transform 288
Transform: AffineTransform_float_3_3
Parameters: 0.999989 -0.0030708 0.00358815 0.0030312 0.999938 0.010769 -0.00362083 -0.010758 0.999935 0.136591 0.0173008 0.412208
FixedParameters: 0 0 0

#Transform 289
Transform: AffineTransform_float_3_3
Parameters: 0.999989 -0.00322879 0.00353922 0.00318822 0.999929 0.0114694 -0.00357578 -0.0114576 0.999928 0.132336 0.0194604 0.439751
FixedParameters: 0 0 0

#Transform 290
Transform: AffineTransform_float_3_3
Parameters: 0.999989 -0.00313297 0.00356137 0.00309203 0.999929 0.0114531 -0.00359663 -0.0114419 0.999928 0.126249 0.0226244 0.452231
FixedParameters: 0 0 0

#Transform 291
Transform: AffineTransform_float_3_3
Parameters: 0.999988 -0.00313101 0.00362567 0.00309198 0.999938 0.0107163 -0.00365933 -0.0107057 0.999936 0.129021 0.0358304 0.429247
FixedParameters: 0 0 0

#Transform 292
Transform: AffineTransform_float_3_3
Parameters: 0.999989 -0.00295825 0.00357469 0.00291976 0.999939 0.0106585 -0.00360531 -0.0106484 0.999937 0.124522 0.0183264 0.422937
FixedParameters: 0 0 0

#Transform 293
Transform: AffineTransform_float_3_3
Parameters: 0.99999 -0.00281951 0.00362461 0.0027805 0.999937 0.0108592 -0.0036544 -0.0108488 0.999935 0.115939 0.0140326 0.437837
FixedParameters: 0 0 0

#Transform 294
Transform: AffineTransform_float_3_3
Parameters: 0.99999 -0.00263216 0.00362589 0.00259284 0.999938 0.0107635 -0.00365411 -0.0107535 0.999936 0.111688 0.0128169 0.412801
FixedParameters: 0 0 0

#Transform 295
Transform: AffineTransform_float_3_3
Parameters: 0.99999 -0.00257206 0.00363367 0.00253295 0.99994 0.0107113 -0.00366133 -0.0107027 0.999936 0.106726 0.0100952 0.407937
FixedParameters: 0 0 0

#Transform 296
Transform: AffineTransform_float_3_3
Parameters: 0.99999 -0.00260296 0.00356891 0.00256404 0.999937 0.0108772 -0.00359709 -0.0108677 0.999934 0.112615 0.00200363 0.410513
FixedParameters: 0 0 0

#Transform 297
Transform: AffineTransform_float_3_3
Parameters: 0.999991 -0.00257764 0.00333879 0.00254237 0.99994 0.0106346 -0.00336522 -0.0106264 0.999938 0.116175 -0.000549148 0.416459
FixedParameters: 0 0 0

#Transform 298
Transform: AffineTransform_float_3_3
Parameters: 0.999991 -0.00244896 0.0036411 0.00241004 0.99994 0.0106669 -0.00366691 -0.0106581 0.999937 0.112938 0.00307696 0.411462
FixedParameters: 0 0 0

#Transform 299
Transform: AffineTransform_float_3_3
Parameters: 0.999991 -0.00235032 0.00355597 0.00231268 0.999939 0.0107423 -0.00358104 -0.0107347 0.999936 0.109272 0.00092247 0.399787
FixedParameters: 0 0 0

#Transform 300
Transform: AffineTransform_float_3_3
Parameters: 0.999991 -0.00250667 0.00348018 0.00246833 0.999939 0.0107857 -0.00350682 -0.0107773 0.999936 0.117957 -0.00111252 0.399242
FixedParameters: 0 0 0

#Transform 301
Transform: AffineTransform_float_3_3
Parameters: 0.999991 -0.0023621 0.00348716 0.0023259 0.999941 0.0106042 -0.00351185 -0.0105958 0.999937 0.113426 0.00437358 0.389144
FixedParameters: 0 0 0

#Transform 302
Transform: AffineTransform_float_3_3
Parameters: 0.999991 -0.00225239 0.00358037 0.00221662 0.999946 0.010135 -0.00360264 -0.010127 0.999942 0.114775 0.0172267 0.38051
FixedParameters: 0 0 0

#Transform 303
Transform: AffineTransform_float_3_3
Parameters: 0.999992 -0.00221089 0.0035201 0.0021741 0.999943 0.0104487 -0.0035439 -0.0104413 0.999939 0.110032 0.00676847 0.386329
FixedParameters: 0 0 0

#Transform 304
Transform: AffineTransform_float_3_3
Parameters: 0.999991 -0.00199216 0.00359667 0.00195585 0.999945 0.0103061 -0.00361634 -0.0102999 0.999941 0.105218 0.000234832 0.390479
FixedParameters: 0 0 0

#Transform 305
Transform: AffineTransform_float_3_3
Parameters: 0.999991 -0.00193471 0.00363518 0.00189729 0.999944 0.010348 -0.00365482 -0.010341 0.99994 0.104232 -0.00174146 0.388676
FixedParameters: 0 0 0

#Transform 306
Transform: AffineTransform_float_3_3
Parameters: 0.999992 -0.00162497 0.00348646 0.00158903 0.999945 0.0102956 -0.00350254 -0.0102894 0.999941 0.0969561 0.0165887 0.391792
FixedParameters: 0 0 0

#Transform 307
Transform: AffineTransform_float_3_3
Parameters: 0.999994 -0.00174461 0.00317731 0.00171239 0.999946 0.0102375 -0.00319469 -0.0102325 0.999942 0.106323 0.0176077 0.38096
FixedParameters: 0 0 0

#Transform 308
Transform: AffineTransform_float_3_3
Parameters: 0.999993 -0.00182716 0.00342294 0.00179084 0.999943 0.0105372 -0.00344206 -0.0105308 0.999938 0.0962005 -0.00398085 0.383613
FixedParameters: 0 0 0

#Transform 309
Transform: AffineTransform_float_3_3
Parameters: 0.999993 -0.00174835 0.00335329 0.00171265 0.99994 0.0108138 -0.00337171 -0.0108082 0.999936 0.0971444 -0.00345622 0.374443
FixedParameters: 0 0 0

#Transform 310
Transform: AffineTransform_float_3_3
Parameters: 0.999992 -0.00187645 0.00337754 0.00184155 0.999943 0.0104703 -0.00339646 -0.0104637 0.999939 0.110622 0.00291048 0.384441
FixedParameters: 0 0 0
