#Insight Transform File V1.0
#Transform 0
Transform: AffineTransform_float_3_3
Parameters: 1 -0.00019329 0.000665916 0.00019271 1 0.000435128 -0.000666084 -0.000434871 0.999999 0.0128271 -0.016036 -0.0287017
FixedParameters: 0 0 0

#Transform 1
Transform: AffineTransform_float_3_3
Parameters: 0.999999 -0.000227381 0.0008759 0.000226619 1 0.000435198 -0.000876098 -0.000434801 0.999999 0.0106636 0.0135722 -0.0259704
FixedParameters: 0 0 0

#Transform 2
Transform: AffineTransform_float_3_3
Parameters: 0.999999 -3.4626e-07 0.000795999 -3.4626e-07 1 0.000435 -0.000795999 -0.000435 0.999999 0.0102433 -0.00226978 -0.0260218
FixedParameters: 0 0 0

#Transform 3
Transform: AffineTransform_float_3_3
Parameters: 0.999999 -0.000226113 0.00087597 0.000225887 1 0.000129198 -0.000876028 -0.000128802 0.999999 0.0126992 -0.0078862 -0.0298872
FixedParameters: 0 0 0

#Transform 4
Transform: AffineTransform_float_3_3
Parameters: 0.999999 -0.000259257 0.000799916 0.000258743 1 0.000321207 -0.000800082 -0.000320793 0.999999 0.0057385 -0.0112986 -0.0274411
FixedParameters: 0 0 0

#Transform 5
Transform: AffineTransform_float_3_3
Parameters: 0.999999 -1.2264e-08 0.000875999 -1.2264e-08 1 1.4e-05 -0.000875999 -1.4e-05 0.999999 0.000531616 -5.95153e-05 -0.0314684
FixedParameters: 0 0 0

#Transform 6
Transform: AffineTransform_float_3_3
Parameters: 0.999999 2.86452e-07 0.000875999 2.86452e-07 1 -0.000327 -0.000875999 0.000327 0.999999 0.00711922 0.00584442 -0.0182186
FixedParameters: 0 0 0

#Transform 7
Transform: AffineTransform_float_3_3
Parameters: 1 -0.000153244 0.000304878 0.000152756 0.999999 0.000799046 -0.000305122 -0.000798953 0.999999 0.00242551 -0.0467349 0.0230938
FixedParameters: 0 0 0

#Transform 8
Transform: AffineTransform_float_3_3
Parameters: 1 5.95441e-05 0.000410067 -5.94559e-05 1 0.00111198 -0.000409934 -0.00111203 1 -0.00328509 0.0326203 0.0271848
FixedParameters: 0 0 0

#Transform 9
Transform: AffineTransform_float_3_3
Parameters: 1 -1.32172e-07 0.000346 -1.32172e-07 1 0.000382 -0.000346 -0.000382 1 0.00317383 -0.0549569 0.0176581
FixedParameters: 0 0 0

#Transform 10
Transform: AffineTransform_float_3_3
Parameters: 1 -2.7032e-08 0.000109 -2.7032e-08 1 0.000248 -0.000109 -0.000248 1 0.00430802 0.0495175 0.029148
FixedParameters: 0 0 0

#Transform 11
Transform: AffineTransform_float_3_3
Parameters: 1 -1.51294e-07 0.000253 -1.51294e-07 1 0.000598 -0.000253 -0.000598 1 0.00305824 0.00465101 0.0345046
FixedParameters: 0 0 0

#Transform 12
Transform: AffineTransform_float_3_3
Parameters: 1 -2.502e-07 0.0003 -2.502e-07 0.999999 0.000833999 -0.0003 -0.000833999 0.999999 0.00330759 -0.007244 0.0234976
FixedParameters: 0 0 0

#Transform 13
Transform: AffineTransform_float_3_3
Parameters: 1 -8.5833e-08 0.000297 -8.5833e-08 1 0.000289 -0.000297 -0.000289 1 -0.00324398 0.0227612 0.00349083
FixedParameters: 0 0 0

#Transform 14
Transform: AffineTransform_float_3_3
Parameters: 1 -1.81056e-07 0.000328 -1.81056e-07 1 0.000552 -0.000328 -0.000552 1 -0.00119429 0.0105698 0.0101011
FixedParameters: 0 0 0

#Transform 15
Transform: AffineTransform_float_3_3
Parameters: 1 -8.505e-08 0.00021 -8.505e-08 1 0.000405 -0.00021 -0.000405 1 -0.00088237 0.00561321 0.0178599
FixedParameters: 0 0 0

#Transform 16
Transform: AffineTransform_float_3_3
Parameters: 1 -1.11958e-07 0.000154 -1.11958e-07 0.999999 0.000727 -0.000154 -0.000727 0.999999 -0.000678477 -0.00666495 0.0217165
FixedParameters: 0 0 0

#Transform 17
Transform: AffineTransform_float_3_3
Parameters: 1 -4.2173e-08 0.000181 -4.2173e-08 1 0.000233 -0.000181 -0.000233 1 0.000552018 -0.00399745 0.00464388
FixedParameters: 0 0 0

#Transform 18
Transform: AffineTransform_float_3_3
Parameters: 1 7.89865e-05 9.7011e-05 -7.90135e-05 1 0.000138992 -9.6989e-05 -0.000139008 1 -0.00418514 0.0164854 -0.00301572
FixedParameters: 0 0 0

#Transform 19
Transform: AffineTransform_float_3_3
Parameters: 1 4.14e-09 -2e-05 4.14e-09 1 0.000207 2e-05 -0.000207 1 -0.00316705 0.00444246 0.0006705
FixedParameters: 0 0 0

#Transform 20
Transform: AffineTransform_float_3_3
Parameters: 1 -8.55e-10 5e-06 -8.55e-10 1 0.000171 -5e-06 -0.000171 1 -0.00282571 0.00712681 0.00670274
FixedParameters: 0 0 0

#Transform 21
Transform: AffineTransform_float_3_3
Parameters: 1 -2.22e-08 0.000111 -2.22e-08 1 0.0002 -0.000111 -0.0002 1 -0.0033387 0.0181169 -0.00224751
FixedParameters: 0 0 0

#Transform 22
Transform: AffineTransform_float_3_3
Parameters: 1 1.1607e-08 0.000159 1.1607e-08 1 -7.3e-05 -0.000159 7.3e-05 1 -0.00476848 0.0138982 -0.00576658
FixedParameters: 0 0 0

#Transform 23
Transform: AffineTransform_float_3_3
Parameters: 1 8.00125e-05 -0.000177994 -7.99875e-05 1 7.00142e-05 0.000178006 -6.99858e-05 1 -0.00596392 -0.00305202 -0.00856715
FixedParameters: 0 0 0

#Transform 24
Transform: AffineTransform_float_3_3
Parameters: 1 -9.69e-09 0.00017 -9.69e-09 1 5.7e-05 -0.00017 -5.7e-05 1 -0.00359078 0.017241 0.0083154
FixedParameters: 0 0 0

#Transform 25
Transform: AffineTransform_float_3_3
Parameters: 1 6.72e-09 3.2e-05 6.72e-09 1 -0.00021 -3.2e-05 0.00021 1 -0.00329693 -0.0198402 0.0252996
FixedParameters: 0 0 0

#Transform 26
Transform: AffineTransform_float_3_3
Parameters: 1 0.000182962 9.30741e-05 -0.000183038 1 0.000404983 -9.29259e-05 -0.000405017 1 -0.00319202 0.0331621 0.00457124
FixedParameters: 0 0 0

#Transform 27
Transform: AffineTransform_float_3_3
Parameters: 1 8.59892e-05 0.000127007 -8.60108e-05 1 8.49891e-05 -0.000126993 -8.50109e-05 1 -0.00227102 0.00537054 0.0138968
FixedParameters: 0 0 0

#Transform 28
Transform: AffineTransform_float_3_3
Parameters: 1 7.79592e-05 0.000117027 -7.80408e-05 1 0.000348991 -0.000116973 -0.000349009 1 -0.00354228 0.0198986 0.0211198
FixedParameters: 0 0 0

#Transform 29
Transform: AffineTransform_float_3_3
Parameters: 1 9.29647e-05 0.000192017 -9.30353e-05 1 0.000183982 -0.000191983 -0.000184018 1 -0.0071324 0.021755 -0.00986695
FixedParameters: 0 0 0

#Transform 30
Transform: AffineTransform_float_3_3
Parameters: 1 6.12e-08 0.00017 6.12e-08 1 -0.00036 -0.00017 0.00036 1 0.000690857 0.00758948 -0.0114692
FixedParameters: 0 0 0

#Transform 31
Transform: AffineTransform_float_3_3
Parameters: 1 2.5277e-08 0.000161 2.5277e-08 1 -0.000157 -0.000161 0.000157 1 -0.00263878 0.0180101 -0.0119022
FixedParameters: 0 0 0

#Transform 32
Transform: AffineTransform_float_3_3
Parameters: 1 0.000165004 7.09917e-05 -0.000164996 1 -5.00117e-05 -7.10082e-05 4.99883e-05 1 0.00323753 -0.0273554 -0.0174529
FixedParameters: 0 0 0

#Transform 33
Transform: AffineTransform_float_3_3
Parameters: 1 0.000215012 7.29654e-05 -0.000214988 1 -0.000161016 -7.30346e-05 0.000160984 1 -0.00261547 0.012313 -0.010104
FixedParameters: 0 0 0

#Transform 34
Transform: AffineTransform_float_3_3
Parameters: 1 0.000152044 5.98876e-05 -0.000151956 0.999999 -0.000739009 -6.01123e-05 0.00073899 0.999999 0.000242079 0.0457869 -0.00476888
FixedParameters: 0 0 0

#Transform 35
Transform: AffineTransform_float_3_3
Parameters: 1 2.20879e-05 0.000222991 -2.19121e-05 1 -0.000394005 -0.000223009 0.000393995 1 0.00164063 0.0148531 -0.00849262
FixedParameters: 0 0 0

#Transform 36
Transform: AffineTransform_float_3_3
Parameters: 1 0.000152079 0.000179933 -0.000151921 1 -0.000439027 -0.000180067 0.000438973 1 4.41378e-05 0.0152158 -0.0155381
FixedParameters: 0 0 0

#Transform 37
Transform: AffineTransform_float_3_3
Parameters: 1 0.000234997 -5.20117e-05 -0.000235003 1 -4.99878e-05 5.19882e-05 5.00122e-05 1 0.00267257 3.98468e-05 -0.010783
FixedParameters: 0 0 0

#Transform 38
Transform: AffineTransform_float_3_3
Parameters: 1 0.000152063 0.000134929 -0.000151937 1 -0.00046702 -0.000135071 0.000466979 1 -0.000997094 -0.000700775 -0.00205775
FixedParameters: 0 0 0

#Transform 39
Transform: AffineTransform_float_3_3
Parameters: 1 0.000230033 6.38827e-05 -0.000229967 1 -0.000510015 -6.41173e-05 0.000509985 1 -0.00172304 0.00763872 0.00564869
FixedParameters: 0 0 0

#Transform 40
Transform: AffineTransform_float_3_3
Parameters: 1 2.00136e-05 3.3992e-05 -1.99864e-05 1 -0.000400001 -3.4008e-05 0.000399999 1 -0.00241465 0.0148301 0.00706906
FixedParameters: 0 0 0

#Transform 41
Transform: AffineTransform_float_3_3
Parameters: 1 0.000201012 6.89636e-05 -0.000200987 1 -0.000181014 -6.90364e-05 0.000180986 1 -0.00507415 -0.00726006 -0.00291979
FixedParameters: 0 0 0

#Transform 42
Transform: AffineTransform_float_3_3
Parameters: 1 0.000212017 8.69593e-05 -0.000211983 1 -0.000192018 -8.70407e-05 0.000191982 1 -0.0052252 0.0254306 -0.00646451
FixedParameters: 0 0 0

#Transform 43
Transform: AffineTransform_float_3_3
Parameters: 1 0.000141977 -0.000102032 -0.000142023 1 -0.000224985 0.000101968 0.000225014 1 0.00273878 -0.00809498 -0.00431403
FixedParameters: 0 0 0

#Transform 44
Transform: AffineTransform_float_3_3
Parameters: 1 0.000151218 0.000370911 -0.000150781 1 -0.000589056 -0.000371089 0.000588944 1 -0.00258121 0.0655379 -0.0114106
FixedParameters: 0 0 0

#Transform 45
Transform: AffineTransform_float_3_3
Parameters: 1 0.000206134 0.000293906 -0.000205866 1 -0.00045606 -0.000294094 0.000455939 1 -0.00384648 0.0218861 -0.007226
FixedParameters: 0 0 0

#Transform 46
Transform: AffineTransform_float_3_3
Parameters: 1 3.30902e-05 0.000281989 -3.29098e-05 1 -0.000320009 -0.000282011 0.000319991 1 -0.00514297 0.0143532 -3.48482e-05
FixedParameters: 0 0 0

#Transform 47
Transform: AffineTransform_float_3_3
Parameters: 1 0.000178053 0.000197952 -0.000177947 1 -0.000270035 -0.000198048 0.000269965 1 -0.00394959 -0.000471473 -0.00741087
FixedParameters: 0 0 0

#Transform 48
Transform: AffineTransform_float_3_3
Parameters: 1 0.000178107 0.000308938 -0.000177893 1 -0.000347055 -0.000309062 0.000346945 1 -0.00114157 0.00524721 0.00641377
FixedParameters: 0 0 0

#Transform 49
Transform: AffineTransform_float_3_3
Parameters: 1 0.000178031 5.18932e-05 -0.000177969 1 -0.000600009 -5.11068e-05 0.000599991 1 -0.00428448 0.0159395 0.00164086
FixedParameters: 0 0 0

#Transform 50
Transform: AffineTransform_float_3_3
Parameters: 1 0.000178073 0.000132902 -0.000177927 1 -0.000550023 -0.000133098 0.000549976 1 -0.00585108 0.0156734 -0.0110639
FixedParameters: 0 0 0

#Transform 51
Transform: AffineTransform_float_3_3
Parameters: 1 0.000178134 0.000141832 -0.000177866 0.999999 -0.000943024 -0.000142168 0.000942974 0.999999 -0.00702258 0.0177328 2.75709e-05
FixedParameters: 0 0 0

#Transform 52
Transform: AffineTransform_float_3_3
Parameters: 1 0.000178059 6.88467e-05 -0.00017794 0.999999 -0.000861012 -6.91532e-05 0.000860987 0.999999 -0.00289244 0.014216 -0.0152143
FixedParameters: 0 0 0

#Transform 53
Transform: AffineTransform_float_3_3
Parameters: 1 0.00017802 4.79259e-05 -0.00017798 1 -0.000416008 -4.8074e-05 0.000415991 1 -0.0022636 0.00243619 0.0160456
FixedParameters: 0 0 0

#Transform 54
Transform: AffineTransform_float_3_3
Parameters: 1 0.000177948 -5.21781e-05 -0.000178053 0.999999 -0.00100099 5.28218e-05 0.00100101 0.999999 0.0010556 0.0284212 -0.0101978
FixedParameters: 0 0 0

#Transform 55
Transform: AffineTransform_float_3_3
Parameters: 1 0.000178107 9.58006e-05 -0.000177892 1 -0.00112002 -9.61993e-05 0.00111998 1 -0.00528834 0.0151149 -0.0115333
FixedParameters: 0 0 0

#Transform 56
Transform: AffineTransform_float_3_3
Parameters: 1 0.000177648 -0.000230272 -0.000178352 0.999999 -0.00153096 0.000229727 0.00153104 0.999999 -0.00167297 0.0302745 -0.00543572
FixedParameters: 0 0 0

#Transform 57
Transform: AffineTransform_float_3_3
Parameters: 1 0.00017769 -0.000202272 -0.000178309 0.999999 -0.00153096 0.000201727 0.00153104 0.999999 -0.0066122 0.0209252 0.00579869
FixedParameters: 0 0 0

#Transform 58
Transform: AffineTransform_float_3_3
Parameters: 1 0.000177697 -0.000198272 -0.000178304 0.999999 -0.00153096 0.000198727 0.00153103 0.999999 -0.00580438 0.00949636 0.00363851
FixedParameters: 0 0 0

#Transform 59
Transform: AffineTransform_float_3_3
Parameters: 1 0.000259889 -7.2398e-05 -0.00026011 0.999999 -0.00153098 7.16018e-05 0.00153102 0.999999 -0.00364952 0.0133342 -0.0170424
FixedParameters: 0 0 0

#Transform 60
Transform: AffineTransform_float_3_3
Parameters: 1 0.000176659 -0.000565421 -0.00017834 0.999997 -0.0023729 0.000564578 0.0023731 0.999997 -0.0030559 0.0427428 0.0292845
FixedParameters: 0 0 0

#Transform 61
Transform: AffineTransform_float_3_3
Parameters: 1 6.59374e-05 -0.000382185 -6.70621e-05 0.999996 -0.00278098 0.000381815 0.00278103 0.999996 -0.0018812 0.0274894 0.0276537
FixedParameters: 0 0 0

#Transform 62
Transform: AffineTransform_float_3_3
Parameters: 1 0.000177144 -0.000334455 -0.000177857 0.999996 -0.00256094 0.000334545 0.00256106 0.999996 0.00207975 0.0262573 0.0351036
FixedParameters: 0 0 0

#Transform 63
Transform: AffineTransform_float_3_3
Parameters: 1 0.000177566 -0.000198389 -0.000178435 0.999997 -0.00218996 0.00019861 0.00219003 0.999997 0.00120726 0.0528645 0.0292811
FixedParameters: 0 0 0

#Transform 64
Transform: AffineTransform_float_3_3
Parameters: 1 -4.84836e-05 -0.000197882 4.85161e-05 0.999997 -0.00244301 0.000198119 0.00244299 0.999997 -0.00152115 0.0252536 0.000149386
FixedParameters: 0 0 0

#Transform 65
Transform: AffineTransform_float_3_3
Parameters: 1 -3.44935e-05 -0.000197915 3.45063e-05 0.999997 -0.00249301 0.000198087 0.00249299 0.999997 -0.00142706 0.0174377 0.0164499
FixedParameters: 0 0 0

#Transform 66
Transform: AffineTransform_float_3_3
Parameters: 1 0.000177617 -0.000198344 -0.000178385 0.999998 -0.00193497 0.000198655 0.00193504 0.999998 0.0031509 0.023999 0.040523
FixedParameters: 0 0 0

#Transform 67
Transform: AffineTransform_float_3_3
Parameters: 1 0.000177644 -0.00019832 -0.000178358 0.999999 -0.00179797 0.00019868 0.00179804 0.999999 0.000904218 0.042546 0.0353802
FixedParameters: 0 0 0

#Transform 68
Transform: AffineTransform_float_3_3
Parameters: 1 0.000177644 -0.00019832 -0.000178358 0.999999 -0.00179797 0.00019868 0.00179804 0.999999 -0.00776798 0.0358491 0.0556275
FixedParameters: 0 0 0

#Transform 69
Transform: AffineTransform_float_3_3
Parameters: 1 0.00038674 -0.000445225 -0.00038726 1 -0.000582827 0.000445774 0.000583172 0.999999 -0.00995494 0.196939 0.0217708
FixedParameters: 0 0 0

#Transform 70
Transform: AffineTransform_float_3_3
Parameters: 1 0.000177978 -4.9079e-05 -0.000178022 1 -0.000443991 4.8921e-05 0.000444009 1 -0.00038037 -0.175709 0.0135399
FixedParameters: 0 0 0

#Transform 71
Transform: AffineTransform_float_3_3
Parameters: 1 0.000178425 0.000415818 -0.000178576 1 -0.00102108 -0.000415183 0.00102093 1 -0.00266328 -0.0394136 0.0506567
FixedParameters: 0 0 0

#Transform 72
Transform: AffineTransform_float_3_3
Parameters: 1 0.000178276 0.000184734 -0.000177725 0.999999 -0.00149503 -0.000184266 0.00149497 0.999999 0.00592118 0.03871 0.0291499
FixedParameters: 0 0 0

#Transform 73
Transform: AffineTransform_float_3_3
Parameters: 1 0.000178136 0.000197878 -0.000177864 0.999999 -0.000686035 -0.000198122 0.000685964 0.999999 -0.00640944 0.0412648 0.0113402
FixedParameters: 0 0 0

#Transform 74
Transform: AffineTransform_float_3_3
Parameters: 1 0.000178196 0.000198824 -0.000177805 1 -0.000986035 -0.000198175 0.000985965 0.999999 -0.0056442 0.0751243 0.0131197
FixedParameters: 0 0 0

#Transform 75
Transform: AffineTransform_float_3_3
Parameters: 1 0.000178275 0.000264815 -0.000177726 1 -0.00103805 -0.000264185 0.00103795 1 -0.0106064 0.0910132 0.0352788
FixedParameters: 0 0 0

#Transform 76
Transform: AffineTransform_float_3_3
Parameters: 1 0.000178382 0.000264743 -0.000178619 0.999999 -0.00144205 -0.000264258 0.00144195 0.999999 -0.00273017 0.0610134 0.0299521
FixedParameters: 0 0 0

#Transform 77
Transform: AffineTransform_float_3_3
Parameters: 1 -1.28809e-05 6.7023e-05 1.31191e-05 0.999999 -0.001778 -6.69768e-05 0.001778 0.999999 -0.00453012 0.0798121 0.0202292
FixedParameters: 0 0 0

#Transform 78
Transform: AffineTransform_float_3_3
Parameters: 1 2.71956e-05 0.000157966 -2.78044e-05 0.999999 -0.001238 -0.000158035 0.001238 0.999999 -0.00214309 0.0374919 0.0133434
FixedParameters: 0 0 0

#Transform 79
Transform: AffineTransform_float_3_3
Parameters: 1 0.00017832 0.000264785 -0.000177681 1 -0.00120705 -0.000264215 0.00120695 0.999999 -0.00463089 0.00139862 0.025751
FixedParameters: 0 0 0

#Transform 80
Transform: AffineTransform_float_3_3
Parameters: 1 0.0001782 0.000171793 -0.000177801 1 -0.00116503 -0.000171207 0.00116497 1 -0.00509796 -0.0135774 0.0153656
FixedParameters: 0 0 0

#Transform 81
Transform: AffineTransform_float_3_3
Parameters: 1 0.000178409 0.000264725 -0.000178592 0.999999 -0.00154305 -0.000264276 0.00154295 0.999999 0.00274101 0.00326342 0.00527214
FixedParameters: 0 0 0

#Transform 82
Transform: AffineTransform_float_3_3
Parameters: 1 0.000178023 1.47182e-05 -0.000177976 0.999998 -0.001583 -1.52818e-05 0.001583 0.999998 -0.0028536 0.00342893 -0.0194739
FixedParameters: 0 0 0

#Transform 83
Transform: AffineTransform_float_3_3
Parameters: 1 -0.000119367 -0.000177754 0.000119634 0.999998 -0.00206502 0.000177247 0.00206498 0.999998 0.00257254 0.00568297 -0.00433953
FixedParameters: 0 0 0

#Transform 84
Transform: AffineTransform_float_3_3
Parameters: 1 -0.000191729 -0.000258461 0.000191273 0.999996 -0.00281605 0.00025854 0.00281595 0.999996 0.00231242 0.0529478 0.0503418
FixedParameters: 0 0 0

#Transform 85
Transform: AffineTransform_float_3_3
Parameters: 1 -0.000247007 -0.000309198 0.000245993 0.999994 -0.00325307 0.000309802 0.00325292 0.999994 0.00393104 0.0637053 0.0445462
FixedParameters: 0 0 0

#Transform 86
Transform: AffineTransform_float_3_3
Parameters: 1 -0.000245175 -0.000369223 0.000243823 0.999995 -0.00317809 0.000370777 0.00317791 0.999995 0.00150514 0.0631282 0.0412542
FixedParameters: 0 0 0

#Transform 87
Transform: AffineTransform_float_3_3
Parameters: 1 -0.000223654 -0.000253424 0.000223344 0.999996 -0.00258005 0.000254577 0.00257994 0.999996 -0.000273845 0.0648667 0.0395275
FixedParameters: 0 0 0

#Transform 88
Transform: AffineTransform_float_3_3
Parameters: 1 0.000177852 -7.23647e-05 -0.000178147 0.999998 -0.00204999 7.16349e-05 0.00205001 0.999998 -0.00372172 0.0568276 -0.0165234
FixedParameters: 0 0 0

#Transform 89
Transform: AffineTransform_float_3_3
Parameters: 1 1.27113e-06 -0.000367003 -1.72886e-06 0.999998 -0.001986 0.000366997 0.001986 0.999998 -0.00280443 0.0190297 -0.0184096
FixedParameters: 0 0 0

#Transform 90
Transform: AffineTransform_float_3_3
Parameters: 1 0.000177832 -8.23647e-05 -0.000178168 0.999998 -0.00204998 8.16349e-05 0.00205001 0.999998 -0.00602029 0.0296932 0.000451963
FixedParameters: 0 0 0

#Transform 91
Transform: AffineTransform_float_3_3
Parameters: 1 4.78297e-06 -0.00010901 -4.21701e-06 0.999998 -0.001991 0.000108992 0.001991 0.999998 -0.00362023 0.0250069 -0.0140157
FixedParameters: 0 0 0

#Transform 92
Transform: AffineTransform_float_3_3
Parameters: 1 -1.12855e-05 -0.000143978 1.07144e-05 0.999998 -0.001983 0.000144022 0.001983 0.999998 -0.00350588 -0.0030405 -0.0199105
FixedParameters: 0 0 0

#Transform 93
Transform: AffineTransform_float_3_3
Parameters: 1 0.000177577 -0.000213353 -0.000178422 0.999998 -0.00198496 0.000212646 0.00198504 0.999998 -0.00356294 0.00658515 -0.0141756
FixedParameters: 0 0 0

#Transform 94
Transform: AffineTransform_float_3_3
Parameters: 1 0.000177227 -0.000377364 -0.000177772 0.999998 -0.00204993 0.000376636 0.00205007 0.999998 -0.00609324 -0.00912787 -0.00851683
FixedParameters: 0 0 0

#Transform 95
Transform: AffineTransform_float_3_3
Parameters: 1 0.000177644 -0.000307206 -0.000178356 1 -0.00115895 0.000306794 0.00115906 1 -0.00644291 0.00961473 -0.0214116
FixedParameters: 0 0 0

#Transform 96
Transform: AffineTransform_float_3_3
Parameters: 1 0.000455036 -0.000468964 -0.000454963 1 7.82134e-05 0.000469035 -7.77866e-05 1 -0.00831558 -0.0761519 0.0194613
FixedParameters: 0 0 0

#Transform 97
Transform: AffineTransform_float_3_3
Parameters: 0.999999 0.000697579 -0.000594493 -0.00069842 1 -0.000707585 0.000593505 0.000708414 0.999999 0.0108811 -0.0511372 0.0686194
FixedParameters: 0 0 0

#Transform 98
Transform: AffineTransform_float_3_3
Parameters: 1 0.000264584 -0.000498221 -0.000264415 0.999999 -0.000833868 0.000497779 0.000834131 0.999999 0.015059 0.234824 0.0624644
FixedParameters: 0 0 0

#Transform 99
Transform: AffineTransform_float_3_3
Parameters: 1 0.000184462 0.000199574 -0.000184537 0.999998 -0.00231404 -0.000200428 0.00231396 0.999998 0.00444277 0.230681 0.0324708
FixedParameters: 0 0 0

#Transform 100
Transform: AffineTransform_float_3_3
Parameters: 1 5.53189e-05 0.000216919 -5.46809e-05 0.999999 -0.00147001 -0.000217081 0.00146999 0.999999 0.00252 0.101364 0.00451731
FixedParameters: 0 0 0

#Transform 101
Transform: AffineTransform_float_3_3
Parameters: 1 -3.17077e-05 0.000301031 3.12923e-05 1 -0.000970992 -0.00030097 0.000971011 1 0.00664424 0.00990874 0.0110713
FixedParameters: 0 0 0

#Transform 102
Transform: AffineTransform_float_3_3
Parameters: 1 -3.18544e-05 0.000196024 3.11456e-05 0.999999 -0.000742993 -0.000195977 0.000743006 0.999999 -0.000826469 -0.0116481 0.00189638
FixedParameters: 0 0 0

#Transform 103
Transform: AffineTransform_float_3_3
Parameters: 1 -3.17693e-05 0.000196038 3.12307e-05 1 -0.00117699 -0.000195963 0.00117701 1 0.00178906 -0.0414578 -0.0104788
FixedParameters: 0 0 0

#Transform 104
Transform: AffineTransform_float_3_3
Parameters: 1 5.72888e-05 0.000195916 -5.6711e-05 0.999999 -0.00147401 -0.000196084 0.00147399 0.999999 -0.000221156 -0.0512746 0.0399301
FixedParameters: 0 0 0

#Transform 105
Transform: AffineTransform_float_3_3
Parameters: 1 4.54048e-05 0.000195907 -4.4595e-05 0.999998 -0.00206601 -0.000196093 0.00206599 0.999998 -0.00210856 -0.021834 0.04488
FixedParameters: 0 0 0

#Transform 106
Transform: AffineTransform_float_3_3
Parameters: 1 6.50817e-05 8.69388e-05 -6.49182e-05 0.999999 -0.000940005 -8.7061e-05 0.000939994 0.999999 -0.00440613 -0.00344761 0.0627215
FixedParameters: 0 0 0

#Transform 107
Transform: AffineTransform_float_3_3
Parameters: 1 0.000169284 0.000195754 -0.000168715 0.999999 -0.00145203 -0.000196245 0.00145197 0.999999 -0.00362735 0.0706117 0.0673017
FixedParameters: 0 0 0

#Transform 108
Transform: AffineTransform_float_3_3
Parameters: 1 0.000191269 0.000195738 -0.000190731 0.999999 -0.00137304 -0.000196262 0.00137296 0.999999 -0.00291245 0.0792234 0.0543616
FixedParameters: 0 0 0

#Transform 109
Transform: AffineTransform_float_3_3
Parameters: 1 0.00019234 0.000195666 -0.000191659 0.999998 -0.00173704 -0.000196333 0.00173696 0.999998 -0.00439208 0.0879407 0.025876
FixedParameters: 0 0 0

#Transform 110
Transform: AffineTransform_float_3_3
Parameters: 1 0.000114053 2.77836e-05 -0.000113947 0.999998 -0.001898 -2.82163e-05 0.001898 0.999998 -0.00220948 0.0968058 0.023543
FixedParameters: 0 0 0

#Transform 111
Transform: AffineTransform_float_3_3
Parameters: 1 7.4404e-05 0.000195847 -7.35957e-05 0.999998 -0.00206201 -0.000196152 0.00206198 0.999998 -0.0056425 0.0827834 0.0467397
FixedParameters: 0 0 0

#Transform 112
Transform: AffineTransform_float_3_3
Parameters: 1 0.000111416 0.000195764 -0.000110583 0.999997 -0.00212602 -0.000196235 0.00212598 0.999997 -0.00261427 0.0755555 0.0407654
FixedParameters: 0 0 0

#Transform 113
Transform: AffineTransform_float_3_3
Parameters: 1 0.000127853 -6.82754e-05 -0.000128146 0.999997 -0.00215299 6.77242e-05 0.00215301 0.999997 -0.00115606 0.0481702 0.0437925
FixedParameters: 0 0 0

#Transform 114
Transform: AffineTransform_float_3_3
Parameters: 1 0.000197832 -7.74308e-05 -0.000198169 0.999997 -0.00217698 7.75689e-05 0.00217601 0.999997 -0.00357077 0.00358392 0.039606
FixedParameters: 0 0 0

#Transform 115
Transform: AffineTransform_float_3_3
Parameters: 1 0.000134436 0.000195701 -0.000133564 0.999997 -0.00222402 -0.000196297 0.00222397 0.999997 -0.00882684 -0.00594393 0.0468146
FixedParameters: 0 0 0

#Transform 116
Transform: AffineTransform_float_3_3
Parameters: 1 0.000483718 -0.000114198 -0.000484281 0.999997 -0.00247694 0.000112801 0.00247705 0.999997 -0.00645552 -0.00906442 0.0191984
FixedParameters: 0 0 0

#Transform 117
Transform: AffineTransform_float_3_3
Parameters: 1 0.000250547 -0.000200567 -0.000251451 0.999998 -0.00225995 0.000199432 0.00226005 0.999998 -0.00469056 0.0132597 0.0445171
FixedParameters: 0 0 0

#Transform 118
Transform: AffineTransform_float_3_3
Parameters: 1 0.000218523 -0.000175596 -0.000218476 0.999997 -0.00272396 0.000174406 0.00272404 0.999997 -0.00291615 0.0292994 0.0326272
FixedParameters: 0 0 0

#Transform 119
Transform: AffineTransform_float_3_3
Parameters: 1 0.000197503 -0.000231425 -0.000198496 0.999997 -0.00214995 0.000230574 0.00214904 0.999997 -0.00897566 0.0548013 0.0255696
FixedParameters: 0 0 0

#Transform 120
Transform: AffineTransform_float_3_3
Parameters: 1 0.000204421 -0.00023251 -0.00020558 0.999997 -0.00249295 0.000232488 0.00249305 0.999997 -0.00923987 0.0364825 0.0355362
FixedParameters: 0 0 0

#Transform 121
Transform: AffineTransform_float_3_3
Parameters: 1 0.000200196 -0.000397406 -0.000200803 0.999998 -0.00202492 0.000396594 0.00202508 0.999998 -0.00939778 0.067785 0.0452854
FixedParameters: 0 0 0

#Transform 122
Transform: AffineTransform_float_3_3
Parameters: 1 0.000249378 -0.000237655 -0.000249624 0.999997 -0.00262294 0.000237346 0.00262306 0.999996 -0.0122944 0.065571 0.0174186
FixedParameters: 0 0 0

#Transform 123
Transform: AffineTransform_float_3_3
Parameters: 1 0.000362777 -0.000444002 -0.000364223 0.999996 -0.00275784 0.000442997 0.00275816 0.999996 -0.00768621 0.0415596 0.0319402
FixedParameters: 0 0 0

#Transform 124
Transform: AffineTransform_float_3_3
Parameters: 1 0.00048266 -0.000464397 -0.000483339 0.999995 -0.00288977 0.000462605 0.00289022 0.999995 -0.0129203 0.030441 0.0301078
FixedParameters: 0 0 0

#Transform 125
Transform: AffineTransform_float_3_3
Parameters: 1 0.000283403 -0.000240705 -0.000284598 0.999997 -0.00248493 0.000240293 0.00248507 0.999997 -0.00726866 0.0199396 0.0151095
FixedParameters: 0 0 0

#Transform 126
Transform: AffineTransform_float_3_3
Parameters: 1 0.000319022 7.06689e-06 -0.000318978 0.999995 -0.002925 -7.93304e-06 0.002925 0.999995 -0.0100899 0.0175923 0.0231675
FixedParameters: 0 0 0

#Transform 127
Transform: AffineTransform_float_3_3
Parameters: 1 0.000248409 -0.00020173 -0.000249591 0.999995 -0.00293395 0.000201268 0.00293405 0.999995 -0.0106748 0.017645 0.0297057
FixedParameters: 0 0 0

#Transform 128
Transform: AffineTransform_float_3_3
Parameters: 1 0.000483108 -0.000297454 -0.000483891 0.999996 -0.00300586 0.000295547 0.00300615 0.999996 -0.0128717 0.0282924 0.0287569
FixedParameters: 0 0 0

#Transform 129
Transform: AffineTransform_float_3_3
Parameters: 1 0.000277263 -0.00023288 -0.000278737 0.999995 -0.00316993 0.000232118 0.00317006 0.999995 -0.00318128 0.0300123 0.024091
FixedParameters: 0 0 0

#Transform 130
Transform: AffineTransform_float_3_3
Parameters: 1 0.000294079 -0.0003019 -0.000295922 0.999996 -0.00305591 0.000301097 0.00305609 0.999996 -0.00299541 0.036006 0.0282205
FixedParameters: 0 0 0

#Transform 131
Transform: AffineTransform_float_3_3
Parameters: 1 0.000337858 -0.00036506 -0.000339142 0.999995 -0.00313288 0.000363939 0.00313312 0.999995 -0.0109019 0.0747305 0.0372104
FixedParameters: 0 0 0

#Transform 132
Transform: AffineTransform_float_3_3
Parameters: 1 0.000483845 -6.51604e-05 -0.000484154 0.999997 -0.00239797 6.38392e-05 0.00239803 0.999997 -0.00668913 0.009216 0.0369478
FixedParameters: 0 0 0

#Transform 133
Transform: AffineTransform_float_3_3
Parameters: 1 0.000344178 -0.000302936 -0.000344822 0.999996 -0.0027169 0.000302064 0.00271711 0.999997 -0.00358832 0.0725865 0.0285199
FixedParameters: 0 0 0

#Transform 134
Transform: AffineTransform_float_3_3
Parameters: 1 0.000173537 -0.000168479 -0.000174465 0.999996 -0.00275497 0.00016852 0.00275503 0.999996 -0.00753588 0.0316888 0.0406352
FixedParameters: 0 0 0

#Transform 135
Transform: AffineTransform_float_3_3
Parameters: 1 0.00018876 -8.75204e-05 -0.000189242 0.999996 -0.00275498 8.7479e-05 0.00275502 0.999996 -0.00272324 0.0322141 0.0419616
FixedParameters: 0 0 0

#Transform 136
Transform: AffineTransform_float_3_3
Parameters: 1 0.0004832 -0.000309252 -0.000483798 0.999996 -0.00258985 0.000307748 0.00259015 0.999996 -0.00539257 0.0206907 0.0341341
FixedParameters: 0 0 0

#Transform 137
Transform: AffineTransform_float_3_3
Parameters: 1 0.000310693 -0.000111856 -0.000310307 0.999996 -0.00275497 0.000111146 0.00275504 0.999996 -0.00889414 0.0258304 0.032157
FixedParameters: 0 0 0

#Transform 138
Transform: AffineTransform_float_3_3
Parameters: 1 0.000404884 -0.000380191 -0.000406114 0.999995 -0.00293784 0.000378808 0.00293815 0.999995 -0.00403251 0.0522923 0.00305603
FixedParameters: 0 0 0

#Transform 139
Transform: AffineTransform_float_3_3
Parameters: 1 0.000482666 -0.00050029 -0.000483333 0.999997 -0.00266976 0.000498711 0.00267024 0.999997 -0.00431238 0.0442314 0.0160846
FixedParameters: 0 0 0

#Transform 140
Transform: AffineTransform_float_3_3
Parameters: 1 0.000482757 -0.000466291 -0.000484245 0.999997 -0.00266978 0.000465709 0.00267023 0.999997 -0.00451465 0.0277286 0.0285362
FixedParameters: 0 0 0

#Transform 141
Transform: AffineTransform_float_3_3
Parameters: 1 0.000483457 -0.000184428 -0.000483541 0.999995 -0.00295291 0.000182573 0.00295309 0.999995 -0.00603337 0.0390738 0.0256289
FixedParameters: 0 0 0

#Transform 142
Transform: AffineTransform_float_3_3
Parameters: 1 0.000483317 -0.000256291 -0.000483685 0.999997 -0.00266988 0.00025571 0.00267013 0.999997 -0.00564307 0.0320013 0.0142402
FixedParameters: 0 0 0

#Transform 143
Transform: AffineTransform_float_3_3
Parameters: 1 0.000482706 -0.000475317 -0.000484295 0.999996 -0.00272477 0.000474682 0.00272523 0.999996 -0.016033 0.0347193 0.0239244
FixedParameters: 0 0 0

#Transform 144
Transform: AffineTransform_float_3_3
Parameters: 0.999999 0.000331558 -0.000803428 -0.000335439 0.999991 -0.00428673 0.000801569 0.00428726 0.99999 -0.0136366 0.0395379 0.0875934
FixedParameters: 0 0 0

#Transform 145
Transform: AffineTransform_float_3_3
Parameters: 0.999998 0.000640212 -0.00192304 -0.000660787 0.999941 -0.0108287 0.00191596 0.0108302 0.999939 -0.0337143 0.010311 0.2691
FixedParameters: 0 0 0

#Transform 146
Transform: AffineTransform_float_3_3
Parameters: 0.999998 0.000977883 -0.0016608 -0.00099512 0.999939 -0.0109434 0.00165021 0.0109446 0.999938 -0.0495943 -0.0172827 0.241014
FixedParameters: 0 0 0

#Transform 147
Transform: AffineTransform_float_3_3
Parameters: 0.999998 0.000980626 -0.00137708 -0.000995372 0.999936 -0.0112076 0.00136593 0.0112094 0.999936 -0.0467693 -0.106478 0.265199
FixedParameters: 0 0 0

#Transform 148
Transform: AffineTransform_float_3_3
Parameters: 0.999999 0.000424861 -0.000812648 -0.00042714 0.999993 -0.00386566 0.000811354 0.00386635 0.999992 -0.0324895 -0.162203 0.322808
FixedParameters: 0 0 0

#Transform 149
Transform: AffineTransform_float_3_3
Parameters: 1 4.21368e-05 0.00021478 -4.08621e-05 0.999986 -0.00529001 -0.000215219 0.00528999 0.999986 -0.0230966 -0.137329 0.181556
FixedParameters: 0 0 0

#Transform 150
Transform: AffineTransform_float_3_3
Parameters: 1 0.000462573 0.000129978 -0.000462427 0.999991 -0.00437406 -0.000132024 0.00437394 0.999991 -0.0214089 0.0261253 0.0949661
FixedParameters: 0 0 0

#Transform 151
Transform: AffineTransform_float_3_3
Parameters: 1 0.000146677 0.000169416 -0.000145325 0.999992 -0.00399002 -0.000169581 0.00398998 0.999992 -0.0223702 0.0163699 0.103003
FixedParameters: 0 0 0

#Transform 152
Transform: AffineTransform_float_3_3
Parameters: 1 0.000384711 0.000168386 -0.000384291 0.999991 -0.00420007 -0.000169616 0.00419994 0.999991 -0.0197846 0.0680601 0.0852341
FixedParameters: 0 0 0

#Transform 153
Transform: AffineTransform_float_3_3
Parameters: 1 0.000126727 0.000169458 -0.000126275 0.999991 -0.00428502 -0.000169543 0.00428498 0.999991 -0.0195613 0.0583653 0.0895712
FixedParameters: 0 0 0

#Transform 154
Transform: AffineTransform_float_3_3
Parameters: 1 0.00026373 0.000168865 -0.000263269 0.99999 -0.00431104 -0.000170136 0.00431095 0.99999 -0.0178809 0.0452229 0.0863727
FixedParameters: 0 0 0

#Transform 155
Transform: AffineTransform_float_3_3
Parameters: 1 9.52166e-05 5.26098e-05 -9.47859e-05 0.999991 -0.004102 -5.23892e-05 0.00410199 0.999991 -0.0195055 0.0390428 0.101178
FixedParameters: 0 0 0

#Transform 156
Transform: AffineTransform_float_3_3
Parameters: 1 0.000250908 -0.000272012 -0.000252092 0.999992 -0.00402293 0.000270988 0.00402307 0.999992 -0.015878 0.0247649 0.0958457
FixedParameters: 0 0 0

#Transform 157
Transform: AffineTransform_float_3_3
Parameters: 1 0.000683209 -0.000798536 -0.00068479 0.999997 -0.00224446 0.000796465 0.00224555 0.999997 -0.0290905 -0.139072 0.20066
FixedParameters: 0 0 0

#Transform 158
Transform: AffineTransform_float_3_3
Parameters: 0.999999 0.00098883 -0.00107592 -0.00099217 0.999995 -0.00294994 0.00107308 0.00295106 0.999995 -0.0107623 -0.174258 0.236925
FixedParameters: 0 0 0

#Transform 159
Transform: AffineTransform_float_3_3
Parameters: 1 0.000452627 -0.000934155 -0.000455374 0.999996 -0.00254258 0.000932846 0.00254242 0.999997 -0.0114622 0.193823 0.174697
FixedParameters: 0 0 0

#Transform 160
Transform: AffineTransform_float_3_3
Parameters: 0.999999 0.000502339 -0.000752111 -0.000503659 0.999997 -0.00220862 0.000750889 0.00220938 0.999998 -0.0135916 0.327016 0.170187
FixedParameters: 0 0 0

#Transform 161
Transform: AffineTransform_float_3_3
Parameters: 1 9.92178e-05 -0.000517345 -0.000100781 0.999994 -0.00344595 0.000516656 0.00344605 0.999994 -0.00850102 0.0229102 0.182633
FixedParameters: 0 0 0

#Transform 162
Transform: AffineTransform_float_3_3
Parameters: 1 9.15713e-05 -0.000380347 -9.34274e-05 0.999993 -0.00375796 0.000379651 0.00375803 0.999993 -0.00794067 -0.00108035 0.18371
FixedParameters: 0 0 0

#Transform 163
Transform: AffineTransform_float_3_3
Parameters: 1 3.65325e-05 -0.000385142 -3.8467e-05 0.999992 -0.00381098 0.000384856 0.00381101 0.999992 -0.0113253 0.0076017 0.153237
FixedParameters: 0 0 0

#Transform 164
Transform: AffineTransform_float_3_3
Parameters: 1 5.66703e-05 -0.000425179 -5.83291e-05 0.999995 -0.00312798 0.00042482 0.00312802 0.999995 -0.0130905 -0.0258768 0.139265
FixedParameters: 0 0 0

#Transform 165
Transform: AffineTransform_float_3_3
Parameters: 1 0.000186322 -0.000530592 -0.00018768 0.999995 -0.0031649 0.000530409 0.0031641 0.999995 -0.0105495 -0.00637189 0.1247
FixedParameters: 0 0 0

#Transform 166
Transform: AffineTransform_float_3_3
Parameters: 1 0.000217495 -0.000531033 -0.000220505 0.999989 -0.00472188 0.000529964 0.00472211 0.999988 -0.0167552 -0.0103779 0.154464
FixedParameters: 0 0 0

#Transform 167
Transform: AffineTransform_float_3_3
Parameters: 1 0.00025531 -0.000531301 -0.000258693 0.999987 -0.00506886 0.000530695 0.00506914 0.999987 -0.0129956 -0.0197111 0.17507
FixedParameters: 0 0 0

#Transform 168
Transform: AffineTransform_float_3_3
Parameters: 0.999998 0.00081679 -0.00169347 -0.000825212 0.999985 -0.00544461 0.00168953 0.00544639 0.999983 -0.020533 -0.141227 0.354058
FixedParameters: 0 0 0

#Transform 169
Transform: AffineTransform_float_3_3
Parameters: 0.999999 0.000480098 -0.000572446 -0.000482899 0.999987 -0.00507972 0.000569554 0.00508027 0.999987 -0.00402718 0.353132 0.239131
FixedParameters: 0 0 0

#Transform 170
Transform: AffineTransform_float_3_3
Parameters: 1 0.000247122 -0.000351328 -0.000248876 0.999985 -0.00535491 0.000349672 0.00535508 0.999985 -0.00479434 0.152436 0.163316
FixedParameters: 0 0 0

#Transform 171
Transform: AffineTransform_float_3_3
Parameters: 1 0.000110017 -0.000408539 -0.000111981 0.999988 -0.00485796 0.000407461 0.00485805 0.999988 -0.012945 0.147438 0.136302
FixedParameters: 0 0 0

#Transform 172
Transform: AffineTransform_float_3_3
Parameters: 1 0.000104353 -0.000374463 -0.000105645 0.999991 -0.00440096 0.000373539 0.00440104 0.99999 -0.0164131 0.0406854 0.126436
FixedParameters: 0 0 0

#Transform 173
Transform: AffineTransform_float_3_3
Parameters: 1 0.000124595 -0.000357493 -0.000125407 0.999993 -0.00393296 0.00035751 0.00393305 0.999992 -0.0106958 6.5761e-05 0.0923447
FixedParameters: 0 0 0

#Transform 174
Transform: AffineTransform_float_3_3
Parameters: 1 0.000547318 -0.000821794 -0.00054968 0.999995 -0.00326755 0.000819209 0.00326745 0.999995 -0.0126632 -0.0471847 0.100424
FixedParameters: 0 0 0

#Transform 175
Transform: AffineTransform_float_3_3
Parameters: 0.999999 0.000587595 -0.00133295 -0.000592406 0.999995 -0.00330721 0.00133105 0.00330779 0.999993 -0.0346479 0.147515 0.227
FixedParameters: 0 0 0

#Transform 176
Transform: AffineTransform_float_3_3
Parameters: 0.999999 0.000778026 -0.00132593 -0.000782974 0.999992 -0.00375497 0.00132307 0.00375603 0.999992 -0.0047595 -0.177679 0.172313
FixedParameters: 0 0 0

#Transform 177
Transform: AffineTransform_float_3_3
Parameters: 1 0.000480573 -0.000822014 -0.000483428 0.999991 -0.00417461 0.00081999 0.0041744 0.999991 -0.010062 0.0113078 0.118197
FixedParameters: 0 0 0

#Transform 178
Transform: AffineTransform_float_3_3
Parameters: 1 0.000405645 -0.0005647 -0.000408357 0.999991 -0.00417777 0.000563299 0.00417723 0.999991 -0.0184426 0.0396376 0.0920985
FixedParameters: 0 0 0

#Transform 179
Transform: AffineTransform_float_3_3
Parameters: 1 0.000505366 -0.000822245 -0.000508633 0.99999 -0.00442558 0.000819757 0.00442642 0.99999 -0.0204907 0.0928795 0.0820055
FixedParameters: 0 0 0

#Transform 180
Transform: AffineTransform_float_3_3
Parameters: 1 0.000355503 -0.000594501 -0.000357496 0.999991 -0.00420679 0.000592501 0.00420621 0.999991 -0.0189413 0.0999732 0.0505937
FixedParameters: 0 0 0

#Transform 181
Transform: AffineTransform_float_3_3
Parameters: 1 0.000494184 -0.000412187 -0.000495815 0.99999 -0.0044178 0.000409813 0.0044182 0.99999 -0.0158934 0.084321 0.089304
FixedParameters: 0 0 0

#Transform 182
Transform: AffineTransform_float_3_3
Parameters: 0.999999 0.000511369 -0.000822268 -0.000514629 0.99999 -0.00442058 0.000819732 0.00442142 0.99999 -0.0124487 0.0843928 0.0889372
FixedParameters: 0 0 0

#Transform 183
Transform: AffineTransform_float_3_3
Parameters: 0.999999 0.000292008 -0.000699257 -0.000294991 0.999991 -0.0042828 0.000697743 0.00428221 0.999991 -0.0169847 0.0722007 0.0907187
FixedParameters: 0 0 0

#Transform 184
Transform: AffineTransform_float_3_3
Parameters: 1 0.000272358 -0.000398128 -0.000273641 0.999992 -0.00412989 0.000396873 0.00413011 0.999992 -0.0184149 0.0338483 0.0901833
FixedParameters: 0 0 0

#Transform 185
Transform: AffineTransform_float_3_3
Parameters: 1 0.000297308 -0.000398269 -0.000298691 0.999991 -0.00425588 0.000396732 0.00425612 0.999991 -0.0185455 0.013822 0.0858096
FixedParameters: 0 0 0

#Transform 186
Transform: AffineTransform_float_3_3
Parameters: 1 0.00048854 -0.000398795 -0.000489461 0.999993 -0.00366881 0.000397207 0.0036692 0.999993 -0.0142426 -0.00949822 0.0986873
FixedParameters: 0 0 0

#Transform 187
Transform: AffineTransform_float_3_3
Parameters: 0.999999 0.000325463 -0.000646284 -0.000328536 0.999992 -0.00392879 0.000644714 0.00392921 0.999992 -0.0109261 -0.0138753 0.0951182
FixedParameters: 0 0 0

#Transform 188
Transform: AffineTransform_float_3_3
Parameters: 0.999999 0.000372698 -0.000610411 -0.000375304 0.999993 -0.00377577 0.000609587 0.00377623 0.999992 -0.01814 0.00863677 0.101453
FixedParameters: 0 0 0

#Transform 189
Transform: AffineTransform_float_3_3
Parameters: 0.999999 0.00051154 -0.000630005 -0.00051446 0.999992 -0.00391068 0.000627993 0.00391032 0.999992 -0.0149653 0.0340777 0.095465
FixedParameters: 0 0 0

#Transform 190
Transform: AffineTransform_float_3_3
Parameters: 1 0.000415421 -0.000398652 -0.000416581 0.999992 -0.00396983 0.000397349 0.00397017 0.999992 -0.0131788 0.0633717 0.086713
FixedParameters: 0 0 0

#Transform 191
Transform: AffineTransform_float_3_3
Parameters: 0.999999 0.000393154 -0.000754489 -0.000395844 0.999993 -0.0037757 0.00075251 0.00377529 0.999992 -0.0155037 0.0543062 0.0971673
FixedParameters: 0 0 0

#Transform 192
Transform: AffineTransform_float_3_3
Parameters: 1 0.000476917 -0.000774906 -0.000480083 0.999992 -0.00398263 0.000773094 0.00398337 0.999992 -0.021649 0.0554952 0.0999483
FixedParameters: 0 0 0

#Transform 193
Transform: AffineTransform_float_3_3
Parameters: 1 0.000466036 -0.000439093 -0.000467963 0.99999 -0.00448179 0.000436907 0.0044822 0.99999 -0.021115 0.124029 0.0962317
FixedParameters: 0 0 0

#Transform 194
Transform: AffineTransform_float_3_3
Parameters: 0.999999 0.000409355 -0.000808854 -0.000413645 0.999989 -0.00451066 0.000807141 0.00451133 0.999989 -0.0143383 0.0576354 0.100791
FixedParameters: 0 0 0

#Transform 195
Transform: AffineTransform_float_3_3
Parameters: 0.999999 0.000420187 -0.000637862 -0.000422814 0.99999 -0.00441673 0.000636138 0.00441727 0.99999 -0.0182027 0.0180739 0.125971
FixedParameters: 0 0 0

#Transform 196
Transform: AffineTransform_float_3_3
Parameters: 0.999999 0.000519632 -0.000801194 -0.000523366 0.999991 -0.00420858 0.000798804 0.00420942 0.999991 -0.014884 0.0299901 0.121288
FixedParameters: 0 0 0

#Transform 197
Transform: AffineTransform_float_3_3
Parameters: 0.999999 0.000499713 -0.000580975 -0.000501287 0.999992 -0.00394271 0.000579028 0.00394329 0.999992 -0.0157467 0.0452612 0.115635
FixedParameters: 0 0 0

#Transform 198
Transform: AffineTransform_float_3_3
Parameters: 0.999999 0.000491913 -0.000618468 -0.000495084 0.999988 -0.0050007 0.000615532 0.00500131 0.999988 -0.0163142 0.0702366 0.100054
FixedParameters: 0 0 0

#Transform 199
Transform: AffineTransform_float_3_3
Parameters: 0.999999 0.000502221 -0.0006818 -0.00050578 0.999985 -0.00555366 0.000679201 0.00555435 0.999985 -0.0162218 -0.0179054 0.113193
FixedParameters: 0 0 0

#Transform 200
Transform: AffineTransform_float_3_3
Parameters: 1 0.000469584 -0.000477389 -0.000472419 0.999987 -0.00507378 0.000475609 0.00507422 0.999987 -0.0158425 0.0644235 0.0910984
FixedParameters: 0 0 0

#Transform 201
Transform: AffineTransform_float_3_3
Parameters: 1 0.000505342 -0.000399108 -0.000506657 0.999991 -0.0041638 0.000396894 0.0041642 0.999992 -0.0178537 0.0498546 0.102078
FixedParameters: 0 0 0

#Transform 202
Transform: AffineTransform_float_3_3
Parameters: 1 0.000296582 -0.000531357 -0.000299417 0.99999 -0.00455784 0.000529641 0.00455716 0.999989 -0.0221789 0.0504705 0.0966117
FixedParameters: 0 0 0

#Transform 203
Transform: AffineTransform_float_3_3
Parameters: 0.999999 0.000288143 -0.000649275 -0.000290855 0.999991 -0.00440381 0.000647725 0.00440419 0.99999 -0.0217269 0.0351924 0.0791398
FixedParameters: 0 0 0

#Transform 204
Transform: AffineTransform_float_3_3
Parameters: 0.999999 0.000289976 -0.000667321 -0.000293022 0.999989 -0.0045348 0.000665677 0.00453519 0.999989 -0.0154374 0.0548517 0.0910309
FixedParameters: 0 0 0

#Transform 205
Transform: AffineTransform_float_3_3
Parameters: 0.999999 0.000448439 -0.000638805 -0.000451561 0.999992 -0.00401371 0.000637192 0.00401429 0.999991 -0.0149505 0.0465628 0.081408
FixedParameters: 0 0 0

#Transform 206
Transform: AffineTransform_float_3_3
Parameters: 1 0.000478241 -0.000399117 -0.000479758 0.99999 -0.00441781 0.000396884 0.00441819 0.99999 -0.0209795 0.0381717 0.0784171
FixedParameters: 0 0 0

#Transform 207
Transform: AffineTransform_float_3_3
Parameters: 1 0.000813139 -0.000873673 -0.000816863 0.999995 -0.00328029 0.000871326 0.00328071 0.999994 -0.0173316 0.279849 0.0342913
FixedParameters: 0 0 0

#Transform 208
Transform: AffineTransform_float_3_3
Parameters: 0.999999 0.000615337 -0.000708321 -0.000617661 0.999992 -0.00376456 0.000705679 0.00376543 0.999992 -0.00743002 -0.164824 -0.0383832
FixedParameters: 0 0 0

#Transform 209
Transform: AffineTransform_float_3_3
Parameters: 1 0.000480835 -0.00039841 -0.000482164 0.999995 -0.00292981 0.000396589 0.00292919 0.999995 -0.0115575 -0.0937456 -0.0098869
FixedParameters: 0 0 0

#Transform 210
Transform: AffineTransform_float_3_3
Parameters: 1 0.000292527 -0.000398087 -0.000294473 0.999993 -0.00370588 0.000396911 0.00370612 0.999993 -0.0118002 0.0132403 -0.0311872
FixedParameters: 0 0 0

#Transform 211
Transform: AffineTransform_float_3_3
Parameters: 1 0.000254409 -0.000398021 -0.000255591 0.999992 -0.0040029 0.00039698 0.0040031 0.999992 -0.0111551 0.0176294 -0.0132092
FixedParameters: 0 0 0

#Transform 212
Transform: AffineTransform_float_3_3
Parameters: 1 0.000353167 -0.000228295 -0.000353832 0.999993 -0.00366092 0.000226706 0.00366108 0.999994 -0.0143126 0.0708562 -0.0241273
FixedParameters: 0 0 0

#Transform 213
Transform: AffineTransform_float_3_3
Parameters: 1 0.000283717 -0.00033509 -0.000285282 0.999992 -0.0038349 0.000333908 0.00383509 0.999992 -0.0156644 0.10057 -0.00439209
FixedParameters: 0 0 0

#Transform 214
Transform: AffineTransform_float_3_3
Parameters: 1 0.000282973 -0.000466236 -0.000285026 0.999991 -0.00435387 0.000464763 0.00435413 0.99999 -0.0189802 0.0949285 -0.00625725
FixedParameters: 0 0 0

#Transform 215
Transform: AffineTransform_float_3_3
Parameters: 1 0.000500482 -0.000362108 -0.000501522 0.999991 -0.00420482 0.000360894 0.00420518 0.999991 -0.0151674 0.0921124 0.0131608
FixedParameters: 0 0 0

#Transform 216
Transform: AffineTransform_float_3_3
Parameters: 1 0.00017563 -0.000579724 -0.000178367 0.999991 -0.0040909 0.000578275 0.0040911 0.999992 -0.0112374 0.0383869 0.0472376
FixedParameters: 0 0 0

#Transform 217
Transform: AffineTransform_float_3_3
Parameters: 1 0.000384555 -0.000296882 -0.000385446 0.999988 -0.00488389 0.000295121 0.00488411 0.999988 -0.0210591 0.0527126 0.035943
FixedParameters: 0 0 0

#Transform 218
Transform: AffineTransform_float_3_3
Parameters: 1 0.000239783 -0.000293 -0.000241217 0.999992 -0.00415993 0.000291999 0.00416007 0.999992 -0.0167641 0.00775276 0.0435056
FixedParameters: 0 0 0

#Transform 219
Transform: AffineTransform_float_3_3
Parameters: 1 0.000288205 -0.000432203 -0.000289795 0.999992 -0.00415988 0.000430798 0.00416013 0.999992 -0.0123825 -0.00915292 0.0270037
FixedParameters: 0 0 0

#Transform 220
Transform: AffineTransform_float_3_3
Parameters: 1 0.000508673 -0.000320119 -0.000509327 0.999991 -0.00415984 0.000317884 0.00416016 0.999992 -0.0166385 -0.00515784 0.0387011
FixedParameters: 0 0 0

#Transform 221
Transform: AffineTransform_float_3_3
Parameters: 1 0.000482336 -0.00040101 -0.000484664 0.999991 -0.00415981 0.000398987 0.0041602 0.999992 -0.0136828 0.00538839 0.0270419
FixedParameters: 0 0 0

#Transform 222
Transform: AffineTransform_float_3_3
Parameters: 1 0.000396434 -0.000363715 -0.000398563 0.99999 -0.00431685 0.000361283 0.00431614 0.99999 -0.0129891 0.0245095 0.0420747
FixedParameters: 0 0 0

#Transform 223
Transform: AffineTransform_float_3_3
Parameters: 1 0.000444403 -0.000384852 -0.000446598 0.999991 -0.00415983 0.000383145 0.00416017 0.999992 -0.0129364 0.0557119 0.0521881
FixedParameters: 0 0 0

#Transform 224
Transform: AffineTransform_float_3_3
Parameters: 1 0.000501473 -0.000347216 -0.000502526 0.99999 -0.00441183 0.000344787 0.00441118 0.99999 -0.0140847 0.0706026 0.0239863
FixedParameters: 0 0 0

#Transform 225
Transform: AffineTransform_float_3_3
Parameters: 1 0.000437399 -0.00053414 -0.0004396 0.999988 -0.00487877 0.000531861 0.00487923 0.999988 -0.0179072 0.0729096 0.052455
FixedParameters: 0 0 0

#Transform 226
Transform: AffineTransform_float_3_3
Parameters: 1 0.000337399 -0.000551599 -0.000339602 0.999989 -0.00472081 0.000550403 0.00472118 0.999988 -0.0138266 0.0894358 0.0546402
FixedParameters: 0 0 0

#Transform 227
Transform: AffineTransform_float_3_3
Parameters: 1 0.000202704 -0.000513911 -0.000205297 0.99999 -0.00447189 0.000513087 0.0044721 0.99999 -0.0167431 0.0226586 0.0532279
FixedParameters: 0 0 0

#Transform 228
Transform: AffineTransform_float_3_3
Parameters: 1 0.000410658 -0.000455124 -0.000413341 0.999986 -0.00515681 0.000452874 0.00515718 0.999986 -0.0145588 0.0668219 0.0489103
FixedParameters: 0 0 0

#Transform 229
Transform: AffineTransform_float_3_3
Parameters: 0.999999 0.00036486 -0.000621853 -0.000368141 0.999987 -0.00505677 0.000620146 0.00505723 0.999987 -0.0170694 0.0346135 0.0498579
FixedParameters: 0 0 0

#Transform 230
Transform: AffineTransform_float_3_3
Parameters: 1 0.000330585 -0.000523533 -0.000332418 0.99999 -0.00462083 0.00052247 0.00462018 0.999989 -0.017012 0.0109277 0.0310831
FixedParameters: 0 0 0

#Transform 231
Transform: AffineTransform_float_3_3
Parameters: 1 0.000354033 -0.000439591 -0.000355964 0.99999 -0.00448184 0.000437409 0.00448215 0.99999 -0.0167351 0.00788808 0.0488436
FixedParameters: 0 0 0

#Transform 232
Transform: AffineTransform_float_3_3
Parameters: 1 0.000415515 -0.000510035 -0.000417485 0.999988 -0.00488279 0.000507968 0.00488221 0.999988 -0.0141864 0.0332578 0.0277624
FixedParameters: 0 0 0

#Transform 233
Transform: AffineTransform_float_3_3
Parameters: 1 0.000284791 -0.000635448 -0.000288213 0.999987 -0.00505682 0.000634551 0.00505618 0.999987 -0.0149324 0.0484066 0.039113
FixedParameters: 0 0 0

#Transform 234
Transform: AffineTransform_float_3_3
Parameters: 1 0.000348044 -0.000590752 -0.000350953 0.999988 -0.0050128 0.000588248 0.00501221 0.999988 -0.0183917 0.048311 0.0163558
FixedParameters: 0 0 0

#Transform 235
Transform: AffineTransform_float_3_3
Parameters: 0.999999 0.000433005 -0.000603162 -0.000435995 0.999988 -0.00497474 0.000600838 0.00497527 0.999988 -0.0191597 0.048022 0.0562093
FixedParameters: 0 0 0

#Transform 236
Transform: AffineTransform_float_3_3
Parameters: 1 -5.54392e-05 -0.000328761 5.35598e-05 0.999991 -0.00437602 0.000329238 0.00437599 0.999991 -0.0314811 0.0592611 0.0857564
FixedParameters: 0 0 0

#Transform 237
Transform: AffineTransform_float_3_3
Parameters: 1 2.66729e-05 -0.000502129 -2.83265e-05 0.99999 -0.00463499 0.000501874 0.00463502 0.999989 -0.0186557 0.106675 0.166812
FixedParameters: 0 0 0

#Transform 238
Transform: AffineTransform_float_3_3
Parameters: 1 0.000482714 -0.000430576 -0.000485288 0.999985 -0.00532379 0.000428422 0.0053242 0.999985 -0.00790224 0.0320475 0.102085
FixedParameters: 0 0 0

#Transform 239
Transform: AffineTransform_float_3_3
Parameters: 1 0.000165854 -0.000347034 -0.000168145 0.999981 -0.00619194 0.000345965 0.00619206 0.999981 -0.010421 0.0553799 0.0951806
FixedParameters: 0 0 0

#Transform 240
Transform: AffineTransform_float_3_3
Parameters: 1 0.000258836 -0.000627733 -0.000263165 0.999978 -0.00664183 0.000626266 0.00664216 0.999977 -0.0103819 0.0621115 0.160909
FixedParameters: 0 0 0

#Transform 241
Transform: AffineTransform_float_3_3
Parameters: 1 5.3665e-05 -0.000518356 -5.73392e-05 0.99998 -0.00643597 0.000518642 0.00643603 0.999979 -0.0102885 0.0493933 0.156412
FixedParameters: 0 0 0

#Transform 242
Transform: AffineTransform_float_3_3
Parameters: 1 0.000223773 -0.000388292 -0.000225225 0.999984 -0.00574492 0.000386713 0.00574509 0.999984 -0.0143602 0.0611367 0.0694738
FixedParameters: 0 0 0

#Transform 243
Transform: AffineTransform_float_3_3
Parameters: 1 0.00023388 -0.000377322 -0.000236118 0.999984 -0.00562791 0.000375677 0.00562809 0.999984 -0.0182521 0.037787 0.0645196
FixedParameters: 0 0 0

#Transform 244
Transform: AffineTransform_float_3_3
Parameters: 1 0.000276732 -0.000391612 -0.00027927 0.999983 -0.00580289 0.000390386 0.00580311 0.999983 -0.0112288 0.0244492 0.0467109
FixedParameters: 0 0 0

#Transform 245
Transform: AffineTransform_float_3_3
Parameters: 1 0.000200535 -0.00039526 -0.000203463 0.999981 -0.00624593 0.000393737 0.00624609 0.999981 -0.0196214 0.0391809 0.0632267
FixedParameters: 0 0 0

#Transform 246
Transform: AffineTransform_float_3_3
Parameters: 1 0.000158749 -0.000372966 -0.000161251 0.999981 -0.00604394 0.000372032 0.00604406 0.999981 -0.00991294 0.0356223 0.0237612
FixedParameters: 0 0 0

#Transform 247
Transform: AffineTransform_float_3_3
Parameters: 1 0.000147474 -0.000413909 -0.000149526 0.999982 -0.00610894 0.000413094 0.00610907 0.999982 -0.0208262 0.0346515 0.0350557
FixedParameters: 0 0 0

#Transform 248
Transform: AffineTransform_float_3_3
Parameters: 1 0.000394766 -0.000517483 -0.000398237 0.999981 -0.0062648 0.000515515 0.00626521 0.99998 -0.0162642 0.0583723 0.0319361
FixedParameters: 0 0 0

#Transform 249
Transform: AffineTransform_float_3_3
Parameters: 1 0.000220765 -0.00034743 -0.000223232 0.999979 -0.00644493 0.000345568 0.00644508 0.999979 -0.0213914 0.0496218 0.0771689
FixedParameters: 0 0 0

#Transform 250
Transform: AffineTransform_float_3_3
Parameters: 1 0.000124032 -0.000442842 -0.000126969 0.999977 -0.00670794 0.000442158 0.00670805 0.999978 -0.0122336 0.0601387 0.0683843
FixedParameters: 0 0 0

#Transform 251
Transform: AffineTransform_float_3_3
Parameters: 1 0.000153482 -0.000232012 -0.000155518 0.999979 -0.00655897 0.000230985 0.00655904 0.999979 -0.0199259 0.0428933 0.0549865
FixedParameters: 0 0 0

#Transform 252
Transform: AffineTransform_float_3_3
Parameters: 1 0.000321238 -0.000278048 -0.000323761 0.999979 -0.00635891 0.000275947 0.00635909 0.999979 -0.0229173 0.0267681 0.0583008
FixedParameters: 0 0 0

#Transform 253
Transform: AffineTransform_float_3_3
Parameters: 1 0.000186637 -0.000372194 -0.000189362 0.99998 -0.00635893 0.000370803 0.00635907 0.999979 -0.0187138 0.0700344 0.033483
FixedParameters: 0 0 0

#Transform 254
Transform: AffineTransform_float_3_3
Parameters: 1 0.000171275 -0.000429098 -0.000173724 0.99998 -0.00635892 0.000427904 0.00635907 0.999979 -0.0202997 0.0343761 0.0389129
FixedParameters: 0 0 0

#Transform 255
Transform: AffineTransform_float_3_3
Parameters: 1 0.00017505 -0.000475097 -0.000177955 0.99998 -0.00621591 0.000474903 0.00621608 0.99998 -0.0135295 0.0325184 0.0566357
FixedParameters: 0 0 0

#Transform 256
Transform: AffineTransform_float_3_3
Parameters: 1 0.000142976 -0.000309942 -0.000145024 0.999978 -0.00653995 0.000309058 0.00654004 0.999978 -0.0108578 0.0325704 0.0525311
FixedParameters: 0 0 0

#Transform 257
Transform: AffineTransform_float_3_3
Parameters: 1 0.000131907 -0.000486848 -0.000135094 0.99998 -0.00635893 0.000486151 0.00635906 0.999979 -0.0197503 0.026187 0.044914
FixedParameters: 0 0 0

#Transform 258
Transform: AffineTransform_float_3_3
Parameters: 1 0.000145262 -0.00028888 -0.000146739 0.999982 -0.00602496 0.000288121 0.00602504 0.999982 -0.0173409 0.0258465 0.0338598
FixedParameters: 0 0 0

#Transform 259
Transform: AffineTransform_float_3_3
Parameters: 1 0.000162412 -0.000395074 -0.000164587 0.999979 -0.00655894 0.000393929 0.00655907 0.999979 -0.0147539 0.046616 0.0146927
FixedParameters: 0 0 0

#Transform 260
Transform: AffineTransform_float_3_3
Parameters: 1 0.000135982 -0.000437948 -0.000139018 0.999976 -0.00689794 0.000437051 0.00689806 0.999976 -0.0131028 0.0623129 0.0161046
FixedParameters: 0 0 0

#Transform 261
Transform: AffineTransform_float_3_3
Parameters: 1 0.000243482 -0.000436415 -0.000245522 0.999984 -0.0057799 0.000435588 0.00578011 0.999983 -0.0251679 -0.0031595 0.0527627
FixedParameters: 0 0 0

#Transform 262
Transform: AffineTransform_float_3_3
Parameters: 0.999999 0.00019754 -0.000720519 -0.000202464 0.999971 -0.00758586 0.000719485 0.00758615 0.999971 -0.0164525 0.143684 0.0074755
FixedParameters: 0 0 0

#Transform 263
Transform: AffineTransform_float_3_3
Parameters: 0.999999 0.000219548 -0.000848429 -0.000224449 0.99998 -0.00643081 0.000846574 0.00643119 0.999979 -0.0191892 -0.0356503 0.0686093
FixedParameters: 0 0 0

#Transform 264
Transform: AffineTransform_float_3_3
Parameters: 0.999999 0.000167137 -0.000795037 -0.000171862 0.999982 -0.00611987 0.000793963 0.00612014 0.999981 -0.0185928 0.0508443 0.0307149
FixedParameters: 0 0 0

#Transform 265
Transform: AffineTransform_float_3_3
Parameters: 1 0.000112539 -0.000540732 -0.000115462 0.99998 -0.00640394 0.000540272 0.00640407 0.99998 -0.0205611 0.0201689 0.00898833
FixedParameters: 0 0 0

#Transform 266
Transform: AffineTransform_float_3_3
Parameters: 1 0.000233177 -0.000608479 -0.000236827 0.99998 -0.00629086 0.000607522 0.00629014 0.99998 -0.0178337 0.0229727 -0.00701813
FixedParameters: 0 0 0

#Transform 267
Transform: AffineTransform_float_3_3
Parameters: 0.999999 0.00020981 -0.000798381 -0.000215194 0.999979 -0.00650583 0.000797616 0.00650617 0.999978 -0.0145036 0.0361367 0.00742715
FixedParameters: 0 0 0

#Transform 268
Transform: AffineTransform_float_3_3
Parameters: 0.999999 0.000395005 -0.000773571 -0.000399991 0.999979 -0.00646769 0.000770428 0.00646831 0.999979 -0.0221087 0.0405492 0.00810941
FixedParameters: 0 0 0

#Transform 269
Transform: AffineTransform_float_3_3
Parameters: 0.999999 0.000144455 -0.000860948 -0.000150545 0.999979 -0.00644387 0.000860047 0.00644413 0.999979 -0.010461 0.0589008 0.00840663
FixedParameters: 0 0 0

#Transform 270
Transform: AffineTransform_float_3_3
Parameters: 0.999999 0.000165097 -0.000868143 -0.000171902 0.999977 -0.00680385 0.00086685 0.00680414 0.999976 -0.0174445 0.0421902 -0.00783793
FixedParameters: 0 0 0

#Transform 271
Transform: AffineTransform_float_3_3
Parameters: 0.999999 0.000509715 -0.00113031 -0.000517289 0.999979 -0.00645342 0.00112768 0.00645458 0.999978 -0.0186627 0.0811812 0.057603
FixedParameters: 0 0 0

#Transform 272
Transform: AffineTransform_float_3_3
Parameters: 1 0.000304954 -0.00102113 -0.000312046 0.999976 -0.00690768 0.00101887 0.00690731 0.999975 -0.012256 0.00470477 0.0355566
FixedParameters: 0 0 0

#Transform 273
Transform: AffineTransform_float_3_3
Parameters: 1 0.000396123 -0.00109451 -0.000402874 0.99998 -0.00629056 0.00109149 0.00629044 0.999979 -0.014111 0.0338279 0.0391677
FixedParameters: 0 0 0

#Transform 274
Transform: AffineTransform_float_3_3
Parameters: 1 0.000483807 -0.000986063 -0.000490193 0.99998 -0.00629052 0.000982936 0.00629048 0.999979 -0.0154694 0.0308681 0.00533277
FixedParameters: 0 0 0

#Transform 275
Transform: AffineTransform_float_3_3
Parameters: 0.999999 0.00052775 -0.00111745 -0.000535248 0.999978 -0.00649841 0.00111355 0.00649859 0.999979 -0.0190462 0.046041 0.00327661
FixedParameters: 0 0 0

#Transform 276
Transform: AffineTransform_float_3_3
Parameters: 1 0.000390254 -0.00114667 -0.000397749 0.999977 -0.00676355 0.00114434 0.00676346 0.999977 -0.0181407 0.0331653 -0.0133228
FixedParameters: 0 0 0

#Transform 277
Transform: AffineTransform_float_3_3
Parameters: 1 0.000361914 -0.00116255 -0.00037009 0.999975 -0.00696357 0.00116045 0.00696342 0.999975 -0.0241405 0.0495608 -0.00291876
FixedParameters: 0 0 0

#Transform 278
Transform: AffineTransform_float_3_3
Parameters: 0.999999 0.000534333 -0.00115358 -0.000542669 0.999977 -0.00665538 0.00115041 0.00665662 0.999977 -0.019402 0.0427235 -0.0107744
FixedParameters: 0 0 0

#Transform 279
Transform: AffineTransform_float_3_3
Parameters: 0.999999 0.000370908 -0.0012135 -0.000378095 0.999977 -0.00667454 0.0012115 0.00667545 0.999977 -0.0250463 0.0355954 0.000748863
FixedParameters: 0 0 0

#Transform 280
Transform: AffineTransform_float_3_3
Parameters: 0.999999 0.000519896 -0.00126677 -0.000529105 0.999974 -0.00719634 0.00126323 0.00719767 0.999974 -0.0191052 0.0597816 -0.0288303
FixedParameters: 0 0 0

#Transform 281
Transform: AffineTransform_float_3_3
Parameters: 0.999999 0.000470439 -0.00120837 -0.000478559 0.999974 -0.00709443 0.00120464 0.00709457 0.999974 -0.0239728 0.0449573 -0.0158732
FixedParameters: 0 0 0

#Transform 282
Transform: AffineTransform_float_3_3
Parameters: 0.999999 0.000308596 -0.00129903 -0.000317403 0.999979 -0.00647359 0.00129697 0.00647441 0.999978 -0.0150704 0.033935 -0.0331319
FixedParameters: 0 0 0

#Transform 283
Transform: AffineTransform_float_3_3
Parameters: 0.999999 0.000380164 -0.00126868 -0.000388838 0.999975 -0.00697151 0.00126632 0.00697248 0.999975 -0.0176938 0.036321 -0.0148829
FixedParameters: 0 0 0

#Transform 284
Transform: AffineTransform_float_3_3
Parameters: 0.999999 0.000362024 -0.0013694 -0.000370974 0.999979 -0.0065605 0.0013666 0.0065605 0.999977 -0.0178762 0.0301093 -0.0138327
FixedParameters: 0 0 0

#Transform 285
Transform: AffineTransform_float_3_3
Parameters: 0.999999 0.000393549 -0.00145858 -0.000403448 0.999979 -0.00648542 0.00145541 0.00648558 0.999978 -0.0184477 0.0440611 -0.00856512
FixedParameters: 0 0 0

#Transform 286
Transform: AffineTransform_float_3_3
Parameters: 0.999999 0.00053043 -0.00146986 -0.00054057 0.999974 -0.00719921 0.00146615 0.00720079 0.999973 -0.00781944 0.179632 -0.140683
FixedParameters: 0 0 0

#Transform 287
Transform: AffineTransform_float_3_3
Parameters: 0.999999 0.000739634 -0.00158987 -0.000749368 0.999979 -0.00652982 0.00158514 0.00653119 0.999978 -0.00558782 -0.117983 -0.174132
FixedParameters: 0 0 0

#Transform 288
Transform: AffineTransform_float_3_3
Parameters: 0.999999 0.000694396 -0.00136541 -0.000703601 0.99998 -0.00631105 0.00136059 0.00631195 0.999979 -0.0108662 -0.0768636 -0.119825
FixedParameters: 0 0 0

#Transform 289
Transform: AffineTransform_float_3_3
Parameters: 0.999999 0.000472765 -0.00131499 -0.000481235 0.99998 -0.00626938 0.00131201 0.00626963 0.99998 -0.00934771 0.0500672 -0.0750488
FixedParameters: 0 0 0

#Transform 290
Transform: AffineTransform_float_3_3
Parameters: 0.999999 0.000317219 -0.000858781 -0.000322782 0.999985 -0.00557273 0.000857214 0.00557328 0.999984 -0.0104064 0.00603301 -0.0485366
FixedParameters: 0 0 0

#Transform 291
Transform: AffineTransform_float_3_3
Parameters: 1 0.000262554 -0.00103939 -0.000268449 0.999986 -0.00524272 0.00103861 0.00524328 0.999985 -0.0117483 0.0491277 -0.0745764
FixedParameters: 0 0 0

#Transform 292
Transform: AffineTransform_float_3_3
Parameters: 1 9.95522e-05 -0.0011036 -0.000105444 0.999983 -0.00584389 0.0011024 0.00584411 0.999983 -0.0172737 0.0773271 -0.0821501
FixedParameters: 0 0 0

#Transform 293
Transform: AffineTransform_float_3_3
Parameters: 0.999999 0.000244033 -0.000994482 -0.000249969 0.999982 -0.00600375 0.000993516 0.00600424 0.999981 -0.0111616 0.0966945 -0.0784205
FixedParameters: 0 0 0

#Transform 294
Transform: AffineTransform_float_3_3
Parameters: 1 0.000242596 -0.000541538 -0.000246401 0.99998 -0.00629487 0.00053946 0.00629413 0.99998 -0.0120577 0.0772804 -0.0571242
FixedParameters: 0 0 0

#Transform 295
Transform: AffineTransform_float_3_3
Parameters: 1 0.000267047 -0.00063767 -0.000270949 0.99998 -0.00620683 0.000635331 0.00620717 0.999981 -0.00913952 0.0461001 -0.0353807
FixedParameters: 0 0 0

#Transform 296
Transform: AffineTransform_float_3_3
Parameters: 1 0.000268689 -0.000989736 -0.000275313 0.999979 -0.00638173 0.000988264 0.00638227 0.999979 -0.0151693 0.0645364 -0.0140966
FixedParameters: 0 0 0

#Transform 297
Transform: AffineTransform_float_3_3
Parameters: 0.999999 0.000202795 -0.000843268 -0.000208203 0.999981 -0.00617682 0.000841729 0.00617717 0.99998 -0.0149204 -0.028207 -0.000666228
FixedParameters: 0 0 0

#Transform 298
Transform: AffineTransform_float_3_3
Parameters: 0.999999 0.000345022 -0.000746321 -0.000349982 0.999977 -0.00667974 0.000744679 0.00668026 0.999978 -0.0172278 0.0465188 -0.0230881
FixedParameters: 0 0 0

#Transform 299
Transform: AffineTransform_float_3_3
Parameters: 1 0.000254844 -0.00107348 -0.000261159 0.999983 -0.00573872 0.00107252 0.00573827 0.999983 -0.0163364 0.00615046 -0.0114112
FixedParameters: 0 0 0

#Transform 300
Transform: AffineTransform_float_3_3
Parameters: 1 0.00029128 -0.00109781 -0.000297722 0.999981 -0.00612668 0.0010962 0.00612632 0.99998 -0.0161349 0.0336198 -0.0352488
FixedParameters: 0 0 0

#Transform 301
Transform: AffineTransform_float_3_3
Parameters: 1 0.000392143 -0.0010061 -0.000399856 0.99997 -0.0078206 0.0010029 0.0078214 0.999969 -0.00946156 0.0811978 0.0163356
FixedParameters: 0 0 0

#Transform 302
Transform: AffineTransform_float_3_3
Parameters: 0.999999 7.04558e-05 -0.000900536 -7.65474e-05 0.999973 -0.00726893 0.000900467 0.00726906 0.999973 -0.00964497 0.00677134 0.025232
FixedParameters: 0 0 0

#Transform 303
Transform: AffineTransform_float_3_3
Parameters: 0.999999 0.000275135 -0.000706913 -0.000279866 0.999976 -0.00689181 0.000705088 0.0068912 0.999976 -0.0166841 0.0931053 0.0164375
FixedParameters: 0 0 0

#Transform 304
Transform: AffineTransform_float_3_3
Parameters: 0.999999 0.000257222 -0.000856756 -0.000263773 0.999977 -0.00675078 0.000854238 0.00675122 0.999977 -0.0151672 0.0615809 0.024375
FixedParameters: 0 0 0

#Transform 305
Transform: AffineTransform_float_3_3
Parameters: 1 0.000282552 -0.000541812 -0.000286449 0.999979 -0.00637384 0.000540185 0.00637415 0.999979 -0.0187533 0.0656576 0.0152647
FixedParameters: 0 0 0

#Transform 306
Transform: AffineTransform_float_3_3
Parameters: 0.999999 0.000345684 -0.000908041 -0.000351315 0.999983 -0.00585968 0.000905957 0.00586032 0.999983 -0.0117418 0.0633281 -0.0354023
FixedParameters: 0 0 0

#Transform 307
Transform: AffineTransform_float_3_3
Parameters: 0.999999 0.000207744 -0.000811102 -0.000212256 0.999986 -0.00525083 0.000809896 0.00525017 0.999986 -0.0100554 0.0441765 -0.0275638
FixedParameters: 0 0 0

#Transform 308
Transform: AffineTransform_float_3_3
Parameters: 0.999999 0.000241993 -0.00085044 -0.00024701 0.999982 -0.00589179 0.000849559 0.00589221 0.999983 -0.0164493 0.0362416 -0.0133009
FixedParameters: 0 0 0

#Transform 309
Transform: AffineTransform_float_3_3
Parameters: 0.999999 0.000212883 -0.000908455 -0.000219115 0.999978 -0.0067398 0.000906543 0.0067392 0.999977 -0.00886524 0.0263049 -0.0136475
FixedParameters: 0 0 0

#Transform 310
Transform: AffineTransform_float_3_3
Parameters: 0.999999 3.17723e-05 -0.000924235 -3.8227e-05 0.999978 -0.00673997 0.000923763 0.00673903 0.999977 -0.0148629 0.034854 -0.0351972
FixedParameters: 0 0 0

#Transform 311
Transform: AffineTransform_float_3_3
Parameters: 1 0.000283376 -0.000983933 -0.000290626 0.999977 -0.00673972 0.000982064 0.00673928 0.999977 -0.0170506 0.0390862 -0.0194392
FixedParameters: 0 0 0

#Transform 312
Transform: AffineTransform_float_3_3
Parameters: 0.999999 0.000219978 -0.000852576 -0.000226025 0.999975 -0.00706981 0.000851423 0.00707019 0.999974 -0.0177599 0.0408205 -0.017849
FixedParameters: 0 0 0

#Transform 313
Transform: AffineTransform_float_3_3
Parameters: 0.999999 6.43416e-05 -0.0010535 -7.16546e-05 0.999973 -0.00727093 0.00105251 0.00727107 0.999973 -0.0148057 0.0517025 -0.0205359
FixedParameters: 0 0 0

#Transform 314
Transform: AffineTransform_float_3_3
Parameters: 1 0.000260208 -0.00100878 -0.000266795 0.999978 -0.00673973 0.00100723 0.00673927 0.999977 -0.011125 0.056218 -0.0135736
FixedParameters: 0 0 0

#Transform 315
Transform: AffineTransform_float_3_3
Parameters: 1 0.00022271 -0.00108253 -0.000230288 0.999978 -0.00673975 0.00108047 0.00673924 0.999976 -0.0163713 0.0468613 -0.013696
FixedParameters: 0 0 0

#Transform 316
Transform: AffineTransform_float_3_3
Parameters: 1 0.000276621 -0.00109589 -0.000284381 0.999977 -0.00673969 0.00109411 0.00673931 0.999976 -0.00969755 0.0348312 -0.0137883
FixedParameters: 0 0 0

#Transform 317
Transform: AffineTransform_float_3_3
Parameters: 0.999999 0.000296913 -0.00120103 -0.000305088 0.999977 -0.00673964 0.00119897 0.00673936 0.999976 -0.0112724 0.0540286 -0.0192359
FixedParameters: 0 0 0

#Transform 318
Transform: AffineTransform_float_3_3
Parameters: 1 0.000415932 -0.00100994 -0.00042307 0.999976 -0.00700958 0.00100706 0.00700942 0.999975 -0.0166528 0.0478638 -0.0323207
FixedParameters: 0 0 0

#Transform 319
Transform: AffineTransform_float_3_3
Parameters: 0.999999 0.000508792 -0.00114867 -0.000517204 0.999975 -0.00715741 0.00114433 0.00715759 0.999973 -0.0138856 0.0483649 -0.0256892
FixedParameters: 0 0 0

#Transform 320
Transform: AffineTransform_float_3_3
Parameters: 1 0.000336781 -0.00110753 -0.000345215 0.999973 -0.00742862 0.00110447 0.00742938 0.999972 -0.0205147 0.0344889 -0.01768
FixedParameters: 0 0 0

#Transform 321
Transform: AffineTransform_float_3_3
Parameters: 1 0.000234273 -0.00106373 -0.000241729 0.999973 -0.00726974 0.00106227 0.00727025 0.999973 -0.0185772 0.0346003 -0.0176788
FixedParameters: 0 0 0

#Transform 322
Transform: AffineTransform_float_3_3
Parameters: 0.999999 0.000282637 -0.00129208 -0.000292362 0.999973 -0.00725163 0.00128991 0.00725237 0.999973 -0.0186057 0.0252135 -0.00842286
FixedParameters: 0 0 0

#Transform 323
Transform: AffineTransform_float_3_3
Parameters: 0.999999 0.000494616 -0.00132454 -0.000504388 0.999974 -0.00709434 0.00132145 0.00709466 0.999974 -0.0177915 0.0443702 0.0010619
FixedParameters: 0 0 0

#Transform 324
Transform: AffineTransform_float_3_3
Parameters: 0.999999 0.00043286 -0.00140516 -0.000443139 0.999974 -0.00722438 0.00140183 0.00722461 0.999973 -0.0205494 0.0663666 0.00895391
FixedParameters: 0 0 0

#Transform 325
Transform: AffineTransform_float_3_3
Parameters: 0.999999 0.000280067 -0.00138205 -0.000289933 0.999974 -0.00719261 0.00137995 0.0071924 0.999973 -0.0215572 0.0583205 0.00301544
FixedParameters: 0 0 0

#Transform 326
Transform: AffineTransform_float_3_3
Parameters: 0.999999 0.000296715 -0.00141897 -0.000306285 0.999979 -0.00654757 0.00141702 0.00654843 0.999977 -0.0202466 0.0543452 0.0245589
FixedParameters: 0 0 0

#Transform 327
Transform: AffineTransform_float_3_3
Parameters: 0.999999 0.000176768 -0.00145628 -0.00018623 0.999976 -0.00702874 0.00145473 0.00702927 0.999974 -0.0176501 0.0480393 -0.0238224
FixedParameters: 0 0 0

#Transform 328
Transform: AffineTransform_float_3_3
Parameters: 0.999999 0.000456801 -0.00150176 -0.000469193 0.999967 -0.0081333 0.00149723 0.00813369 0.999966 -0.0243328 0.0364812 0.0366321
FixedParameters: 0 0 0

#Transform 329
Transform: AffineTransform_float_3_3
Parameters: 0.999998 0.000341475 -0.00162368 -0.000353519 0.99997 -0.00771944 0.00162032 0.00772056 0.999969 -0.0189373 0.0280532 0.0951829
FixedParameters: 0 0 0

#Transform 330
Transform: AffineTransform_float_3_3
Parameters: 0.999998 0.000398491 -0.00154002 -0.000410515 0.999972 -0.00747938 0.00153797 0.00748062 0.999971 -0.0194254 0.0512578 0.0135412
FixedParameters: 0 0 0

#Transform 331
Transform: AffineTransform_float_3_3
Parameters: 0.999999 0.000398191 -0.00121492 -0.00040681 0.999973 -0.00725951 0.00121208 0.00725948 0.999973 -0.0189709 0.0316916 -0.0301296
FixedParameters: 0 0 0

#Transform 332
Transform: AffineTransform_float_3_3
Parameters: 0.999999 0.000381455 -0.00132708 -0.000391545 0.999969 -0.00795549 0.00132393 0.00795552 0.999968 -0.0118025 0.054053 -0.0377571
FixedParameters: 0 0 0

#Transform 333
Transform: AffineTransform_float_3_3
Parameters: 0.999999 0.000388333 -0.00149907 -0.000399666 0.999969 -0.0077904 0.00149593 0.00779058 0.999968 -0.019824 0.0637581 -0.0187768
FixedParameters: 0 0 0

#Transform 334
Transform: AffineTransform_float_3_3
Parameters: 0.999999 0.000339429 -0.00151164 -0.000350573 0.99997 -0.00766047 0.00150936 0.00766151 0.999969 -0.0209311 0.0582242 -0.0288893
FixedParameters: 0 0 0

#Transform 335
Transform: AffineTransform_float_3_3
Parameters: 0.999998 0.000765539 -0.00187671 -0.000776462 0.999981 -0.00611355 0.00187229 0.00611544 0.999979 -0.0258073 -0.0591656 0.0991872
FixedParameters: 0 0 0

#Transform 336
Transform: AffineTransform_float_3_3
Parameters: 0.999996 0.00134966 -0.00242959 -0.00136534 0.999979 -0.00632371 0.00242141 0.00632629 0.999977 -0.0246501 0.107195 0.117595
FixedParameters: 0 0 0

#Transform 337
Transform: AffineTransform_float_3_3
Parameters: 0.999998 0.00102325 -0.00201553 -0.00103576 0.99998 -0.00633593 0.00200948 0.00633807 0.999978 -0.0155182 0.0749992 0.099128
FixedParameters: 0 0 0

#Transform 338
Transform: AffineTransform_float_3_3
Parameters: 0.999998 0.000730466 -0.00193716 -0.000744532 0.999976 -0.00699457 0.00193184 0.00699643 0.999973 -0.00709494 0.164636 0.00691552
FixedParameters: 0 0 0

#Transform 339
Transform: AffineTransform_float_3_3
Parameters: 0.999998 0.000861775 -0.0015049 -0.000871225 0.999977 -0.0068067 0.0014991 0.0068083 0.999975 -0.0156208 0.0373295 0.00211273
FixedParameters: 0 0 0

#Transform 340
Transform: AffineTransform_float_3_3
Parameters: 0.999998 0.000870906 -0.00166386 -0.000882095 0.999978 -0.00667855 0.00165815 0.00668046 0.999977 -0.0200199 0.0288641 0.00556345
FixedParameters: 0 0 0

#Transform 341
Transform: AffineTransform_float_3_3
Parameters: 0.999998 0.00086751 -0.00178563 -0.000878487 0.999979 -0.00644444 0.00177937 0.00644555 0.999977 -0.0173704 0.0302875 0.0283555
FixedParameters: 0 0 0

#Transform 342
Transform: AffineTransform_float_3_3
Parameters: 0.999998 0.000841342 -0.00144367 -0.000850659 0.999977 -0.00670178 0.00143833 0.00670322 0.999976 -0.011335 0.0363595 0.0108988
FixedParameters: 0 0 0

#Transform 343
Transform: AffineTransform_float_3_3
Parameters: 0.999999 0.000915142 -0.00151102 -0.00092486 0.999978 -0.00653762 0.00150499 0.00653839 0.999978 -0.0116113 0.0594195 -0.00545934
FixedParameters: 0 0 0

#Transform 344
Transform: AffineTransform_float_3_3
Parameters: 0.999999 0.000953354 -0.00144441 -0.000963651 0.999977 -0.00669262 0.00143858 0.00669438 0.999976 -0.0182935 0.0474589 -0.00753585
FixedParameters: 0 0 0

#Transform 345
Transform: AffineTransform_float_3_3
Parameters: 0.999998 0.000983187 -0.00144473 -0.000993814 0.999977 -0.00680658 0.00143827 0.00680843 0.999976 -0.0154844 0.00973234 -0.0457523
FixedParameters: 0 0 0

#Transform 346
Transform: AffineTransform_float_3_3
Parameters: 0.999999 0.000894408 -0.00157207 -0.000904591 0.999977 -0.00674959 0.00156593 0.00675141 0.999976 -0.0190508 -0.000460955 -0.020376
FixedParameters: 0 0 0

#Transform 347
Transform: AffineTransform_float_3_3
Parameters: 0.999998 0.000943913 -0.0016484 -0.000955085 0.999977 -0.00673844 0.0016416 0.00673956 0.999976 -0.0122574 0.0085172 -0.00720367
FixedParameters: 0 0 0

#Transform 348
Transform: AffineTransform_float_3_3
Parameters: 0.999998 0.000932727 -0.00165939 -0.000944272 0.999977 -0.00680645 0.00165261 0.00680756 0.999976 -0.0158197 0.0263171 0.0245706
FixedParameters: 0 0 0

#Transform 349
Transform: AffineTransform_float_3_3
Parameters: 0.999998 0.000966712 -0.00162317 -0.000976289 0.99998 -0.00635043 0.00161683 0.00635158 0.999979 -0.0232757 0.0403257 -0.0425083
FixedParameters: 0 0 0

#Transform 350
Transform: AffineTransform_float_3_3
Parameters: 0.999999 0.000840098 -0.00164063 -0.000850898 0.999978 -0.00665562 0.00163437 0.00665738 0.999976 -0.0157214 0.0676179 -0.0363809
FixedParameters: 0 0 0

#Transform 351
Transform: AffineTransform_float_3_3
Parameters: 0.999998 0.000968664 -0.0014443 -0.000978332 0.999978 -0.00647659 0.00143769 0.0064784 0.999978 -0.0251396 0.0560851 -0.0190464
FixedParameters: 0 0 0

#Transform 352
Transform: AffineTransform_float_3_3
Parameters: 0.999999 0.00109326 -0.00144542 -0.00110274 0.999976 -0.00675542 0.00143858 0.00675758 0.999976 -0.0262879 0.0609531 -0.0375584
FixedParameters: 0 0 0

#Transform 353
Transform: AffineTransform_float_3_3
Parameters: 0.999997 0.00112081 -0.0021106 -0.00113519 0.999976 -0.00673362 0.0021034 0.00673638 0.999975 -0.0165965 0.0694968 -0.0253717
FixedParameters: 0 0 0

#Transform 354
Transform: AffineTransform_float_3_3
Parameters: 0.999997 0.000965809 -0.00198148 -0.000978194 0.999978 -0.00666708 0.00197552 0.00666892 0.999976 -0.0213705 0.00556017 -0.0290986
FixedParameters: 0 0 0

#Transform 355
Transform: AffineTransform_float_3_3
Parameters: 0.999998 0.00096648 -0.00184262 -0.000979516 0.999977 -0.00680621 0.00183538 0.00680779 0.999975 -0.0162452 0.0323257 -0.0289743
FixedParameters: 0 0 0

#Transform 356
Transform: AffineTransform_float_3_3
Parameters: 0.999998 0.00100544 -0.00170188 -0.00101656 0.999977 -0.00680629 0.00169512 0.00680772 0.999976 -0.0261526 0.0295216 -0.0117862
FixedParameters: 0 0 0

#Transform 357
Transform: AffineTransform_float_3_3
Parameters: 0.999999 0.000788068 -0.00157651 -0.000798928 0.999975 -0.00694575 0.00157049 0.00694724 0.999974 -0.0221344 0.0410989 -0.0545711
FixedParameters: 0 0 0

#Transform 358
Transform: AffineTransform_float_3_3
Parameters: 0.999999 0.000830389 -0.00158461 -0.000840609 0.999977 -0.00670868 0.0015784 0.00670932 0.999976 -0.0175054 0.0223257 -0.0617935
FixedParameters: 0 0 0

#Transform 359
Transform: AffineTransform_float_3_3
Parameters: 0.999999 0.000628253 -0.00170101 -0.000638747 0.99998 -0.00632493 0.001697 0.00632608 0.999979 -0.0222564 0.0201996 -0.0842031
FixedParameters: 0 0 0

#Transform 360
Transform: AffineTransform_float_3_3
Parameters: 0.999999 0.000552198 -0.00144179 -0.000561803 0.999976 -0.00680719 0.00143821 0.0068078 0.999976 -0.0162007 0.0227084 -0.0796556
FixedParameters: 0 0 0

#Transform 361
Transform: AffineTransform_float_3_3
Parameters: 0.999999 0.000543904 -0.00144185 -0.000554097 0.999976 -0.00701121 0.00143815 0.0070118 0.999975 -0.0225507 0.0399729 -0.0665229
FixedParameters: 0 0 0

#Transform 362
Transform: AffineTransform_float_3_3
Parameters: 0.999998 0.000702896 -0.00177104 -0.000713104 0.999984 -0.00571075 0.00176696 0.00571226 0.999982 -0.0185838 0.0917297 -0.0449005
FixedParameters: 0 0 0

#Transform 363
Transform: AffineTransform_float_3_3
Parameters: 0.999998 0.000736023 -0.00144262 -0.000744979 0.999981 -0.00623194 0.00143839 0.00623307 0.99998 -0.0171697 0.0195192 -0.0343725
FixedParameters: 0 0 0

#Transform 364
Transform: AffineTransform_float_3_3
Parameters: 1 0.000751946 -0.000850393 -0.000758053 0.999974 -0.00714236 0.000844608 0.00714264 0.999974 -0.0160872 0.0201442 -0.081134
FixedParameters: 0 0 0

#Transform 365
Transform: AffineTransform_float_3_3
Parameters: 1 0.000676973 -0.000995814 -0.000684021 0.999975 -0.00707333 0.000990187 0.00707368 0.999975 -0.0117668 0.0653722 -0.0799521
FixedParameters: 0 0 0

#Transform 366
Transform: AffineTransform_float_3_3
Parameters: 1 0.000475423 -0.00111127 -0.000482576 0.999976 -0.00682847 0.00110773 0.00682853 0.999976 -0.0134092 0.057171 -0.0770131
FixedParameters: 0 0 0

#Transform 367
Transform: AffineTransform_float_3_3
Parameters: 1 0.000516295 -0.00102241 -0.000523709 0.999979 -0.00656847 0.00101958 0.00656953 0.999978 -0.0147212 0.0414238 -0.107719
FixedParameters: 0 0 0

#Transform 368
Transform: AffineTransform_float_3_3
Parameters: 1 0.000458121 -0.00109391 -0.000464881 0.99998 -0.00629749 0.00109109 0.0062975 0.999979 -0.0134361 0.0317556 -0.0927496
FixedParameters: 0 0 0

#Transform 369
Transform: AffineTransform_float_3_3
Parameters: 1 0.000557016 -0.00106767 -0.000564981 0.999979 -0.0065534 0.00106332 0.0065536 0.999978 -0.0111024 0.0293435 -0.117579
FixedParameters: 0 0 0

#Transform 370
Transform: AffineTransform_float_3_3
Parameters: 0.999999 2.48994e-05 -0.000728151 -2.80997e-05 0.999984 -0.00563198 0.000727853 0.00563202 0.999984 -0.0260902 -0.0493318 -0.0380886
FixedParameters: 0 0 0

#Transform 371
Transform: AffineTransform_float_3_3
Parameters: 1 0.000121895 -0.000595644 -0.000125106 0.999987 -0.00521493 0.000595356 0.00521508 0.999986 -0.0238671 0.152103 0.0426366
FixedParameters: 0 0 0

#Transform 372
Transform: AffineTransform_float_3_3
Parameters: 0.999999 -0.000269425 -0.000912705 0.000265573 0.999988 -0.00484524 0.000914297 0.00484476 0.999988 -0.0110181 -0.108505 0.0527621
FixedParameters: 0 0 0

#Transform 373
Transform: AffineTransform_float_3_3
Parameters: 1 -0.000583906 -0.0010553 0.000579095 0.999989 -0.00464361 0.0010577 0.00464238 0.999988 0.00406473 0.0102283 0.0493047
FixedParameters: 0 0 0

#Transform 374
Transform: AffineTransform_float_3_3
Parameters: 0.999999 0.00029471 -0.00127119 -0.000304295 0.999973 -0.00731362 0.00126981 0.00731439 0.999973 -0.00330352 0.287974 -0.00919824
FixedParameters: 0 0 0

#Transform 375
Transform: AffineTransform_float_3_3
Parameters: 1 0.000363292 -0.00114979 -0.000371704 0.999971 -0.00758358 0.00114621 0.00758342 0.99997 -0.0113825 0.114724 -0.0719347
FixedParameters: 0 0 0

#Transform 376
Transform: AffineTransform_float_3_3
Parameters: 1 0.00029669 -0.00115391 -0.000304311 0.99998 -0.00634065 0.00115209 0.00634035 0.999979 -0.010589 0.0189593 -0.0662482
FixedParameters: 0 0 0

#Transform 377
Transform: AffineTransform_float_3_3
Parameters: 0.999999 0.000295772 -0.00122901 -0.000304229 0.999977 -0.00670063 0.00122699 0.00670036 0.999977 -0.0137124 -0.0146598 -0.0904904
FixedParameters: 0 0 0

#Transform 378
Transform: AffineTransform_float_3_3
Parameters: 1 0.000296708 -0.00107604 -0.000304292 0.999977 -0.00678268 0.00107396 0.00678333 0.999977 -0.0110297 -0.0157766 -0.112449
FixedParameters: 0 0 0

#Transform 379
Transform: AffineTransform_float_3_3
Parameters: 0.999999 0.000395241 -0.0011946 -0.000402761 0.999979 -0.00650152 0.00119241 0.00650248 0.999978 -0.0104546 -0.0354346 -0.114725
FixedParameters: 0 0 0

#Transform 380
Transform: AffineTransform_float_3_3
Parameters: 0.999999 0.000295804 -0.00126594 -0.000304196 0.999979 -0.00647862 0.00126406 0.00647938 0.999978 -0.00888121 -0.0219885 -0.11072
FixedParameters: 0 0 0

#Transform 381
Transform: AffineTransform_float_3_3
Parameters: 1 0.000366689 -0.00104958 -0.000373314 0.999975 -0.00697361 0.00104742 0.00697439 0.999975 -0.0112006 0.031868 -0.115227
FixedParameters: 0 0 0

#Transform 382
Transform: AffineTransform_float_3_3
Parameters: 0.999999 0.000659753 -0.00174514 -0.000668245 0.999988 -0.00472884 0.00174186 0.00473016 0.999988 -0.0173639 0.223625 -0.11346
FixedParameters: 0 0 0

#Transform 383
Transform: AffineTransform_float_3_3
Parameters: 0.999998 0.000651861 -0.00151353 -0.000660136 0.999986 -0.00538301 0.00150947 0.00538399 0.999985 -0.0111773 -0.0777183 -0.257874
FixedParameters: 0 0 0

#Transform 384
Transform: AffineTransform_float_3_3
Parameters: 1 0.000479066 -0.00109905 -0.000485934 0.99998 -0.00631747 0.00109595 0.00631853 0.99998 -0.0131835 -0.036774 -0.211422
FixedParameters: 0 0 0

#Transform 385
Transform: AffineTransform_float_3_3
Parameters: 1 0.000421706 -0.00090701 -0.000426294 0.999988 -0.00473962 0.000904991 0.00473938 0.999989 -0.012669 0.00498707 -0.107245
FixedParameters: 0 0 0

#Transform 386
Transform: AffineTransform_float_3_3
Parameters: 1 0.000297967 -0.00104873 -0.000304035 0.999984 -0.00575769 0.00104727 0.00575732 0.999983 -0.0116333 0.0600025 -0.129027
FixedParameters: 0 0 0

#Transform 387
Transform: AffineTransform_float_3_3
Parameters: 1 0.0002981 -0.00102573 -0.000303903 0.999984 -0.00575769 0.00102427 0.00575731 0.999983 -0.00978311 0.0745744 -0.12819
FixedParameters: 0 0 0

#Transform 388
Transform: AffineTransform_float_3_3
Parameters: 1 0.000298562 -0.00100164 -0.000304435 0.999985 -0.0054337 0.000999361 0.0054343 0.999984 -0.0166206 0.102367 -0.125886
FixedParameters: 0 0 0

#Transform 389
Transform: AffineTransform_float_3_3
Parameters: 1 0.000242107 -0.000988462 -0.000247891 0.999982 -0.00596676 0.000986539 0.00596624 0.999981 -0.0166096 0.0815154 -0.149486
FixedParameters: 0 0 0

#Transform 390
Transform: AffineTransform_float_3_3
Parameters: 1 0.000298527 -0.000953731 -0.000304476 0.999984 -0.00574472 0.000952267 0.00574429 0.999983 -0.0109422 0.0459934 -0.140266
FixedParameters: 0 0 0

#Transform 391
Transform: AffineTransform_float_3_3
Parameters: 1 0.000298412 -0.000960754 -0.000304584 0.999983 -0.00582171 0.000958243 0.00582229 0.999982 -0.0108407 0.035957 -0.144992
FixedParameters: 0 0 0

#Transform 392
Transform: AffineTransform_float_3_3
Parameters: 0.999999 0.000297087 -0.00120173 -0.000303915 0.999984 -0.00575664 0.00120027 0.00575736 0.999982 -0.00932391 0.0349256 -0.142029
FixedParameters: 0 0 0

#Transform 393
Transform: AffineTransform_float_3_3
Parameters: 0.999999 0.000296982 -0.00122772 -0.000304019 0.999983 -0.00571963 0.00122628 0.00572037 0.999983 -0.0134855 -0.0166732 -0.12783
FixedParameters: 0 0 0

#Transform 394
Transform: AffineTransform_float_3_3
Parameters: 1 0.000352144 -0.000961167 -0.000358857 0.999982 -0.00610066 0.000958829 0.00610034 0.999981 -0.0117311 -0.000284594 -0.138994
FixedParameters: 0 0 0

#Transform 395
Transform: AffineTransform_float_3_3
Parameters: 1 0.000297833 -0.00101184 -0.000304169 0.999982 -0.0061007 0.00101016 0.00610031 0.999981 -0.0124952 -0.0157136 -0.128441
FixedParameters: 0 0 0

#Transform 396
Transform: AffineTransform_float_3_3
Parameters: 0.999999 0.000128714 -0.000866801 -0.000134287 0.999982 -0.00610089 0.000866197 0.00610112 0.999981 -0.00879746 0.0677095 -0.101971
FixedParameters: 0 0 0

#Transform 397
Transform: AffineTransform_float_3_3
Parameters: 0.999999 0.000298821 -0.000849839 -0.00030418 0.999982 -0.00610075 0.00084816 0.00610026 0.999981 -0.0113248 0.0309528 -0.143274
FixedParameters: 0 0 0

#Transform 398
Transform: AffineTransform_float_3_3
Parameters: 0.999999 0.000597074 -0.00118201 -0.000602927 0.999987 -0.00502029 0.00117899 0.00502071 0.999986 -0.0151832 0.0627941 -0.110583
FixedParameters: 0 0 0

#Transform 399
Transform: AffineTransform_float_3_3
Parameters: 0.999999 0.00068128 -0.00136089 -0.00068972 0.999983 -0.00568007 0.0013571 0.00568093 0.999983 -0.0140741 0.0662188 -0.100045
FixedParameters: 0 0 0

#Transform 400
Transform: AffineTransform_float_3_3
Parameters: 0.999999 0.000486418 -0.00137108 -0.000494582 0.99998 -0.00626633 0.00136793 0.00626668 0.99998 -0.00992115 0.0498266 -0.136284
FixedParameters: 0 0 0

#Transform 401
Transform: AffineTransform_float_3_3
Parameters: 0.999998 0.000480058 -0.00154313 -0.000489942 0.999979 -0.00644925 0.00153987 0.00644975 0.999978 -0.010766 0.0510551 -0.138784
FixedParameters: 0 0 0

#Transform 402
Transform: AffineTransform_float_3_3
Parameters: 0.999999 0.000511372 -0.00124915 -0.000518627 0.999981 -0.00611336 0.00124585 0.00611464 0.99998 -0.0173896 0.0305068 -0.134267
FixedParameters: 0 0 0

#Transform 403
Transform: AffineTransform_float_3_3
Parameters: 0.999999 0.00055214 -0.00114234 -0.000558864 0.999982 -0.00601337 0.00113966 0.00601463 0.999982 -0.0155248 0.0367326 -0.140898
FixedParameters: 0 0 0

#Transform 404
Transform: AffineTransform_float_3_3
Parameters: 0.999999 0.000460561 -0.001152 -0.00046844 0.999979 -0.00646647 0.001149 0.00646654 0.999979 -0.0151499 0.00711815 -0.158958
FixedParameters: 0 0 0

#Transform 405
Transform: AffineTransform_float_3_3
Parameters: 1 0.000495857 -0.000961195 -0.000502143 0.99998 -0.00640252 0.000957805 0.00640248 0.999979 -0.0130225 0.0037797 -0.143257
FixedParameters: 0 0 0

#Transform 406
Transform: AffineTransform_float_3_3
Parameters: 0.999999 0.000650524 -0.00114528 -0.000658474 0.999979 -0.00653925 0.00114072 0.00654075 0.999978 -0.0150785 0.032645 -0.131041
FixedParameters: 0 0 0

#Transform 407
Transform: AffineTransform_float_3_3
Parameters: 0.999999 0.000768271 -0.00121592 -0.00077673 0.99998 -0.00636906 0.00121108 0.00636994 0.999979 -0.0142571 0.0398536 -0.134036
FixedParameters: 0 0 0

#Transform 408
Transform: AffineTransform_float_3_3
Parameters: 0.999999 0.000516417 -0.00113249 -0.000524587 0.999978 -0.00670641 0.00112951 0.00670659 0.999977 -0.0137147 0.0628546 -0.14653
FixedParameters: 0 0 0

#Transform 409
Transform: AffineTransform_float_3_3
Parameters: 0.999999 0.000536994 -0.00120161 -0.000545007 0.999977 -0.00667135 0.00119839 0.00667265 0.999977 -0.0139383 0.0515253 -0.138053
FixedParameters: 0 0 0

#Transform 410
Transform: AffineTransform_float_3_3
Parameters: 1 0.000533879 -0.00106859 -0.000541117 0.999977 -0.00667442 0.00106441 0.00667557 0.999977 -0.0125543 0.0430405 -0.138729
FixedParameters: 0 0 0

#Transform 411
Transform: AffineTransform_float_3_3
Parameters: 0.999999 0.000656107 -0.0010364 -0.000662898 0.999977 -0.00666532 0.00103261 0.00666568 0.999978 -0.0153703 0.0342634 -0.129539
FixedParameters: 0 0 0

#Transform 412
Transform: AffineTransform_float_3_3
Parameters: 0.999999 0.000518603 -0.00121761 -0.0005264 0.999976 -0.00690637 0.00121439 0.00690664 0.999976 -0.0112369 0.0387878 -0.128932
FixedParameters: 0 0 0

#Transform 413
Transform: AffineTransform_float_3_3
Parameters: 0.999999 0.000563271 -0.00144184 -0.000573729 0.999977 -0.00675518 0.00143816 0.00675682 0.999976 -0.0186038 0.0355719 -0.12702
FixedParameters: 0 0 0

#Transform 414
Transform: AffineTransform_float_3_3
Parameters: 0.999999 0.000623057 -0.00138107 -0.000631942 0.999979 -0.00648413 0.00137693 0.00648486 0.999978 -0.020424 0.0427245 -0.110781
FixedParameters: 0 0 0

#Transform 415
Transform: AffineTransform_float_3_3
Parameters: 0.999999 0.000514036 -0.00146453 -0.000523967 0.999976 -0.00681124 0.00146146 0.00681176 0.999975 -0.01726 0.0297342 -0.10906
FixedParameters: 0 0 0

#Transform 416
Transform: AffineTransform_float_3_3
Parameters: 0.999999 0.000310916 -0.00136933 -0.000321082 0.999973 -0.00737057 0.00136667 0.00737043 0.999972 -0.00998978 0.0341264 -0.127438
FixedParameters: 0 0 0

#Transform 417
Transform: AffineTransform_float_3_3
Parameters: 0.999999 0.000455132 -0.00125326 -0.000463867 0.999975 -0.00708542 0.00124975 0.00708557 0.999974 -0.0130757 0.0274606 -0.120192
FixedParameters: 0 0 0

#Transform 418
Transform: AffineTransform_float_3_3
Parameters: 0.999999 0.000529584 -0.00130785 -0.000539418 0.999974 -0.0072103 0.00130414 0.0072107 0.999973 -0.0116677 0.0377721 -0.13817
FixedParameters: 0 0 0

#Transform 419
Transform: AffineTransform_float_3_3
Parameters: 0.999999 0.000596643 -0.00124404 -0.000605357 0.999977 -0.00672825 0.00123995 0.00672874 0.999976 -0.0165292 0.0265767 -0.114311
FixedParameters: 0 0 0

#Transform 420
Transform: AffineTransform_float_3_3
Parameters: 0.999999 0.000418112 -0.00147343 -0.000430883 0.999968 -0.00807638 0.00146957 0.00807763 0.999967 -0.0114002 0.0383208 -0.106822
FixedParameters: 0 0 0

#Transform 421
Transform: AffineTransform_float_3_3
Parameters: 0.999999 0.000328315 -0.00133467 -0.000339688 0.999968 -0.00801355 0.00133232 0.00801344 0.999967 -0.0194885 0.0427678 -0.0868392
FixedParameters: 0 0 0

#Transform 422
Transform: AffineTransform_float_3_3
Parameters: 0.999999 0.000343986 -0.00136057 -0.000354009 0.999973 -0.00736652 0.00135743 0.00736747 0.999972 -0.0184819 0.0209086 -0.0961951
FixedParameters: 0 0 0

#Transform 423
Transform: AffineTransform_float_3_3
Parameters: 0.999999 0.000437957 -0.00131106 -0.000447043 0.999976 -0.00690542 0.00130794 0.00690558 0.999976 -0.0187698 0.0301917 -0.0903287
FixedParameters: 0 0 0

#Transform 424
Transform: AffineTransform_float_3_3
Parameters: 0.999999 0.000408977 -0.00141065 -0.000418026 0.999979 -0.00640242 0.00140835 0.00640258 0.999979 -0.0212835 0.053058 -0.0877222
FixedParameters: 0 0 0

#Transform 425
Transform: AffineTransform_float_3_3
Parameters: 0.999999 0.000506916 -0.00145056 -0.00051708 0.999975 -0.00696025 0.00144644 0.00696074 0.999974 -0.017849 0.0561246 -0.0969543
FixedParameters: 0 0 0

#Transform 426
Transform: AffineTransform_float_3_3
Parameters: 0.999999 0.000550694 -0.00127462 -0.000559307 0.999978 -0.00652429 0.00127138 0.0065257 0.999978 -0.0237874 0.0703811 -0.0586427
FixedParameters: 0 0 0

#Transform 427
Transform: AffineTransform_float_3_3
Parameters: 0.999999 0.00088658 -0.00111135 -0.000891418 0.999987 -0.00488601 0.00110666 0.00488699 0.999988 -0.0236671 0.0641639 -0.0407438
FixedParameters: 0 0 0

#Transform 428
Transform: AffineTransform_float_3_3
Parameters: 0.999999 0.000896679 -0.000865454 -0.000900319 0.999992 -0.00384423 0.000861545 0.00384578 0.999992 -0.0224465 0.00680466 -0.0307951
FixedParameters: 0 0 0
