#Insight Transform File V1.0
#Transform 0
Transform: AffineTransform_float_3_3
Parameters: 1 -0.000163 -7.0253e-08 0.000163 1 0.000431 -7.0253e-08 -0.000431 1 0.00420614 -0.0119624 0.0139988
FixedParameters: 0 0 0

#Transform 1
Transform: AffineTransform_float_3_3
Parameters: 1 0 0 0 1 0.000441 0 -0.000441 1 0.006372 -0.0115561 0.0315358
FixedParameters: 0 0 0

#Transform 2
Transform: AffineTransform_float_3_3
Parameters: 1 0 0 0 1 2.1e-05 0 -2.1e-05 1 0.003348 0.0177921 0.000469277
FixedParameters: 0 0 0

#Transform 3
Transform: AffineTransform_float_3_3
Parameters: 1 -1.2428e-07 0.000239 -1.2428e-07 1 0.00052 -0.000239 -0.00052 1 0.00452558 -0.0117436 0.0258844
FixedParameters: 0 0 0

#Transform 4
Transform: AffineTransform_float_3_3
Parameters: 1 0 0 0 1 0.000215 0 -0.000215 1 0.005162 0.0302053 0.00456002
FixedParameters: 0 0 0

#Transform 5
Transform: AffineTransform_float_3_3
Parameters: 1 -2.00232e-07 0.000324 -2.00232e-07 1 0.000618 -0.000324 -0.000618 1 0.00389044 -0.0228188 0.0185348
FixedParameters: 0 0 0

#Transform 6
Transform: AffineTransform_float_3_3
Parameters: 1 0 0 0 1 -1e-05 0 1e-05 1 0.003603 0.00948829 -0.000251929
FixedParameters: 0 0 0

#Transform 7
Transform: AffineTransform_float_3_3
Parameters: 1 -0.000141109 0.000246938 0.000140891 1 0.000441035 -0.000247062 -0.000440965 1 0.00521995 -0.0205193 0.0135993
FixedParameters: 0 0 0

#Transform 8
Transform: AffineTransform_float_3_3
Parameters: 1 -0.000207065 0.000382965 0.000207934 1 0.00017108 -0.000383035 -0.000170921 1 0.00883841 0.0100659 0.00199592
FixedParameters: 0 0 0

#Transform 9
Transform: AffineTransform_float_3_3
Parameters: 1 -2.832e-08 0.00024 -2.832e-08 1 0.000118 -0.00024 -0.000118 1 0.00328841 -0.00187264 0.00144563
FixedParameters: 0 0 0

#Transform 10
Transform: AffineTransform_float_3_3
Parameters: 1 -0.000208136 0.000372924 0.000207864 1 0.000364077 -0.000373076 -0.000363922 1 0.00910129 0.000391626 0.028823
FixedParameters: 0 0 0

#Transform 11
Transform: AffineTransform_float_3_3
Parameters: 1 1.5252e-08 0.000124 1.5252e-08 1 -0.000123 -0.000124 0.000123 1 0.00295283 0.0284348 -0.00312252
FixedParameters: 0 0 0

#Transform 12
Transform: AffineTransform_float_3_3
Parameters: 1 0 0 0 1 0.000441 0 -0.000441 1 0.003701 -0.0136798 0.0231587
FixedParameters: 0 0 0

#Transform 13
Transform: AffineTransform_float_3_3
Parameters: 1 6.6868e-08 0.000292 6.6868e-08 1 -0.000229 -0.000292 0.000229 1 0.00269098 0.0305161 -0.00335612
FixedParameters: 0 0 0

#Transform 14
Transform: AffineTransform_float_3_3
Parameters: 1 -0.000166997 0.000214002 0.000167003 1 -1.49643e-05 -0.000213997 1.50357e-05 1 0.0068208 0.00674288 -0.00134953
FixedParameters: 0 0 0

#Transform 15
Transform: AffineTransform_float_3_3
Parameters: 1 -2.6625e-08 0.000213 -2.6625e-08 1 0.000125 -0.000213 -0.000125 1 0.00332629 0.00776609 0.00162451
FixedParameters: 0 0 0

#Transform 16
Transform: AffineTransform_float_3_3
Parameters: 1 0 0 0 1 -0.000132 0 0.000132 1 0.003518 0.0303648 -0.00279851
FixedParameters: 0 0 0

#Transform 17
Transform: AffineTransform_float_3_3
Parameters: 1 0 0 0 1 1.5e-05 0 -1.5e-05 1 0.003518 -0.0107269 0.000306197
FixedParameters: 0 0 0

#Transform 18
Transform: AffineTransform_float_3_3
Parameters: 1 -1.1591e-08 -6.7e-05 -1.1591e-08 1 -0.000173 6.7e-05 0.000173 1 0.00362327 0.0304555 -0.00341778
FixedParameters: 0 0 0

#Transform 19
Transform: AffineTransform_float_3_3
Parameters: 1 0.000113 1.695e-09 -0.000113 1 1.5e-05 1.695e-09 -1.5e-05 1 -0.00710942 -0.00304837 0.000306082
FixedParameters: 0 0 0

#Transform 20
Transform: AffineTransform_float_3_3
Parameters: 1 5.50012e-05 -8.19992e-05 -5.49988e-05 1 1.50045e-05 8.20008e-05 -1.49955e-05 1 0.00246665 -0.00348146 0.0121766
FixedParameters: 0 0 0

#Transform 21
Transform: AffineTransform_float_3_3
Parameters: 1 0.000155937 -0.000310031 -0.000156063 1 -0.000201952 0.000309968 0.000202048 1 -0.011563 0.0390414 -0.00300849
FixedParameters: 0 0 0

#Transform 22
Transform: AffineTransform_float_3_3
Parameters: 1 0.000235007 -0.000447996 -0.000234993 1 1.51053e-05 0.000448003 -1.48947e-05 1 -0.0151537 -0.00647908 0.00219819
FixedParameters: 0 0 0

#Transform 23
Transform: AffineTransform_float_3_3
Parameters: 1 0.000129964 -0.000207023 -0.000130036 1 -0.000174973 0.000206977 0.000175027 1 -0.00953107 0.0274336 -0.00286466
FixedParameters: 0 0 0

#Transform 24
Transform: AffineTransform_float_3_3
Parameters: 1 0.000197929 -0.000335042 -0.000197071 1 -0.000212934 0.000334958 0.000213066 1 -0.0112053 0.0190213 -0.00306741
FixedParameters: 0 0 0

#Transform 25
Transform: AffineTransform_float_3_3
Parameters: 1 1.232e-08 -7.7e-05 1.232e-08 1 0.00016 7.7e-05 -0.00016 1 0.00362604 0.018142 0.00366897
FixedParameters: 0 0 0

#Transform 26
Transform: AffineTransform_float_3_3
Parameters: 1 8.51033e-05 0.000236963 -8.48966e-05 1 -0.00043602 -0.000237037 0.00043598 1 0.00140515 0.0461008 -0.0320937
FixedParameters: 0 0 0

#Transform 27
Transform: AffineTransform_float_3_3
Parameters: 1 8.424e-08 0.00039 8.424e-08 1 -0.000216 -0.00039 0.000216 1 -0.00609335 -0.00897716 -0.0360869
FixedParameters: 0 0 0

#Transform 28
Transform: AffineTransform_float_3_3
Parameters: 1 8.31047e-05 0.000306972 -8.28953e-05 1 -0.000341025 -0.000307028 0.000340974 1 -0.00813016 0.0128805 -0.0236243
FixedParameters: 0 0 0

#Transform 29
Transform: AffineTransform_float_3_3
Parameters: 1 7.12011e-05 0.000301953 -7.17988e-05 1 -0.000666021 -0.000302048 0.000665978 0.999999 -0.00704778 0.0222863 -0.0372699
FixedParameters: 0 0 0

#Transform 30
Transform: AffineTransform_float_3_3
Parameters: 1 2.497e-08 0.000227 2.497e-08 1 -0.00011 -0.000227 0.00011 1 -0.00671539 -0.000357045 -0.0252243
FixedParameters: 0 0 0

#Transform 31
Transform: AffineTransform_float_3_3
Parameters: 1 3.6616e-08 0.000184 3.6616e-08 1 -0.000199 -0.000184 0.000199 1 0.00327253 0.0139468 -0.026919
FixedParameters: 0 0 0

#Transform 32
Transform: AffineTransform_float_3_3
Parameters: 1 0 0 0 1 -0.000401 0 0.000401 1 -0.006514 0.0307345 -0.0514922
FixedParameters: 0 0 0

#Transform 33
Transform: AffineTransform_float_3_3
Parameters: 1 0 0 0 1 -0.000355 0 0.000355 1 -0.011626 0.0100434 -0.0328883
FixedParameters: 0 0 0

#Transform 34
Transform: AffineTransform_float_3_3
Parameters: 1 0 0 0 0.999998 -0.00228 0 0.00228 0.999998 -0.006391 0.0248248 -0.0638671
FixedParameters: 0 0 0

#Transform 35
Transform: AffineTransform_float_3_3
Parameters: 1 9.93461e-07 0.000408999 -6.536e-09 0.999997 -0.002429 -0.000409001 0.002429 0.999997 0.00297603 0.0335066 -0.0915431
FixedParameters: 0 0 0

#Transform 36
Transform: AffineTransform_float_3_3
Parameters: 1 -0.000415134 0.00042884 0.000415866 0.999998 -0.00202082 -0.00042816 0.00202118 0.999998 0.0116789 0.00209912 -0.102837
FixedParameters: 0 0 0

#Transform 37
Transform: AffineTransform_float_3_3
Parameters: 1 -0.000282104 0.000407621 0.000282897 0.999998 -0.00219889 -0.000407379 0.00219912 0.999997 0.00319025 0.0282918 -0.106533
FixedParameters: 0 0 0

#Transform 38
Transform: AffineTransform_float_3_3
Parameters: 1 -0.000415312 0.000411695 0.000415688 0.999998 -0.00167183 -0.000411305 0.00167217 0.999998 0.011676 -0.0116381 -0.0955727
FixedParameters: 0 0 0

#Transform 39
Transform: AffineTransform_float_3_3
Parameters: 1 -0.000414893 0.000563816 0.000416107 0.999998 -0.00196477 -0.000563183 0.00196523 0.999998 0.0115073 0.0277797 -0.102203
FixedParameters: 0 0 0

#Transform 40
Transform: AffineTransform_float_3_3
Parameters: 0.999999 -0.000344909 0.0006286 0.000346093 0.999999 -0.00173778 -0.0006284 0.00173722 0.999999 0.00999911 -0.00572049 -0.106286
FixedParameters: 0 0 0

#Transform 41
Transform: AffineTransform_float_3_3
Parameters: 1 -0.000287912 0.000557563 0.000289088 0.999998 -0.00195384 -0.000556436 0.00195316 0.999998 0.00892888 0.0272143 -0.0900331
FixedParameters: 0 0 0

#Transform 42
Transform: AffineTransform_float_3_3
Parameters: 1 -0.000307202 0.000411597 0.000307799 0.999998 -0.00193987 -0.000411404 0.00194013 0.999998 0.00941731 0.0109864 -0.135434
FixedParameters: 0 0 0

#Transform 43
Transform: AffineTransform_float_3_3
Parameters: 1 -0.000414992 0.000555754 0.000416008 0.999999 -0.00181377 -0.000555246 0.00181423 0.999998 0.0115325 -0.0191339 -0.0837867
FixedParameters: 0 0 0

#Transform 44
Transform: AffineTransform_float_3_3
Parameters: 1 -0.000298286 0.000411519 0.000298716 0.999999 -0.00173788 -0.000411482 0.00173712 0.999999 0.00681163 0.0261037 -0.0815115
FixedParameters: 0 0 0

#Transform 45
Transform: AffineTransform_float_3_3
Parameters: 1 -0.000256286 0.000411446 0.000257716 0.999999 -0.00173789 -0.000411553 0.00173711 0.999998 0.0112578 0.0259493 -0.0952602
FixedParameters: 0 0 0

#Transform 46
Transform: AffineTransform_float_3_3
Parameters: 1 -0.000309369 0.000411475 0.000310631 0.999999 -0.00153287 -0.000411524 0.00153313 0.999998 0.00952705 0.00434064 -0.085562
FixedParameters: 0 0 0

#Transform 47
Transform: AffineTransform_float_3_3
Parameters: 1 -0.000228485 0.000276427 0.000228516 0.999998 -0.00186494 -0.000276574 0.00186506 0.999998 0.00789496 0.0443555 -0.112499
FixedParameters: 0 0 0

#Transform 48
Transform: AffineTransform_float_3_3
Parameters: 1 -0.000172672 0.000200283 0.000172327 0.999998 -0.00163596 -0.000199718 0.00163603 0.999998 0.0068455 0.0192844 -0.112967
FixedParameters: 0 0 0

#Transform 49
Transform: AffineTransform_float_3_3
Parameters: 1 -0.000146887 6.52554e-05 0.000147113 0.999998 -0.00173799 -6.47444e-05 0.00173801 0.999998 0.00190611 0.0253876 -0.112789
FixedParameters: 0 0 0

#Transform 50
Transform: AffineTransform_float_3_3
Parameters: 1 -0.000107205 -0.000117814 0.000106796 0.999998 -0.00173801 0.000117186 0.00173799 0.999998 0.00589454 0.03821 -0.13017
FixedParameters: 0 0 0

#Transform 51
Transform: AffineTransform_float_3_3
Parameters: 1 -0.000239937 4.93098e-05 0.000240064 0.999999 -0.00129099 -4.96901e-05 0.00129101 0.999999 0.00436905 -0.0151719 -0.103173
FixedParameters: 0 0 0

#Transform 52
Transform: AffineTransform_float_3_3
Parameters: 1 -0.000174651 0.000180338 0.00017435 0.999998 -0.00193597 -0.000180663 0.00193603 0.999998 0.0068789 0.0219827 -0.119275
FixedParameters: 0 0 0

#Transform 53
Transform: AffineTransform_float_3_3
Parameters: 1 -9.68521e-05 9.61491e-05 9.71476e-05 0.999999 -0.00153899 -9.58506e-05 0.00153901 0.999999 0.0053875 0.00756819 -0.110646
FixedParameters: 0 0 0

#Transform 54
Transform: AffineTransform_float_3_3
Parameters: 1 -0.000233833 0.000123318 0.000234168 0.999999 -0.00135897 -0.000123682 0.00135903 0.999999 0.00283956 0.00674337 -0.0924198
FixedParameters: 0 0 0

#Transform 55
Transform: AffineTransform_float_3_3
Parameters: 1 -0.00014087 7.32499e-05 0.000141129 0.999999 -0.00177299 -7.27499e-05 0.00177301 0.999999 0.00273499 0.0390892 -0.11546
FixedParameters: 0 0 0

#Transform 56
Transform: AffineTransform_float_3_3
Parameters: 1 -3.40405e-05 -3.59617e-05 3.39595e-05 1 -0.001126 3.60383e-05 0.001126 1 -0.00500572 0.0137959 -0.0952844
FixedParameters: 0 0 0

#Transform 57
Transform: AffineTransform_float_3_3
Parameters: 1 6.81584e-06 -0.00012701 -6.18414e-06 0.999999 -0.00145 0.000126991 0.00145 0.999999 -0.0031444 0.0606895 -0.0836127
FixedParameters: 0 0 0

#Transform 58
Transform: AffineTransform_float_3_3
Parameters: 1 9.92431e-06 -5.50137e-05 -1.00757e-05 0.999999 -0.001376 5.49862e-05 0.001376 0.999999 -0.00716656 0.033678 -0.128022
FixedParameters: 0 0 0

#Transform 59
Transform: AffineTransform_float_3_3
Parameters: 1 -0.000107659 0.000411089 0.000108341 0.999999 -0.000828955 -0.00041191 0.000829044 0.999999 -0.00289574 0.0199568 -0.0619535
FixedParameters: 0 0 0

#Transform 60
Transform: AffineTransform_float_3_3
Parameters: 1 5.12922e-05 0.000195924 -5.07077e-05 0.999999 -0.00149101 -0.000196076 0.00149099 0.999999 -0.0136213 0.0690057 -0.0949317
FixedParameters: 0 0 0

#Transform 61
Transform: AffineTransform_float_3_3
Parameters: 1 -0.000221597 0.000265337 0.000222402 0.999999 -0.00151794 -0.000264663 0.00151806 0.999999 3.64727e-05 0.00354017 -0.121939
FixedParameters: 0 0 0

#Transform 62
Transform: AffineTransform_float_3_3
Parameters: 1 -0.000415486 0.00041152 0.000415515 0.999999 -0.00124983 -0.000411481 0.00124917 0.999999 0.0116757 0.00412781 -0.0876113
FixedParameters: 0 0 0

#Transform 63
Transform: AffineTransform_float_3_3
Parameters: 1 -9.26662e-05 0.000267116 9.23337e-05 0.999999 -0.00124998 -0.000266885 0.00125003 0.999999 0.00505095 0.0480727 -0.0928383
FixedParameters: 0 0 0

#Transform 64
Transform: AffineTransform_float_3_3
Parameters: 1 -0.000167621 0.000345185 0.000168379 1 -0.00109894 -0.000344815 0.00109906 1 0.001565 0.0154455 -0.110536
FixedParameters: 0 0 0

#Transform 65
Transform: AffineTransform_float_3_3
Parameters: 1 -7.63736e-05 0.000336143 7.66262e-05 0.999999 -0.00186398 -0.000335858 0.00186403 0.999998 0.0046439 0.0520304 -0.130856
FixedParameters: 0 0 0

#Transform 66
Transform: AffineTransform_float_3_3
Parameters: 1 5.00995e-05 4.78961e-05 -4.99002e-05 0.999998 -0.002076 -4.81037e-05 0.002076 0.999998 0.00232476 0.0379198 -0.171329
FixedParameters: 0 0 0

#Transform 67
Transform: AffineTransform_float_3_3
Parameters: 1 -0.0001321 0.00047725 0.0001329 0.999998 -0.00188694 -0.00047675 0.00188706 0.999998 0.00561655 0.0138104 -0.140122
FixedParameters: 0 0 0

#Transform 68
Transform: AffineTransform_float_3_3
Parameters: 1 -0.000225943 0.000516463 0.000227058 0.999998 -0.00204688 -0.000516536 0.00204712 0.999998 -0.00245481 0.0389724 -0.156952
FixedParameters: 0 0 0

#Transform 69
Transform: AffineTransform_float_3_3
Parameters: 1 -0.000107372 0.000411164 0.000107629 0.999999 -0.00152796 -0.000411836 0.00152804 0.999998 0.00363536 -0.0223032 -0.123917
FixedParameters: 0 0 0

#Transform 70
Transform: AffineTransform_float_3_3
Parameters: 1 -0.000234844 0.000539504 0.000236157 0.999997 -0.00214387 -0.000539495 0.00214313 0.999997 0.00162564 0.0345839 -0.137441
FixedParameters: 0 0 0

#Transform 71
Transform: AffineTransform_float_3_3
Parameters: 1 -4.92626e-05 0.000411089 4.97391e-05 0.999999 -0.00179398 -0.000411912 0.00179402 0.999999 -0.00362221 0.0187144 -0.129476
FixedParameters: 0 0 0

#Transform 72
Transform: AffineTransform_float_3_3
Parameters: 1 -0.000208038 0.000493407 0.000208963 0.999998 -0.0019499 -0.000493593 0.0019501 0.999998 0.00581015 0.0188121 -0.133204
FixedParameters: 0 0 0

#Transform 73
Transform: AffineTransform_float_3_3
Parameters: 1 -0.000135087 0.000468264 0.000135914 0.999998 -0.00194994 -0.000468736 0.00195006 0.999998 -0.00309371 0.0339334 -0.145488
FixedParameters: 0 0 0

#Transform 74
Transform: AffineTransform_float_3_3
Parameters: 1 -0.000124471 0.000346191 0.000125529 0.999999 -0.00152896 -0.000345808 0.00152904 0.999999 -0.00226052 0.0137402 -0.133799
FixedParameters: 0 0 0

#Transform 75
Transform: AffineTransform_float_3_3
Parameters: 1 -0.000147198 0.000411288 0.000147803 0.999998 -0.00194994 -0.000411713 0.00195006 0.999998 -0.00362419 0.0398246 -0.139328
FixedParameters: 0 0 0

#Transform 76
Transform: AffineTransform_float_3_3
Parameters: 1 -2.33721e-05 0.000322046 2.36279e-05 0.999998 -0.00194999 -0.000321955 0.00195001 0.999998 0.00219302 0.0335579 -0.148193
FixedParameters: 0 0 0

#Transform 77
Transform: AffineTransform_float_3_3
Parameters: 1 -6.54623e-05 0.000356099 6.55375e-05 0.999999 -0.00150998 -0.000355901 0.00151002 0.999999 -0.00358075 0.0107613 -0.125577
FixedParameters: 0 0 0

#Transform 78
Transform: AffineTransform_float_3_3
Parameters: 1 6.28572e-05 0.00041087 -6.21425e-05 0.999998 -0.00208602 -0.00041113 0.00208597 0.999997 -0.00851576 0.0332981 -0.158853
FixedParameters: 0 0 0

#Transform 79
Transform: AffineTransform_float_3_3
Parameters: 1 -4.27335e-06 0.000411008 4.72664e-06 0.999999 -0.001768 -0.000410992 0.001768 0.999999 -0.010143 0.00939789 -0.140545
FixedParameters: 0 0 0

#Transform 80
Transform: AffineTransform_float_3_3
Parameters: 1 8.21933e-05 0.000116864 -8.18065e-05 0.999998 -0.00165301 -0.000117135 0.00165299 0.999998 -0.00677506 0.032532 -0.118343
FixedParameters: 0 0 0

#Transform 81
Transform: AffineTransform_float_3_3
Parameters: 1 -1.18482e-05 8.80205e-05 1.21518e-05 0.999998 -0.001725 -8.79791e-05 0.001725 0.999998 -0.0034862 0.0307509 -0.126283
FixedParameters: 0 0 0

#Transform 82
Transform: AffineTransform_float_3_3
Parameters: 1 1.81108e-05 7.79743e-05 -1.88891e-05 0.999999 -0.001421 -7.80269e-05 0.001421 0.999999 -0.00864891 -0.00337231 -0.119836
FixedParameters: 0 0 0

#Transform 83
Transform: AffineTransform_float_3_3
Parameters: 1 -6.174e-05 0.000175092 6.22598e-05 0.999999 -0.00148499 -0.000174908 0.00148501 0.999999 -0.00792792 0.0404766 -0.104003
FixedParameters: 0 0 0

#Transform 84
Transform: AffineTransform_float_3_3
Parameters: 1 0.000190952 0.000668728 -0.000190047 0.999999 -0.00142413 -0.000669271 0.00142387 0.999999 -0.014148 0.0143181 -0.100464
FixedParameters: 0 0 0

#Transform 85
Transform: AffineTransform_float_3_3
Parameters: 1 0.000247051 0.000525507 -0.000245948 0.999998 -0.00199913 -0.000526493 0.00199887 0.999998 -0.0174479 0.0566949 -0.119189
FixedParameters: 0 0 0

#Transform 86
Transform: AffineTransform_float_3_3
Parameters: 0.999999 0.000366118 0.000649371 -0.000364883 0.999999 -0.00172124 -0.000649629 0.00172076 0.999999 -0.0157648 0.0318739 -0.128819
FixedParameters: 0 0 0

#Transform 87
Transform: AffineTransform_float_3_3
Parameters: 1 0.000229973 0.000577614 -0.000229028 0.999998 -0.00168413 -0.000577387 0.00168387 0.999999 -0.0142995 0.0375126 -0.129772
FixedParameters: 0 0 0

#Transform 88
Transform: AffineTransform_float_3_3
Parameters: 1 0.000323846 0.000410334 -0.000323153 0.999998 -0.00206013 -0.000411666 0.00205987 0.999998 -0.020817 0.056261 -0.15683
FixedParameters: 0 0 0

#Transform 89
Transform: AffineTransform_float_3_3
Parameters: 1 0.000230041 0.00058259 -0.000228958 0.999999 -0.00178713 -0.00058341 0.00178687 0.999998 -0.0200315 0.027544 -0.133955
FixedParameters: 0 0 0

#Transform 90
Transform: AffineTransform_float_3_3
Parameters: 1 0.00038061 0.000410435 -0.000379389 0.999999 -0.00148516 -0.000411564 0.00148484 0.999999 -0.0221558 0.0423132 -0.121101
FixedParameters: 0 0 0

#Transform 91
Transform: AffineTransform_float_3_3
Parameters: 0.999999 0.000230962 0.000838462 -0.000229039 0.999997 -0.00233919 -0.000838538 0.00233881 0.999997 -0.0149431 0.0261224 -0.188517
FixedParameters: 0 0 0

#Transform 92
Transform: AffineTransform_float_3_3
Parameters: 0.999999 0.00023052 0.000870599 -0.000229481 0.999999 -0.0017462 -0.000870402 0.0017458 0.999998 -0.0134025 -0.0115262 -0.137069
FixedParameters: 0 0 0

#Transform 93
Transform: AffineTransform_float_3_3
Parameters: 0.999999 0.000230524 0.000755536 -0.000229475 0.999998 -0.00201717 -0.000756464 0.00201683 0.999997 -0.017734 0.0422548 -0.136351
FixedParameters: 0 0 0

#Transform 94
Transform: AffineTransform_float_3_3
Parameters: 1 0.000229898 0.000591651 -0.000229101 0.999999 -0.00151814 -0.000592348 0.00151786 0.999998 -0.0194916 0.01117 -0.135979
FixedParameters: 0 0 0

#Transform 95
Transform: AffineTransform_float_3_3
Parameters: 0.999999 0.000230661 0.000870561 -0.000229339 0.999998 -0.0019082 -0.000870439 0.0019078 0.999998 -0.0162806 0.0436992 -0.151781
FixedParameters: 0 0 0

#Transform 96
Transform: AffineTransform_float_3_3
Parameters: 0.999999 0.000299482 0.000697366 -0.000298519 0.999997 -0.00212421 -0.000697636 0.00212379 0.999998 -0.0179857 0.0449974 -0.166236
FixedParameters: 0 0 0

#Transform 97
Transform: AffineTransform_float_3_3
Parameters: 0.999999 0.00023057 0.000870585 -0.000229431 0.999999 -0.0018032 -0.000870415 0.0018028 0.999998 -0.0140791 0.0426157 -0.152082
FixedParameters: 0 0 0

#Transform 98
Transform: AffineTransform_float_3_3
Parameters: 0.999999 0.000313981 0.000870287 -0.000312019 0.999998 -0.00227627 -0.000870712 0.00227573 0.999997 -0.017018 0.0758547 -0.170167
FixedParameters: 0 0 0

#Transform 99
Transform: AffineTransform_float_3_3
Parameters: 1 0.000230065 0.000587584 -0.000228936 0.999999 -0.00181214 -0.000587416 0.00181187 0.999998 -0.0175885 0.0327468 -0.159226
FixedParameters: 0 0 0

#Transform 100
Transform: AffineTransform_float_3_3
Parameters: 0.999999 0.000230188 0.000728626 -0.000228812 0.999998 -0.00163117 -0.000728374 0.00163083 0.999999 -0.01785 0.0333114 -0.134304
FixedParameters: 0 0 0

#Transform 101
Transform: AffineTransform_float_3_3
Parameters: 1 0.000230321 0.000636523 -0.000228678 0.999998 -0.00207414 -0.000637475 0.00207385 0.999997 -0.0181007 0.0488176 -0.152848
FixedParameters: 0 0 0

#Transform 102
Transform: AffineTransform_float_3_3
Parameters: 0.999999 0.000280627 0.000870477 -0.000279373 0.999998 -0.00186924 -0.000870523 0.00186876 0.999998 -0.0173017 0.0180033 -0.147123
FixedParameters: 0 0 0

#Transform 103
Transform: AffineTransform_float_3_3
Parameters: 0.999999 0.000285977 0.000870352 -0.000284023 0.999998 -0.00227125 -0.000870647 0.00227075 0.999997 -0.0149125 0.0444212 -0.16595
FixedParameters: 0 0 0

#Transform 104
Transform: AffineTransform_float_3_3
Parameters: 0.999999 0.000230955 0.000812446 -0.000229043 0.999997 -0.00240619 -0.000813553 0.00240581 0.999997 -0.0186829 0.0387558 -0.172676
FixedParameters: 0 0 0

#Transform 105
Transform: AffineTransform_float_3_3
Parameters: 0.999999 0.000230516 0.0008706 -0.000229485 0.999998 -0.0017412 -0.000870401 0.0017408 0.999998 -0.0136556 0.0192195 -0.152163
FixedParameters: 0 0 0

#Transform 106
Transform: AffineTransform_float_3_3
Parameters: 0.999999 0.000316148 0.000870222 -0.000313853 0.999997 -0.00246627 -0.000870776 0.00246672 0.999996 -0.0193981 0.0802078 -0.174066
FixedParameters: 0 0 0

#Transform 107
Transform: AffineTransform_float_3_3
Parameters: 0.999999 0.000230681 0.0007725 -0.000229318 0.999997 -0.00217518 -0.000773501 0.00217482 0.999998 -0.0198542 0.0257436 -0.188697
FixedParameters: 0 0 0

#Transform 108
Transform: AffineTransform_float_3_3
Parameters: 0.999999 0.00023102 0.000928499 -0.000228979 0.999997 -0.00217521 -0.0009295 0.00217479 0.999997 -0.00889684 0.034489 -0.154174
FixedParameters: 0 0 0

#Transform 109
Transform: AffineTransform_float_3_3
Parameters: 1 0.000231186 0.00105552 -0.000228815 0.999998 -0.00207124 -0.00105548 0.00207076 0.999998 -0.0190516 0.0379321 -0.166707
FixedParameters: 0 0 0

#Transform 110
Transform: AffineTransform_float_3_3
Parameters: 0.999999 0.000283185 0.000723537 -0.000282815 0.999998 -0.00163821 -0.000723464 0.0016378 0.999999 -0.0175673 0.020022 -0.142219
FixedParameters: 0 0 0

#Transform 111
Transform: AffineTransform_float_3_3
Parameters: 1 0.000289832 0.000560571 -0.000289168 0.999999 -0.00148316 -0.000561429 0.00148284 0.999998 -0.0159151 0.0486315 -0.102487
FixedParameters: 0 0 0

#Transform 112
Transform: AffineTransform_float_3_3
Parameters: 0.999999 0.000228835 0.000871043 -0.000229165 1 0.0001898 -0.000870956 -0.000189199 0.999999 -0.0131594 0.03987 -0.0839472
FixedParameters: 0 0 0

#Transform 113
Transform: AffineTransform_float_3_3
Parameters: 1 0.00037509 0.000156784 -0.000374909 1 -0.000577059 -0.000157216 0.000576941 1 -0.0222613 0.0351576 -0.107789
FixedParameters: 0 0 0

#Transform 114
Transform: AffineTransform_float_3_3
Parameters: 1 0.000390405 0.000361564 -0.000389595 1 -0.00111814 -0.000362436 0.00111786 1 -0.0197479 0.0527202 -0.125671
FixedParameters: 0 0 0

#Transform 115
Transform: AffineTransform_float_3_3
Parameters: 1 0.000453144 0.000126485 -0.000452855 1 -0.00113606 -0.000127515 0.00113594 1 -0.0237338 0.0514377 -0.14511
FixedParameters: 0 0 0

#Transform 116
Transform: AffineTransform_float_3_3
Parameters: 0.999999 0.000426664 0.000688589 -0.000426336 1 -0.000964295 -0.000689411 0.000963707 1 -0.018261 0.0319395 -0.123946
FixedParameters: 0 0 0

#Transform 117
Transform: AffineTransform_float_3_3
Parameters: 1 0.000229318 0.000295754 -0.000228682 1 -0.00107507 -0.000296246 0.00107493 1 -0.0223474 0.0544702 -0.14379
FixedParameters: 0 0 0

#Transform 118
Transform: AffineTransform_float_3_3
Parameters: 1 0.000229168 0.00029587 -0.000228832 1 -0.000568068 -0.00029613 0.000567932 1 -0.0192885 0.0146262 -0.110046
FixedParameters: 0 0 0

#Transform 119
Transform: AffineTransform_float_3_3
Parameters: 1 0.000509417 0.000417492 -0.000508583 1 -0.000997213 -0.000418507 0.000996788 1 -0.0271832 0.0628433 -0.12705
FixedParameters: 0 0 0

#Transform 120
Transform: AffineTransform_float_3_3
Parameters: 0.999999 0.000591386 0.000416452 -0.000590613 1 -0.000927246 -0.000417547 0.000926753 0.999999 -0.0215534 0.0445328 -0.123673
FixedParameters: 0 0 0

#Transform 121
Transform: AffineTransform_float_3_3
Parameters: 1 0.000448168 0.000295745 -0.000447832 0.999999 -0.000568132 -0.000296254 0.000567867 1 -0.0272711 0.0347818 -0.133184
FixedParameters: 0 0 0

#Transform 122
Transform: AffineTransform_float_3_3
Parameters: 0.999999 0.000428722 0.000588475 -0.000428277 0.999999 -0.00122625 -0.000589526 0.00122675 0.999999 -0.0138675 0.0358941 -0.148263
FixedParameters: 0 0 0

#Transform 123
Transform: AffineTransform_float_3_3
Parameters: 0.999999 0.000407487 0.000711721 -0.000407513 0.999999 -0.00068329 -0.000712278 0.000683709 0.999999 -0.022335 0.0199816 -0.110634
FixedParameters: 0 0 0

#Transform 124
Transform: AffineTransform_float_3_3
Parameters: 0.999999 0.000387667 0.000711637 -0.000387333 0.999999 -0.000936276 -0.000712363 0.000936724 1 -0.0214519 0.0619295 -0.115881
FixedParameters: 0 0 0

#Transform 125
Transform: AffineTransform_float_3_3
Parameters: 0.999999 0.000542692 0.000646419 -0.000542308 1 -0.00107135 -0.000646581 0.00107065 0.999999 -0.0247467 0.0589041 -0.144272
FixedParameters: 0 0 0

#Transform 126
Transform: AffineTransform_float_3_3
Parameters: 0.999999 0.000435762 0.000711534 -0.000435238 1 -0.00107131 -0.000711466 0.00107069 0.999999 -0.0201761 0.0220107 -0.164975
FixedParameters: 0 0 0

#Transform 127
Transform: AffineTransform_float_3_3
Parameters: 0.999999 0.000230702 0.00100461 -0.000229298 0.999998 -0.00169323 -0.00100539 0.00169377 0.999998 -0.0176118 0.0392146 -0.150562
FixedParameters: 0 0 0

#Transform 128
Transform: AffineTransform_float_3_3
Parameters: 0.999999 0.000300242 0.000989623 -0.000299757 0.999999 -0.0012553 -0.000990376 0.0012547 0.999998 -0.00563021 0.0309542 -0.117893
FixedParameters: 0 0 0

#Transform 129
Transform: AffineTransform_float_3_3
Parameters: 1 0.000230281 0.00100071 -0.000228719 0.999999 -0.00128023 -0.00100129 0.00127977 0.999998 -0.0181846 0.0311218 -0.165422
FixedParameters: 0 0 0

#Transform 130
Transform: AffineTransform_float_3_3
Parameters: 1 0.000230563 0.00101765 -0.000229436 0.999999 -0.00153623 -0.00101835 0.00153577 0.999999 -0.0133774 0.0185975 -0.166922
FixedParameters: 0 0 0

#Transform 131
Transform: AffineTransform_float_3_3
Parameters: 0.999999 0.000229877 0.000864767 -0.000229123 1 -0.0010142 -0.000865233 0.0010138 0.999999 -0.0039666 0.0249362 -0.121215
FixedParameters: 0 0 0

#Transform 132
Transform: AffineTransform_float_3_3
Parameters: 1 0.00031369 0.0010455 -0.00031131 0.999998 -0.00161533 -0.0010465 0.00161567 0.999998 -0.00602043 0.043804 -0.158817
FixedParameters: 0 0 0

#Transform 133
Transform: AffineTransform_float_3_3
Parameters: 1 0.000230498 0.00108368 -0.000229504 0.999999 -0.00138125 -0.00108332 0.00138175 0.999999 -0.011849 0.0264174 -0.161933
FixedParameters: 0 0 0

#Transform 134
Transform: AffineTransform_float_3_3
Parameters: 0.999999 0.000230753 0.000994594 -0.000229245 0.999998 -0.00176323 -0.000995405 0.00176277 0.999998 -0.00842599 0.0540503 -0.165979
FixedParameters: 0 0 0

#Transform 135
Transform: AffineTransform_float_3_3
Parameters: 0.999999 0.000230502 0.000944634 -0.000229497 0.999998 -0.00159022 -0.000945366 0.00158978 0.999999 -0.0114702 0.0298113 -0.162214
FixedParameters: 0 0 0

#Transform 136
Transform: AffineTransform_float_3_3
Parameters: 1 0.000133654 0.00112681 -0.000131345 0.999999 -0.00146815 -0.00112719 0.00146785 0.999999 -0.00251435 0.0289802 -0.171246
FixedParameters: 0 0 0

#Transform 137
Transform: AffineTransform_float_3_3
Parameters: 0.999999 0.000230211 0.000711609 -0.000228788 0.999998 -0.00170116 -0.00071239 0.00170084 0.999999 -0.00345589 0.0693686 -0.159607
FixedParameters: 0 0 0

#Transform 138
Transform: AffineTransform_float_3_3
Parameters: 1 0.000230196 0.000990723 -0.000228805 0.999999 -0.00120723 -0.000990277 0.00120677 0.999999 -0.00692412 0.0118035 -0.176524
FixedParameters: 0 0 0

#Transform 139
Transform: AffineTransform_float_3_3
Parameters: 1 0.000231054 0.00114259 -0.000228947 0.999999 -0.00179726 -0.00114241 0.00179674 0.999997 -0.0110764 0.0422325 -0.173435
FixedParameters: 0 0 0

#Transform 140
Transform: AffineTransform_float_3_3
Parameters: 1 0.000230716 0.00115166 -0.000229284 0.999999 -0.00148927 -0.00115234 0.00148974 0.999998 -0.00417975 0.0168311 -0.130009
FixedParameters: 0 0 0

#Transform 141
Transform: AffineTransform_float_3_3
Parameters: 1 0.000230627 0.00115168 -0.000229372 0.999999 -0.00141327 -0.00115233 0.00141274 0.999999 -0.00449462 0.045959 -0.146098
FixedParameters: 0 0 0

#Transform 142
Transform: AffineTransform_float_3_3
Parameters: 1 0.000298662 0.00106253 -0.000296339 0.999998 -0.00156432 -0.00106247 0.00156368 0.999998 -0.0128573 0.0443455 -0.16649
FixedParameters: 0 0 0

#Transform 143
Transform: AffineTransform_float_3_3
Parameters: 1 0.000311963 0.000972692 -0.000311037 0.999999 -0.000990303 -0.000972309 0.000989697 0.999999 -0.0130871 0.026237 -0.136609
FixedParameters: 0 0 0

#Transform 144
Transform: AffineTransform_float_3_3
Parameters: 1 0.00023063 0.00111767 -0.000229372 0.999999 -0.00145726 -0.00111734 0.00145774 0.999999 -0.00389447 0.0701509 -0.15642
FixedParameters: 0 0 0

#Transform 145
Transform: AffineTransform_float_3_3
Parameters: 1 0.000230815 0.00114163 -0.000229184 0.999998 -0.00159026 -0.00114237 0.00158974 0.999998 -0.0129313 0.0530978 -0.165426
FixedParameters: 0 0 0

#Transform 146
Transform: AffineTransform_float_3_3
Parameters: 0.999999 0.00033879 0.000821675 -0.000338211 1 -0.000961279 -0.000821325 0.000960723 0.999999 -0.00569352 0.0191213 -0.111924
FixedParameters: 0 0 0

#Transform 147
Transform: AffineTransform_float_3_3
Parameters: 1 0.00023097 0.00116061 -0.000229029 0.999998 -0.00169727 -0.00116139 0.00169673 0.999998 -0.012238 0.049977 -0.15213
FixedParameters: 0 0 0

#Transform 148
Transform: AffineTransform_float_3_3
Parameters: 1 0.000230333 0.00116074 -0.000228667 1 -0.00114827 -0.00116126 0.00114773 0.999998 -0.0166095 0.0435012 -0.130639
FixedParameters: 0 0 0

#Transform 149
Transform: AffineTransform_float_3_3
Parameters: 1 0.000230559 0.00116069 -0.00022944 0.999999 -0.00134327 -0.00116131 0.00134273 0.999999 -0.00404685 0.0181131 -0.178465
FixedParameters: 0 0 0

#Transform 150
Transform: AffineTransform_float_3_3
Parameters: 1 0.000230951 0.00116061 -0.000229048 0.999998 -0.00168127 -0.00116139 0.00168073 0.999998 -0.00401719 0.0472962 -0.162124
FixedParameters: 0 0 0

#Transform 151
Transform: AffineTransform_float_3_3
Parameters: 1 0.000171082 0.00116084 -0.000169918 0.999999 -0.000932197 -0.00116116 0.000931801 0.999999 -0.00276859 0.0199433 -0.137576
FixedParameters: 0 0 0

#Transform 152
Transform: AffineTransform_float_3_3
Parameters: 1 0.000230463 0.00116071 -0.000229537 0.999999 -0.00126027 -0.00116129 0.00125973 0.999998 -0.00400391 0.0269882 -0.149259
FixedParameters: 0 0 0

#Transform 153
Transform: AffineTransform_float_3_3
Parameters: 1 0.000230863 0.00116063 -0.000229137 0.999998 -0.00160427 -0.00116137 0.00160473 0.999998 -0.00402149 0.0514343 -0.172675
FixedParameters: 0 0 0

#Transform 154
Transform: AffineTransform_float_3_3
Parameters: 1 0.000230137 0.00116078 -0.000228862 0.999999 -0.000980266 -0.00116122 0.000979733 0.999999 -0.00395617 0.0572665 -0.114113
FixedParameters: 0 0 0

#Transform 155
Transform: AffineTransform_float_3_3
Parameters: 1 0.000231073 0.00116059 -0.000228926 0.999999 -0.00178627 -0.00116141 0.00178573 0.999997 -0.0064934 0.0715223 -0.192055
FixedParameters: 0 0 0

#Transform 156
Transform: AffineTransform_float_3_3
Parameters: 1 0.000230848 0.00116063 -0.000229151 0.999998 -0.00159227 -0.00116137 0.00159173 0.999998 -0.00618059 0.0397804 -0.173041
FixedParameters: 0 0 0

#Transform 157
Transform: AffineTransform_float_3_3
Parameters: 1 0.000230712 0.00116066 -0.000229287 0.999999 -0.00147527 -0.00116134 0.00147473 0.999998 -0.00662679 0.0641302 -0.153034
FixedParameters: 0 0 0

#Transform 158
Transform: AffineTransform_float_3_3
Parameters: 1 0.000230993 0.00116061 -0.000229006 0.999998 -0.00171727 -0.0011614 0.00171673 0.999998 -0.0040655 0.0574532 -0.208316
FixedParameters: 0 0 0

#Transform 159
Transform: AffineTransform_float_3_3
Parameters: 1 0.000230358 0.00116073 -0.000228643 1 -0.00116927 -0.00116127 0.00116973 0.999998 -0.00400801 0.018836 -0.151188
FixedParameters: 0 0 0

#Transform 160
Transform: AffineTransform_float_3_3
Parameters: 1 0.000230848 0.00116063 -0.000229151 0.999998 -0.00159227 -0.00116137 0.00159173 0.999998 -0.00403462 0.0403473 -0.17835
FixedParameters: 0 0 0

#Transform 161
Transform: AffineTransform_float_3_3
Parameters: 0.999999 0.000229953 0.000898757 -0.000229048 1 -0.00105921 -0.000899243 0.00105979 0.999999 -0.00496653 0.0254909 -0.136508
FixedParameters: 0 0 0

#Transform 162
Transform: AffineTransform_float_3_3
Parameters: 1 0.00023077 0.00109863 -0.000229231 0.999998 -0.00161125 -0.00109837 0.00161075 0.999998 -0.00733393 0.0330355 -0.199353
FixedParameters: 0 0 0

#Transform 163
Transform: AffineTransform_float_3_3
Parameters: 1 0.000231425 0.00114751 -0.000228574 0.999997 -0.00211326 -0.00114849 0.00211274 0.999997 -0.00400648 0.0493314 -0.204053
FixedParameters: 0 0 0

#Transform 164
Transform: AffineTransform_float_3_3
Parameters: 1 0.000230574 0.00111368 -0.000229426 0.999999 -0.00141326 -0.00111433 0.00141274 0.999999 -0.00537485 0.0289202 -0.158107
FixedParameters: 0 0 0

#Transform 165
Transform: AffineTransform_float_3_3
Parameters: 1 0.000230879 0.00110761 -0.000229122 0.999998 -0.00169625 -0.00110739 0.00169574 0.999998 -0.0105998 0.0711533 -0.164021
FixedParameters: 0 0 0

#Transform 166
Transform: AffineTransform_float_3_3
Parameters: 1 0.000231092 0.00112457 -0.000228907 0.999998 -0.00186026 -0.00112543 0.00185974 0.999997 -0.0105046 0.0625892 -0.218673
FixedParameters: 0 0 0

#Transform 167
Transform: AffineTransform_float_3_3
Parameters: 1 0.000289107 0.00112946 -0.000286894 0.999998 -0.00186533 -0.00112954 0.00186467 0.999997 -0.00808562 0.0309941 -0.190239
FixedParameters: 0 0 0

#Transform 168
Transform: AffineTransform_float_3_3
Parameters: 1 0.000287999 0.00117851 -0.000286001 0.999998 -0.00169634 -0.00117849 0.00169566 0.999998 -0.0146446 0.0542169 -0.165455
FixedParameters: 0 0 0

#Transform 169
Transform: AffineTransform_float_3_3
Parameters: 1 0.000502529 0.000963205 -0.000500472 0.999998 -0.00158648 -0.000963796 0.00158652 0.999999 -0.0268603 0.0326459 -0.171954
FixedParameters: 0 0 0

#Transform 170
Transform: AffineTransform_float_3_3
Parameters: 0.999999 0.000402061 0.000687379 -0.000400937 0.999998 -0.00154428 -0.000688619 0.00154372 0.999998 -0.0182674 0.0333072 -0.216409
FixedParameters: 0 0 0

#Transform 171
Transform: AffineTransform_float_3_3
Parameters: 0.999999 0.000639435 0.000686666 -0.000638563 0.999997 -0.00208844 -0.000688335 0.00208856 0.999997 -0.0253333 0.0535166 -0.23804
FixedParameters: 0 0 0

#Transform 172
Transform: AffineTransform_float_3_3
Parameters: 1 0.000624135 0.000846164 -0.000622864 0.999999 -0.00134153 -0.000847836 0.00134047 0.999998 -0.0315237 0.0200016 -0.176246
FixedParameters: 0 0 0

#Transform 173
Transform: AffineTransform_float_3_3
Parameters: 1 0.000554725 0.00090895 -0.000553277 0.999998 -0.0018965 -0.000909051 0.0018965 0.999998 -0.0321188 0.0469403 -0.214575
FixedParameters: 0 0 0

#Transform 174
Transform: AffineTransform_float_3_3
Parameters: 1 0.000653104 0.000790089 -0.000651897 0.999999 -0.00139652 -0.000790911 0.00139648 0.999998 -0.037031 0.0589437 -0.173783
FixedParameters: 0 0 0

#Transform 175
Transform: AffineTransform_float_3_3
Parameters: 0.999999 0.0004911 0.000687214 -0.000489899 0.999998 -0.00160134 -0.000687785 0.00160066 0.999998 -0.0316375 0.0433693 -0.19665
FixedParameters: 0 0 0

#Transform 176
Transform: AffineTransform_float_3_3
Parameters: 0.999999 0.000456238 0.000687179 -0.000454762 0.999999 -0.00180131 -0.00068782 0.00180069 0.999998 -0.0214682 0.047188 -0.189354
FixedParameters: 0 0 0

#Transform 177
Transform: AffineTransform_float_3_3
Parameters: 0.999999 0.000667138 0.000686897 -0.000666862 0.999999 -0.00165546 -0.000688104 0.00165454 0.999999 -0.0259669 0.0461476 -0.186214
FixedParameters: 0 0 0

#Transform 178
Transform: AffineTransform_float_3_3
Parameters: 0.999999 0.000714371 0.000686576 -0.000713627 0.999998 -0.00199549 -0.000688425 0.00199551 0.999998 -0.0322204 0.0710012 -0.216833
FixedParameters: 0 0 0

#Transform 179
Transform: AffineTransform_float_3_3
Parameters: 0.999999 0.000732143 0.000686783 -0.000731856 0.999999 -0.0016635 -0.000688218 0.0016625 0.999999 -0.0273178 0.0541408 -0.207393
FixedParameters: 0 0 0

#Transform 180
Transform: AffineTransform_float_3_3
Parameters: 1 0.00069743 0.000774716 -0.000696571 0.999998 -0.00184354 -0.000776286 0.00184346 0.999998 -0.0325007 0.0637619 -0.209504
FixedParameters: 0 0 0

#Transform 181
Transform: AffineTransform_float_3_3
Parameters: 1 0.000668777 0.000837585 -0.000667225 0.999997 -0.00211956 -0.000838417 0.00211944 0.999998 -0.0262149 0.0457047 -0.224869
FixedParameters: 0 0 0

#Transform 182
Transform: AffineTransform_float_3_3
Parameters: 1 0.000570186 0.00097072 -0.000568814 0.999998 -0.00225055 -0.000972282 0.00224945 0.999997 -0.0278849 0.0291966 -0.223869
FixedParameters: 0 0 0

#Transform 183
Transform: AffineTransform_float_3_3
Parameters: 1 0.000602891 0.000908749 -0.000601111 0.999997 -0.00207955 -0.000909253 0.00207945 0.999998 -0.0248479 0.0409588 -0.212305
FixedParameters: 0 0 0

#Transform 184
Transform: AffineTransform_float_3_3
Parameters: 0.999999 0.000554112 0.00109593 -0.000552889 0.999998 -0.00192561 -0.00109707 0.00192539 0.999997 -0.0241404 0.0229611 -0.166567
FixedParameters: 0 0 0

#Transform 185
Transform: AffineTransform_float_3_3
Parameters: 0.999999 0.000712823 0.00101072 -0.000711176 0.999998 -0.00180372 -0.00101228 0.00180228 0.999998 -0.0273297 0.0288138 -0.190732
FixedParameters: 0 0 0

#Transform 186
Transform: AffineTransform_float_3_3
Parameters: 1 0.000733997 0.000905385 -0.000732002 0.999998 -0.00220467 -0.000907616 0.00220334 0.999997 -0.0328282 0.0762926 -0.207013
FixedParameters: 0 0 0

#Transform 187
Transform: AffineTransform_float_3_3
Parameters: 0.999999 0.00072982 0.00100869 -0.000728181 0.999998 -0.00180374 -0.00100931 0.00180226 0.999998 -0.027655 0.0353486 -0.204883
FixedParameters: 0 0 0

#Transform 188
Transform: AffineTransform_float_3_3
Parameters: 0.999999 0.00069592 0.00109578 -0.000694081 0.999998 -0.00175076 -0.00109722 0.00175024 0.999998 -0.0270396 0.0442067 -0.189945
FixedParameters: 0 0 0

#Transform 189
Transform: AffineTransform_float_3_3
Parameters: 0.999999 0.000802171 0.00109541 -0.00079983 0.999997 -0.00198088 -0.00109659 0.00198012 0.999998 -0.0322399 0.0665564 -0.212788
FixedParameters: 0 0 0

#Transform 190
Transform: AffineTransform_float_3_3
Parameters: 1 0.000573721 0.000953967 -0.000571279 0.999998 -0.00180355 -0.000955032 0.00180245 0.999998 -0.0268806 0.0380439 -0.20909
FixedParameters: 0 0 0

#Transform 191
Transform: AffineTransform_float_3_3
Parameters: 1 0.000519858 0.000949985 -0.000518142 0.999998 -0.00195549 -0.000951015 0.00195451 0.999997 -0.0232852 0.0844797 -0.193631
FixedParameters: 0 0 0

#Transform 192
Transform: AffineTransform_float_3_3
Parameters: 0.999999 0.000720447 0.00109539 -0.000717554 0.999998 -0.00223279 -0.0010966 0.00223121 0.999997 -0.0357279 0.0630797 -0.246016
FixedParameters: 0 0 0

#Transform 193
Transform: AffineTransform_float_3_3
Parameters: 1 0.00054979 0.00099201 -0.000548211 0.999998 -0.00180355 -0.00099299 0.00180246 0.999998 -0.0220032 0.00343657 -0.203774
FixedParameters: 0 0 0

#Transform 194
Transform: AffineTransform_float_3_3
Parameters: 1 0.000535325 0.00101578 -0.000532676 0.999997 -0.00228654 -0.00101722 0.00228646 0.999997 -0.0213435 0.0415896 -0.206596
FixedParameters: 0 0 0

#Transform 195
Transform: AffineTransform_float_3_3
Parameters: 0.999999 0.000617149 0.00109579 -0.000614851 0.999998 -0.00195968 -0.00109721 0.00195933 0.999998 -0.0233116 0.021716 -0.217531
FixedParameters: 0 0 0

#Transform 196
Transform: AffineTransform_float_3_3
Parameters: 0.999999 0.000741219 0.0010955 -0.000738781 0.999997 -0.00202581 -0.0010965 0.00202419 0.999998 -0.0295623 0.0518255 -0.226635
FixedParameters: 0 0 0

#Transform 197
Transform: AffineTransform_float_3_3
Parameters: 0.999999 0.000757635 0.00109518 -0.000755366 0.999997 -0.00240383 -0.00109682 0.00240317 0.999996 -0.0308161 0.0440306 -0.286842
FixedParameters: 0 0 0

#Transform 198
Transform: AffineTransform_float_3_3
Parameters: 0.999999 0.000770343 0.00109466 -0.000766659 0.999995 -0.00305084 -0.00109634 0.00305016 0.999994 -0.0317737 0.0416799 -0.254148
FixedParameters: 0 0 0

#Transform 199
Transform: AffineTransform_float_3_3
Parameters: 0.999999 0.000910759 0.00109388 -0.00090724 0.999993 -0.00343199 -0.00109712 0.003431 0.999993 -0.0420693 0.062689 -0.312605
FixedParameters: 0 0 0

#Transform 200
Transform: AffineTransform_float_3_3
Parameters: 0.999999 0.000855238 0.00109448 -0.000851764 0.999996 -0.00295494 -0.00109652 0.00295407 0.999995 -0.0280713 0.0133498 -0.284917
FixedParameters: 0 0 0

#Transform 201
Transform: AffineTransform_float_3_3
Parameters: 0.999999 0.000729287 0.00134468 -0.000725715 0.999994 -0.00318598 -0.00134632 0.00318502 0.999994 -0.0342735 0.0565321 -0.29299
FixedParameters: 0 0 0

#Transform 202
Transform: AffineTransform_float_3_3
Parameters: 0.999999 0.000583217 0.00125151 -0.000579785 0.999997 -0.00256873 -0.00125249 0.00256827 0.999996 -0.0245649 0.0647991 -0.257774
FixedParameters: 0 0 0

#Transform 203
Transform: AffineTransform_float_3_3
Parameters: 0.999999 0.00058888 0.00167499 -0.000586121 0.999999 -0.00171899 -0.00167601 0.00171802 0.999997 -0.0232347 0.0445086 -0.175103
FixedParameters: 0 0 0

#Transform 204
Transform: AffineTransform_float_3_3
Parameters: 0.999998 0.000746437 0.00141772 -0.000744562 0.999998 -0.00171906 -0.00141928 0.00171794 0.999998 -0.0302187 0.0542514 -0.194597
FixedParameters: 0 0 0

#Transform 205
Transform: AffineTransform_float_3_3
Parameters: 0.999999 0.000694063 0.00135895 -0.000691937 0.999998 -0.00151794 -0.00136005 0.00151706 0.999998 -0.0249777 0.031528 -0.196548
FixedParameters: 0 0 0

#Transform 206
Transform: AffineTransform_float_3_3
Parameters: 0.999999 0.000683692 0.00125053 -0.000680309 0.999998 -0.00215185 -0.00125147 0.00215115 0.999997 -0.0290263 0.0683785 -0.221935
FixedParameters: 0 0 0

#Transform 207
Transform: AffineTransform_float_3_3
Parameters: 0.999999 0.000669212 0.00131087 -0.000666788 0.999999 -0.00168688 -0.00131213 0.00168612 0.999997 -0.0293069 0.0404106 -0.209252
FixedParameters: 0 0 0

#Transform 208
Transform: AffineTransform_float_3_3
Parameters: 0.999999 0.000811241 0.00134665 -0.000808758 0.999999 -0.00166409 -0.00134835 0.00166291 0.999997 -0.0316224 0.0538521 -0.192324
FixedParameters: 0 0 0

#Transform 209
Transform: AffineTransform_float_3_3
Parameters: 0.999999 0.00073665 0.00124444 -0.00073435 0.999998 -0.00212792 -0.00124657 0.00212708 0.999997 -0.0337676 0.076561 -0.225321
FixedParameters: 0 0 0

#Transform 210
Transform: AffineTransform_float_3_3
Parameters: 0.999999 0.000782116 0.00127671 -0.000779885 0.999999 -0.001657 -0.00127729 0.001656 0.999998 -0.0338913 0.0364453 -0.206951
FixedParameters: 0 0 0

#Transform 211
Transform: AffineTransform_float_3_3
Parameters: 0.999999 0.000686153 0.00129886 -0.000683848 0.999999 -0.00165689 -0.00130013 0.00165611 0.999998 -0.0332123 0.0544165 -0.199165
FixedParameters: 0 0 0

#Transform 212
Transform: AffineTransform_float_3_3
Parameters: 0.999999 0.000734726 0.00128945 -0.000732274 0.999997 -0.00211395 -0.00129055 0.00211305 0.999997 -0.0345366 0.0675194 -0.221071
FixedParameters: 0 0 0

#Transform 213
Transform: AffineTransform_float_3_3
Parameters: 0.999998 0.000656084 0.00154669 -0.000652914 0.999998 -0.00199401 -0.0015483 0.00199299 0.999997 -0.0293944 0.0499101 -0.235431
FixedParameters: 0 0 0

#Transform 214
Transform: AffineTransform_float_3_3
Parameters: 0.999999 0.000608521 0.00134787 -0.000605479 0.999998 -0.00186982 -0.00134913 0.00186918 0.999998 -0.0295657 0.0592199 -0.203695
FixedParameters: 0 0 0

#Transform 215
Transform: AffineTransform_float_3_3
Parameters: 0.999999 0.000630941 0.00134362 -0.000628057 0.999998 -0.00218885 -0.00134538 0.00218715 0.999996 -0.023683 0.0570585 -0.210521
FixedParameters: 0 0 0

#Transform 216
Transform: AffineTransform_float_3_3
Parameters: 0.999999 0.000628576 0.00144889 -0.000625425 0.999998 -0.00177791 -0.00144911 0.00177709 0.999998 -0.0236107 0.0474347 -0.202325
FixedParameters: 0 0 0

#Transform 217
Transform: AffineTransform_float_3_3
Parameters: 0.999999 0.000671858 0.00130553 -0.000669143 0.999998 -0.00218888 -0.00130647 0.00218712 0.999997 -0.0244146 0.0676714 -0.210349
FixedParameters: 0 0 0

#Transform 218
Transform: AffineTransform_float_3_3
Parameters: 0.999998 0.000918381 0.00130533 -0.000916618 0.999998 -0.0018242 -0.00130667 0.0018228 0.999998 -0.0296211 0.0263404 -0.208487
FixedParameters: 0 0 0

#Transform 219
Transform: AffineTransform_float_3_3
Parameters: 0.999999 0.000672221 0.00130586 -0.000669781 0.999999 -0.00169988 -0.00130614 0.00169912 0.999997 -0.0305327 0.052113 -0.193683
FixedParameters: 0 0 0

#Transform 220
Transform: AffineTransform_float_3_3
Parameters: 0.999999 0.000739912 0.00170574 -0.00073709 0.999999 -0.00170726 -0.00170626 0.00170574 0.999997 -0.0321917 0.0676575 -0.182821
FixedParameters: 0 0 0

#Transform 221
Transform: AffineTransform_float_3_3
Parameters: 0.999999 0.00081084 0.00130586 -0.000809161 0.999998 -0.00140906 -0.00130614 0.00140794 0.999998 -0.035552 0.0344113 -0.194
FixedParameters: 0 0 0

#Transform 222
Transform: AffineTransform_float_3_3
Parameters: 0.999998 0.000760408 0.00155282 -0.00075859 0.999998 -0.00155118 -0.00155418 0.00154982 0.999997 -0.0340937 0.0527144 -0.209696
FixedParameters: 0 0 0

#Transform 223
Transform: AffineTransform_float_3_3
Parameters: 0.999999 0.000942859 0.00156728 -0.000940141 0.999998 -0.00182448 -0.00156872 0.00182252 0.999997 -0.0411082 0.0858625 -0.223396
FixedParameters: 0 0 0

#Transform 224
Transform: AffineTransform_float_3_3
Parameters: 0.999999 0.000893143 0.00152975 -0.000890856 0.999998 -0.00140136 -0.00153125 0.00139963 0.999998 -0.0294918 0.0276553 -0.194745
FixedParameters: 0 0 0

#Transform 225
Transform: AffineTransform_float_3_3
Parameters: 0.999999 0.000894109 0.00159326 -0.000890889 0.999997 -0.00195142 -0.00159574 0.00194958 0.999997 -0.0386419 0.0715616 -0.217105
FixedParameters: 0 0 0

#Transform 226
Transform: AffineTransform_float_3_3
Parameters: 0.999998 0.000778867 0.00149851 -0.000776131 0.999998 -0.00191317 -0.00150049 0.00191183 0.999997 -0.0341885 0.0634561 -0.218603
FixedParameters: 0 0 0

#Transform 227
Transform: AffineTransform_float_3_3
Parameters: 0.999999 0.000733327 0.00163396 -0.000731673 0.999998 -0.0014242 -0.00163504 0.0014228 0.999997 -0.0263288 0.0236512 -0.195697
FixedParameters: 0 0 0

#Transform 228
Transform: AffineTransform_float_3_3
Parameters: 0.999999 0.000736099 0.00166063 -0.000732902 0.999998 -0.00186622 -0.00166137 0.00186478 0.999997 -0.0263467 0.065459 -0.221123
FixedParameters: 0 0 0

#Transform 229
Transform: AffineTransform_float_3_3
Parameters: 0.999999 0.000798748 0.00130532 -0.000796253 0.999998 -0.00210404 -0.00130668 0.00210296 0.999997 -0.0258646 0.0532524 -0.208558
FixedParameters: 0 0 0

#Transform 230
Transform: AffineTransform_float_3_3
Parameters: 0.999999 0.000691545 0.00130566 -0.000689456 0.999998 -0.0019489 -0.00130635 0.0019481 0.999997 -0.030847 0.0346607 -0.224158
FixedParameters: 0 0 0

#Transform 231
Transform: AffineTransform_float_3_3
Parameters: 0.999999 0.000787556 0.00168788 -0.000783445 0.999996 -0.00269733 -0.00169012 0.00269667 0.999995 -0.0259663 0.0489682 -0.240295
FixedParameters: 0 0 0

#Transform 232
Transform: AffineTransform_float_3_3
Parameters: 0.999998 0.000703988 0.00177843 -0.000700011 0.999997 -0.00224225 -0.00178057 0.00224075 0.999996 -0.0249027 0.0265403 -0.233203
FixedParameters: 0 0 0

#Transform 233
Transform: AffineTransform_float_3_3
Parameters: 0.999998 0.000690995 0.00183312 -0.000686005 0.999996 -0.00272426 -0.00183487 0.00272274 0.999994 -0.0194477 0.0496594 -0.239212
FixedParameters: 0 0 0

#Transform 234
Transform: AffineTransform_float_3_3
Parameters: 0.999998 0.000694693 0.00191094 -0.000689309 0.999996 -0.00297732 -0.00191306 0.00297668 0.999993 -0.0322441 0.0527884 -0.253648
FixedParameters: 0 0 0

#Transform 235
Transform: AffineTransform_float_3_3
Parameters: 0.999998 0.0006481 0.0017645 -0.000643899 0.999997 -0.00232314 -0.0017665 0.00232186 0.999995 -0.0295235 0.0437902 -0.242277
FixedParameters: 0 0 0

#Transform 236
Transform: AffineTransform_float_3_3
Parameters: 0.999998 0.000905889 0.00173197 -0.00090211 0.999997 -0.00224557 -0.00173403 0.00224343 0.999996 -0.0384865 0.0760572 -0.226282
FixedParameters: 0 0 0

#Transform 237
Transform: AffineTransform_float_3_3
Parameters: 0.999997 0.000952662 0.00194973 -0.000947336 0.999996 -0.00239085 -0.00195227 0.00238915 0.999995 -0.0388559 0.086462 -0.23654
FixedParameters: 0 0 0

#Transform 238
Transform: AffineTransform_float_3_3
Parameters: 0.999997 0.000919269 0.00200705 -0.000914731 0.999998 -0.00212684 -0.00200895 0.00212516 0.999995 -0.0407006 0.0333473 -0.24943
FixedParameters: 0 0 0

#Transform 239
Transform: AffineTransform_float_3_3
Parameters: 0.999997 0.000799932 0.00211114 -0.000795064 0.999997 -0.00233668 -0.00211386 0.00233431 0.999995 -0.0296611 0.0515807 -0.245222
FixedParameters: 0 0 0

#Transform 240
Transform: AffineTransform_float_3_3
Parameters: 0.999998 0.000836735 0.00175623 -0.000832264 0.999998 -0.00212647 -0.00175877 0.00212453 0.999996 -0.036456 0.0425655 -0.248806
FixedParameters: 0 0 0

#Transform 241
Transform: AffineTransform_float_3_3
Parameters: 0.999998 0.000695735 0.00175653 -0.000691264 0.999998 -0.00212622 -0.00175847 0.00212478 0.999996 -0.0292316 0.0102114 -0.248893
FixedParameters: 0 0 0

#Transform 242
Transform: AffineTransform_float_3_3
Parameters: 0.999997 0.000844866 0.00202456 -0.000839132 0.999995 -0.0028967 -0.00202744 0.00289529 0.999994 -0.0374234 0.0580144 -0.277721
FixedParameters: 0 0 0

#Transform 243
Transform: AffineTransform_float_3_3
Parameters: 0.999998 0.000869829 0.00175611 -0.00086517 0.999997 -0.00217952 -0.00175889 0.00217847 0.999996 -0.0338973 0.030801 -0.256575
FixedParameters: 0 0 0

#Transform 244
Transform: AffineTransform_float_3_3
Parameters: 0.999998 0.000689412 0.00196411 -0.000683584 0.999996 -0.00275535 -0.00196689 0.00275365 0.999995 -0.0286962 0.0708962 -0.279776
FixedParameters: 0 0 0

#Transform 245
Transform: AffineTransform_float_3_3
Parameters: 0.999998 0.000867718 0.00181175 -0.000863281 0.999996 -0.00260357 -0.00181425 0.00260143 0.999995 -0.0320722 0.0413908 -0.25377
FixedParameters: 0 0 0

#Transform 246
Transform: AffineTransform_float_3_3
Parameters: 0.999998 0.000915534 0.00191336 -0.000909468 0.999996 -0.00289075 -0.00191564 0.00288925 0.999994 -0.0425285 0.0883563 -0.24609
FixedParameters: 0 0 0

#Transform 247
Transform: AffineTransform_float_3_3
Parameters: 0.999998 0.000961072 0.00175523 -0.000955925 0.999996 -0.00288869 -0.00175877 0.00288632 0.999995 -0.0325181 0.0587325 -0.291283
FixedParameters: 0 0 0

#Transform 248
Transform: AffineTransform_float_3_3
Parameters: 0.999998 0.000903691 0.00187474 -0.000898308 0.999996 -0.00250269 -0.00187625 0.00250031 0.999995 -0.0359908 0.0397823 -0.258195
FixedParameters: 0 0 0

#Transform 249
Transform: AffineTransform_float_3_3
Parameters: 1 -0.000487 -3.59927e-05 0.000486999 1 -1.50175e-05 3.60073e-05 1.49825e-05 1 0.0149332 0.0568603 -0.0730976
FixedParameters: 0 0 0

#Transform 250
Transform: AffineTransform_float_3_3
Parameters: 1 0.000165027 0.000253982 -0.000164973 1 -0.000106042 -0.000254017 0.000105958 1 -0.0121336 0.0832192 -0.0761992
FixedParameters: 0 0 0

#Transform 251
Transform: AffineTransform_float_3_3
Parameters: 0.999999 0.000169782 0.000705812 -0.000169218 1 -0.00110812 -0.000706188 0.00110788 0.999999 -0.0102014 0.0914148 -0.159761
FixedParameters: 0 0 0

#Transform 252
Transform: AffineTransform_float_3_3
Parameters: 0.999999 0.000216054 0.000715682 -0.000214945 0.999999 -0.00147315 -0.000716317 0.00147284 0.999998 -0.0146659 0.0719446 -0.170878
FixedParameters: 0 0 0

#Transform 253
Transform: AffineTransform_float_3_3
Parameters: 0.999999 0.00029807 0.000926656 -0.000296929 1 -0.00115528 -0.000927343 0.00115472 0.999999 -0.0157368 0.0725566 -0.151613
FixedParameters: 0 0 0

#Transform 254
Transform: AffineTransform_float_3_3
Parameters: 0.999999 0.000281242 0.000715513 -0.000279757 0.999999 -0.0017352 -0.000716486 0.0017348 0.999998 -0.0185914 0.105685 -0.186842
FixedParameters: 0 0 0

#Transform 255
Transform: AffineTransform_float_3_3
Parameters: 0.999999 0.000198246 0.000984749 -0.000197754 0.999999 -0.0012652 -0.00098525 0.00126481 0.999998 -0.0159054 0.0628615 -0.179831
FixedParameters: 0 0 0

#Transform 256
Transform: AffineTransform_float_3_3
Parameters: 1 0.000410714 0.00109036 -0.000409287 0.999998 -0.00157145 -0.00109065 0.00157155 0.999998 -0.019704 0.0787193 -0.17874
FixedParameters: 0 0 0

#Transform 257
Transform: AffineTransform_float_3_3
Parameters: 0.999999 0.000416737 0.00122541 -0.000414263 0.999999 -0.00141651 -0.00122659 0.00141649 0.999998 -0.0199761 0.0765586 -0.185703
FixedParameters: 0 0 0

#Transform 258
Transform: AffineTransform_float_3_3
Parameters: 1 0.000375341 0.00113256 -0.000373661 0.999999 -0.00118342 -0.00113244 0.00118358 0.999998 -0.0153143 0.0594566 -0.169986
FixedParameters: 0 0 0

#Transform 259
Transform: AffineTransform_float_3_3
Parameters: 1 0.000466413 0.000959315 -0.000464585 0.999999 -0.00147345 -0.000960686 0.00147255 0.999999 -0.020406 0.0742401 -0.181943
FixedParameters: 0 0 0

#Transform 260
Transform: AffineTransform_float_3_3
Parameters: 1 0.000441219 0.00113253 -0.000439782 1 -0.0010765 -0.00113247 0.0010755 0.999999 -0.0182461 0.0497995 -0.167997
FixedParameters: 0 0 0

#Transform 261
Transform: AffineTransform_float_3_3
Parameters: 1 0.000380446 0.00113251 -0.000379554 0.999999 -0.00127743 -0.00113249 0.00127657 0.999998 -0.0138234 0.081837 -0.171607
FixedParameters: 0 0 0

#Transform 262
Transform: AffineTransform_float_3_3
Parameters: 1 0.000380499 0.0011325 -0.000379503 0.999999 -0.00132243 -0.0011325 0.00132257 0.999999 -0.0181558 0.070043 -0.176817
FixedParameters: 0 0 0

#Transform 263
Transform: AffineTransform_float_3_3
Parameters: 0.999999 0.000563984 0.00129657 -0.000562017 1 -0.00075873 -0.00129743 0.000758269 0.999999 -0.0251167 0.0449556 -0.162098
FixedParameters: 0 0 0

#Transform 264
Transform: AffineTransform_float_3_3
Parameters: 0.999999 0.000739447 0.00113206 -0.000738553 0.999999 -0.00127784 -0.00113294 0.00127716 0.999998 -0.0321544 0.0773432 -0.179408
FixedParameters: 0 0 0

#Transform 265
Transform: AffineTransform_float_3_3
Parameters: 0.999999 0.000677111 0.0012494 -0.00067689 1 -0.000888847 -0.0012496 0.000888155 0.999999 -0.0247923 0.0682138 -0.168833
FixedParameters: 0 0 0

#Transform 266
Transform: AffineTransform_float_3_3
Parameters: 0.999999 0.000539164 0.00113245 -0.000537836 1 -0.00102861 -0.00113255 0.00102739 0.999999 -0.0212633 0.0689025 -0.158502
FixedParameters: 0 0 0

#Transform 267
Transform: AffineTransform_float_3_3
Parameters: 0.999998 0.000593682 0.00151934 -0.000591316 0.999999 -0.0011079 -0.00152066 0.0011061 0.999998 -0.0254475 0.068746 -0.184637
FixedParameters: 0 0 0

#Transform 268
Transform: AffineTransform_float_3_3
Parameters: 0.999998 0.000642582 0.00178043 -0.000641418 1 -0.000889144 -0.00178057 0.000887858 0.999998 -0.0248421 0.0434881 -0.196001
FixedParameters: 0 0 0

#Transform 269
Transform: AffineTransform_float_3_3
Parameters: 0.999999 0.000738836 0.00163317 -0.000737165 0.999999 -0.00112421 -0.00163383 0.00112279 0.999998 -0.0272892 0.0682568 -0.195895
FixedParameters: 0 0 0

#Transform 270
Transform: AffineTransform_float_3_3
Parameters: 0.999998 0.000679563 0.00156532 -0.000677438 1 -0.000998062 -0.00156568 0.000997938 0.999999 -0.0243189 0.0599957 -0.1929
FixedParameters: 0 0 0

#Transform 271
Transform: AffineTransform_float_3_3
Parameters: 0.999998 0.000710992 0.00154709 -0.000709007 0.999999 -0.0012881 -0.00154791 0.0012869 0.999998 -0.0255273 0.0719416 -0.198994
FixedParameters: 0 0 0

#Transform 272
Transform: AffineTransform_float_3_3
Parameters: 0.999999 0.000757654 0.0016678 -0.000755346 0.999999 -0.00159126 -0.0016692 0.00158974 0.999998 -0.0284996 0.0761287 -0.21945
FixedParameters: 0 0 0

#Transform 273
Transform: AffineTransform_float_3_3
Parameters: 0.999999 0.000765239 0.00160594 -0.000762761 0.999998 -0.00139423 -0.00160706 0.00139277 0.999997 -0.0273147 0.0552171 -0.201405
FixedParameters: 0 0 0

#Transform 274
Transform: AffineTransform_float_3_3
Parameters: 0.999999 0.000720299 0.001649 -0.000717701 0.999999 -0.00139418 -0.00165 0.00139281 0.999997 -0.0264523 0.0527009 -0.194491
FixedParameters: 0 0 0

#Transform 275
Transform: AffineTransform_float_3_3
Parameters: 0.999999 0.000766515 0.00166985 -0.000763485 0.999998 -0.00150628 -0.00167115 0.00150472 0.999998 -0.0285373 0.06852 -0.211703
FixedParameters: 0 0 0

#Transform 276
Transform: AffineTransform_float_3_3
Parameters: 0.999998 0.000575474 0.00159547 -0.000573525 1 -0.000924917 -0.00159553 0.000923084 0.999999 -0.0226333 0.0465289 -0.193775
FixedParameters: 0 0 0

#Transform 277
Transform: AffineTransform_float_3_3
Parameters: 0.999998 0.000735113 0.00151598 -0.000732886 0.999999 -0.00139411 -0.00151702 0.00139289 0.999998 -0.024152 0.0769011 -0.2023
FixedParameters: 0 0 0

#Transform 278
Transform: AffineTransform_float_3_3
Parameters: 0.999998 0.000637235 0.00159151 -0.000636764 0.999999 -0.000777014 -0.00159149 0.000775987 0.999999 -0.0240201 0.0681313 -0.189495
FixedParameters: 0 0 0

#Transform 279
Transform: AffineTransform_float_3_3
Parameters: 0.999998 0.000681019 0.00178061 -0.000679981 0.999999 -0.000573212 -0.00178039 0.000571788 0.999999 -0.0256105 0.0675828 -0.151603
FixedParameters: 0 0 0

#Transform 280
Transform: AffineTransform_float_3_3
Parameters: 0.999998 0.000576096 0.0015746 -0.000575902 0.999999 -0.000696907 -0.0015754 0.000696093 0.999998 -0.0249759 0.0682811 -0.175706
FixedParameters: 0 0 0

#Transform 281
Transform: AffineTransform_float_3_3
Parameters: 0.999998 0.000788587 0.00192976 -0.000788413 0.999999 -0.000304522 -0.00193024 0.000303478 0.999998 -0.0288344 0.0668626 -0.167657
FixedParameters: 0 0 0

#Transform 282
Transform: AffineTransform_float_3_3
Parameters: 0.999998 0.000742357 0.00189147 -0.000740643 1 -0.000718403 -0.00189153 0.000716598 0.999998 -0.0310522 0.0859566 -0.186167
FixedParameters: 0 0 0

#Transform 283
Transform: AffineTransform_float_3_3
Parameters: 0.999998 0.000740595 0.00173175 -0.000740405 0.999999 -0.000344282 -0.00173225 0.000342717 0.999998 -0.0248622 0.0475494 -0.167388
FixedParameters: 0 0 0

#Transform 284
Transform: AffineTransform_float_3_3
Parameters: 0.999999 0.000730421 0.00157481 -0.00073058 0.999999 -0.000267151 -0.0015752 0.00026685 0.999998 -0.0274362 0.0670365 -0.150031
FixedParameters: 0 0 0

#Transform 285
Transform: AffineTransform_float_3_3
Parameters: 0.999998 0.00037896 0.00157501 -0.000379039 1 2.4403e-05 -0.00157499 -2.55969e-05 0.999999 -0.0169936 0.0680817 -0.146053
FixedParameters: 0 0 0

#Transform 286
Transform: AffineTransform_float_3_3
Parameters: 0.999999 -0.000411147 0.000824933 0.000408851 0.999996 0.00260234 -0.000826066 -0.00260166 0.999997 0.0153685 0.0600992 -0.0455147
FixedParameters: 0 0 0

#Transform 287
Transform: AffineTransform_float_3_3
Parameters: 1 0.000235524 0.00102134 -0.000237475 0.999999 0.00144476 -0.00102066 -0.00144524 0.999999 -0.00679025 0.0666926 -0.0847031
FixedParameters: 0 0 0

#Transform 288
Transform: AffineTransform_float_3_3
Parameters: 1 0.000343736 0.00102243 -0.000344264 0.999999 0.00123665 -0.00102158 -0.00123735 0.999998 -0.0079324 0.046303 -0.0747677
FixedParameters: 0 0 0

#Transform 289
Transform: AffineTransform_float_3_3
Parameters: 1 0.000371208 0.00116325 -0.000372792 0.999999 0.000680567 -0.00116275 -0.000681432 0.999999 -0.00990625 0.0857209 -0.104501
FixedParameters: 0 0 0

#Transform 290
Transform: AffineTransform_float_3_3
Parameters: 1 0.000224466 0.0011543 -0.000226535 0.999999 0.00132874 -0.0011547 -0.00132926 0.999999 -0.00525536 0.0460797 -0.0988626
FixedParameters: 0 0 0

#Transform 291
Transform: AffineTransform_float_3_3
Parameters: 0.999999 0.000256515 0.0012131 -0.000257485 1 0.000399688 -0.0012129 -0.000400311 0.999999 -0.00448868 0.0920292 -0.115056
FixedParameters: 0 0 0

#Transform 292
Transform: AffineTransform_float_3_3
Parameters: 0.999999 0.000215729 0.00150518 -0.00021727 0.999999 0.000843673 -0.00150482 -0.000844325 0.999998 0.00115564 0.047075 -0.120844
FixedParameters: 0 0 0

#Transform 293
Transform: AffineTransform_float_3_3
Parameters: 0.999999 0.000161499 0.00156216 -0.000162501 1 0.000960748 -0.00156184 -0.000961254 0.999999 -0.0022076 0.0594105 -0.1161
FixedParameters: 0 0 0

#Transform 294
Transform: AffineTransform_float_3_3
Parameters: 0.999999 0.000198188 0.00144911 -0.000198811 1 0.000559712 -0.00144889 -0.000560288 0.999999 -0.00474135 0.0848265 -0.120622
FixedParameters: 0 0 0

#Transform 295
Transform: AffineTransform_float_3_3
Parameters: 0.999999 0.000192554 0.00144619 -0.000193447 0.999999 0.000999721 -0.00144681 -0.00100028 0.999999 -0.00381013 0.0350611 -0.117205
FixedParameters: 0 0 0

#Transform 296
Transform: AffineTransform_float_3_3
Parameters: 0.999998 0.00014355 0.00161813 -0.000145449 0.999999 0.000895766 -0.00161787 -0.000896233 0.999999 -0.00534756 0.0713893 -0.125712
FixedParameters: 0 0 0

#Transform 297
Transform: AffineTransform_float_3_3
Parameters: 0.999999 0.000312647 0.00150928 -0.000314352 0.999999 0.000895527 -0.00150972 -0.000896473 0.999999 -0.00957963 0.0676613 -0.132809
FixedParameters: 0 0 0

#Transform 298
Transform: AffineTransform_float_3_3
Parameters: 0.999999 0.000147249 0.00154517 -0.000148752 1 0.00113377 -0.00154483 -0.00113323 0.999998 -0.00414501 0.0562286 -0.114875
FixedParameters: 0 0 0

#Transform 299
Transform: AffineTransform_float_3_3
Parameters: 0.999999 0.000222123 0.00143914 -0.000222877 1 0.00060968 -0.00143886 -0.00060932 0.999999 0.00112315 0.0776942 -0.125476
FixedParameters: 0 0 0

#Transform 300
Transform: AffineTransform_float_3_3
Parameters: 0.999998 0.000215727 0.00162317 -0.000217274 0.999999 0.000784648 -0.00162283 -0.000784351 0.999999 -0.00823884 0.0716002 -0.122517
FixedParameters: 0 0 0

#Transform 301
Transform: AffineTransform_float_3_3
Parameters: 0.999998 0.000242116 0.00156329 -0.000243883 0.999999 0.00120462 -0.00156271 -0.00120538 0.999998 0.000558484 0.0573582 -0.113538
FixedParameters: 0 0 0

#Transform 302
Transform: AffineTransform_float_3_3
Parameters: 0.999999 0.000288228 0.00144515 -0.000289771 1 0.000533582 -0.00144485 -0.000534417 0.999999 -0.00906968 0.0775648 -0.127154
FixedParameters: 0 0 0

#Transform 303
Transform: AffineTransform_float_3_3
Parameters: 0.999998 0.000302842 0.00166521 -0.000304156 0.999999 0.000694495 -0.00166479 -0.000695505 0.999999 -0.000880287 0.0527793 -0.124675
FixedParameters: 0 0 0

#Transform 304
Transform: AffineTransform_float_3_3
Parameters: 0.999998 0.000408817 0.00164404 -0.000409183 1 0.000111327 -0.00164395 -0.000111672 0.999998 -0.0109189 0.0824838 -0.153023
FixedParameters: 0 0 0

#Transform 305
Transform: AffineTransform_float_3_3
Parameters: 0.999998 0.000415448 0.00168613 -0.00041655 1 0.000326298 -0.00168586 -0.000327701 0.999998 -0.00329797 0.0600312 -0.145801
FixedParameters: 0 0 0

#Transform 306
Transform: AffineTransform_float_3_3
Parameters: 0.999998 0.000316329 0.00167213 -0.00031767 1 0.000400469 -0.00167287 -0.00040153 0.999998 -0.00121324 0.0776084 -0.132152
FixedParameters: 0 0 0

#Transform 307
Transform: AffineTransform_float_3_3
Parameters: 0.999999 0.000431059 0.00179899 -0.000430942 1 -3.27753e-05 -0.00179902 3.22246e-05 0.999999 -0.0118825 0.0891854 -0.158753
FixedParameters: 0 0 0

#Transform 308
Transform: AffineTransform_float_3_3
Parameters: 0.999998 0.00037234 0.00170714 -0.00037266 1 0.000386364 -0.00170685 -0.000386636 0.999998 -0.0023285 0.0557977 -0.160624
FixedParameters: 0 0 0

#Transform 309
Transform: AffineTransform_float_3_3
Parameters: 0.999998 0.000454366 0.00163717 -0.000454634 1 0.000387256 -0.00163682 -0.000387744 0.999998 -0.00985181 0.0770291 -0.135828
FixedParameters: 0 0 0

#Transform 310
Transform: AffineTransform_float_3_3
Parameters: 0.999998 0.000415055 0.00169798 -0.000414945 1 -3.27046e-05 -0.00169801 3.22953e-05 0.999998 -0.00971877 0.0777799 -0.16347
FixedParameters: 0 0 0

#Transform 311
Transform: AffineTransform_float_3_3
Parameters: 0.999998 0.000393266 0.00161818 -0.000393734 1 0.000453363 -0.00161782 -0.000453637 0.999998 -0.00860145 0.0582758 -0.132199
FixedParameters: 0 0 0

#Transform 312
Transform: AffineTransform_float_3_3
Parameters: 0.999998 0.000436955 0.00162901 -0.000437045 1 2.72881e-05 -0.00162899 -2.77118e-05 0.999998 -0.0123628 0.0847053 -0.154572
FixedParameters: 0 0 0

#Transform 313
Transform: AffineTransform_float_3_3
Parameters: 0.999998 0.000404249 0.00165718 -0.000404751 1 0.00045333 -0.00165682 -0.00045367 0.999998 -0.012185 0.0498094 -0.146747
FixedParameters: 0 0 0

#Transform 314
Transform: AffineTransform_float_3_3
Parameters: 0.999999 0.000328081 0.0014962 -0.00032892 1 0.000614508 -0.0014968 -0.000614491 0.999998 -0.00109562 0.0536177 -0.0942778
FixedParameters: 0 0 0

#Transform 315
Transform: AffineTransform_float_3_3
Parameters: 0.999998 0.000644768 0.0019944 -0.000646231 0.999999 0.000616712 -0.0019946 -0.000618287 0.999998 -0.0220043 0.0881309 -0.0963959
FixedParameters: 0 0 0

#Transform 316
Transform: AffineTransform_float_3_3
Parameters: 0.999999 0.000601225 0.00171327 -0.000601777 0.999999 0.00045297 -0.00171273 -0.000453031 0.999999 -0.0203004 0.0672909 -0.0985523
FixedParameters: 0 0 0

#Transform 317
Transform: AffineTransform_float_3_3
Parameters: 0.999998 0.000627783 0.00162308 -0.000628216 1 0.00013298 -0.00162291 -0.000134019 0.999998 -0.0220483 0.0901411 -0.154503
FixedParameters: 0 0 0

#Transform 318
Transform: AffineTransform_float_3_3
Parameters: 0.999999 0.00055557 0.00166914 -0.00055543 1 0.000257073 -0.00166886 -0.000257927 0.999998 -0.0162566 0.0747623 -0.1314
FixedParameters: 0 0 0

#Transform 319
Transform: AffineTransform_float_3_3
Parameters: 0.999998 0.000556448 0.00186987 -0.000555552 1 -0.000240039 -0.00187013 0.00023896 0.999998 -0.0155298 0.0754148 -0.157061
FixedParameters: 0 0 0

#Transform 320
Transform: AffineTransform_float_3_3
Parameters: 0.999997 0.000556086 0.00208098 -0.000555913 1 -4.21569e-05 -0.00208102 4.08429e-05 0.999998 -0.0202853 0.0455219 -0.123581
FixedParameters: 0 0 0

#Transform 321
Transform: AffineTransform_float_3_3
Parameters: 0.999998 0.000556135 0.00197996 -0.000555864 1 -6.91007e-05 -0.00198004 6.7899e-05 0.999998 -0.013763 0.0659089 -0.10075
FixedParameters: 0 0 0

#Transform 322
Transform: AffineTransform_float_3_3
Parameters: 0.999999 0.000556176 0.00167994 -0.000555825 1 -0.000104934 -0.00168006 0.000104066 0.999998 -0.00624131 0.05376 -0.127816
FixedParameters: 0 0 0

#Transform 323
Transform: AffineTransform_float_3_3
Parameters: 0.999997 0.000395785 0.00213085 -0.000395215 1 -0.000368843 -0.00213114 0.000368157 0.999997 -0.00320183 0.0468215 -0.112863
FixedParameters: 0 0 0

#Transform 324
Transform: AffineTransform_float_3_3
Parameters: 0.999997 0.000557114 0.0020657 -0.000555885 0.999999 -0.000540149 -0.0020663 0.00053885 0.999997 -0.00624974 0.0792585 -0.10715
FixedParameters: 0 0 0

#Transform 325
Transform: AffineTransform_float_3_3
Parameters: 0.999997 0.000274911 0.0024709 -0.00027409 1 -0.000368678 -0.0024711 0.000368322 0.999997 0.000869238 0.0795529 -0.0978712
FixedParameters: 0 0 0

#Transform 326
Transform: AffineTransform_float_3_3
Parameters: 0.999996 0.000549922 0.0024978 -0.000549079 1 -0.000369373 -0.0024982 0.000368627 0.999997 -0.00145166 0.0734901 -0.097971
FixedParameters: 0 0 0

#Transform 327
Transform: AffineTransform_float_3_3
Parameters: 0.999998 0.000449941 0.00206579 -0.000449059 1 -0.000455928 -0.0020662 0.000455071 0.999998 -0.00447539 0.0739482 -0.0801648
FixedParameters: 0 0 0

#Transform 328
Transform: AffineTransform_float_3_3
Parameters: 0.999998 0.000379894 0.00206584 -0.000378107 1 -0.000432782 -0.00206616 0.000432216 0.999998 -0.00037939 0.0741783 -0.103925
FixedParameters: 0 0 0

#Transform 329
Transform: AffineTransform_float_3_3
Parameters: 0.999997 0.000417382 0.00247393 -0.000416618 1 -0.000155031 -0.00247406 0.000153968 0.999997 -0.00761061 0.0444627 -0.102779
FixedParameters: 0 0 0

#Transform 330
Transform: AffineTransform_float_3_3
Parameters: 0.999997 0.000336898 0.00243588 -0.000335102 1 -0.000368817 -0.00243612 0.00036818 0.999997 -0.00280147 0.0718005 -0.119878
FixedParameters: 0 0 0

#Transform 331
Transform: AffineTransform_float_3_3
Parameters: 0.999997 0.000255629 0.00253504 -0.000255372 1 0.000146353 -0.00253496 -0.000146648 0.999997 -0.00398346 0.0234874 -0.0743733
FixedParameters: 0 0 0

#Transform 332
Transform: AffineTransform_float_3_3
Parameters: 0.999998 0.000320499 0.00206608 -0.000320501 1 0.000242338 -0.00206592 -0.000242663 0.999998 -0.00783304 0.0631743 -0.0704014
FixedParameters: 0 0 0

#Transform 333
Transform: AffineTransform_float_3_3
Parameters: 0.999997 0.000434143 0.00232197 -0.000433857 1 -6.20076e-05 -0.00232203 6.09921e-05 0.999998 -0.0115072 0.0767916 -0.114293
FixedParameters: 0 0 0

#Transform 334
Transform: AffineTransform_float_3_3
Parameters: 0.999998 0.000341255 0.00206612 -0.000342745 1 0.000360293 -0.00206588 -0.000360706 0.999998 -0.00228474 0.0497363 -0.105149
FixedParameters: 0 0 0

#Transform 335
Transform: AffineTransform_float_3_3
Parameters: 0.999997 0.000269311 0.00236685 -0.00026869 1 -0.000553637 -0.00236715 0.000553364 0.999997 -0.00248294 0.0889571 -0.139785
FixedParameters: 0 0 0

#Transform 336
Transform: AffineTransform_float_3_3
Parameters: 0.999997 0.000212167 0.00236499 -0.000212834 1 -7.05036e-05 -0.00236502 7.04984e-05 0.999997 -0.0054202 0.0721843 -0.117538
FixedParameters: 0 0 0

#Transform 337
Transform: AffineTransform_float_3_3
Parameters: 0.999998 0.000118069 0.002248 -0.00011793 1 -3.12652e-05 -0.00224801 3.07347e-05 0.999998 0.00187068 0.0553802 -0.11631
FixedParameters: 0 0 0

#Transform 338
Transform: AffineTransform_float_3_3
Parameters: 0.999997 0.000119068 0.00213594 -0.000117934 1 -0.000499253 -0.00213606 0.000499747 0.999997 -0.00118655 0.0780175 -0.125544
FixedParameters: 0 0 0

#Transform 339
Transform: AffineTransform_float_3_3
Parameters: 0.999998 0.000117914 0.00231301 -0.000118085 1 3.6727e-05 -0.002313 -3.72728e-05 0.999998 0.00210486 0.0247989 -0.11513
FixedParameters: 0 0 0

#Transform 340
Transform: AffineTransform_float_3_3
Parameters: 0.999997 0.000118513 0.00235498 -0.000118486 1 -0.00021828 -0.00235503 0.000217722 0.999997 0.00167484 0.0802824 -0.107025
FixedParameters: 0 0 0

#Transform 341
Transform: AffineTransform_float_3_3
Parameters: 0.999998 0.000118258 0.00226699 -0.000118744 1 -0.00011327 -0.00226702 0.000113732 0.999998 0.00375909 0.0608516 -0.117976
FixedParameters: 0 0 0

#Transform 342
Transform: AffineTransform_float_3_3
Parameters: 0.999998 2.7342e-07 0.002205 2.7342e-07 1 -0.000124 -0.002205 0.000124 0.999997 0.00621946 0.065197 -0.123079
FixedParameters: 0 0 0
