#Insight Transform File V1.0
#Transform 0
Transform: AffineTransform_float_3_3
Parameters: 1 2.211e-07 0.000335 2.211e-07 1 -0.00066 -0.000335 0.00066 0.999999 -0.00411998 -0.046322 -0.0216817
FixedParameters: 0 0 0

#Transform 1
Transform: AffineTransform_float_3_3
Parameters: 1 0 0 0 1 -0.000297 0 0.000297 1 1.42109e-14 -0.0177242 -0.0358497
FixedParameters: 0 0 0

#Transform 2
Transform: AffineTransform_float_3_3
Parameters: 1 1.28016e-07 0.000168 1.28016e-07 0.999999 -0.000762 -0.000168 0.000762 0.999999 -0.00204043 -0.0324288 -0.0445316
FixedParameters: 0 0 0

#Transform 3
Transform: AffineTransform_float_3_3
Parameters: 1 0 0 0 1 -0.000681 0 0.000681 1 1.42109e-14 -0.0244239 -0.0333953
FixedParameters: 0 0 0

#Transform 4
Transform: AffineTransform_float_3_3
Parameters: 1 0 0 0 1 -0.000699 0 0.000699 1 1.42109e-14 -0.0241914 -0.0402715
FixedParameters: 0 0 0

#Transform 5
Transform: AffineTransform_float_3_3
Parameters: 1 -0.000128032 -8.49515e-05 0.000127968 1 -0.000379011 8.40485e-05 0.000378989 1 0.00361324 -0.0475362 -0.0206439
FixedParameters: 0 0 0

#Transform 6
Transform: AffineTransform_float_3_3
Parameters: 1 0 0 0 1 0 0 0 1 1.42109e-14 -0.062987 -0.012426
FixedParameters: 0 0 0

#Transform 7
Transform: AffineTransform_float_3_3
Parameters: 1 0 0 0 1 -0.000412 0 0.000412 1 1.42109e-14 -0.0297131 -0.0337186
FixedParameters: 0 0 0

#Transform 8
Transform: AffineTransform_float_3_3
Parameters: 1 0 0 0 1 -8.5e-05 0 8.5e-05 1 1.42109e-14 -0.0418694 -0.022953
FixedParameters: 0 0 0

#Transform 9
Transform: AffineTransform_float_3_3
Parameters: 1 -1.0368e-08 -8.1e-05 -1.0368e-08 1 -0.000128 8.1e-05 0.000128 1 0.00101428 -0.0402908 -0.0164007
FixedParameters: 0 0 0

#Transform 10
Transform: AffineTransform_float_3_3
Parameters: 1 0 0 0 1 -0.000488 0 0.000488 1 -0.00427 -0.00570268 -0.0353236
FixedParameters: 0 0 0

#Transform 11
Transform: AffineTransform_float_3_3
Parameters: 1 0.000173 2.6815e-08 -0.000173 1 0.000155 2.6815e-08 -0.000155 1 -0.00347507 -0.0378504 -0.00796852
FixedParameters: 0 0 0

#Transform 12
Transform: AffineTransform_float_3_3
Parameters: 1 1.058e-08 4.6e-05 1.058e-08 1 -0.00023 -4.6e-05 0.00023 1 -0.000588055 -0.0232187 -0.00280767
FixedParameters: 0 0 0

#Transform 13
Transform: AffineTransform_float_3_3
Parameters: 1 4.9896e-08 8.1e-05 4.9896e-08 1 -0.000616 -8.1e-05 0.000616 1 -0.00102375 0.00794835 -0.0344528
FixedParameters: 0 0 0

#Transform 14
Transform: AffineTransform_float_3_3
Parameters: 1 -9.018e-09 -2.7e-05 -9.018e-09 1 -0.000334 2.7e-05 0.000334 1 0.000325894 -0.00758146 -0.00896624
FixedParameters: 0 0 0

#Transform 15
Transform: AffineTransform_float_3_3
Parameters: 1 3.9312e-08 0.000144 3.9312e-08 1 -0.000273 -0.000144 0.000273 1 -0.00172958 -0.0036925 -0.0053561
FixedParameters: 0 0 0

#Transform 16
Transform: AffineTransform_float_3_3
Parameters: 1 6.79286e-05 -0.000187026 -6.80714e-05 1 -0.000381987 0.000186974 0.000382013 1 0.000857131 -0.0209739 -0.0271949
FixedParameters: 0 0 0

#Transform 17
Transform: AffineTransform_float_3_3
Parameters: 1 7.8942e-08 -0.000177 7.8942e-08 1 0.000446 0.000177 -0.000446 1 0.00209342 -0.0360787 0.000407753
FixedParameters: 0 0 0

#Transform 18
Transform: AffineTransform_float_3_3
Parameters: 1 4e-11 5e-06 4e-11 1 -8e-06 -5e-06 8e-06 1 -5.19048e-05 -0.0115406 -0.00866692
FixedParameters: 0 0 0

#Transform 19
Transform: AffineTransform_float_3_3
Parameters: 1 8.80092e-05 4.89835e-05 -8.79908e-05 1 -0.000187004 -4.90165e-05 0.000186996 1 -0.00245013 0.0113543 -0.0123886
FixedParameters: 0 0 0

#Transform 20
Transform: AffineTransform_float_3_3
Parameters: 1 5.49894e-05 -0.000165004 -5.50106e-05 1 -6.39909e-05 0.000164996 6.40091e-05 1 0.000896818 -0.00541044 -0.00979194
FixedParameters: 0 0 0

#Transform 21
Transform: AffineTransform_float_3_3
Parameters: 1 9.59769e-05 -0.000170013 -9.60231e-05 1 -0.000135984 0.000169987 0.000136016 1 0.000176312 0.00973951 -0.0112129
FixedParameters: 0 0 0

#Transform 22
Transform: AffineTransform_float_3_3
Parameters: 1 4.08849e-05 0.000258018 -4.11151e-05 1 0.000445989 -0.000257982 -0.00044601 1 0.00534544 -0.0434323 0.0138
FixedParameters: 0 0 0

#Transform 23
Transform: AffineTransform_float_3_3
Parameters: 1 6.78641e-05 0.000252037 -6.81358e-05 1 0.000538983 -0.000251963 -0.000539017 1 0.00152507 -0.0122872 0.0478971
FixedParameters: 0 0 0

#Transform 24
Transform: AffineTransform_float_3_3
Parameters: 1 6.50027e-05 -0.000103998 -6.49973e-05 1 2.60068e-05 0.000104002 -2.59932e-05 1 0.00287334 0.0111651 0.00199103
FixedParameters: 0 0 0

#Transform 25
Transform: AffineTransform_float_3_3
Parameters: 1 9.30439e-05 0.000257984 -9.29561e-05 1 -0.000170024 -0.000258016 0.000169976 1 -0.00514374 0.00262576 -0.00917481
FixedParameters: 0 0 0

#Transform 26
Transform: AffineTransform_float_3_3
Parameters: 1 2.98064e-06 0.000176 -3.01936e-06 1 0.000109999 -0.000176 -0.000110001 1 -0.00229198 -0.000799428 -0.0056916
FixedParameters: 0 0 0

#Transform 27
Transform: AffineTransform_float_3_3
Parameters: 1 9.3001e-05 -0.000141999 -9.2999e-05 1 7.01321e-06 0.000142001 -6.98679e-06 1 -0.000244345 0.0126661 -0.0223967
FixedParameters: 0 0 0

#Transform 28
Transform: AffineTransform_float_3_3
Parameters: 1 9.30005e-05 -5.99993e-05 -9.29995e-05 1 8.00558e-06 6.00007e-05 -7.99442e-06 1 -0.00124463 0.00546221 0.00507876
FixedParameters: 0 0 0

#Transform 29
Transform: AffineTransform_float_3_3
Parameters: 1 9.30037e-05 -2.2985e-05 -9.29963e-05 1 0.000161002 2.3015e-05 -0.000160998 1 -0.00172264 0.026193 -0.0054351
FixedParameters: 0 0 0

#Transform 30
Transform: AffineTransform_float_3_3
Parameters: 1 -3.00075e-05 9.39976e-05 2.99925e-05 1 8.00028e-05 -9.40024e-05 -7.99972e-05 1 0.013627 0.00477718 -0.0127265
FixedParameters: 0 0 0

#Transform 31
Transform: AffineTransform_float_3_3
Parameters: 1 -1.02587e-06 5.79995e-05 9.74132e-07 1 0.000446 -5.80004e-05 -0.000446 1 0.00754714 0.000291145 -0.00143375
FixedParameters: 0 0 0

#Transform 32
Transform: AffineTransform_float_3_3
Parameters: 1 0.000143986 4.50451e-05 -0.000144014 1 0.000312993 -4.49549e-05 -0.000313006 1 0.00283333 0.0200375 0.00953662
FixedParameters: 0 0 0

#Transform 33
Transform: AffineTransform_float_3_3
Parameters: 1 0.000187992 -0.000301005 -0.000188008 1 -2.69434e-05 0.000300995 2.70566e-05 1 0.00491318 0.00605152 -0.00649488
FixedParameters: 0 0 0

#Transform 34
Transform: AffineTransform_float_3_3
Parameters: 1 9.29741e-05 0.000117021 -9.30259e-05 1 0.000220989 -0.000116979 -0.000221011 1 0.0059601 0.00305484 0.0182851
FixedParameters: 0 0 0

#Transform 35
Transform: AffineTransform_float_3_3
Parameters: 1 9.29825e-05 4.30378e-05 -9.30175e-05 1 0.000406996 -4.29621e-05 -0.000407004 1 -0.00248629 0.026382 -0.00383598
FixedParameters: 0 0 0

#Transform 36
Transform: AffineTransform_float_3_3
Parameters: 1 9.29439e-05 0.000148035 -9.30561e-05 1 0.000378986 -0.000147965 -0.000379014 1 0.00513418 0.0212789 0.00585775
FixedParameters: 0 0 0

#Transform 37
Transform: AffineTransform_float_3_3
Parameters: 1 -5.12275e-05 0.000470975 5.07725e-05 1 0.000483024 -0.000471024 -0.000482976 1 0.0153491 0.0133522 0.0209105
FixedParameters: 0 0 0

#Transform 38
Transform: AffineTransform_float_3_3
Parameters: 1 9.29813e-05 0.000191009 -9.30187e-05 1 9.79822e-05 -0.000190991 -9.80178e-05 1 0.0116868 0.0246522 -0.0124126
FixedParameters: 0 0 0

#Transform 39
Transform: AffineTransform_float_3_3
Parameters: 1 2.39781e-05 9.50055e-05 -2.40219e-05 1 0.000230998 -9.49945e-05 -0.000231002 1 0.00924377 0.023149 0.00826606
FixedParameters: 0 0 0

#Transform 40
Transform: AffineTransform_float_3_3
Parameters: 1 9.28743e-05 0.000238049 -9.31256e-05 1 0.000527978 -0.000237951 -0.000528022 1 0.00877811 0.0456966 0.016945
FixedParameters: 0 0 0

#Transform 41
Transform: AffineTransform_float_3_3
Parameters: 1 0.000205969 0.000140046 -0.000206031 1 0.000222971 -0.000139954 -0.000223029 1 0.00581347 0.0178188 0.00424091
FixedParameters: 0 0 0

#Transform 42
Transform: AffineTransform_float_3_3
Parameters: 1 0.00019388 0.000360064 -0.000194119 1 0.00033193 -0.000359935 -0.00033207 1 0.00270564 0.00995754 0.0161269
FixedParameters: 0 0 0

#Transform 43
Transform: AffineTransform_float_3_3
Parameters: 1 0.000279998 8.06272e-06 -0.000280002 1 0.000223998 -7.93728e-06 -0.000224002 1 0.000763724 0.0353052 -0.00763029
FixedParameters: 0 0 0

#Transform 44
Transform: AffineTransform_float_3_3
Parameters: 1 9.27307e-05 0.000554045 -9.32692e-05 1 0.000485948 -0.000553954 -0.000486051 0.999999 0.00566674 0.0098116 0.0296865
FixedParameters: 0 0 0

#Transform 45
Transform: AffineTransform_float_3_3
Parameters: 1 0.000147849 0.000299074 -0.000148151 1 0.000503956 -0.000299925 -0.000504044 1 0.0122215 0.0462099 0.0142686
FixedParameters: 0 0 0

#Transform 46
Transform: AffineTransform_float_3_3
Parameters: 1 9.28694e-05 0.000276044 -9.31305e-05 1 0.000472974 -0.000275956 -0.000473026 1 0.0124997 0.0220067 0.0231859
FixedParameters: 0 0 0

#Transform 47
Transform: AffineTransform_float_3_3
Parameters: 1 9.29497e-05 0.000115041 -9.30502e-05 1 0.000436989 -0.000114959 -0.000437011 1 0.0129454 0.0415635 0.0218429
FixedParameters: 0 0 0

#Transform 48
Transform: AffineTransform_float_3_3
Parameters: 1 9.29487e-05 0.000229021 -9.30515e-05 1 0.000223979 -0.000229979 -0.000224021 1 0.0144913 0.0620476 0.000703967
FixedParameters: 0 0 0

#Transform 49
Transform: AffineTransform_float_3_3
Parameters: 1 0.000146913 0.000208061 -0.000147087 1 0.000416969 -0.000207939 -0.00041703 1 0.0141064 0.00842792 0.0283852
FixedParameters: 0 0 0

#Transform 50
Transform: AffineTransform_float_3_3
Parameters: 1 9.29097e-05 0.000174048 -9.30903e-05 1 0.000518984 -0.000173952 -0.000519016 1 0.0144296 0.039313 0.0237509
FixedParameters: 0 0 0

#Transform 51
Transform: AffineTransform_float_3_3
Parameters: 1 9.3054e-05 -0.000110955 -9.29459e-05 1 0.00048701 0.000111045 -0.00048699 1 0.0160822 0.0554206 0.0175841
FixedParameters: 0 0 0

#Transform 52
Transform: AffineTransform_float_3_3
Parameters: 1 9.26547e-05 0.000471068 -9.33452e-05 0.999999 0.000732956 -0.000470931 -0.000733043 0.999999 0.00979482 0.00693968 0.0456337
FixedParameters: 0 0 0

#Transform 53
Transform: AffineTransform_float_3_3
Parameters: 1 9.29593e-05 0.000226017 -9.30407e-05 1 0.000179979 -0.000225983 -0.000180021 1 0.00995179 0.0617478 -0.00372723
FixedParameters: 0 0 0

#Transform 54
Transform: AffineTransform_float_3_3
Parameters: 1 9.29219e-05 0.000170043 -9.3078e-05 1 0.000458984 -0.000169957 -0.000459016 1 0.00545634 0.0256253 0.0141806
FixedParameters: 0 0 0

#Transform 55
Transform: AffineTransform_float_3_3
Parameters: 1 0.000245939 0.000165091 -0.000246061 1 0.000368959 -0.000164909 -0.000369041 1 0.0117291 0.0627198 0.0149258
FixedParameters: 0 0 0

#Transform 56
Transform: AffineTransform_float_3_3
Parameters: 1 0.000236981 5.40839e-05 -0.000237019 1 0.000353987 -5.39161e-05 -0.000354013 1 0.0138354 0.0559832 0.0146648
FixedParameters: 0 0 0

#Transform 57
Transform: AffineTransform_float_3_3
Parameters: 1 0.000219905 0.000176119 -0.000219095 1 0.000540961 -0.000175881 -0.000541039 1 0.0101542 0.0416424 0.0228651
FixedParameters: 0 0 0

#Transform 58
Transform: AffineTransform_float_3_3
Parameters: 1 0.000202022 -5.4918e-05 -0.000201978 1 0.000406011 5.5082e-05 -0.000405989 1 0.0120071 0.0801878 -0.0043048
FixedParameters: 0 0 0

#Transform 59
Transform: AffineTransform_float_3_3
Parameters: 1 9.2966e-05 6.90458e-05 -9.3034e-05 1 0.000492993 -6.89541e-05 -0.000493006 1 0.0130147 0.0243771 0.0218873
FixedParameters: 0 0 0

#Transform 60
Transform: AffineTransform_float_3_3
Parameters: 1 9.30073e-05 -2.29705e-05 -9.29927e-05 1 0.000317002 2.30295e-05 -0.000316998 1 0.00641515 0.0687898 0.00192533
FixedParameters: 0 0 0

#Transform 61
Transform: AffineTransform_float_3_3
Parameters: 1 9.3021e-05 -3.49441e-05 -9.29789e-05 1 0.000601003 3.50559e-05 -0.000600997 1 0.0171245 0.0128995 0.0170398
FixedParameters: 0 0 0

#Transform 62
Transform: AffineTransform_float_3_3
Parameters: 1 9.28903e-05 0.000185055 -9.31097e-05 1 0.000592983 -0.000184945 -0.000593017 1 0.0112 0.0478614 0.00869363
FixedParameters: 0 0 0

#Transform 63
Transform: AffineTransform_float_3_3
Parameters: 1 9.29176e-05 0.000222034 -9.30823e-05 1 0.000370979 -0.000221965 -0.000371021 1 0.0139944 0.0260546 0.00642626
FixedParameters: 0 0 0

#Transform 64
Transform: AffineTransform_float_3_3
Parameters: 1 9.29393e-05 0.000108052 -9.30607e-05 1 0.00056199 -0.000107948 -0.00056201 1 0.0126033 0.05876 0.0241316
FixedParameters: 0 0 0

#Transform 65
Transform: AffineTransform_float_3_3
Parameters: 1 9.29797e-05 8.2023e-05 -9.30202e-05 1 0.000246992 -8.1977e-05 -0.000247008 1 0.0136091 0.0448313 0.00279162
FixedParameters: 0 0 0

#Transform 66
Transform: AffineTransform_float_3_3
Parameters: 1 4.29545e-05 7.10275e-05 -4.20454e-05 1 0.000639997 -7.09731e-05 -0.000640003 1 0.0113006 0.0495603 0.0281143
FixedParameters: 0 0 0

#Transform 67
Transform: AffineTransform_float_3_3
Parameters: 1 9.29165e-05 0.000178044 -9.30835e-05 1 0.000468983 -0.000177956 -0.000469016 1 0.0122938 0.067337 0.0246448
FixedParameters: 0 0 0

#Transform 68
Transform: AffineTransform_float_3_3
Parameters: 1 9.29882e-05 1.80609e-05 -9.30117e-05 1 0.000654998 -1.79391e-05 -0.000655001 1 0.0116788 0.0575401 0.04221
FixedParameters: 0 0 0

#Transform 69
Transform: AffineTransform_float_3_3
Parameters: 1 0.000177968 0.000139041 -0.000178032 1 0.000231975 -0.000138959 -0.000232025 1 0.0102772 0.0699451 0.00902361
FixedParameters: 0 0 0

#Transform 70
Transform: AffineTransform_float_3_3
Parameters: 1 9.29141e-05 0.000185043 -9.30858e-05 1 0.000463983 -0.000184957 -0.000464017 1 0.0116846 0.0483904 0.0387895
FixedParameters: 0 0 0

#Transform 71
Transform: AffineTransform_float_3_3
Parameters: 1 0.00020288 0.000206118 -0.00020312 1 0.000580958 -0.000205882 -0.000581042 1 0.00903973 0.0707666 0.0382625
FixedParameters: 0 0 0

#Transform 72
Transform: AffineTransform_float_3_3
Parameters: 1 9.29576e-05 8.70453e-05 -9.30423e-05 1 0.000486992 -8.69547e-05 -0.000487008 1 0.0118525 0.0555293 0.0284257
FixedParameters: 0 0 0

#Transform 73
Transform: AffineTransform_float_3_3
Parameters: 1 0.000143924 0.000161068 -0.000144076 1 0.000471977 -0.000160932 -0.000472023 1 0.0103442 0.062819 0.0316924
FixedParameters: 0 0 0

#Transform 74
Transform: AffineTransform_float_3_3
Parameters: 1 0.000159931 0.000176063 -0.00016007 1 0.000392972 -0.000176937 -0.000393028 1 0.0105199 0.0681157 0.023142
FixedParameters: 0 0 0

#Transform 75
Transform: AffineTransform_float_3_3
Parameters: 1 0.000166933 0.000141079 -0.000167067 1 0.000475976 -0.00014092 -0.000476023 1 0.0113981 0.0607215 0.0247914
FixedParameters: 0 0 0

#Transform 76
Transform: AffineTransform_float_3_3
Parameters: 1 9.2853e-05 0.000253054 -9.3147e-05 1 0.000580976 -0.000252946 -0.000581023 1 0.0101397 0.0694726 0.0434025
FixedParameters: 0 0 0

#Transform 77
Transform: AffineTransform_float_3_3
Parameters: 1 9.29732e-05 0.000156016 -9.30268e-05 1 0.000171985 -0.000155984 -0.000172014 1 0.0137444 0.0727086 0.0235361
FixedParameters: 0 0 0

#Transform 78
Transform: AffineTransform_float_3_3
Parameters: 1 0.000150004 -5.29884e-05 -0.000149996 1 7.70079e-05 5.30115e-05 -7.6992e-05 1 0.0161694 0.07719 0.0332524
FixedParameters: 0 0 0

#Transform 79
Transform: AffineTransform_float_3_3
Parameters: 1 9.28373e-05 0.000280054 -9.31626e-05 1 0.000580974 -0.000279946 -0.000581026 1 0.0155682 0.0736305 0.0527085
FixedParameters: 0 0 0

#Transform 80
Transform: AffineTransform_float_3_3
Parameters: 1 0.000229978 0.00012404 -0.000230022 1 0.000174971 -0.00012396 -0.000175029 1 0.0176905 0.0843946 0.0352902
FixedParameters: 0 0 0

#Transform 81
Transform: AffineTransform_float_3_3
Parameters: 1 0.000183833 0.000337091 -0.000184167 1 0.000495938 -0.000336909 -0.000496062 1 0.0132656 0.0650551 0.0521892
FixedParameters: 0 0 0

#Transform 82
Transform: AffineTransform_float_3_3
Parameters: 1 0.000196865 0.000314084 -0.000197135 1 0.000428938 -0.000313915 -0.000429062 1 0.0131501 0.0771569 0.0404574
FixedParameters: 0 0 0

#Transform 83
Transform: AffineTransform_float_3_3
Parameters: 1 0.00030994 7.22579e-05 -0.00031006 0.999999 0.000831977 -7.1742e-05 -0.000832022 0.999999 0.0104067 0.0554771 0.071574
FixedParameters: 0 0 0

#Transform 84
Transform: AffineTransform_float_3_3
Parameters: 1 0.000191852 0.000319089 -0.000192148 1 0.000464939 -0.000318911 -0.000465061 1 0.00548873 0.103701 0.0326604
FixedParameters: 0 0 0

#Transform 85
Transform: AffineTransform_float_3_3
Parameters: 1 0.00018084 0.000261111 -0.00018116 1 0.000613952 -0.000260889 -0.000614047 1 0.0138628 0.0601573 0.057977
FixedParameters: 0 0 0

#Transform 86
Transform: AffineTransform_float_3_3
Parameters: 1 0.000261713 0.00047116 -0.000262287 1 0.000609876 -0.00047084 -0.000610123 0.999999 0.0104419 0.110788 0.0441842
FixedParameters: 0 0 0

#Transform 87
Transform: AffineTransform_float_3_3
Parameters: 1 0.000321903 0.00020715 -0.000321097 1 0.000466933 -0.00020785 -0.000467067 1 0.00976874 0.0811675 0.0487866
FixedParameters: 0 0 0

#Transform 88
Transform: AffineTransform_float_3_3
Parameters: 1 0.000383963 9.41517e-05 -0.000384037 1 0.000394964 -9.38483e-05 -0.000395036 1 0.0112708 0.0991753 0.0339422
FixedParameters: 0 0 0

#Transform 89
Transform: AffineTransform_float_3_3
Parameters: 1 0.000218814 0.00029114 -0.000219186 1 0.000638936 -0.00029086 -0.000639063 1 0.0161668 0.0695719 0.0659393
FixedParameters: 0 0 0

#Transform 90
Transform: AffineTransform_float_3_3
Parameters: 1 0.000195752 0.000471103 -0.000196248 1 0.000525907 -0.000470897 -0.000526092 1 0.0112911 0.100713 0.0637162
FixedParameters: 0 0 0

#Transform 91
Transform: AffineTransform_float_3_3
Parameters: 1 0.0002018 0.000471085 -0.0002022 1 0.000423905 -0.000470914 -0.000424095 1 0.0119744 0.0900753 0.0490916
FixedParameters: 0 0 0

#Transform 92
Transform: AffineTransform_float_3_3
Parameters: 1 0.000191894 0.000159128 -0.000191106 1 0.000667969 -0.000158872 -0.00066803 1 0.0128975 0.0989799 0.0534833
FixedParameters: 0 0 0

#Transform 93
Transform: AffineTransform_float_3_3
Parameters: 1 0.000215952 0.000109095 -0.000215048 1 0.000439976 -0.000108905 -0.000440023 1 0.0108934 0.0767916 0.040573
FixedParameters: 0 0 0

#Transform 94
Transform: AffineTransform_float_3_3
Parameters: 1 0.000173902 0.000229075 -0.000174098 1 0.00042896 -0.000228925 -0.00042904 1 0.0117172 0.0857585 0.0587238
FixedParameters: 0 0 0

#Transform 95
Transform: AffineTransform_float_3_3
Parameters: 1 0.000191833 0.000471068 -0.000192167 1 0.000353909 -0.000470932 -0.00035409 1 0.00846908 0.0988355 0.0507192
FixedParameters: 0 0 0

#Transform 96
Transform: AffineTransform_float_3_3
Parameters: 1 9.28984e-05 0.00023304 -9.31016e-05 1 0.000435978 -0.000232959 -0.000436022 1 0.0119886 0.0815578 0.065693
FixedParameters: 0 0 0

#Transform 97
Transform: AffineTransform_float_3_3
Parameters: 1 9.28844e-05 0.000235046 -9.31156e-05 1 0.000491978 -0.000234954 -0.000492022 1 0.012634 0.098173 0.061992
FixedParameters: 0 0 0

#Transform 98
Transform: AffineTransform_float_3_3
Parameters: 1 9.28731e-05 0.000300039 -9.31269e-05 1 0.000422972 -0.000299961 -0.000423028 1 0.0139282 0.1064 0.0403898
FixedParameters: 0 0 0

#Transform 99
Transform: AffineTransform_float_3_3
Parameters: 1 0.000291708 0.000471181 -0.000291292 1 0.000619863 -0.000470819 -0.000620137 0.999999 0.00986682 0.0854473 0.0792743
FixedParameters: 0 0 0

#Transform 100
Transform: AffineTransform_float_3_3
Parameters: 1 0.000280839 0.000343131 -0.00028016 1 0.000467904 -0.000342869 -0.000468096 1 0.00586497 0.0849069 0.0587224
FixedParameters: 0 0 0

#Transform 101
Transform: AffineTransform_float_3_3
Parameters: 1 0.000236896 0.000239103 -0.000237104 1 0.000432943 -0.000239897 -0.000433057 1 0.0144413 0.105452 0.0328282
FixedParameters: 0 0 0

#Transform 102
Transform: AffineTransform_float_3_3
Parameters: 1 0.000414853 0.00026523 -0.000415147 1 0.00055489 -0.00026477 -0.00055511 1 0.00280588 0.101683 0.0352501
FixedParameters: 0 0 0

#Transform 103
Transform: AffineTransform_float_3_3
Parameters: 1 0.000317897 0.00019217 -0.000318102 1 0.000533939 -0.00019183 -0.000534061 1 0.00864076 0.0841091 0.0575844
FixedParameters: 0 0 0

#Transform 104
Transform: AffineTransform_float_3_3
Parameters: 1 0.00036094 0.000115187 -0.000361059 1 0.000516958 -0.000114813 -0.000517041 1 0.00440122 0.123934 0.0571933
FixedParameters: 0 0 0

#Transform 105
Transform: AffineTransform_float_3_3
Parameters: 1 0.000335752 0.000409204 -0.000335248 1 0.000606863 -0.000408796 -0.000607137 0.999999 0.00734558 0.08828 0.0715319
FixedParameters: 0 0 0

#Transform 106
Transform: AffineTransform_float_3_3
Parameters: 1 0.000448717 0.000471269 -0.000449283 0.999999 0.000599788 -0.00047173 -0.000600211 0.999999 0.0043785 0.121369 0.062684
FixedParameters: 0 0 0

#Transform 107
Transform: AffineTransform_float_3_3
Parameters: 1 0.000388938 0.000217111 -0.000389062 1 0.000284916 -0.000216889 -0.000285084 1 0.0111969 0.0961388 0.0562696
FixedParameters: 0 0 0

#Transform 108
Transform: AffineTransform_float_3_3
Parameters: 1 0.000388874 0.000262187 -0.000389126 1 0.000479898 -0.000261813 -0.000480102 1 0.00718075 0.112567 0.047581
FixedParameters: 0 0 0

#Transform 109
Transform: AffineTransform_float_3_3
Parameters: 1 0.000487963 7.32459e-05 -0.000488037 1 0.000503964 -7.2754e-05 -0.000504035 1 0.0105969 0.0960745 0.0606979
FixedParameters: 0 0 0

#Transform 110
Transform: AffineTransform_float_3_3
Parameters: 1 0.000388863 0.000278192 -0.000389137 1 0.000492892 -0.000277808 -0.000493108 1 0.00478447 0.136086 0.0603924
FixedParameters: 0 0 0

#Transform 111
Transform: AffineTransform_float_3_3
Parameters: 1 0.000388828 0.000330202 -0.000389172 1 0.000520871 -0.000329797 -0.000521128 1 0.00617036 0.0774827 0.0589013
FixedParameters: 0 0 0

#Transform 112
Transform: AffineTransform_float_3_3
Parameters: 1 0.000388944 0.000146149 -0.000389056 1 0.000381943 -0.000146851 -0.000382057 1 0.0107856 0.14148 0.0486532
FixedParameters: 0 0 0

#Transform 113
Transform: AffineTransform_float_3_3
Parameters: 1 0.000388904 0.00019719 -0.000389096 1 0.000487923 -0.00019681 -0.000488076 1 0.0131935 0.0878552 0.0741724
FixedParameters: 0 0 0

#Transform 114
Transform: AffineTransform_float_3_3
Parameters: 1 0.000388943 0.000137161 -0.000389057 1 0.000413947 -0.000136839 -0.000414053 1 0.0111873 0.130419 0.0477784
FixedParameters: 0 0 0

#Transform 115
Transform: AffineTransform_float_3_3
Parameters: 1 0.000388961 5.72625e-05 -0.000389039 0.999999 0.000674977 -5.77374e-05 -0.000675022 1 0.0063869 0.0846576 0.072869
FixedParameters: 0 0 0

#Transform 116
Transform: AffineTransform_float_3_3
Parameters: 1 0.000388979 4.51844e-05 -0.000389021 1 0.000473982 -4.48156e-05 -0.000474017 1 0.00590647 0.13135 0.0330084
FixedParameters: 0 0 0

#Transform 117
Transform: AffineTransform_float_3_3
Parameters: 1 0.000388867 0.000218236 -0.000389132 0.999999 0.000607915 -0.000217763 -0.000608084 1 0.00797222 0.0867343 0.0706504
FixedParameters: 0 0 0

#Transform 118
Transform: AffineTransform_float_3_3
Parameters: 1 0.000389013 -2.98269e-05 -0.000388987 1 0.000445012 3.01731e-05 -0.000444988 1 0.0117275 0.126051 0.0449403
FixedParameters: 0 0 0

#Transform 119
Transform: AffineTransform_float_3_3
Parameters: 1 0.000527803 0.00021249 -0.000528197 1 0.000928888 -0.000211509 -0.000929112 0.999999 0.00675272 0.0958232 0.0761988
FixedParameters: 0 0 0

#Transform 120
Transform: AffineTransform_float_3_3
Parameters: 1 0.000491006 -1.17265e-05 -0.000490993 0.999999 0.000557006 1.22735e-05 -0.000556994 1 0.0110768 0.140169 0.0523203
FixedParameters: 0 0 0

#Transform 121
Transform: AffineTransform_float_3_3
Parameters: 1 0.000568949 6.24688e-05 -0.000569051 1 0.000823965 -6.15311e-05 -0.000824035 0.999999 0.0116544 0.0947922 0.0730295
FixedParameters: 0 0 0

#Transform 122
Transform: AffineTransform_float_3_3
Parameters: 1 0.000532003 -6.73932e-06 -0.000531996 0.999999 0.000490003 7.26068e-06 -0.000489996 1 0.0133404 0.135219 0.0486734
FixedParameters: 0 0 0

#Transform 123
Transform: AffineTransform_float_3_3
Parameters: 1 0.000458967 5.02992e-05 -0.000459033 0.999999 0.000651977 -5.07007e-05 -0.000652023 1 0.0139993 0.10121 0.0791671
FixedParameters: 0 0 0

#Transform 124
Transform: AffineTransform_float_3_3
Parameters: 1 0.000559105 -0.000223737 -0.000558895 0.999999 0.000470125 0.000223263 -0.000469875 1 0.00917336 0.119344 0.0612449
FixedParameters: 0 0 0

#Transform 125
Transform: AffineTransform_float_3_3
Parameters: 0.999999 0.000799366 -0.000235761 -0.000799633 0.999998 0.00155019 0.00023724 -0.00154981 0.999999 0.00497484 0.0836357 0.107774
FixedParameters: 0 0 0

#Transform 126
Transform: AffineTransform_float_3_3
Parameters: 1 0.000707003 -6.67407e-06 -0.000706997 0.999999 0.000461005 6.32592e-06 -0.000460995 1 0.00416109 0.121199 0.0688288
FixedParameters: 0 0 0

#Transform 127
Transform: AffineTransform_float_3_3
Parameters: 1 0.000690029 -3.13741e-05 -0.000689972 1 0.000907022 3.16258e-05 -0.000906978 0.999999 0.00253514 0.139969 0.072361
FixedParameters: 0 0 0

#Transform 128
Transform: AffineTransform_float_3_3
Parameters: 1 0.000691061 -8.75135e-05 -0.000691938 0.999999 0.00070406 8.74878e-05 -0.000704939 0.999999 0.00523562 0.123461 0.0682102
FixedParameters: 0 0 0

#Transform 129
Transform: AffineTransform_float_3_3
Parameters: 1 0.000669984 2.05212e-05 -0.000670016 1 0.000777987 -1.94787e-05 -0.000778013 0.999999 0.00505253 0.165498 0.0697115
FixedParameters: 0 0 0

#Transform 130
Transform: AffineTransform_float_3_3
Parameters: 0.999999 0.000782011 -1.54682e-05 -0.000781989 1 0.000680012 1.65317e-05 -0.000679987 1 0.00951846 0.100615 0.0866351
FixedParameters: 0 0 0

#Transform 131
Transform: AffineTransform_float_3_3
Parameters: 0.999999 0.000796115 -0.000181494 -0.000796884 0.999999 0.000636144 0.000181507 -0.000635855 1 0.00461471 0.144647 0.0668038
FixedParameters: 0 0 0

#Transform 132
Transform: AffineTransform_float_3_3
Parameters: 0.999999 0.000814097 -0.000103238 -0.000813903 0.999999 0.000936084 0.000103762 -0.000935916 0.999999 0.0047225 0.10655 0.0925505
FixedParameters: 0 0 0

#Transform 133
Transform: AffineTransform_float_3_3
Parameters: 0.999999 0.000881185 -0.000216246 -0.000880815 0.999999 0.000856191 0.000216754 -0.000855809 0.999999 0.00414678 0.133472 0.09279
FixedParameters: 0 0 0

#Transform 134
Transform: AffineTransform_float_3_3
Parameters: 1 0.00102922 -0.000259118 -0.00102878 0.999999 0.000857267 0.000259882 -0.000856733 0.999999 -0.000599975 0.146308 0.0760986
FixedParameters: 0 0 0

#Transform 135
Transform: AffineTransform_float_3_3
Parameters: 0.999999 0.00090125 -0.000267158 -0.00090075 0.999999 0.000934241 0.000267841 -0.000933759 0.999999 0.00304243 0.108432 0.0897404
FixedParameters: 0 0 0

#Transform 136
Transform: AffineTransform_float_3_3
Parameters: 0.999999 0.000901156 -0.000197289 -0.000900844 1 0.000789178 0.000197711 -0.000789822 0.999999 0.00141947 0.150486 0.0699017
FixedParameters: 0 0 0

#Transform 137
Transform: AffineTransform_float_3_3
Parameters: 0.999999 0.000754941 6.66726e-05 -0.000755059 1 0.00089095 -6.53272e-05 -0.00089105 0.999999 0.00454495 0.143027 0.0768106
FixedParameters: 0 0 0

#Transform 138
Transform: AffineTransform_float_3_3
Parameters: 0.999999 0.000768067 -8.74147e-05 -0.000767934 1 0.000762067 8.75851e-05 -0.000761933 0.999999 0.00514043 0.116357 0.0743209
FixedParameters: 0 0 0

#Transform 139
Transform: AffineTransform_float_3_3
Parameters: 0.999999 0.000901199 -0.000231227 -0.0009008 0.999999 0.000858209 0.000232773 -0.00085779 0.999999 0.0027763 0.162718 0.0598567
FixedParameters: 0 0 0

#Transform 140
Transform: AffineTransform_float_3_3
Parameters: 1 0.000626865 0.000185454 -0.000627134 0.999999 0.000724883 -0.000185545 -0.000725116 0.999999 0.00542725 0.102079 0.0815911
FixedParameters: 0 0 0

#Transform 141
Transform: AffineTransform_float_3_3
Parameters: 0.999999 0.000838978 4.0453e-05 -0.000839021 0.999999 0.000539966 -4.05469e-05 -0.000540034 1 0.000517252 0.179837 0.0802426
FixedParameters: 0 0 0

#Transform 142
Transform: AffineTransform_float_3_3
Parameters: 1 0.000693003 -3.41233e-06 -0.000692996 1 0.000848003 4.58766e-06 -0.000847997 0.999999 0.00491172 0.140981 0.0951758
FixedParameters: 0 0 0

#Transform 143
Transform: AffineTransform_float_3_3
Parameters: 0.999999 0.000812929 0.000135423 -0.000813069 0.999999 0.00051989 -0.000134577 -0.000520109 1 0.00339494 0.15817 0.0734845
FixedParameters: 0 0 0

#Transform 144
Transform: AffineTransform_float_3_3
Parameters: 0.999999 0.000764819 0.000195709 -0.000765181 1 0.00092685 -0.000195291 -0.000927149 0.999999 0.00502054 0.136213 0.0863344
FixedParameters: 0 0 0

#Transform 145
Transform: AffineTransform_float_3_3
Parameters: 0.999999 0.00086389 0.000184515 -0.00086411 1 0.000595841 -0.000184485 -0.00059616 1 0.0101721 0.135798 0.0916339
FixedParameters: 0 0 0

#Transform 146
Transform: AffineTransform_float_3_3
Parameters: 1 0.00112973 0.000347895 -0.00113028 0.999999 0.000791607 -0.000347105 -0.000792392 0.999999 0.00132504 0.173687 0.100853
FixedParameters: 0 0 0

#Transform 147
Transform: AffineTransform_float_3_3
Parameters: 0.999999 0.000966825 0.000222762 -0.000967174 0.999999 0.000787785 -0.000221239 -0.000787214 0.999999 0.012566 0.130886 0.100868
FixedParameters: 0 0 0

#Transform 148
Transform: AffineTransform_float_3_3
Parameters: 1 0.00105887 0.000174782 -0.00105813 0.999999 0.000738815 -0.000174218 -0.000739185 0.999999 0.00365377 0.175402 0.0863907
FixedParameters: 0 0 0

#Transform 149
Transform: AffineTransform_float_3_3
Parameters: 1 0.00105887 0.000129062 -0.00105813 0.999999 0.00100286 -0.00012794 -0.00100214 0.999999 0.00390451 0.1153 0.113263
FixedParameters: 0 0 0

#Transform 150
Transform: AffineTransform_float_3_3
Parameters: 0.999999 0.000972833 0.000207782 -0.000973166 0.999999 0.000803798 -0.000206218 -0.000803201 0.999999 0.00569057 0.15416 0.092987
FixedParameters: 0 0 0

#Transform 151
Transform: AffineTransform_float_3_3
Parameters: 0.999999 0.000854936 0.000366149 -0.000855063 0.999999 0.000174687 -0.000365851 -0.000174313 1 0.00576896 0.174061 0.0617998
FixedParameters: 0 0 0

#Transform 152
Transform: AffineTransform_float_3_3
Parameters: 0.999999 0.000499171 0.000585002 -0.000497829 0.999998 -0.00200029 -0.000585996 0.00199971 0.999998 0.0225742 0.172484 -0.0165315
FixedParameters: 0 0 0

#Transform 153
Transform: AffineTransform_float_3_3
Parameters: 1 0.000429162 0.000229697 -0.000428838 0.999999 -0.000705098 -0.000230302 0.000704901 0.999999 0.0155837 0.0919434 0.012526
FixedParameters: 0 0 0

#Transform 154
Transform: AffineTransform_float_3_3
Parameters: 0.999999 0.000820153 0.000429707 -0.000819846 0.999999 -0.000357352 -0.000430292 0.000356647 1 0.00541715 0.056142 0.0489141
FixedParameters: 0 0 0

#Transform 155
Transform: AffineTransform_float_3_3
Parameters: 1 0.00118008 0.000229594 -0.00117992 0.999999 -0.000344271 -0.000230407 0.000344728 1 -0.00670157 0.186772 0.0432968
FixedParameters: 0 0 0

#Transform 156
Transform: AffineTransform_float_3_3
Parameters: 1 0.00116096 0.000230225 -0.00116105 1 0.000193733 -0.000230776 -0.000193268 1 -0.00304815 0.123771 0.0693097
FixedParameters: 0 0 0

#Transform 157
Transform: AffineTransform_float_3_3
Parameters: 0.999999 0.00126996 0.000230246 -0.00127005 0.999999 0.000193708 -0.000230755 -0.000193293 1 0.00629991 0.168222 0.0638579
FixedParameters: 0 0 0

#Transform 158
Transform: AffineTransform_float_3_3
Parameters: 0.999999 0.00132194 0.000301281 -0.00132206 0.999999 0.000212602 -0.000300719 -0.000212398 1 0.00448007 0.213838 0.064156
FixedParameters: 0 0 0

#Transform 159
Transform: AffineTransform_float_3_3
Parameters: 0.999999 0.00123296 0.000230211 -0.00123304 0.999999 0.000170716 -0.000230789 -0.000171285 1 0.00247527 0.149645 0.0920069
FixedParameters: 0 0 0

#Transform 160
Transform: AffineTransform_float_3_3
Parameters: 0.999999 0.00124901 0.000229937 -0.00124899 0.999999 -5.02872e-05 -0.000230062 4.97127e-05 1 0.000650113 0.230906 0.0677552
FixedParameters: 0 0 0

#Transform 161
Transform: AffineTransform_float_3_3
Parameters: 0.999999 0.00124081 0.000364657 -0.00124119 0.999999 0.000529548 -0.000364342 -0.000530452 1 0.00522701 0.127521 0.104337
FixedParameters: 0 0 0

#Transform 162
Transform: AffineTransform_float_3_3
Parameters: 0.999999 0.00153592 0.000230554 -0.00153608 0.999999 0.000360646 -0.000230445 -0.000361354 1 -0.00407303 0.17751 0.0888202
FixedParameters: 0 0 0

#Transform 163
Transform: AffineTransform_float_3_3
Parameters: 0.999999 0.0013098 0.000339763 -0.0013102 0.999999 0.000582555 -0.000339236 -0.000583445 1 -0.00367777 0.127443 0.0860399
FixedParameters: 0 0 0

#Transform 164
Transform: AffineTransform_float_3_3
Parameters: 0.999999 0.00153592 0.00023054 -0.00153608 0.999999 0.000351646 -0.000230461 -0.000351354 1 -0.00507583 0.157858 0.0861779
FixedParameters: 0 0 0

#Transform 165
Transform: AffineTransform_float_3_3
Parameters: 0.999999 0.0013179 0.000230569 -0.0013181 0.999999 0.000431696 -0.00023043 -0.000432304 1 0.00532405 0.145091 0.0723878
FixedParameters: 0 0 0

#Transform 166
Transform: AffineTransform_float_3_3
Parameters: 0.999999 0.00153589 0.000230752 -0.00153611 0.999998 0.000489646 -0.000230249 -0.000489354 1 0.000867469 0.156172 0.0856545
FixedParameters: 0 0 0

#Transform 167
Transform: AffineTransform_float_3_3
Parameters: 0.999998 0.00153566 0.000453154 -0.00153634 0.999998 0.000751304 -0.000451846 -0.000751694 0.999999 -0.0106831 0.152988 0.0957784
FixedParameters: 0 0 0

#Transform 168
Transform: AffineTransform_float_3_3
Parameters: 0.999999 0.00134894 0.000230357 -0.00134906 0.999999 0.000264689 -0.000230642 -0.000265311 1 -0.0070751 0.158967 0.087031
FixedParameters: 0 0 0

#Transform 169
Transform: AffineTransform_float_3_3
Parameters: 0.999999 0.00153591 0.000230562 -0.00153608 0.999999 0.000365646 -0.000230437 -0.000366354 1 -0.0121609 0.192381 0.0815858
FixedParameters: 0 0 0

#Transform 170
Transform: AffineTransform_float_3_3
Parameters: 1 0.0011439 0.000230504 -0.0011441 0.999999 0.000440737 -0.000230497 -0.000440264 1 -0.00362447 0.172523 0.0968034
FixedParameters: 0 0 0

#Transform 171
Transform: AffineTransform_float_3_3
Parameters: 0.999999 0.00130388 0.000230657 -0.00130412 0.999999 0.0005037 -0.000230343 -0.000504301 1 -0.00466725 0.209264 0.0812059
FixedParameters: 0 0 0

#Transform 172
Transform: AffineTransform_float_3_3
Parameters: 0.999999 0.00135991 0.000162763 -0.00136009 0.999999 0.000560779 -0.000162237 -0.000561221 1 -0.00415962 0.147642 0.0976786
FixedParameters: 0 0 0

#Transform 173
Transform: AffineTransform_float_3_3
Parameters: 0.999999 0.00141692 0.000230513 -0.00141708 0.999999 0.000361674 -0.000230488 -0.000361327 1 0.00337277 0.196936 0.0783414
FixedParameters: 0 0 0

#Transform 174
Transform: AffineTransform_float_3_3
Parameters: 0.999999 0.00136585 0.000230863 -0.00136615 0.999999 0.000631685 -0.000230136 -0.000632315 1 -0.00206778 0.132018 0.104938
FixedParameters: 0 0 0

#Transform 175
Transform: AffineTransform_float_3_3
Parameters: 0.999999 0.00144195 0.000152513 -0.00144205 0.999999 0.00035578 -0.000152486 -0.00035622 1 -0.00159402 0.163749 0.0996714
FixedParameters: 0 0 0

#Transform 176
Transform: AffineTransform_float_3_3
Parameters: 0.999999 0.00153584 0.000231072 -0.00153616 0.999998 0.000697645 -0.000229927 -0.000698353 0.999999 0.000906341 0.170339 0.107884
FixedParameters: 0 0 0

#Transform 177
Transform: AffineTransform_float_3_3
Parameters: 0.999999 0.00153588 0.000230798 -0.00153612 0.999998 0.000519646 -0.000230201 -0.000520354 1 -0.00388414 0.186757 0.100515
FixedParameters: 0 0 0

#Transform 178
Transform: AffineTransform_float_3_3
Parameters: 0.999999 0.00153584 0.000231073 -0.00153616 0.999998 0.000698645 -0.000229926 -0.000699353 0.999999 -0.00983515 0.170354 0.110046
FixedParameters: 0 0 0

#Transform 179
Transform: AffineTransform_float_3_3
Parameters: 0.999999 0.00153593 0.000129825 -0.00153607 0.999998 0.000536801 -0.000129175 -0.000537199 1 -0.00764081 0.172338 0.117791
FixedParameters: 0 0 0

#Transform 180
Transform: AffineTransform_float_3_3
Parameters: 0.999999 0.00153585 0.000230989 -0.00153615 0.999998 0.000643646 -0.00023001 -0.000644354 1 -0.00874035 0.202611 0.106796
FixedParameters: 0 0 0

#Transform 181
Transform: AffineTransform_float_3_3
Parameters: 0.999999 0.00153605 -8.71581e-05 -0.00153595 0.999998 0.000548134 8.88416e-05 -0.000547864 1 -0.00588595 0.156323 0.11055
FixedParameters: 0 0 0

#Transform 182
Transform: AffineTransform_float_3_3
Parameters: 0.999998 0.00164192 0.000157837 -0.00164108 0.999998 0.000509741 -0.000157163 -0.000510258 1 -0.00722951 0.223926 0.104045
FixedParameters: 0 0 0

#Transform 183
Transform: AffineTransform_float_3_3
Parameters: 0.999999 0.00153574 0.000231723 -0.00153626 0.999998 0.00112165 -0.000230276 -0.00112236 1 0.000897935 0.156215 0.139569
FixedParameters: 0 0 0

#Transform 184
Transform: AffineTransform_float_3_3
Parameters: 0.999999 0.00153591 0.000230609 -0.00153609 0.999998 0.000396646 -0.00023039 -0.000397354 1 0.000958867 0.205446 0.101801
FixedParameters: 0 0 0

#Transform 185
Transform: AffineTransform_float_3_3
Parameters: 0.999999 0.00153582 0.000231184 -0.00153618 0.999998 0.000770645 -0.000230817 -0.000770355 0.999999 0.000931749 0.177937 0.132827
FixedParameters: 0 0 0

#Transform 186
Transform: AffineTransform_float_3_3
Parameters: 0.999999 0.00128498 0.0002301 -0.00128502 0.999999 7.77044e-05 -0.0002299 -7.82955e-05 1 -0.00112312 0.219182 0.0952497
FixedParameters: 0 0 0

#Transform 187
Transform: AffineTransform_float_3_3
Parameters: 0.999999 0.000811971 -6.83394e-05 -0.000812028 0.999999 -0.000417944 6.76605e-05 0.000418055 1 0.0192749 0.157504 0.126435
FixedParameters: 0 0 0

#Transform 188
Transform: AffineTransform_float_3_3
Parameters: 0.999999 0.00126 -2.54054e-06 -0.00126 0.999999 -0.000428997 1.45946e-06 0.000429002 1 0.00264835 0.188719 0.0780632
FixedParameters: 0 0 0

#Transform 189
Transform: AffineTransform_float_3_3
Parameters: 0.999999 0.00141896 0.000149384 -0.00141904 0.999999 0.000270788 -0.000149615 -0.000271213 1 -0.0141121 0.1897 0.0836606
FixedParameters: 0 0 0

#Transform 190
Transform: AffineTransform_float_3_3
Parameters: 0.999999 0.00152989 0.000230754 -0.00153011 0.999998 0.000492647 -0.000230245 -0.000493353 1 -0.0125539 0.143071 0.126105
FixedParameters: 0 0 0

#Transform 191
Transform: AffineTransform_float_3_3
Parameters: 0.999998 0.00157494 0.000156644 -0.00157506 0.999998 0.000408754 -0.000155356 -0.000409245 1 -0.0062138 0.22975 0.110049
FixedParameters: 0 0 0

#Transform 192
Transform: AffineTransform_float_3_3
Parameters: 0.999999 0.00152189 0.000282604 -0.00152111 0.999999 0.00039657 -0.000282396 -0.00039743 1 -0.00577526 0.182726 0.11588
FixedParameters: 0 0 0

#Transform 193
Transform: AffineTransform_float_3_3
Parameters: 0.999999 0.00154188 0.000230818 -0.00154212 0.999998 0.000530644 -0.000230181 -0.000531355 1 -0.00679861 0.251332 0.118499
FixedParameters: 0 0 0

#Transform 194
Transform: AffineTransform_float_3_3
Parameters: 0.999999 0.00155185 0.00023101 -0.00155215 0.999998 0.000650642 -0.000229989 -0.000651357 1 -0.00597485 0.194325 0.139757
FixedParameters: 0 0 0

#Transform 195
Transform: AffineTransform_float_3_3
Parameters: 0.999998 0.0017069 0.000230715 -0.00170709 0.999998 0.000418606 -0.000230286 -0.000418393 1 -0.00238858 0.238356 0.116302
FixedParameters: 0 0 0

#Transform 196
Transform: AffineTransform_float_3_3
Parameters: 0.999998 0.00159782 0.000231276 -0.00159818 0.999999 0.000798631 -0.000230724 -0.00079837 0.999999 -0.00749698 0.185407 0.131751
FixedParameters: 0 0 0

#Transform 197
Transform: AffineTransform_float_3_3
Parameters: 0.999999 0.00151189 0.000230737 -0.00151211 0.999998 0.000487651 -0.000230263 -0.000487349 1 -0.00608885 0.216921 0.117726
FixedParameters: 0 0 0

#Transform 198
Transform: AffineTransform_float_3_3
Parameters: 0.999999 0.00154574 0.000315303 -0.00154627 0.999999 0.000842514 -0.000313698 -0.000842486 0.999999 -0.000230171 0.190414 0.137592
FixedParameters: 0 0 0

#Transform 199
Transform: AffineTransform_float_3_3
Parameters: 0.999999 0.00149887 0.000230838 -0.00149913 0.999998 0.000558654 -0.000230163 -0.000558345 1 0.00168086 0.193744 0.124027
FixedParameters: 0 0 0

#Transform 200
Transform: AffineTransform_float_3_3
Parameters: 0.999999 0.00149885 0.000230989 -0.00149915 0.999998 0.000659654 -0.00023001 -0.000660345 1 0.00166291 0.179319 0.13997
FixedParameters: 0 0 0

#Transform 201
Transform: AffineTransform_float_3_3
Parameters: 0.999999 0.00149886 0.000230927 -0.00149914 0.999998 0.000618654 -0.000230072 -0.000619345 1 -0.00348625 0.193022 0.14567
FixedParameters: 0 0 0

#Transform 202
Transform: AffineTransform_float_3_3
Parameters: 0.999999 0.0014985 0.000364054 -0.0014995 0.999998 0.00137046 -0.000361944 -0.00137154 0.999999 0.00011535 0.209078 0.167884
FixedParameters: 0 0 0

#Transform 203
Transform: AffineTransform_float_3_3
Parameters: 0.999999 0.00149865 0.000421249 -0.00149935 0.999998 0.000833369 -0.000419749 -0.000834629 0.999999 -0.00483915 0.192835 0.153857
FixedParameters: 0 0 0

#Transform 204
Transform: AffineTransform_float_3_3
Parameters: 0.999998 0.00155223 0.000565128 -0.00155377 0.999998 0.00137012 -0.000562869 -0.00137188 0.999999 -0.00837128 0.230658 0.166406
FixedParameters: 0 0 0

#Transform 205
Transform: AffineTransform_float_3_3
Parameters: 0.999998 0.00162464 0.000391505 -0.00162536 0.999999 0.000926365 -0.000390493 -0.000927635 0.999999 -0.00271733 0.204456 0.160043
FixedParameters: 0 0 0

#Transform 206
Transform: AffineTransform_float_3_3
Parameters: 0.999998 0.00170082 0.000231304 -0.00170118 0.999999 0.000766608 -0.000230695 -0.000767393 0.999999 -0.00226304 0.238006 0.130502
FixedParameters: 0 0 0

#Transform 207
Transform: AffineTransform_float_3_3
Parameters: 0.999998 0.00167273 0.00023192 -0.00167226 0.999998 0.00114761 -0.000230082 -0.00114739 1 -0.00427883 0.177058 0.164277
FixedParameters: 0 0 0

#Transform 208
Transform: AffineTransform_float_3_3
Parameters: 0.999998 0.00167262 0.000384632 -0.00167237 0.999998 0.000975359 -0.000382367 -0.000976642 1 -0.00751344 0.215674 0.161698
FixedParameters: 0 0 0

#Transform 209
Transform: AffineTransform_float_3_3
Parameters: 0.999999 0.00176452 0.000458849 -0.00176448 0.999998 0.00104719 -0.000456152 -0.00104781 1 -0.00839578 0.239555 0.148113
FixedParameters: 0 0 0

#Transform 210
Transform: AffineTransform_float_3_3
Parameters: 0.999998 0.00167246 0.00045 -0.00167254 0.999998 0.00119525 -0.000447999 -0.00119675 0.999999 -0.00932009 0.168587 0.170206
FixedParameters: 0 0 0

#Transform 211
Transform: AffineTransform_float_3_3
Parameters: 0.999999 0.00172564 0.000401539 -0.00172636 0.999998 0.000891308 -0.000400461 -0.000891692 0.999999 -0.00945972 0.211562 0.147834
FixedParameters: 0 0 0

#Transform 212
Transform: AffineTransform_float_3_3
Parameters: 0.999999 0.00167258 0.000374883 -0.00167242 0.999998 0.00112537 -0.000373119 -0.00112563 1 -0.00784397 0.212151 0.150024
FixedParameters: 0 0 0

#Transform 213
Transform: AffineTransform_float_3_3
Parameters: 0.999998 0.00167273 0.000231982 -0.00167227 0.999998 0.00118461 -0.000230018 -0.00118539 1 -0.00176175 0.177509 0.169998
FixedParameters: 0 0 0

#Transform 214
Transform: AffineTransform_float_3_3
Parameters: 0.999998 0.00167267 0.000232392 -0.00167233 0.999997 0.00142961 -0.00023061 -0.00142939 0.999999 -0.00678364 0.240258 0.174939
FixedParameters: 0 0 0

#Transform 215
Transform: AffineTransform_float_3_3
Parameters: 0.999999 0.00174368 0.000232417 -0.00174432 0.999998 0.0013856 -0.000230584 -0.0013854 0.999999 -0.00338052 0.174335 0.174143
FixedParameters: 0 0 0

#Transform 216
Transform: AffineTransform_float_3_3
Parameters: 0.999998 0.00167251 0.00040402 -0.00167249 0.999998 0.00120733 -0.000401981 -0.00120767 0.999999 -0.0098599 0.213421 0.170432
FixedParameters: 0 0 0

#Transform 217
Transform: AffineTransform_float_3_3
Parameters: 0.999998 0.00173482 0.000231327 -0.00173518 0.999998 0.0007646 -0.000230672 -0.000765401 0.999999 -0.00293361 0.26565 0.138094
FixedParameters: 0 0 0

#Transform 218
Transform: AffineTransform_float_3_3
Parameters: 0.999998 0.00167271 0.000232117 -0.00167229 0.999998 0.00126561 -0.000230883 -0.00126639 0.999999 -0.00720626 0.179723 0.164742
FixedParameters: 0 0 0

#Transform 219
Transform: AffineTransform_float_3_3
Parameters: 0.999998 0.0016727 0.000232178 -0.0016723 0.999998 0.00130161 -0.000230824 -0.00130139 0.999999 -0.00169582 0.208859 0.172124
FixedParameters: 0 0 0

#Transform 220
Transform: AffineTransform_float_3_3
Parameters: 0.999999 0.00180456 0.000380117 -0.00180544 0.999997 0.00117232 -0.000377884 -0.00117268 0.999999 -0.0122755 0.242309 0.165334
FixedParameters: 0 0 0

#Transform 221
Transform: AffineTransform_float_3_3
Parameters: 0.999998 0.00167254 0.000366085 -0.00167245 0.999998 0.00124639 -0.000363914 -0.00124761 0.999999 -0.00331005 0.209789 0.167284
FixedParameters: 0 0 0

#Transform 222
Transform: AffineTransform_float_3_3
Parameters: 0.999998 0.0016727 0.000232134 -0.00167229 0.999998 0.00127561 -0.000230866 -0.00127639 0.999999 -0.00175386 0.177846 0.175789
FixedParameters: 0 0 0

#Transform 223
Transform: AffineTransform_float_3_3
Parameters: 0.999999 0.00167264 0.000360688 -0.00167236 0.999998 0.0010084 -0.000359313 -0.0010096 1 -0.00537766 0.22293 0.166617
FixedParameters: 0 0 0

#Transform 224
Transform: AffineTransform_float_3_3
Parameters: 0.999999 0.00176576 0.000231866 -0.00176624 0.999998 0.00105659 -0.000230133 -0.00105741 1 -0.00631094 0.247769 0.16908
FixedParameters: 0 0 0

#Transform 225
Transform: AffineTransform_float_3_3
Parameters: 0.999999 0.00172645 0.000437187 -0.00172755 0.999997 0.00126625 -0.000434813 -0.00126675 0.999999 -0.0088494 0.160172 0.177548
FixedParameters: 0 0 0

#Transform 226
Transform: AffineTransform_float_3_3
Parameters: 0.999999 0.00178096 0.000571267 -0.00178204 0.999996 0.00183298 -0.000567734 -0.00183401 0.999998 -0.00804995 0.215089 0.209258
FixedParameters: 0 0 0

#Transform 227
Transform: AffineTransform_float_3_3
Parameters: 0.999999 0.00173846 0.000419234 -0.00173954 0.999997 0.00128427 -0.000416766 -0.00128473 0.999999 -0.00537573 0.245473 0.177796
FixedParameters: 0 0 0

#Transform 228
Transform: AffineTransform_float_3_3
Parameters: 0.999998 0.00167253 0.000371114 -0.00167247 0.999998 0.00126338 -0.000368887 -0.00126362 0.999999 -0.00339312 0.171632 0.177535
FixedParameters: 0 0 0

#Transform 229
Transform: AffineTransform_float_3_3
Parameters: 0.999998 0.0016727 0.000232136 -0.0016723 0.999998 0.00127661 -0.000230866 -0.00127639 0.999999 -0.00164241 0.245186 0.183546
FixedParameters: 0 0 0

#Transform 230
Transform: AffineTransform_float_3_3
Parameters: 0.999999 0.00172638 0.000478241 -0.00172662 0.999997 0.00129718 -0.00047676 -0.00129782 0.999999 -0.00577984 0.264324 0.193243
FixedParameters: 0 0 0

#Transform 231
Transform: AffineTransform_float_3_3
Parameters: 0.999998 0.00167231 0.000504294 -0.00167269 0.999997 0.00137116 -0.000502706 -0.00137184 0.999999 -0.00500684 0.189084 0.194248
FixedParameters: 0 0 0

#Transform 232
Transform: AffineTransform_float_3_3
Parameters: 0.999998 0.00167242 0.000440222 -0.00167258 0.999997 0.00132827 -0.000437778 -0.00132873 0.999999 -0.00416534 0.227035 0.197481
FixedParameters: 0 0 0

#Transform 233
Transform: AffineTransform_float_3_3
Parameters: 0.999998 0.00162172 0.000231952 -0.00162228 0.999998 0.00120363 -0.000230047 -0.00120437 0.999999 -0.000700042 0.254771 0.176021
FixedParameters: 0 0 0

#Transform 234
Transform: AffineTransform_float_3_3
Parameters: 0.999998 0.00167267 0.00023237 -0.00167233 0.999997 0.00141661 -0.00023063 -0.00141739 0.999999 -0.00591864 0.188082 0.180555
FixedParameters: 0 0 0

#Transform 235
Transform: AffineTransform_float_3_3
Parameters: 0.999999 0.00178325 0.000463898 -0.00178375 0.999997 0.00162417 -0.000461103 -0.00162482 0.999998 -0.00676217 0.232445 0.193579
FixedParameters: 0 0 0

#Transform 236
Transform: AffineTransform_float_3_3
Parameters: 0.999999 0.00167229 0.000430783 -0.00167272 0.999997 0.00166328 -0.000428217 -0.00166472 0.999998 -0.0117564 0.210725 0.19482
FixedParameters: 0 0 0

#Transform 237
Transform: AffineTransform_float_3_3
Parameters: 0.999999 0.00175719 0.00048991 -0.00175781 0.999997 0.00165514 -0.000487091 -0.00165586 0.999999 -0.00668608 0.178117 0.204771
FixedParameters: 0 0 0

#Transform 238
Transform: AffineTransform_float_3_3
Parameters: 0.999999 0.00167243 0.000468059 -0.00167258 0.999998 0.00123022 -0.000465943 -0.00123078 0.999999 -0.00456277 0.254438 0.194058
FixedParameters: 0 0 0

#Transform 239
Transform: AffineTransform_float_3_3
Parameters: 0.999998 0.00167259 0.000232939 -0.00167241 0.999997 0.00175661 -0.000230062 -0.00175739 0.999999 -0.00171685 0.195191 0.206178
FixedParameters: 0 0 0

#Transform 240
Transform: AffineTransform_float_3_3
Parameters: 0.999999 0.00171637 0.000484233 -0.00171663 0.999997 0.00130017 -0.000481768 -0.00130083 0.999999 -0.0056049 0.270049 0.192112
FixedParameters: 0 0 0

#Transform 241
Transform: AffineTransform_float_3_3
Parameters: 0.999998 0.0018263 0.000429986 -0.0018277 0.999997 0.00163422 -0.000427013 -0.00163478 0.999998 -0.00730536 0.207581 0.184883
FixedParameters: 0 0 0

#Transform 242
Transform: AffineTransform_float_3_3
Parameters: 0.999999 0.00182662 0.00023299 -0.00182738 0.999997 0.00163658 -0.00023001 -0.00163642 0.999998 -0.00499732 0.195134 0.190356
FixedParameters: 0 0 0

#Transform 243
Transform: AffineTransform_float_3_3
Parameters: 0.999999 0.0018267 0.000232393 -0.00182731 0.999998 0.00130958 -0.000230608 -0.00130942 0.999999 -0.00485998 0.267449 0.178275
FixedParameters: 0 0 0

#Transform 244
Transform: AffineTransform_float_3_3
Parameters: 0.999999 0.00182652 0.000233772 -0.00182748 0.999996 0.00206458 -0.000230228 -0.00206442 0.999998 -0.00500684 0.177623 0.214128
FixedParameters: 0 0 0

#Transform 245
Transform: AffineTransform_float_3_3
Parameters: 0.999998 0.00162616 0.000606247 -0.00162684 0.999997 0.00138102 -0.000604753 -0.00138198 0.999999 -0.00533536 0.212278 0.179725
FixedParameters: 0 0 0

#Transform 246
Transform: AffineTransform_float_3_3
Parameters: 0.999998 0.0018263 0.00057722 -0.0018277 0.999997 0.00121495 -0.000574779 -0.00121605 0.999999 -0.00897205 0.266368 0.176273
FixedParameters: 0 0 0

#Transform 247
Transform: AffineTransform_float_3_3
Parameters: 0.999998 0.00182637 0.000417747 -0.00182763 0.999997 0.00150324 -0.000414251 -0.00150476 0.999999 -0.00721389 0.181486 0.192823
FixedParameters: 0 0 0

#Transform 248
Transform: AffineTransform_float_3_3
Parameters: 0.999998 0.00182635 0.000483473 -0.00182765 0.999998 0.00135312 -0.000480527 -0.00135388 0.999999 -0.00786869 0.249612 0.179068
FixedParameters: 0 0 0

#Transform 249
Transform: AffineTransform_float_3_3
Parameters: 0.999998 0.00182606 0.000580967 -0.00182694 0.999997 0.00162394 -0.000578033 -0.00162506 0.999998 -0.00916878 0.19443 0.201692
FixedParameters: 0 0 0

#Transform 250
Transform: AffineTransform_float_3_3
Parameters: 0.999998 0.00182612 0.000557874 -0.00182688 0.999997 0.00157298 -0.000555126 -0.00157402 0.999998 -0.00884507 0.219787 0.201787
FixedParameters: 0 0 0

#Transform 251
Transform: AffineTransform_float_3_3
Parameters: 0.999998 0.00182618 0.000502986 -0.00182682 0.999997 0.00163408 -0.000500015 -0.00163492 0.999998 -0.00819164 0.219046 0.208604
FixedParameters: 0 0 0

#Transform 252
Transform: AffineTransform_float_3_3
Parameters: 0.999998 0.0019733 0.000459034 -0.0019737 0.999997 0.0015371 -0.000455964 -0.0015389 0.999998 -0.0105452 0.210198 0.217876
FixedParameters: 0 0 0

#Transform 253
Transform: AffineTransform_float_3_3
Parameters: 0.999998 0.00196834 0.000471771 -0.00196866 0.999997 0.00140707 -0.00046823 -0.00140792 0.999999 -0.0104822 0.268194 0.196803
FixedParameters: 0 0 0

#Transform 254
Transform: AffineTransform_float_3_3
Parameters: 0.999998 0.00196726 0.00041848 -0.00196774 0.999996 0.00176818 -0.000414521 -0.00176882 0.999999 -0.0127182 0.186751 0.222621
FixedParameters: 0 0 0

#Transform 255
Transform: AffineTransform_float_3_3
Parameters: 0.999997 0.00213737 0.000389479 -0.00213763 0.999997 0.00162717 -0.000385521 -0.00162783 0.999998 -0.0129578 0.233296 0.210845
FixedParameters: 0 0 0

#Transform 256
Transform: AffineTransform_float_3_3
Parameters: 0.999998 0.00203565 0.00023309 -0.00203535 0.999997 0.00151753 -0.00022991 -0.00151847 0.999999 -0.0129878 0.287055 0.185479
FixedParameters: 0 0 0

#Transform 257
Transform: AffineTransform_float_3_3
Parameters: 0.999998 0.00205858 0.000233712 -0.00205842 0.999997 0.00180252 -0.000230291 -0.00180248 0.999999 -0.0177645 0.191748 0.207132
FixedParameters: 0 0 0

#Transform 258
Transform: AffineTransform_float_3_3
Parameters: 0.999998 0.00202431 0.000448143 -0.00202469 0.999996 0.0015521 -0.000444857 -0.0015529 0.999998 -0.0114792 0.222858 0.197986
FixedParameters: 0 0 0

#Transform 259
Transform: AffineTransform_float_3_3
Parameters: 0.999997 0.00207315 0.000502505 -0.00207385 0.999997 0.00168996 -0.000499495 -0.00169104 0.999999 -0.0200244 0.240269 0.198085
FixedParameters: 0 0 0

#Transform 260
Transform: AffineTransform_float_3_3
Parameters: 0.999997 0.00210502 0.000542831 -0.00210598 0.999996 0.00181886 -0.000539169 -0.00182014 0.999998 -0.0199839 0.185855 0.217194
FixedParameters: 0 0 0

#Transform 261
Transform: AffineTransform_float_3_3
Parameters: 0.999998 0.00228463 0.000233655 -0.00228537 0.999996 0.00159947 -0.000230343 -0.00160053 0.999998 -0.0220789 0.25201 0.211344
FixedParameters: 0 0 0

#Transform 262
Transform: AffineTransform_float_3_3
Parameters: 0.999997 0.00221434 0.000384826 -0.00221466 0.999996 0.00172715 -0.000380175 -0.00172785 0.999999 -0.0253209 0.250379 0.200436
FixedParameters: 0 0 0

#Transform 263
Transform: AffineTransform_float_3_3
Parameters: 0.999997 0.00216424 0.000404071 -0.00216475 0.999996 0.00188013 -0.00039993 -0.00188087 0.999998 -0.0250204 0.199298 0.210995
FixedParameters: 0 0 0

#Transform 264
Transform: AffineTransform_float_3_3
Parameters: 0.999997 0.00216219 0.000499532 -0.00216281 0.999997 0.00163292 -0.000495467 -0.00163408 0.999998 -0.0147106 0.266152 0.195674
FixedParameters: 0 0 0

#Transform 265
Transform: AffineTransform_float_3_3
Parameters: 0.999998 0.00221414 0.00041759 -0.00221486 0.999996 0.00207208 -0.000413411 -0.00207292 0.999998 -0.025044 0.203629 0.214869
FixedParameters: 0 0 0

#Transform 266
Transform: AffineTransform_float_3_3
Parameters: 0.999997 0.00221455 0.000234278 -0.00221545 0.999995 0.00193149 -0.00023072 -0.00193252 0.999998 -0.0238349 0.220007 0.224398
FixedParameters: 0 0 0

#Transform 267
Transform: AffineTransform_float_3_3
Parameters: 0.999998 0.0022141 0.00049503 -0.0022149 0.999996 0.00181891 -0.000490971 -0.00182009 0.999998 -0.0267837 0.275664 0.207503
FixedParameters: 0 0 0

#Transform 268
Transform: AffineTransform_float_3_3
Parameters: 0.999997 0.00221432 0.000359191 -0.00221468 0.999996 0.00189221 -0.000355809 -0.00189279 0.999998 -0.0277792 0.201425 0.211316
FixedParameters: 0 0 0

#Transform 269
Transform: AffineTransform_float_3_3
Parameters: 0.999997 0.00239993 0.000440885 -0.00240107 0.999994 0.00245095 -0.000434115 -0.00245205 0.999997 -0.0273205 0.225556 0.222497
FixedParameters: 0 0 0

#Transform 270
Transform: AffineTransform_float_3_3
Parameters: 0.999998 0.00228065 0.000533786 -0.00228235 0.999994 0.00253579 -0.000528215 -0.00253621 0.999996 -0.0302147 0.227124 0.231266
FixedParameters: 0 0 0

#Transform 271
Transform: AffineTransform_float_3_3
Parameters: 0.999998 0.00221311 0.000630661 -0.00221489 0.999993 0.00300761 -0.000624342 -0.00300839 0.999996 -0.0253166 0.193049 0.259373
FixedParameters: 0 0 0

#Transform 272
Transform: AffineTransform_float_3_3
Parameters: 0.999998 0.00221371 0.000563096 -0.00221529 0.999995 0.00230076 -0.000557905 -0.00230124 0.999997 -0.02683 0.244797 0.219495
FixedParameters: 0 0 0

#Transform 273
Transform: AffineTransform_float_3_3
Parameters: 0.999998 0.00221416 0.000387831 -0.00221484 0.999995 0.00218115 -0.000383169 -0.00218185 0.999997 -0.0300791 0.20195 0.217042
FixedParameters: 0 0 0

#Transform 274
Transform: AffineTransform_float_3_3
Parameters: 0.999997 0.00221422 0.000392419 -0.00221478 0.999995 0.00199513 -0.000388581 -0.00199586 0.999998 -0.0313652 0.225714 0.216095
FixedParameters: 0 0 0

#Transform 275
Transform: AffineTransform_float_3_3
Parameters: 0.999998 0.00228492 0.000447582 -0.00228609 0.999995 0.00244198 -0.000442418 -0.00244302 0.999997 -0.0308028 0.274348 0.22213
FixedParameters: 0 0 0

#Transform 276
Transform: AffineTransform_float_3_3
Parameters: 0.999998 0.00221409 0.000430738 -0.00221492 0.999996 0.00213905 -0.000426262 -0.00213995 0.999997 -0.0299458 0.200008 0.21628
FixedParameters: 0 0 0

#Transform 277
Transform: AffineTransform_float_3_3
Parameters: 0.999998 0.00230121 0.000433204 -0.00230179 0.999995 0.00182601 -0.000429797 -0.00182699 0.999998 -0.0265972 0.268962 0.209764
FixedParameters: 0 0 0

#Transform 278
Transform: AffineTransform_float_3_3
Parameters: 0.999997 0.00221405 0.000459578 -0.00221495 0.999996 0.00206699 -0.000455421 -0.00206801 0.999998 -0.0273052 0.201624 0.221463
FixedParameters: 0 0 0

#Transform 279
Transform: AffineTransform_float_3_3
Parameters: 0.999998 0.00221427 0.000380285 -0.00221473 0.999995 0.00193416 -0.000375717 -0.00193484 0.999998 -0.0254757 0.244149 0.209729
FixedParameters: 0 0 0

#Transform 280
Transform: AffineTransform_float_3_3
Parameters: 0.999997 0.00234815 0.000228922 -0.00234885 0.99999 0.00379847 -0.00022008 -0.00379853 0.999993 -0.0223996 0.221859 0.294355
FixedParameters: 0 0 0

#Transform 281
Transform: AffineTransform_float_3_3
Parameters: 0.999997 0.00236486 0.000343923 -0.00236614 0.999991 0.0033492 -0.000336077 -0.0033498 0.999995 -0.0273535 0.184723 0.278857
FixedParameters: 0 0 0

#Transform 282
Transform: AffineTransform_float_3_3
Parameters: 0.999997 0.00233674 0.00036322 -0.00233726 0.999991 0.00351616 -0.000354781 -0.00351784 0.999994 -0.0239519 0.245345 0.287027
FixedParameters: 0 0 0

#Transform 283
Transform: AffineTransform_float_3_3
Parameters: 0.999997 0.00216293 0.000488737 -0.00216407 0.999996 0.00218895 -0.000484263 -0.00219005 0.999998 -0.0243628 0.228182 0.243579
FixedParameters: 0 0 0

#Transform 284
Transform: AffineTransform_float_3_3
Parameters: 0.999997 0.00228896 0.000572193 -0.00229004 0.999995 0.00183069 -0.000567807 -0.0018323 0.999998 -0.0290004 0.305494 0.226553
FixedParameters: 0 0 0

#Transform 285
Transform: AffineTransform_float_3_3
Parameters: 0.999997 0.00209066 0.000617547 -0.00209234 0.999996 0.00217371 -0.000612451 -0.00217529 0.999997 -0.0224805 0.213375 0.233612
FixedParameters: 0 0 0

#Transform 286
Transform: AffineTransform_float_3_3
Parameters: 0.999997 0.00235494 0.000453546 -0.00235606 0.999995 0.00235394 -0.000448454 -0.00235506 0.999997 -0.0259505 0.238172 0.238094
FixedParameters: 0 0 0

#Transform 287
Transform: AffineTransform_float_3_3
Parameters: 0.999998 0.00221377 0.000574773 -0.00221524 0.999995 0.00215473 -0.000570227 -0.00215627 0.999998 -0.0167923 0.247246 0.233048
FixedParameters: 0 0 0

#Transform 288
Transform: AffineTransform_float_3_3
Parameters: 0.999998 0.00228359 0.000338676 -0.00228541 0.999988 0.00423523 -0.000328323 -0.00423576 0.999991 -0.0153572 0.197631 0.327235
FixedParameters: 0 0 0

#Transform 289
Transform: AffineTransform_float_3_3
Parameters: 0.999997 0.00230952 0.000867955 -0.00231048 0.999996 0.001711 -0.000864046 -0.001713 0.999998 -0.0221723 0.263055 0.224615
FixedParameters: 0 0 0

#Transform 290
Transform: AffineTransform_float_3_3
Parameters: 0.999998 0.00221338 0.000697158 -0.00221562 0.999995 0.00232846 -0.000691842 -0.00232954 0.999997 -0.0183748 0.212844 0.239223
FixedParameters: 0 0 0

#Transform 291
Transform: AffineTransform_float_3_3
Parameters: 0.999998 0.00221378 0.000606456 -0.00221521 0.999995 0.00201166 -0.000601543 -0.00201334 0.999998 -0.017132 0.274606 0.232589
FixedParameters: 0 0 0

#Transform 292
Transform: AffineTransform_float_3_3
Parameters: 0.999998 0.00227016 0.000498465 -0.00227184 0.999991 0.00372688 -0.000489535 -0.00372812 0.999993 -0.0231284 0.243405 0.293693
FixedParameters: 0 0 0

#Transform 293
Transform: AffineTransform_float_3_3
Parameters: 0.999997 0.00231431 0.000497921 -0.00231669 0.999992 0.00342086 -0.000490076 -0.00342215 0.999994 -0.0283704 0.204825 0.281878
FixedParameters: 0 0 0

#Transform 294
Transform: AffineTransform_float_3_3
Parameters: 0.999997 0.00229227 0.000509846 -0.00229373 0.999992 0.00342084 -0.000502155 -0.00342216 0.999994 -0.0254087 0.259561 0.283041
FixedParameters: 0 0 0

#Transform 295
Transform: AffineTransform_float_3_3
Parameters: 0.999998 0.00217326 0.000476983 -0.00217474 0.999991 0.00367097 -0.000469019 -0.00367203 0.999993 -0.0147765 0.195747 0.310003
FixedParameters: 0 0 0

#Transform 296
Transform: AffineTransform_float_3_3
Parameters: 0.999997 0.00240431 0.00055437 -0.00240669 0.999993 0.00306368 -0.000546627 -0.00306533 0.999995 -0.0276008 0.244513 0.283705
FixedParameters: 0 0 0

#Transform 297
Transform: AffineTransform_float_3_3
Parameters: 0.999997 0.00226967 0.000954554 -0.00227133 0.999995 0.00244484 -0.000949447 -0.00244716 0.999996 -0.0296524 0.251472 0.258906
FixedParameters: 0 0 0

#Transform 298
Transform: AffineTransform_float_3_3
Parameters: 0.999998 0.00212011 0.000960195 -0.00212189 0.999996 0.00197697 -0.000955805 -0.00197903 0.999997 -0.0297952 0.233969 0.253613
FixedParameters: 0 0 0

#Transform 299
Transform: AffineTransform_float_3_3
Parameters: 0.999997 0.00212053 0.000716361 -0.00212247 0.999995 0.00205548 -0.000712638 -0.00205651 0.999997 -0.0313012 0.286323 0.234358
FixedParameters: 0 0 0

#Transform 300
Transform: AffineTransform_float_3_3
Parameters: 0.999998 0.00212028 0.000848315 -0.00212172 0.999995 0.0020332 -0.000843686 -0.00203479 0.999997 -0.0255436 0.286482 0.231433
FixedParameters: 0 0 0

#Transform 301
Transform: AffineTransform_float_3_3
Parameters: 0.999997 0.00211935 0.00103048 -0.00212166 0.999995 0.00258182 -0.00102552 -0.00258418 0.999996 -0.0278002 0.209282 0.271952
FixedParameters: 0 0 0

#Transform 302
Transform: AffineTransform_float_3_3
Parameters: 0.999997 0.00212027 0.000680403 -0.00212173 0.999995 0.00254656 -0.000674598 -0.00254744 0.999996 -0.0161689 0.270014 0.26873
FixedParameters: 0 0 0

#Transform 303
Transform: AffineTransform_float_3_3
Parameters: 0.999997 0.00193978 0.00101027 -0.00194222 0.999995 0.00220104 -0.00100573 -0.00220296 0.999997 -0.0256707 0.22156 0.242839
FixedParameters: 0 0 0

#Transform 304
Transform: AffineTransform_float_3_3
Parameters: 0.999998 0.00211962 0.00090858 -0.00212238 0.999995 0.00263008 -0.00090242 -0.00263192 0.999996 -0.0288708 0.222523 0.28904
FixedParameters: 0 0 0

#Transform 305
Transform: AffineTransform_float_3_3
Parameters: 0.999998 0.00212055 0.000910376 -0.00212244 0.999996 0.00159007 -0.000906625 -0.00159193 0.999999 -0.0190967 0.258749 0.24133
FixedParameters: 0 0 0

#Transform 306
Transform: AffineTransform_float_3_3
Parameters: 0.999997 0.00211967 0.00124399 -0.00212233 0.999996 0.00187837 -0.00124001 -0.00188063 0.999998 -0.0231379 0.211196 0.274187
FixedParameters: 0 0 0

#Transform 307
Transform: AffineTransform_float_3_3
Parameters: 0.999997 0.00212047 0.00103714 -0.00212153 0.999996 0.0014778 -0.00103386 -0.0014802 0.999999 -0.0205786 0.279844 0.262178
FixedParameters: 0 0 0

#Transform 308
Transform: AffineTransform_float_3_3
Parameters: 0.999997 0.00211948 0.00101627 -0.00212252 0.999994 0.00248585 -0.00101172 -0.00248815 0.999997 -0.0183313 0.243586 0.286196
FixedParameters: 0 0 0

#Transform 309
Transform: AffineTransform_float_3_3
Parameters: 0.999998 0.00212064 0.000835469 -0.00212236 0.999997 0.00163423 -0.000831532 -0.00163577 0.999999 -0.0148816 0.278139 0.271555
FixedParameters: 0 0 0

#Transform 310
Transform: AffineTransform_float_3_3
Parameters: 0.999997 0.00219008 0.00111778 -0.00219192 0.999996 0.00172256 -0.00111422 -0.00172445 0.999998 -0.0229274 0.303187 0.273326
FixedParameters: 0 0 0

#Transform 311
Transform: AffineTransform_float_3_3
Parameters: 0.999997 0.00212 0.00104605 -0.002122 0.999996 0.00191078 -0.00104194 -0.00191321 0.999997 -0.0152093 0.253448 0.285783
FixedParameters: 0 0 0

#Transform 312
Transform: AffineTransform_float_3_3
Parameters: 0.999998 0.00212036 0.000859067 -0.00212164 0.999996 0.00191618 -0.000854935 -0.00191782 0.999998 -0.0183227 0.304946 0.277121
FixedParameters: 0 0 0

#Transform 313
Transform: AffineTransform_float_3_3
Parameters: 0.999997 0.0021198 0.00107834 -0.0021222 0.999995 0.00204372 -0.00107466 -0.00204628 0.999998 -0.0210971 0.250552 0.288366
FixedParameters: 0 0 0

#Transform 314
Transform: AffineTransform_float_3_3
Parameters: 0.999997 0.00218495 0.00095968 -0.00218705 0.999996 0.00213991 -0.00095432 -0.00214209 0.999998 -0.0209247 0.25437 0.281711
FixedParameters: 0 0 0

#Transform 315
Transform: AffineTransform_float_3_3
Parameters: 0.999997 0.00212161 0.000528569 -0.00212239 0.999998 0.00073888 -0.00052743 -0.000740121 0.999999 -0.0358821 0.287976 0.316208
FixedParameters: 0 0 0

#Transform 316
Transform: AffineTransform_float_3_3
Parameters: 0.999998 0.00201911 0.000201859 -0.00201889 0.999998 -0.000565408 -0.00020214 0.000564593 1 -0.0389549 0.287235 0.255161
FixedParameters: 0 0 0

#Transform 317
Transform: AffineTransform_float_3_3
Parameters: 0.999998 0.00162603 0.000187743 -0.00162597 0.999998 -0.000158305 -0.000188258 0.000158694 1 -0.0307301 0.203778 0.281838
FixedParameters: 0 0 0

#Transform 318
Transform: AffineTransform_float_3_3
Parameters: 0.999999 0.00170593 9.4264e-05 -0.00170607 0.999999 0.00074084 -9.37357e-05 -0.000741161 0.999999 -0.0336362 0.247335 0.286531
FixedParameters: 0 0 0

#Transform 319
Transform: AffineTransform_float_3_3
Parameters: 0.999998 0.00170603 -1.86013e-05 -0.00170597 0.999997 0.00140603 2.13986e-05 -0.00140596 0.999999 -0.0474549 0.223023 0.313447
FixedParameters: 0 0 0

#Transform 320
Transform: AffineTransform_float_3_3
Parameters: 0.999998 0.00206747 -0.000738682 -0.00206653 0.999997 0.000638528 0.00073932 -0.000637473 1 -0.0521949 0.230393 0.309474
FixedParameters: 0 0 0

#Transform 321
Transform: AffineTransform_float_3_3
Parameters: 0.999998 0.00203142 -0.000521372 -0.00203158 0.999997 0.00080206 0.000522628 -0.000800939 0.999999 -0.0590512 0.226419 0.290377
FixedParameters: 0 0 0

#Transform 322
Transform: AffineTransform_float_3_3
Parameters: 0.999998 0.00199211 -0.000549616 -0.00199189 0.999998 0.000193095 0.000549383 -0.000191906 1 -0.0516252 0.213268 0.288945
FixedParameters: 0 0 0

#Transform 323
Transform: AffineTransform_float_3_3
Parameters: 0.999998 0.00183476 -0.000419047 -0.00183524 0.999998 -0.000570232 0.000417953 0.000570768 0.999999 -0.0436754 0.264093 0.239767
FixedParameters: 0 0 0

#Transform 324
Transform: AffineTransform_float_3_3
Parameters: 0.999998 0.00178293 -0.000645202 -0.00178307 0.999999 -0.00011285 0.000644797 0.00011415 1 -0.0351543 0.30143 0.242428
FixedParameters: 0 0 0

#Transform 325
Transform: AffineTransform_float_3_3
Parameters: 0.999999 0.00184097 -0.000313184 -0.00184103 0.999999 -9.94236e-05 0.000312817 9.95761e-05 1 -0.0340178 0.232093 0.261757
FixedParameters: 0 0 0

#Transform 326
Transform: AffineTransform_float_3_3
Parameters: 0.999999 0.00184088 -0.000313708 -0.00184112 0.999998 -0.000384423 0.000312293 0.000384576 1 -0.033888 0.300233 0.270067
FixedParameters: 0 0 0

#Transform 327
Transform: AffineTransform_float_3_3
Parameters: 0.999998 0.00161199 -0.000381041 -0.00161201 0.999998 -2.53858e-05 0.000380959 2.56141e-05 1 -0.0284361 0.213717 0.263102
FixedParameters: 0 0 0

#Transform 328
Transform: AffineTransform_float_3_3
Parameters: 0.999999 0.001754 -0.000308007 -0.001754 0.999999 -3.45976e-06 0.000307993 4.54023e-06 1 -0.0321377 0.268619 0.268495
FixedParameters: 0 0 0

#Transform 329
Transform: AffineTransform_float_3_3
Parameters: 0.999999 0.00164408 -0.000613777 -0.00164392 0.999998 0.000136009 0.000614223 -0.00013499 1 -0.0263243 0.255661 0.254095
FixedParameters: 0 0 0

#Transform 330
Transform: AffineTransform_float_3_3
Parameters: 0.999998 0.00163505 -0.000416803 -0.00163495 0.999998 0.000120682 0.000417197 -0.000120318 1 -0.0284664 0.208882 0.260768
FixedParameters: 0 0 0

#Transform 331
Transform: AffineTransform_float_3_3
Parameters: 0.999999 0.001841 -0.000108996 -0.001841 0.999999 2.20067e-06 0.000109005 -2.79933e-06 1 -0.0363995 0.275501 0.260449
FixedParameters: 0 0 0

#Transform 332
Transform: AffineTransform_float_3_3
Parameters: 0.999998 0.00165904 -0.000127421 -0.00165895 0.999998 0.000349212 0.000127579 -0.000348789 1 -0.0278413 0.218969 0.2688
FixedParameters: 0 0 0

#Transform 333
Transform: AffineTransform_float_3_3
Parameters: 0.999998 0.00165597 -0.000291173 -0.00165603 0.999998 -0.000104518 0.000290827 0.000104482 1 -0.0252862 0.276956 0.255808
FixedParameters: 0 0 0

#Transform 334
Transform: AffineTransform_float_3_3
Parameters: 0.999998 0.00161304 -0.000403827 -0.00161296 0.999998 0.000107651 0.000404173 -0.000107348 1 -0.0280955 0.283397 0.260045
FixedParameters: 0 0 0

#Transform 335
Transform: AffineTransform_float_3_3
Parameters: 0.999998 0.001652 -0.000215005 -0.001652 0.999998 -2.64481e-06 0.000214995 3.35517e-06 1 -0.0312526 0.237715 0.263402
FixedParameters: 0 0 0

#Transform 336
Transform: AffineTransform_float_3_3
Parameters: 0.999999 0.00178198 -0.000292112 -0.00178202 0.999999 -6.24796e-05 0.000291889 6.25203e-05 1 -0.0262152 0.293883 0.256607
FixedParameters: 0 0 0

#Transform 337
Transform: AffineTransform_float_3_3
Parameters: 0.999999 0.00173608 -0.000322553 -0.00173592 0.999999 0.00025756 0.000323448 -0.000257439 1 -0.0315603 0.269795 0.263084
FixedParameters: 0 0 0

#Transform 338
Transform: AffineTransform_float_3_3
Parameters: 0.999998 0.00159993 -0.000390263 -0.00159906 0.999998 -0.000164376 0.000389735 0.000165624 1 -0.0279959 0.251133 0.257682
FixedParameters: 0 0 0

#Transform 339
Transform: AffineTransform_float_3_3
Parameters: 0.999998 0.00184094 -0.000430246 -0.00184106 0.999999 -0.000133208 0.000429754 0.000133791 1 -0.0289112 0.28491 0.255221
FixedParameters: 0 0 0

#Transform 340
Transform: AffineTransform_float_3_3
Parameters: 0.999999 0.00145699 -0.000380026 -0.00145701 0.999999 -1.74463e-05 0.000379973 1.85536e-05 1 -0.0253421 0.230249 0.262251
FixedParameters: 0 0 0

#Transform 341
Transform: AffineTransform_float_3_3
Parameters: 0.999998 0.00184085 -0.000573487 -0.00184115 0.999999 -0.000263945 0.000573513 0.000265056 1 -0.0306927 0.279374 0.252554
FixedParameters: 0 0 0

#Transform 342
Transform: AffineTransform_float_3_3
Parameters: 0.999998 0.00164299 -0.000106181 -0.00164301 0.999998 -0.000109826 0.000105819 0.000110174 1 -0.0277222 0.211451 0.255771
FixedParameters: 0 0 0

#Transform 343
Transform: AffineTransform_float_3_3
Parameters: 0.999998 0.00184094 -0.000372281 -0.00184106 0.999999 -0.000152315 0.00037272 0.000152686 1 -0.0277221 0.279371 0.251282
FixedParameters: 0 0 0

#Transform 344
Transform: AffineTransform_float_3_3
Parameters: 0.999998 0.00167305 -0.000226657 -0.00167295 0.999998 0.000205379 0.000226343 -0.000204622 1 -0.0315002 0.243204 0.25962
FixedParameters: 0 0 0

#Transform 345
Transform: AffineTransform_float_3_3
Parameters: 0.999999 0.00153601 -0.000122819 -0.00153598 0.999999 0.000118189 0.000123183 -0.000118811 1 -0.023059 0.235266 0.260288
FixedParameters: 0 0 0

#Transform 346
Transform: AffineTransform_float_3_3
Parameters: 0.999999 0.00156198 -0.000141261 -0.00156202 0.999999 -0.00016678 0.000140739 0.00016722 1 -0.0224773 0.320158 0.238008
FixedParameters: 0 0 0

#Transform 347
Transform: AffineTransform_float_3_3
Parameters: 0.999999 0.00156098 0.000143157 -0.00156101 0.999999 0.000100777 -0.000142842 -0.000101223 1 -0.022993 0.22702 0.260013
FixedParameters: 0 0 0

#Transform 348
Transform: AffineTransform_float_3_3
Parameters: 0.999999 0.00154299 -9.41511e-05 -0.00154301 0.999999 -9.78548e-05 9.38487e-05 9.81449e-05 1 -0.0189104 0.261506 0.255978
FixedParameters: 0 0 0

#Transform 349
Transform: AffineTransform_float_3_3
Parameters: 0.999998 0.00156399 -0.000259081 -0.00156401 0.999999 -5.15948e-05 0.000259918 5.24066e-05 1 -0.0210249 0.274855 0.26957
FixedParameters: 0 0 0

#Transform 350
Transform: AffineTransform_float_3_3
Parameters: 0.999999 0.001758 -0.000234001 -0.001758 0.999999 -5.88627e-07 0.000234 4.11372e-07 1 -0.0241298 0.296512 0.257832
FixedParameters: 0 0 0

#Transform 351
Transform: AffineTransform_float_3_3
Parameters: 0.999999 0.00146701 -0.000245912 -0.00146698 0.999999 6.03608e-05 0.000246089 -6.0639e-05 1 -0.0158981 0.220018 0.259111
FixedParameters: 0 0 0

#Transform 352
Transform: AffineTransform_float_3_3
Parameters: 0.999999 0.001359 -2.79578e-05 -0.001359 0.999999 3.1038e-05 2.80421e-05 -3.09619e-05 1 -0.0104845 0.24357 0.258606
FixedParameters: 0 0 0

#Transform 353
Transform: AffineTransform_float_3_3
Parameters: 0.999998 0.00158923 -0.000219366 -0.00158877 0.999998 0.00102835 0.000221635 -0.00102865 0.999999 -0.0173095 0.244777 0.318999
FixedParameters: 0 0 0

#Transform 354
Transform: AffineTransform_float_3_3
Parameters: 0.999999 0.00182723 -0.00033377 -0.00182678 0.999998 0.000673611 0.000334231 -0.00067339 0.999999 -0.0224112 0.25523 0.299214
FixedParameters: 0 0 0

#Transform 355
Transform: AffineTransform_float_3_3
Parameters: 0.999999 0.00141697 0.000188244 -0.00141703 0.999999 0.000171733 -0.000187757 -0.000171266 1 -0.0176923 0.225131 0.285989
FixedParameters: 0 0 0

#Transform 356
Transform: AffineTransform_float_3_3
Parameters: 0.999999 0.00141702 5.55422e-05 -0.00141698 0.999999 -0.000323079 -5.64576e-05 0.00032292 1 -0.0164858 0.313688 0.269558
FixedParameters: 0 0 0

#Transform 357
Transform: AffineTransform_float_3_3
Parameters: 0.999999 0.00147201 4.66629e-05 -0.00147199 0.999999 -0.000229069 -4.6337e-05 0.000228932 1 -0.0181655 0.251651 0.271458
FixedParameters: 0 0 0

#Transform 358
Transform: AffineTransform_float_3_3
Parameters: 0.999999 0.00136602 0.000179862 -0.00136598 0.999999 -0.000101246 -0.000180138 0.000100754 1 -0.0114343 0.260657 0.268173
FixedParameters: 0 0 0

#Transform 359
Transform: AffineTransform_float_3_3
Parameters: 0.999999 0.00155806 0.000238598 -0.00155794 0.999999 -0.000258372 -0.000239402 0.000257627 1 -0.0169399 0.303459 0.270948
FixedParameters: 0 0 0

#Transform 360
Transform: AffineTransform_float_3_3
Parameters: 0.999999 0.00145901 0.000285968 -0.00145899 0.999999 -2.24172e-05 -0.000286032 2.15827e-05 1 -0.0165377 0.217653 0.275752
FixedParameters: 0 0 0

#Transform 361
Transform: AffineTransform_float_3_3
Parameters: 0.999998 0.00159697 -7.86371e-05 -0.00159703 0.999998 -0.000398875 7.83627e-05 0.000399125 1 -0.0158269 0.303453 0.259205
FixedParameters: 0 0 0

#Transform 362
Transform: AffineTransform_float_3_3
Parameters: 0.999998 0.00169099 0.000147123 -0.00169101 0.999998 7.27513e-05 -0.000147876 -7.32501e-05 1 -0.0227322 0.253765 0.273261
FixedParameters: 0 0 0

#Transform 363
Transform: AffineTransform_float_3_3
Parameters: 0.999998 0.001691 1.00947e-05 -0.001691 0.999998 5.5983e-05 -9.90529e-06 -5.60168e-05 1 -0.0235886 0.253967 0.277201
FixedParameters: 0 0 0

#Transform 364
Transform: AffineTransform_float_3_3
Parameters: 0.999998 0.00169098 -5.55884e-05 -0.00169102 0.999998 -0.000347906 5.54114e-05 0.000348094 1 -0.0195663 0.301107 0.25127
FixedParameters: 0 0 0

#Transform 365
Transform: AffineTransform_float_3_3
Parameters: 0.999999 0.000937902 -0.000264348 -0.000938098 1 -0.000370752 0.000263652 0.000371248 1 -0.00101801 0.267778 0.250964
FixedParameters: 0 0 0

#Transform 366
Transform: AffineTransform_float_3_3
Parameters: 1 0.000671282 -0.000852567 -0.00067172 1 -0.000843428 0.000852434 0.000843573 1 0.0189351 0.283276 0.254615
FixedParameters: 0 0 0

#Transform 367
Transform: AffineTransform_float_3_3
Parameters: 0.999999 0.000671362 -0.00043299 -0.000671637 0.999998 -0.00147371 0.00043201 0.00147429 0.999999 0.0200119 0.244613 0.220317
FixedParameters: 0 0 0

#Transform 368
Transform: AffineTransform_float_3_3
Parameters: 1 0.000487206 -0.000432896 -0.000487795 0.999998 -0.00183679 0.000432105 0.00183621 0.999998 0.0148216 0.251965 0.199003
FixedParameters: 0 0 0

#Transform 369
Transform: AffineTransform_float_3_3
Parameters: 1 0.000505362 -0.000368875 -0.000506638 0.999999 -0.00173081 0.000368124 0.00173119 0.999999 0.00798542 0.269783 0.173252
FixedParameters: 0 0 0

#Transform 370
Transform: AffineTransform_float_3_3
Parameters: 0.999999 0.000823733 -0.00033865 -0.000823266 1 -0.000788721 0.00033735 0.000789278 0.999999 -0.0018478 0.198794 0.240059
FixedParameters: 0 0 0

#Transform 371
Transform: AffineTransform_float_3_3
Parameters: 0.999999 0.000878595 -0.000314133 -0.000878404 0.999999 -0.00128972 0.000312868 0.00128928 0.999999 -0.00163838 0.277518 0.219227
FixedParameters: 0 0 0

#Transform 372
Transform: AffineTransform_float_3_3
Parameters: 1 0.000994311 -0.000431591 -0.00099569 0.999998 -0.00159957 0.000430407 0.00160043 0.999998 -0.00467894 0.299413 0.20181
FixedParameters: 0 0 0

#Transform 373
Transform: AffineTransform_float_3_3
Parameters: 0.999999 0.000611336 -0.000454893 -0.000612664 0.999998 -0.00146072 0.000454105 0.00146128 0.999999 0.00773423 0.266544 0.196903
FixedParameters: 0 0 0

#Transform 374
Transform: AffineTransform_float_3_3
Parameters: 0.999999 0.000767376 -0.000529903 -0.000767623 0.999999 -0.00117659 0.000529097 0.00117741 0.999999 0.00326216 0.25656 0.229616
FixedParameters: 0 0 0

#Transform 375
Transform: AffineTransform_float_3_3
Parameters: 0.999999 0.00073948 -0.000417921 -0.000739519 0.999999 -0.00124469 0.00041708 0.00124431 0.999999 0.00264063 0.26446 0.204882
FixedParameters: 0 0 0

#Transform 376
Transform: AffineTransform_float_3_3
Parameters: 0.999999 0.00087035 -0.000384473 -0.000870648 0.999998 -0.00169167 0.000382527 0.00169233 0.999999 -0.0133695 0.251458 0.199919
FixedParameters: 0 0 0

#Transform 377
Transform: AffineTransform_float_3_3
Parameters: 0.999999 0.000993898 -0.000853285 -0.000995102 0.999998 -0.00129215 0.000851715 0.00129285 0.999999 -0.00176711 0.328387 0.21653
FixedParameters: 0 0 0

#Transform 378
Transform: AffineTransform_float_3_3
Parameters: 1 0.000994611 -0.000702551 -0.000995389 1 -0.000553301 0.000701448 0.000554698 0.999999 -0.00387004 0.245305 0.242027
FixedParameters: 0 0 0

#Transform 379
Transform: AffineTransform_float_3_3
Parameters: 1 0.00099461 -0.000703553 -0.000995392 1 -0.0005553 0.000703447 0.0005557 0.999999 -0.0033394 0.230645 0.252985
FixedParameters: 0 0 0

#Transform 380
Transform: AffineTransform_float_3_3
Parameters: 0.999999 0.000993984 -0.000853184 -0.000995015 0.999999 -0.00119015 0.000851815 0.00119185 0.999999 -5.02766e-05 0.324659 0.232326
FixedParameters: 0 0 0

#Transform 381
Transform: AffineTransform_float_3_3
Parameters: 0.999999 0.00099461 -0.000852456 -0.000995392 1 -0.000458152 0.000852543 0.000458848 0.999999 -0.0033359 0.227966 0.246892
FixedParameters: 0 0 0

#Transform 382
Transform: AffineTransform_float_3_3
Parameters: 1 0.000994648 -0.00066253 -0.000995354 1 -0.000532341 0.00066247 0.000532659 0.999999 -0.0126501 0.228894 0.253392
FixedParameters: 0 0 0

#Transform 383
Transform: AffineTransform_float_3_3
Parameters: 0.999999 0.00118654 -0.000458197 -0.00118746 0.999999 -0.00100846 0.000456802 0.00100954 1 -0.00920753 0.309935 0.254597
FixedParameters: 0 0 0

#Transform 384
Transform: AffineTransform_float_3_3
Parameters: 0.999999 0.00130974 -0.000717465 -0.00130926 0.999999 -0.000355061 0.000717534 0.00035594 0.999999 -0.0182919 0.21547 0.259764
FixedParameters: 0 0 0

#Transform 385
Transform: AffineTransform_float_3_3
Parameters: 0.999999 0.00130185 -0.000762964 -0.00130215 0.999998 -0.00150801 0.000761036 0.00150899 0.999998 -0.0174931 0.304078 0.242408
FixedParameters: 0 0 0

#Transform 386
Transform: AffineTransform_float_3_3
Parameters: 0.999999 0.00121734 -0.000766042 -0.00121765 0.999999 -0.000855068 0.000764959 0.000855932 1 -0.0178974 0.277727 0.254864
FixedParameters: 0 0 0

#Transform 387
Transform: AffineTransform_float_3_3
Parameters: 0.999999 0.00116565 -0.000746548 -0.00116635 0.999999 -0.00047013 0.000746451 0.00047087 0.999999 -0.0150608 0.233031 0.281146
FixedParameters: 0 0 0

#Transform 388
Transform: AffineTransform_float_3_3
Parameters: 0.999999 0.00121721 -0.000803193 -0.00121779 0.999999 -0.000979023 0.000801808 0.000979977 0.999999 -0.0152693 0.33389 0.21518
FixedParameters: 0 0 0

#Transform 389
Transform: AffineTransform_float_3_3
Parameters: 0.999999 0.00109457 -0.000943505 -0.00109543 1 -0.000459967 0.000943496 0.000461034 1 -0.0111801 0.240664 0.219751
FixedParameters: 0 0 0

#Transform 390
Transform: AffineTransform_float_3_3
Parameters: 0.999999 0.000909408 -0.00088561 -0.000910594 1 -0.000669195 0.000885391 0.000669806 1 -0.00819702 0.243201 0.245284
FixedParameters: 0 0 0

#Transform 391
Transform: AffineTransform_float_3_3
Parameters: 0.999999 0.001027 -0.000897141 -0.001028 0.999999 -0.00111008 0.000896859 0.00111092 0.999999 -0.0081688 0.335763 0.232159
FixedParameters: 0 0 0

#Transform 392
Transform: AffineTransform_float_3_3
Parameters: 0.999999 0.00101648 -0.000897591 -0.00101752 1 -0.000581087 0.000897408 0.000581913 0.999999 -0.00792515 0.242412 0.245584
FixedParameters: 0 0 0

#Transform 393
Transform: AffineTransform_float_3_3
Parameters: 0.999999 0.00108747 -0.000825702 -0.00108753 0.999999 -0.000644103 0.0008253 0.000644899 1 -0.0124356 0.255459 0.252561
FixedParameters: 0 0 0

#Transform 394
Transform: AffineTransform_float_3_3
Parameters: 0.999999 0.00105717 -0.000930942 -0.00105783 0.999999 -0.000890016 0.000930059 0.000890984 0.999999 -0.0105173 0.322588 0.225818
FixedParameters: 0 0 0

#Transform 395
Transform: AffineTransform_float_3_3
Parameters: 0.999999 0.000957573 -0.00095243 -0.000958427 1 -0.000448088 0.000951571 0.000448912 1 -0.00842722 0.223734 0.26306
FixedParameters: 0 0 0

#Transform 396
Transform: AffineTransform_float_3_3
Parameters: 0.999999 0.00104415 -0.0008101 -0.00104585 0.999999 -0.00105215 0.0008099 0.00105285 0.999999 -0.00699698 0.305725 0.226002
FixedParameters: 0 0 0

#Transform 397
Transform: AffineTransform_float_3_3
Parameters: 0.999999 0.00105339 -0.00105162 -0.00105361 1 -0.000583893 0.00105138 0.000585108 1 -0.00895174 0.240691 0.224112
FixedParameters: 0 0 0

#Transform 398
Transform: AffineTransform_float_3_3
Parameters: 0.999999 0.00105602 -0.00103 -0.00105698 0.999999 -0.000947912 0.001029 0.000949088 0.999999 -0.00578861 0.279052 0.235419
FixedParameters: 0 0 0

#Transform 399
Transform: AffineTransform_float_3_3
Parameters: 0.999999 0.00111238 -0.00093174 -0.00111262 0.999999 -0.000663964 0.000931261 0.000665037 1 -0.0115618 0.296321 0.230169
FixedParameters: 0 0 0

#Transform 400
Transform: AffineTransform_float_3_3
Parameters: 0.999998 0.00109032 -0.00114575 -0.00108968 0.999998 0.00114825 0.00114725 -0.00114775 0.999998 -0.00871879 0.222298 0.304214
FixedParameters: 0 0 0

#Transform 401
Transform: AffineTransform_float_3_3
Parameters: 1 0.000996345 -0.000669977 -0.000996656 0.999999 -0.000979333 0.000669025 0.000979668 1 -0.00672978 0.300107 0.211729
FixedParameters: 0 0 0

#Transform 402
Transform: AffineTransform_float_3_3
Parameters: 0.999999 0.000995658 -0.0008544 -0.000996343 1 -0.000401149 0.0008536 0.00040185 0.999999 -0.00628817 0.272596 0.259282
FixedParameters: 0 0 0

#Transform 403
Transform: AffineTransform_float_3_3
Parameters: 0.999999 0.000988145 -0.000925914 -0.000988856 0.999999 -0.000924085 0.000925086 0.000924915 0.999999 -0.00458017 0.317998 0.235867
FixedParameters: 0 0 0

#Transform 404
Transform: AffineTransform_float_3_3
Parameters: 0.999999 0.000934477 -0.000855573 -0.000935524 1 -0.000612201 0.000854428 0.000612799 1 -0.00217718 0.286381 0.24223
FixedParameters: 0 0 0

#Transform 405
Transform: AffineTransform_float_3_3
Parameters: 0.999999 0.00100025 -0.000946794 -0.00100075 0.999999 -0.000793054 0.000946207 0.000793948 0.999999 -0.00395334 0.263407 0.256374
FixedParameters: 0 0 0

#Transform 406
Transform: AffineTransform_float_3_3
Parameters: 0.999999 0.000896992 -0.0011358 -0.000898007 0.999999 -0.000886981 0.0011342 0.000888018 0.999999 0.00317934 0.315317 0.229286
FixedParameters: 0 0 0

#Transform 407
Transform: AffineTransform_float_3_3
Parameters: 0.999999 0.000961412 -0.000889637 -0.000962589 1 -0.000661145 0.000889364 0.000661856 1 0.00208004 0.237279 0.241155
FixedParameters: 0 0 0

#Transform 408
Transform: AffineTransform_float_3_3
Parameters: 0.999999 0.00109239 -0.000627072 -0.00109261 0.999999 -0.000980316 0.000625929 0.000980685 1 -0.00499639 0.301144 0.234788
FixedParameters: 0 0 0

#Transform 409
Transform: AffineTransform_float_3_3
Parameters: 0.999999 0.000858407 -0.00106467 -0.000857592 0.999999 0.000383913 0.00106433 -0.000382087 1 0.00751573 0.212936 0.269496
FixedParameters: 0 0 0

#Transform 410
Transform: AffineTransform_float_3_3
Parameters: 1 0.00102252 -0.000672725 -0.00102248 0.999999 -0.000708313 0.000671275 0.000709687 0.999999 -0.00250547 0.273164 0.240263
FixedParameters: 0 0 0

#Transform 411
Transform: AffineTransform_float_3_3
Parameters: 0.999999 0.0009939 -0.00103006 -0.000995101 0.999999 -0.00106798 0.00102994 0.00106902 0.999999 -0.000771028 0.324288 0.225285
FixedParameters: 0 0 0

#Transform 412
Transform: AffineTransform_float_3_3
Parameters: 1 0.000993941 -0.000632094 -0.000994061 1 -9.43718e-05 0.000631905 9.56282e-05 1 0.00678223 0.260916 0.270682
FixedParameters: 0 0 0

#Transform 413
Transform: AffineTransform_float_3_3
Parameters: 0.999999 0.000968205 -0.000824935 -0.000969796 0.999999 -0.000964201 0.000824065 0.000964799 0.999999 0.00102308 0.334821 0.237631
FixedParameters: 0 0 0

#Transform 414
Transform: AffineTransform_float_3_3
Parameters: 0.999999 0.000968501 -0.00102847 -0.000968499 1 -0.000485005 0.00102753 0.000485996 1 0.00115545 0.299456 0.258093
FixedParameters: 0 0 0

#Transform 415
Transform: AffineTransform_float_3_3
Parameters: 0.999999 0.000986394 -0.000850704 -0.000986607 1 -0.000713161 0.000850296 0.000713839 0.999999 0.00128762 0.284009 0.25849
FixedParameters: 0 0 0

#Transform 416
Transform: AffineTransform_float_3_3
Parameters: 1 0.000955456 -0.000708736 -0.000955546 0.999999 -0.000769324 0.000708266 0.000769678 1 0.00112463 0.326888 0.251628
FixedParameters: 0 0 0

#Transform 417
Transform: AffineTransform_float_3_3
Parameters: 1 0.00104863 -0.000624623 -0.00104937 1 -0.000593345 0.000624377 0.000593655 0.999999 -0.00459568 0.239816 0.264225
FixedParameters: 0 0 0

#Transform 418
Transform: AffineTransform_float_3_3
Parameters: 0.999999 0.0010634 -0.000744857 -0.0010636 0.999999 -0.000805209 0.000744144 0.000805792 1 0.00120157 0.323969 0.24623
FixedParameters: 0 0 0

#Transform 419
Transform: AffineTransform_float_3_3
Parameters: 0.999999 0.00104061 -0.000936432 -0.00104039 1 -0.000414027 0.000935569 0.000414974 1 -0.00334746 0.242426 0.254223
FixedParameters: 0 0 0

#Transform 420
Transform: AffineTransform_float_3_3
Parameters: 0.999999 0.00101951 -0.000892556 -0.00101949 1 -0.00054509 0.000892444 0.00054591 0.999999 0.00627399 0.283329 0.243398
FixedParameters: 0 0 0

#Transform 421
Transform: AffineTransform_float_3_3
Parameters: 0.999999 0.00100429 -0.00081188 -0.00100571 0.999999 -0.000875185 0.00081112 0.000875816 1 0.0042474 0.319223 0.238984
FixedParameters: 0 0 0

#Transform 422
Transform: AffineTransform_float_3_3
Parameters: 0.999999 0.00101539 -0.000889694 -0.00101661 1 -0.000682097 0.000889307 0.000682904 1 0.00252985 0.277633 0.258358
FixedParameters: 0 0 0

#Transform 423
Transform: AffineTransform_float_3_3
Parameters: 0.999999 0.0011131 -0.00078927 -0.0011139 0.999998 -0.00114012 0.00078873 0.00114088 0.999999 0.00316384 0.344212 0.23149
FixedParameters: 0 0 0

#Transform 424
Transform: AffineTransform_float_3_3
Parameters: 0.999999 0.00102249 -0.00080465 -0.00102251 1 -0.000635178 0.00080435 0.000635823 0.999999 -0.00614063 0.268144 0.244058
FixedParameters: 0 0 0

#Transform 425
Transform: AffineTransform_float_3_3
Parameters: 0.999999 0.00102242 -0.000799747 -0.00102258 0.999999 -0.000729183 0.000799255 0.000729818 1 -0.0114537 0.298605 0.239738
FixedParameters: 0 0 0

#Transform 426
Transform: AffineTransform_float_3_3
Parameters: 0.999999 0.00120335 -0.000835934 -0.00120465 0.999999 -0.000774994 0.000835066 0.000776006 1 -0.00671659 0.326081 0.237799
FixedParameters: 0 0 0
