#Insight Transform File V1.0
#Transform 0
Transform: AffineTransform_float_3_3
Parameters: 1 -7.9083e-08 0.000303 -7.9083e-08 1 0.000261 -0.000303 -0.000261 1 0.0044496 -0.0278012 -0.0347911
FixedParameters: 0 0 0

#Transform 1
Transform: AffineTransform_float_3_3
Parameters: 1 -0.000147157 0.000345933 0.000146843 1 0.000455051 -0.000346067 -0.000454949 1 -0.001568 -0.0588164 -0.0490198
FixedParameters: 0 0 0

#Transform 2
Transform: AffineTransform_float_3_3
Parameters: 1 -1.08468e-07 0.000414 -1.08468e-07 1 0.000262 -0.000414 -0.000262 1 -0.00559634 0.00476477 -0.0531931
FixedParameters: 0 0 0

#Transform 3
Transform: AffineTransform_float_3_3
Parameters: 1 -0.000149154 0.000311927 0.000148846 1 0.000492046 -0.000312073 -0.000492953 1 0.00741181 -0.0294734 -0.0366001
FixedParameters: 0 0 0

#Transform 4
Transform: AffineTransform_float_3_3
Parameters: 1 -8.4042e-08 0.000414 -8.4042e-08 1 0.000203 -0.000414 -0.000203 1 0.00397346 0.0238801 -0.0416016
FixedParameters: 0 0 0

#Transform 5
Transform: AffineTransform_float_3_3
Parameters: 1 -0.000222218 0.000413883 0.000222782 1 0.000526092 -0.000414117 -0.000525908 1 0.00776856 -0.0309415 -0.0291757
FixedParameters: 0 0 0

#Transform 6
Transform: AffineTransform_float_3_3
Parameters: 1 -0.000287047 0.000413967 0.000286953 1 0.000113119 -0.000414032 -0.000112881 1 0.0120624 0.0148892 -0.0189042
FixedParameters: 0 0 0

#Transform 7
Transform: AffineTransform_float_3_3
Parameters: 1 -0.000406166 0.000413837 0.000405833 1 0.000402168 -0.000414163 -0.000401832 1 0.0130388 -0.0416984 -0.0196691
FixedParameters: 0 0 0

#Transform 8
Transform: AffineTransform_float_3_3
Parameters: 1 -0.00025702 0.000246979 0.000256979 1 8.30635e-05 -0.000247021 -8.29365e-05 1 0.0101806 0.0169942 -0.0383728
FixedParameters: 0 0 0

#Transform 9
Transform: AffineTransform_float_3_3
Parameters: 1 -0.000296156 0.000413888 0.000295843 1 0.000378122 -0.000414112 -0.000377877 1 0.00913406 -0.0450758 -0.0372282
FixedParameters: 0 0 0

#Transform 10
Transform: AffineTransform_float_3_3
Parameters: 1 -0.000278028 0.000413981 0.000277972 1 6.81151e-05 -0.000414019 -6.78849e-05 1 0.00528737 0.0123914 -0.0387417
FixedParameters: 0 0 0

#Transform 11
Transform: AffineTransform_float_3_3
Parameters: 1 -0.000406117 0.000314849 0.000405883 1 0.000372128 -0.000314151 -0.000371872 1 0.0130504 -0.037686 -0.0323924
FixedParameters: 0 0 0

#Transform 12
Transform: AffineTransform_float_3_3
Parameters: 1 -0.000201038 0.000268972 0.000200962 1 0.000140054 -0.000269028 -0.000139946 1 0.00757866 0.00949354 -0.0400522
FixedParameters: 0 0 0

#Transform 13
Transform: AffineTransform_float_3_3
Parameters: 1 -0.000188084 0.000283944 0.000187916 1 0.000295053 -0.000284055 -0.000294947 1 0.00701341 -0.0245677 -0.0339387
FixedParameters: 0 0 0

#Transform 14
Transform: AffineTransform_float_3_3
Parameters: 1 -9.5005e-05 0.000159997 9.4995e-05 1 3.10152e-05 -0.000160003 -3.09848e-05 1 -0.000192686 0.0151679 -0.0391831
FixedParameters: 0 0 0

#Transform 15
Transform: AffineTransform_float_3_3
Parameters: 1 -5.60162e-05 0.000129993 5.59837e-05 1 0.000125007 -0.000130007 -0.000124993 1 -0.000578226 0.00120736 -0.00983424
FixedParameters: 0 0 0

#Transform 16
Transform: AffineTransform_float_3_3
Parameters: 1 -0.000146988 -2.80636e-05 0.000147012 1 0.000432996 2.79363e-05 -0.000433004 1 0.00341548 -0.00283025 0.00708493
FixedParameters: 0 0 0

#Transform 17
Transform: AffineTransform_float_3_3
Parameters: 1 6.8001e-05 7.39991e-05 -6.7999e-05 1 -1.3005e-05 -7.40009e-05 1.2995e-05 1 -0.00239319 0.0291886 -0.0126094
FixedParameters: 0 0 0

#Transform 18
Transform: AffineTransform_float_3_3
Parameters: 1 -5.10012e-05 8.59993e-05 5.09988e-05 1 1.40044e-05 -8.60007e-05 -1.39956e-05 1 -3.51405e-05 -0.027417 0.00421692
FixedParameters: 0 0 0

#Transform 19
Transform: AffineTransform_float_3_3
Parameters: 1 1.496e-09 -6.8e-05 1.496e-09 1 2.2e-05 6.8e-05 -2.2e-05 1 0.00089652 0.0126459 0.000214661
FixedParameters: 0 0 0

#Transform 20
Transform: AffineTransform_float_3_3
Parameters: 1 -0.000144999 0.000101002 0.000145001 1 -1.09854e-05 -0.000100998 1.10146e-05 1 0.00166083 0.00347902 0.00104346
FixedParameters: 0 0 0

#Transform 21
Transform: AffineTransform_float_3_3
Parameters: 1 -0.000151002 0.000136998 0.000150998 1 1.20207e-05 -0.000137002 -1.19793e-05 1 0.00129514 0.0213723 -0.0144917
FixedParameters: 0 0 0

#Transform 22
Transform: AffineTransform_float_3_3
Parameters: 1 -0.000188024 0.000218979 0.000187976 1 0.000111041 -0.000219021 -0.000110959 1 0.00090997 -0.00378751 -0.0144028
FixedParameters: 0 0 0

#Transform 23
Transform: AffineTransform_float_3_3
Parameters: 1 -0.000217967 0.000248029 0.000218033 1 -0.000131946 -0.000247971 0.000132054 1 0.0101452 0.0251783 -0.0288054
FixedParameters: 0 0 0

#Transform 24
Transform: AffineTransform_float_3_3
Parameters: 1 -0.000190032 0.000230973 0.000189968 1 0.000140044 -0.000231027 -0.000139956 1 0.000861661 -0.0483638 -0.0129087
FixedParameters: 0 0 0

#Transform 25
Transform: AffineTransform_float_3_3
Parameters: 1 5.19882e-05 6.30097e-05 -5.20118e-05 1 0.000186997 -6.29903e-05 -0.000187003 1 -0.00195048 0.0141354 -0.0162654
FixedParameters: 0 0 0

#Transform 26
Transform: AffineTransform_float_3_3
Parameters: 1 1.30047e-05 -0.000124 -1.29953e-05 1 3.80016e-05 0.000124 -3.79984e-05 1 -0.0074171 -0.00453503 -0.00196418
FixedParameters: 0 0 0

#Transform 27
Transform: AffineTransform_float_3_3
Parameters: 1 8.8011e-05 -0.000159994 -8.7989e-05 1 6.90141e-05 0.000160006 -6.89859e-05 1 -0.0092657 0.024148 -0.0238059
FixedParameters: 0 0 0

#Transform 28
Transform: AffineTransform_float_3_3
Parameters: 1 0.000145012 -5.59685e-05 -0.000144988 1 0.000217008 5.60315e-05 -0.000216992 1 -0.0022865 0.00950308 -0.0114526
FixedParameters: 0 0 0

#Transform 29
Transform: AffineTransform_float_3_3
Parameters: 1 0.000302001 -0.000100996 -0.000301999 1 1.40305e-05 0.000101004 -1.39695e-05 1 -0.00487623 0.0332515 -0.0328527
FixedParameters: 0 0 0

#Transform 30
Transform: AffineTransform_float_3_3
Parameters: 1 0.000131073 -0.000331971 -0.000130927 1 0.000220043 0.000332029 -0.000219956 1 -0.00702959 -0.00672483 -0.000477501
FixedParameters: 0 0 0

#Transform 31
Transform: AffineTransform_float_3_3
Parameters: 1 0.000297034 -0.000182945 -0.000296966 1 0.000186054 0.000183055 -0.000185946 1 -0.00368385 0.0352569 -0.0109974
FixedParameters: 0 0 0

#Transform 32
Transform: AffineTransform_float_3_3
Parameters: 1 0.000297201 -0.000479875 -0.000297798 1 0.000420143 0.000480125 -0.000419857 1 0.000370235 0.00486666 0.0492104
FixedParameters: 0 0 0

#Transform 33
Transform: AffineTransform_float_3_3
Parameters: 1 0.000297001 -0.000464999 -0.000296999 1 2.1381e-06 0.000465 -1.86189e-06 1 0.000188713 0.0181118 0.0264772
FixedParameters: 0 0 0

#Transform 34
Transform: AffineTransform_float_3_3
Parameters: 1 0.000296906 -0.00046506 -0.000297094 1 -0.000202862 0.00046494 0.000203138 1 -0.00693036 0.0279691 0.0221861
FixedParameters: 0 0 0

#Transform 35
Transform: AffineTransform_float_3_3
Parameters: 1 0.000296923 -0.000465049 -0.000297077 1 -0.000165862 0.000464951 0.000166138 1 0.000184674 0.00740999 0.0283282
FixedParameters: 0 0 0

#Transform 36
Transform: AffineTransform_float_3_3
Parameters: 1 0.000296965 -0.000465022 -0.000297035 1 -7.48619e-05 0.000464978 7.51381e-05 1 -0.010434 0.0359944 0.0221247
FixedParameters: 0 0 0

#Transform 37
Transform: AffineTransform_float_3_3
Parameters: 1 0.000297103 -0.000464934 -0.000296897 1 0.000221138 0.000465065 -0.000220862 1 -0.00634105 -0.00868833 0.0152943
FixedParameters: 0 0 0

#Transform 38
Transform: AffineTransform_float_3_3
Parameters: 1 0.000296949 -0.000465032 -0.000297051 1 -0.000108862 0.000464967 0.000109138 1 -0.012104 0.0379669 0.00836508
FixedParameters: 0 0 0

#Transform 39
Transform: AffineTransform_float_3_3
Parameters: 1 0.000297103 -0.000464934 -0.000296897 1 0.000221138 0.000465065 -0.000220862 1 -0.014251 -0.00346667 0.0121785
FixedParameters: 0 0 0

#Transform 40
Transform: AffineTransform_float_3_3
Parameters: 1 0.000297008 -0.000464995 -0.000296992 1 1.71381e-05 0.000465005 -1.68619e-05 1 -0.00778048 0.0369985 0.0110023
FixedParameters: 0 0 0

#Transform 41
Transform: AffineTransform_float_3_3
Parameters: 1 0.000297103 -0.000464934 -0.000296897 1 0.000221138 0.000465065 -0.000220862 1 -0.0101176 -0.00344832 0.0283614
FixedParameters: 0 0 0

#Transform 42
Transform: AffineTransform_float_3_3
Parameters: 1 0.000297033 -0.000464978 -0.000296966 1 7.21381e-05 0.000465021 -7.18619e-05 1 -0.0131459 0.0409467 0.0121699
FixedParameters: 0 0 0

#Transform 43
Transform: AffineTransform_float_3_3
Parameters: 1 0.000296922 -0.00046505 -0.000297078 1 -0.000168862 0.00046495 0.000168138 1 0.000197627 0.017818 0.00711869
FixedParameters: 0 0 0

#Transform 44
Transform: AffineTransform_float_3_3
Parameters: 1 0.000297103 -0.000464934 -0.000296897 1 0.000221138 0.000465065 -0.000220862 1 -0.0120283 0.0334508 0.00831133
FixedParameters: 0 0 0

#Transform 45
Transform: AffineTransform_float_3_3
Parameters: 1 0.000297103 -0.000464934 -0.000296897 1 0.000221138 0.000465065 -0.000220862 1 -0.0113119 0.0152541 0.0152867
FixedParameters: 0 0 0

#Transform 46
Transform: AffineTransform_float_3_3
Parameters: 1 0.00029706 -0.000272934 -0.00029694 1 0.000221081 0.000273066 -0.000220919 1 -0.0162981 0.0152667 -0.0113054
FixedParameters: 0 0 0

#Transform 47
Transform: AffineTransform_float_3_3
Parameters: 1 0.000297075 -0.000232905 -0.000296925 1 0.000321069 0.000233095 -0.000320931 1 -0.0134319 0.00697461 -0.013547
FixedParameters: 0 0 0

#Transform 48
Transform: AffineTransform_float_3_3
Parameters: 1 0.000395023 -0.000242963 -0.000394977 1 9.3096e-05 0.000243037 -9.2904e-05 1 -0.0122692 0.0168866 -0.0280479
FixedParameters: 0 0 0

#Transform 49
Transform: AffineTransform_float_3_3
Parameters: 1 0.000297035 -0.000156934 -0.000296965 1 0.000221047 0.000157066 -0.000220953 1 -0.0153333 0.000766926 -0.0227709
FixedParameters: 0 0 0

#Transform 50
Transform: AffineTransform_float_3_3
Parameters: 1 0.000297032 -0.000200953 -0.000296968 1 0.00015706 0.000201047 -0.00015694 1 -0.0174863 0.0296908 -0.0292164
FixedParameters: 0 0 0

#Transform 51
Transform: AffineTransform_float_3_3
Parameters: 1 0.000297081 -0.000233897 -0.000296919 1 0.000346069 0.000234103 -0.00034593 1 -0.0156064 0.00234237 -0.0335988
FixedParameters: 0 0 0

#Transform 52
Transform: AffineTransform_float_3_3
Parameters: 1 0.000297056 -0.000251934 -0.000296944 1 0.000221075 0.000252066 -0.000220925 1 -0.0173269 0.034376 -0.0297795
FixedParameters: 0 0 0

#Transform 53
Transform: AffineTransform_float_3_3
Parameters: 1 0.00038406 -0.000269915 -0.00038394 1 0.000221104 0.000270085 -0.000220896 1 -0.0116847 -0.0181065 -0.0297456
FixedParameters: 0 0 0

#Transform 54
Transform: AffineTransform_float_3_3
Parameters: 1 0.000443013 -0.000329982 -0.000442986 1 4.11462e-05 0.000330018 -4.08538e-05 1 -0.0124445 0.026443 -0.0408872
FixedParameters: 0 0 0

#Transform 55
Transform: AffineTransform_float_3_3
Parameters: 1 0.000297058 -0.000464963 -0.000296942 1 0.000124138 0.000465037 -0.000123862 1 -0.0114573 -0.0182115 -0.0418035
FixedParameters: 0 0 0

#Transform 56
Transform: AffineTransform_float_3_3
Parameters: 1 0.000491035 -0.000464963 -0.000490965 1 7.52283e-05 0.000465037 -7.47717e-05 1 -0.0187615 0.0205825 -0.0393954
FixedParameters: 0 0 0

#Transform 57
Transform: AffineTransform_float_3_3
Parameters: 1 0.000297206 -0.000464868 -0.000297794 1 0.000443138 0.000465132 -0.000443862 1 -0.0144783 -0.0226772 -0.0145006
FixedParameters: 0 0 0

#Transform 58
Transform: AffineTransform_float_3_3
Parameters: 1 0.000509028 -0.000464969 -0.000508971 1 6.12367e-05 0.000465031 -6.07633e-05 1 -0.0208261 0.0251763 -0.0328301
FixedParameters: 0 0 0

#Transform 59
Transform: AffineTransform_float_3_3
Parameters: 0.999999 0.000516063 -0.000600945 -0.000515937 1 0.00010531 0.000601054 -0.00010469 1 -0.0190703 -0.0132955 -0.0151142
FixedParameters: 0 0 0

#Transform 60
Transform: AffineTransform_float_3_3
Parameters: 0.999999 0.00048907 -0.000556938 -0.000488929 1 0.000127272 0.000557062 -0.000126728 1 -0.0190839 0.00124002 -0.00934341
FixedParameters: 0 0 0

#Transform 61
Transform: AffineTransform_float_3_3
Parameters: 1 0.000297103 -0.000464934 -0.000296897 1 0.000221138 0.000465065 -0.000220862 1 -0.0163526 0.0164445 -0.0125529
FixedParameters: 0 0 0

#Transform 62
Transform: AffineTransform_float_3_3
Parameters: 1 0.000297103 -0.000464934 -0.000296897 1 0.000221138 0.000465065 -0.000220862 1 -0.01635 -0.00627499 -0.0328269
FixedParameters: 0 0 0

#Transform 63
Transform: AffineTransform_float_3_3
Parameters: 1 0.000297043 -0.000464972 -0.000296957 1 9.31381e-05 0.000465027 -9.28619e-05 1 -0.0163459 0.00995496 -0.0310764
FixedParameters: 0 0 0

#Transform 64
Transform: AffineTransform_float_3_3
Parameters: 1 0.000368103 -0.000464918 -0.000368897 1 0.000221171 0.000465081 -0.000220829 1 -0.0178293 0.0180615 -0.049293
FixedParameters: 0 0 0

#Transform 65
Transform: AffineTransform_float_3_3
Parameters: 1 0.000297103 -0.000464934 -0.000296897 1 0.000221138 0.000465065 -0.000220862 1 -0.0163351 0.0180584 -0.0492943
FixedParameters: 0 0 0

#Transform 66
Transform: AffineTransform_float_3_3
Parameters: 1 0.000356308 -0.000543798 -0.000355691 1 0.000567193 0.000544201 -0.000566806 0.999999 -0.0164761 -0.000261618 -0.0363038
FixedParameters: 0 0 0

#Transform 67
Transform: AffineTransform_float_3_3
Parameters: 1 0.000297316 -0.000464797 -0.000297683 0.999999 0.000681138 0.000465203 -0.000680861 0.999999 -0.0122504 0.0343515 -0.0339406
FixedParameters: 0 0 0

#Transform 68
Transform: AffineTransform_float_3_3
Parameters: 1 0.000297312 -0.0004648 -0.000297688 0.999999 0.000671138 0.0004652 -0.000670861 0.999999 -0.0163476 0.00591244 -0.0302073
FixedParameters: 0 0 0

#Transform 69
Transform: AffineTransform_float_3_3
Parameters: 0.999999 0.000297211 -0.000684908 -0.000297788 1 0.000309204 0.000685092 -0.000308796 0.999999 -0.0133464 0.0398257 -0.0416538
FixedParameters: 0 0 0

#Transform 70
Transform: AffineTransform_float_3_3
Parameters: 1 0.000437097 -0.000464909 -0.000436903 1 0.000208203 0.000465091 -0.000207797 1 -0.0192266 0.0319907 -0.0138694
FixedParameters: 0 0 0

#Transform 71
Transform: AffineTransform_float_3_3
Parameters: 1 0.000297309 -0.000464802 -0.000297691 0.999999 0.000665138 0.000465198 -0.000665861 0.999999 -0.0163448 0.037067 -0.0163052
FixedParameters: 0 0 0

#Transform 72
Transform: AffineTransform_float_3_3
Parameters: 0.999999 0.000520306 -0.000564718 -0.000519693 0.999999 0.000542293 0.000565281 -0.000541706 0.999999 -0.026766 0.0176798 -0.0503734
FixedParameters: 0 0 0

#Transform 73
Transform: AffineTransform_float_3_3
Parameters: 1 0.000297067 -0.000524962 -0.000296933 1 0.000127156 0.000525038 -0.000126844 1 -0.015543 0.0547759 -0.0590416
FixedParameters: 0 0 0

#Transform 74
Transform: AffineTransform_float_3_3
Parameters: 1 0.000488127 -0.000464867 -0.000487873 1 0.000273227 0.000465133 -0.000272773 1 -0.0202681 -0.0444047 -0.0701454
FixedParameters: 0 0 0

#Transform 75
Transform: AffineTransform_float_3_3
Parameters: 0.999999 0.000545993 -0.000532007 -0.000546007 1 -1.27095e-05 0.000531993 1.22905e-05 1 -0.0255629 0.0235083 -0.0720025
FixedParameters: 0 0 0

#Transform 76
Transform: AffineTransform_float_3_3
Parameters: 0.999999 0.000481331 -0.00072878 -0.000481668 1 0.000455351 0.000729219 -0.000454649 0.999999 -0.0165802 0.000706784 -0.0526471
FixedParameters: 0 0 0

#Transform 77
Transform: AffineTransform_float_3_3
Parameters: 0.999999 0.000503404 -0.000858763 -0.000503596 1 0.000470433 0.000859237 -0.000470568 1 -0.024497 0.0426287 -0.0574635
FixedParameters: 0 0 0

#Transform 78
Transform: AffineTransform_float_3_3
Parameters: 1 0.000570575 -0.000899637 -0.000569425 0.999999 0.000638513 0.000900365 -0.000638487 1 -0.026973 0.0309292 -0.0355708
FixedParameters: 0 0 0

#Transform 79
Transform: AffineTransform_float_3_3
Parameters: 0.999999 0.000497288 -0.000711798 -0.000497711 1 0.000405354 0.000712201 -0.000404646 0.999999 -0.0254967 0.0343182 -0.0483316
FixedParameters: 0 0 0

#Transform 80
Transform: AffineTransform_float_3_3
Parameters: 1 0.000678072 -0.000843943 -0.000677929 1 8.45721e-05 0.000844057 -8.44277e-05 0.999999 -0.0237758 0.057548 -0.0471582
FixedParameters: 0 0 0

#Transform 81
Transform: AffineTransform_float_3_3
Parameters: 0.999999 0.000438308 -0.000659795 -0.000437691 1 0.000467289 0.000660204 -0.000466711 0.999999 -0.0257153 0.0194555 -0.0331729
FixedParameters: 0 0 0

#Transform 82
Transform: AffineTransform_float_3_3
Parameters: 0.999999 0.000631297 -0.000749749 -0.000631702 0.999999 0.000397474 0.00075025 -0.000396526 0.999999 -0.0301734 0.0666184 -0.0408611
FixedParameters: 0 0 0

#Transform 83
Transform: AffineTransform_float_3_3
Parameters: 1 0.000516454 -0.00102977 -0.000516546 1 0.000441532 0.00102923 -0.000440469 1 -0.0214843 0.00539233 -0.0531484
FixedParameters: 0 0 0

#Transform 84
Transform: AffineTransform_float_3_3
Parameters: 0.999999 0.000464316 -0.0007348 -0.000464684 1 0.000430341 0.000735199 -0.000429659 0.999999 -0.0255573 0.047584 -0.0691349
FixedParameters: 0 0 0

#Transform 85
Transform: AffineTransform_float_3_3
Parameters: 0.999999 0.000566334 -0.000735742 -0.000565665 0.999999 0.000454416 0.000736256 -0.000453583 0.999999 -0.0260113 0.00196127 -0.071335
FixedParameters: 0 0 0

#Transform 86
Transform: AffineTransform_float_3_3
Parameters: 0.999999 0.000438177 -0.000717891 -0.000437823 1 0.000247314 0.000717108 -0.000246686 0.999999 -0.0158018 0.0180927 -0.0631222
FixedParameters: 0 0 0

#Transform 87
Transform: AffineTransform_float_3_3
Parameters: 1 0.000297261 -0.000620875 -0.000297739 1 0.000420185 0.000620125 -0.000419816 0.999999 -0.0232475 0.0180688 -0.0720851
FixedParameters: 0 0 0

#Transform 88
Transform: AffineTransform_float_3_3
Parameters: 1 0.000297131 -0.000464916 -0.000297869 1 0.000281138 0.000465084 -0.000281862 1 -0.0162873 0.0810922 -0.111758
FixedParameters: 0 0 0

#Transform 89
Transform: AffineTransform_float_3_3
Parameters: 1 0.000297076 -0.000183878 -0.000296924 1 0.000412055 0.000184122 -0.000411945 1 -0.0201394 -0.0503709 -0.106918
FixedParameters: 0 0 0

#Transform 90
Transform: AffineTransform_float_3_3
Parameters: 1 0.000297296 -0.00046481 -0.000297703 1 0.000638138 0.00046519 -0.000637861 0.999999 -0.0242426 -0.00584 -0.102102
FixedParameters: 0 0 0

#Transform 91
Transform: AffineTransform_float_3_3
Parameters: 1 0.000462202 -0.0004648 -0.000461798 1 0.000433215 0.0004652 -0.000433785 1 -0.0299981 0.0221305 -0.11909
FixedParameters: 0 0 0

#Transform 92
Transform: AffineTransform_float_3_3
Parameters: 1 0.000482297 -0.000464692 -0.000481703 0.999999 0.000638224 0.000465308 -0.000638775 0.999999 -0.0311018 0.0125231 -0.129937
FixedParameters: 0 0 0

#Transform 93
Transform: AffineTransform_float_3_3
Parameters: 0.999999 0.000545389 -0.000687691 -0.000545611 0.999999 0.000565375 0.000688308 -0.000565624 0.999999 -0.0292075 0.0570559 -0.139603
FixedParameters: 0 0 0

#Transform 94
Transform: AffineTransform_float_3_3
Parameters: 0.999999 0.000499478 -0.000801702 -0.000498522 0.999999 0.000596399 0.000801297 -0.0005966 0.999999 -0.02706 0.0167294 -0.141477
FixedParameters: 0 0 0

#Transform 95
Transform: AffineTransform_float_3_3
Parameters: 1 0.000562438 -0.000817699 -0.000562561 0.999999 0.00053646 0.000818302 -0.00053554 0.999999 -0.0232866 0.0234326 -0.151537
FixedParameters: 0 0 0

#Transform 96
Transform: AffineTransform_float_3_3
Parameters: 0.999999 0.000581356 -0.000753725 -0.000581644 0.999999 0.000472438 0.000753274 -0.000472562 0.999999 -0.023076 0.0199338 -0.138433
FixedParameters: 0 0 0

#Transform 97
Transform: AffineTransform_float_3_3
Parameters: 0.999999 0.000490444 -0.000793725 -0.000490556 0.999999 0.000559389 0.000794274 -0.00055961 0.999999 -0.0232121 -0.00279975 -0.143388
FixedParameters: 0 0 0

#Transform 98
Transform: AffineTransform_float_3_3
Parameters: 0.999999 0.000524265 -0.000792824 -0.000523734 1 0.000335415 0.000793175 -0.000334584 0.999999 -0.0165285 0.0083922 -0.159201
FixedParameters: 0 0 0

#Transform 99
Transform: AffineTransform_float_3_3
Parameters: 0.999999 0.00053537 -0.000807754 -0.000535629 1 0.000459433 0.000808245 -0.000458567 0.999999 -0.0245884 -0.00887973 -0.149213
FixedParameters: 0 0 0

#Transform 100
Transform: AffineTransform_float_3_3
Parameters: 1 0.000615483 -0.000823639 -0.000615517 0.999999 0.000586507 0.000824361 -0.000586492 0.999999 -0.0251511 -0.00299077 -0.13295
FixedParameters: 0 0 0

#Transform 101
Transform: AffineTransform_float_3_3
Parameters: 1 0.000663387 -0.00088571 -0.000663613 0.999999 0.000437588 0.00088629 -0.000436412 0.999999 -0.0273483 0.0315197 -0.127856
FixedParameters: 0 0 0

#Transform 102
Transform: AffineTransform_float_3_3
Parameters: 1 0.000599527 -0.00087364 -0.000599474 0.999999 0.000602524 0.000874362 -0.000602476 1 -0.0248304 0.00411429 -0.123266
FixedParameters: 0 0 0

#Transform 103
Transform: AffineTransform_float_3_3
Parameters: 0.999999 0.000627343 -0.000732705 -0.000627656 0.999999 0.00046946 0.000733294 -0.00046854 0.999999 -0.0289476 0.0340819 -0.108801
FixedParameters: 0 0 0

#Transform 104
Transform: AffineTransform_float_3_3
Parameters: 1 0.000656617 -0.0010156 -0.000656383 0.999999 0.000607667 0.0010164 -0.000607333 1 -0.0312537 0.0333848 -0.0841885
FixedParameters: 0 0 0

#Transform 105
Transform: AffineTransform_float_3_3
Parameters: 0.999999 0.000787297 -0.00104278 -0.000787702 0.999999 0.000285822 0.00104322 -0.000284179 1 -0.0356653 0.0582711 -0.0863859
FixedParameters: 0 0 0

#Transform 106
Transform: AffineTransform_float_3_3
Parameters: 0.999999 0.000712145 -0.0010759 -0.000711855 0.999999 0.000134766 0.0010761 -0.000134234 1 -0.0331054 0.0452874 -0.102665
FixedParameters: 0 0 0

#Transform 107
Transform: AffineTransform_float_3_3
Parameters: 0.999999 0.000728015 -0.000990988 -0.000727984 0.999999 1.67214e-05 0.000991011 -1.52785e-05 0.999999 -0.0361185 0.0407884 -0.0823739
FixedParameters: 0 0 0

#Transform 108
Transform: AffineTransform_float_3_3
Parameters: 1 0.000834114 -0.000856889 -0.000833886 0.999999 0.000133715 0.000857111 -0.000133285 0.999999 -0.0471968 0.0142557 -0.0889939
FixedParameters: 0 0 0

#Transform 109
Transform: AffineTransform_float_3_3
Parameters: 1 0.000640119 -0.000897916 -0.00063988 1 0.000133575 0.000898086 -0.000132425 1 -0.0391388 0.0525842 -0.0839552
FixedParameters: 0 0 0

#Transform 110
Transform: AffineTransform_float_3_3
Parameters: 0.999999 0.000836127 -0.000951888 -0.000835873 0.999999 0.000133796 0.000952111 -0.000133204 0.999999 -0.0420073 0.0186254 -0.110132
FixedParameters: 0 0 0

#Transform 111
Transform: AffineTransform_float_3_3
Parameters: 1 0.000848115 -0.000858887 -0.000847885 0.999999 0.000133728 0.000859113 -0.000133271 0.999999 -0.0443721 0.0335333 -0.0964449
FixedParameters: 0 0 0

#Transform 112
Transform: AffineTransform_float_3_3
Parameters: 0.999999 0.000814635 -0.00116056 -0.000813366 1 0.000546945 0.00116144 -0.000546055 0.999999 -0.0427099 0.0120455 -0.093593
FixedParameters: 0 0 0

#Transform 113
Transform: AffineTransform_float_3_3
Parameters: 0.999999 0.00079845 -0.00112668 -0.000797549 0.999999 0.000399899 0.00112732 -0.0003991 1 -0.0392687 0.0308131 -0.0819476
FixedParameters: 0 0 0

#Transform 114
Transform: AffineTransform_float_3_3
Parameters: 0.999999 0.000632073 -0.00122445 -0.000630928 1 0.000875774 0.00122555 -0.000875226 0.999999 -0.0316002 0.00789602 -0.0626297
FixedParameters: 0 0 0

#Transform 115
Transform: AffineTransform_float_3_3
Parameters: 0.999999 0.00101019 -0.00117584 -0.00100981 0.999999 0.000163188 0.00117616 -0.000161812 1 -0.0400226 0.0348005 -0.0915659
FixedParameters: 0 0 0

#Transform 116
Transform: AffineTransform_float_3_3
Parameters: 0.999999 0.000923396 -0.00124571 -0.000922602 0.999999 0.00031915 0.00124629 -0.000317849 0.999999 -0.0373239 0.0125897 -0.0902736
FixedParameters: 0 0 0

#Transform 117
Transform: AffineTransform_float_3_3
Parameters: 0.999999 0.00101009 -0.000969907 -0.00100991 1 9.19796e-05 0.000970092 -9.10202e-05 0.999999 -0.0427836 0.0670396 -0.0887386
FixedParameters: 0 0 0

#Transform 118
Transform: AffineTransform_float_3_3
Parameters: 0.999999 0.000874328 -0.00111874 -0.000873673 1 0.000292978 0.00111826 -0.000292023 1 -0.043984 0.0154095 -0.0564783
FixedParameters: 0 0 0

#Transform 119
Transform: AffineTransform_float_3_3
Parameters: 0.999999 0.00101016 -0.00106985 -0.00100984 0.999999 0.000152081 0.00107015 -0.000150919 1 -0.0414291 0.0610636 -0.0674793
FixedParameters: 0 0 0

#Transform 120
Transform: AffineTransform_float_3_3
Parameters: 0.999999 0.000842275 -0.00100277 -0.000841725 0.999999 0.000274844 0.00100323 -0.000274155 1 -0.0471413 -0.00419288 -0.0650532
FixedParameters: 0 0 0

#Transform 121
Transform: AffineTransform_float_3_3
Parameters: 0.999999 0.00101007 -0.00116894 -0.00100993 1 6.41807e-05 0.00116906 -6.28193e-05 1 -0.0482915 0.034896 -0.0692412
FixedParameters: 0 0 0

#Transform 122
Transform: AffineTransform_float_3_3
Parameters: 0.999999 0.00100996 -0.00112104 -0.00101004 1 -3.58678e-05 0.00112096 3.71322e-05 1 -0.0407724 0.0553177 -0.0680686
FixedParameters: 0 0 0

#Transform 123
Transform: AffineTransform_float_3_3
Parameters: 0.999999 0.000836836 -0.00132547 -0.000836162 0.999999 0.000632109 0.00132553 -0.000630891 0.999999 -0.0428174 -0.00872298 -0.0148292
FixedParameters: 0 0 0

#Transform 124
Transform: AffineTransform_float_3_3
Parameters: 0.999999 0.000761485 -0.00119769 -0.000760514 0.999999 0.000405911 0.00119731 -0.000405089 0.999999 -0.0413706 0.0611719 -0.0268622
FixedParameters: 0 0 0
