#Insight Transform File V1.0
#Transform 0
Transform: AffineTransform_float_3_3
Parameters: 1 0.00035 4.788e-07 -0.00035 0.999999 0.001368 4.788e-07 -0.001368 0.999999 -0.0236 -0.0347579 0.0497183
FixedParameters: 0 0 0

#Transform 1
Transform: AffineTransform_float_3_3
Parameters: 1 0.000489363 0.000453688 -0.000489638 0.999999 0.00140578 -0.000453312 -0.00140522 0.999999 -0.0311353 -0.00770433 0.076089
FixedParameters: 0 0 0

#Transform 2
Transform: AffineTransform_float_3_3
Parameters: 1 -1.11326e-06 0.000647999 -1.13266e-07 0.999998 0.001718 -0.000648001 -0.001718 0.999999 -0.0308471 -0.0251974 0.0375244
FixedParameters: 0 0 0

#Transform 3
Transform: AffineTransform_float_3_3
Parameters: 1 0.000448738 0.000529073 -0.000450262 0.999997 0.00238876 -0.000527926 -0.00238824 0.999997 -0.0236241 -0.0436153 0.0183707
FixedParameters: 0 0 0

#Transform 4
Transform: AffineTransform_float_3_3
Parameters: 1 0.000271566 0.000190619 -0.000271435 0.999998 0.00227895 -0.000190382 -0.00227905 0.999998 -0.0236226 -0.0472053 0.0247637
FixedParameters: 0 0 0

#Transform 5
Transform: AffineTransform_float_3_3
Parameters: 1 0.000478784 0.000150687 -0.000479214 0.999999 0.00143393 -0.000149313 -0.00143407 0.999999 -0.0262263 -0.00743259 0.0423653
FixedParameters: 0 0 0

#Transform 6
Transform: AffineTransform_float_3_3
Parameters: 1 0.000438325 0.000397745 -0.000438676 0.999999 0.00169983 -0.000397255 -0.00170017 0.999998 -0.0299046 -0.0592582 0.00894699
FixedParameters: 0 0 0

#Transform 7
Transform: AffineTransform_float_3_3
Parameters: 1 -2.1624e-07 0.00024 -2.1624e-07 0.999999 0.000900999 -0.00024 -0.000900999 0.999999 -0.00355935 -0.0452832 0.0173109
FixedParameters: 0 0 0

#Transform 8
Transform: AffineTransform_float_3_3
Parameters: 1 -0.000284077 0.000430949 0.000283923 1 0.000179122 -0.000431051 -0.000178878 1 -0.00168526 -0.0606122 -5.94015e-05
FixedParameters: 0 0 0

#Transform 9
Transform: AffineTransform_float_3_3
Parameters: 1 -0.000179098 0.000239927 0.000178902 1 0.000410043 -0.000240073 -0.000409957 1 -0.000657103 -0.0836904 0.0232959
FixedParameters: 0 0 0

#Transform 10
Transform: AffineTransform_float_3_3
Parameters: 1 0.000274013 -3.99123e-05 -0.000273987 1 0.000320011 4.00877e-05 -0.000319989 1 -0.0105753 -0.0316894 0.0157653
FixedParameters: 0 0 0

#Transform 11
Transform: AffineTransform_float_3_3
Parameters: 1 0.000273014 -5.89345e-05 -0.000272986 1 0.000240016 5.90655e-05 -0.000239984 1 -0.00368667 -0.0456695 -0.000156155
FixedParameters: 0 0 0

#Transform 12
Transform: AffineTransform_float_3_3
Parameters: 1 0.000241006 -6.79852e-06 -0.000240994 0.999999 0.000836001 7.20147e-06 -0.000835998 0.999999 -0.00382911 -0.0472123 0.0266434
FixedParameters: 0 0 0

#Transform 13
Transform: AffineTransform_float_3_3
Parameters: 1 0.000393939 9.62497e-05 -0.000394061 0.999999 0.000633962 -9.57501e-05 -0.000634037 1 -0.0191901 -0.0107225 -0.0142319
FixedParameters: 0 0 0

#Transform 14
Transform: AffineTransform_float_3_3
Parameters: 1 0.000285385 -0.000428744 -0.000284615 0.999999 0.000897122 0.000429256 -0.000896878 1 -0.0103806 -0.0293698 0.0100115
FixedParameters: 0 0 0

#Transform 15
Transform: AffineTransform_float_3_3
Parameters: 1 0.000404276 -0.000279601 -0.000403725 1 0.000987114 0.000279399 -0.000986888 1 -0.0192398 -0.0158126 -0.0156549
FixedParameters: 0 0 0

#Transform 16
Transform: AffineTransform_float_3_3
Parameters: 1 0.000405939 0.000111221 -0.000406061 1 0.000544955 -0.000111779 -0.000545045 1 -0.0150035 -0.0705367 -0.0219799
FixedParameters: 0 0 0

#Transform 17
Transform: AffineTransform_float_3_3
Parameters: 1 9.99817e-05 0.000110017 -0.000100018 1 0.000165989 -0.000109983 -0.000166011 1 -0.00873582 0.0298117 -0.00981708
FixedParameters: 0 0 0

#Transform 18
Transform: AffineTransform_float_3_3
Parameters: 1 -0.00024503 0.000190962 0.00024497 1 0.000155047 -0.000191038 -0.000154953 1 0.00118131 -0.0389485 0.00633195
FixedParameters: 0 0 0

#Transform 19
Transform: AffineTransform_float_3_3
Parameters: 1 5.4684e-08 -0.000126 5.4684e-08 1 0.000434 0.000126 -0.000434 1 0.00176516 -0.078262 0.0107466
FixedParameters: 0 0 0

#Transform 20
Transform: AffineTransform_float_3_3
Parameters: 1 -2.98e-10 -0.000149 -2.98e-10 1 -2e-06 0.000149 2e-06 1 0.00208884 -0.00954324 -0.00437167
FixedParameters: 0 0 0

#Transform 21
Transform: AffineTransform_float_3_3
Parameters: 1 3.7932e-08 -8.7e-05 3.7932e-08 1 0.000436 8.7e-05 -0.000436 1 0.00122157 -0.0932602 0.00269828
FixedParameters: 0 0 0

#Transform 22
Transform: AffineTransform_float_3_3
Parameters: 1 0.000275888 0.000191161 -0.000276111 1 0.000583947 -0.000190839 -0.000584052 1 0.00953534 0.00460972 0.0332891
FixedParameters: 0 0 0

#Transform 23
Transform: AffineTransform_float_3_3
Parameters: 1 0.000641888 0.000191375 -0.000642112 0.999999 0.000583877 -0.000191625 -0.000584123 1 0.00362237 -0.04207 0.0427108
FixedParameters: 0 0 0

#Transform 24
Transform: AffineTransform_float_3_3
Parameters: 0.999999 0.000895832 0.000191787 -0.000896168 0.999999 0.000878828 -0.000191212 -0.000879171 0.999999 -0.000533755 -0.024199 0.056096
FixedParameters: 0 0 0

#Transform 25
Transform: AffineTransform_float_3_3
Parameters: 1 4.29694e-05 0.000191007 -4.30306e-05 1 0.000159992 -0.000190993 -0.000160008 1 0.0227855 0.0316768 0.0420517
FixedParameters: 0 0 0

#Transform 26
Transform: AffineTransform_float_3_3
Parameters: 1 0.000165098 0.000190916 -0.000164902 1 -0.000511031 -0.000191084 0.000510968 1 0.00582382 -0.0370277 0.0280599
FixedParameters: 0 0 0

#Transform 27
Transform: AffineTransform_float_3_3
Parameters: 1 -0.000204062 0.000190934 0.000203938 1 0.000324039 -0.000191066 -0.000323961 1 0.0173611 -0.00544488 0.0323294
FixedParameters: 0 0 0

#Transform 28
Transform: AffineTransform_float_3_3
Parameters: 1 -0.000554424 0.000189767 0.000554576 0.999998 0.00222411 -0.000191234 -0.00222389 0.999997 0.0399165 -0.0995096 0.0505502
FixedParameters: 0 0 0

#Transform 29
Transform: AffineTransform_float_3_3
Parameters: 1 -0.000143636 -0.000295177 0.000144364 0.999999 0.00123296 0.000294822 -0.00123304 0.999999 0.0321572 -0.0156451 0.0476078
FixedParameters: 0 0 0

#Transform 30
Transform: AffineTransform_float_3_3
Parameters: 1 -0.000123977 -2.71064e-05 0.000124024 0.999999 0.000857996 2.78936e-05 -0.000858003 0.999999 0.0188747 -0.021801 0.0342784
FixedParameters: 0 0 0

#Transform 31
Transform: AffineTransform_float_3_3
Parameters: 1 -0.000124023 4.39345e-05 0.000123977 1 0.000528005 -4.40655e-05 -0.000527994 1 0.0264943 -0.0520623 0.0165552
FixedParameters: 0 0 0

#Transform 32
Transform: AffineTransform_float_3_3
Parameters: 1 9.89891e-05 4.40244e-05 -9.90109e-05 1 0.000246996 -4.39755e-05 -0.000247004 1 0.0120382 0.0288923 0.0119579
FixedParameters: 0 0 0

#Transform 33
Transform: AffineTransform_float_3_3
Parameters: 1 0.000194787 0.000303137 -0.000195212 0.999999 0.00070094 -0.000302863 -0.000701059 0.999999 0.011718 -0.0381408 0.0136179
FixedParameters: 0 0 0

#Transform 34
Transform: AffineTransform_float_3_3
Parameters: 1 0.000176891 0.000417046 -0.000177109 1 0.000260926 -0.000416954 -0.000261074 1 0.0104499 -0.00131344 0.0168941
FixedParameters: 0 0 0

#Transform 35
Transform: AffineTransform_float_3_3
Parameters: 1 0.000278987 4.40843e-05 -0.000279013 1 0.000301988 -4.39157e-05 -0.000302012 1 0.0136486 0.0277685 0.0128427
FixedParameters: 0 0 0

#Transform 36
Transform: AffineTransform_float_3_3
Parameters: 0.999999 0.000607334 0.000558636 -0.000607665 0.999999 -0.000598339 -0.000559364 0.00059866 0.999999 -0.00240986 -0.0534415 -0.0249686
FixedParameters: 0 0 0

#Transform 37
Transform: AffineTransform_float_3_3
Parameters: 0.999999 0.000420388 0.000613734 -0.000419612 0.999999 -0.000632257 -0.000614265 0.000631742 0.999999 0.00221717 0.0293851 -0.00426061
FixedParameters: 0 0 0

#Transform 38
Transform: AffineTransform_float_3_3
Parameters: 0.999998 0.000800014 0.00155848 -0.000798984 0.999999 -0.000652246 -0.00155852 0.000650754 0.999998 -0.017845 -0.049079 -0.00525682
FixedParameters: 0 0 0

#Transform 39
Transform: AffineTransform_float_3_3
Parameters: 0.999999 -9.78588e-06 0.000852014 1.12141e-05 0.999999 -0.00142499 -0.000851984 0.00142501 0.999998 0.00554628 0.0617868 -0.0180409
FixedParameters: 0 0 0

#Transform 40
Transform: AffineTransform_float_3_3
Parameters: 0.999999 0.000330395 0.00120962 -0.000329607 1 -0.0011524 -0.00120938 0.0011526 0.999998 -0.0140494 -0.0367565 -0.0259918
FixedParameters: 0 0 0

#Transform 41
Transform: AffineTransform_float_3_3
Parameters: 0.999999 0.000245056 0.00120959 -0.000242944 0.999998 -0.00170029 -0.00120941 0.0016997 0.999998 -0.00438969 0.00971445 -0.0297315
FixedParameters: 0 0 0

#Transform 42
Transform: AffineTransform_float_3_3
Parameters: 0.999997 0.000332107 0.00213852 -0.000328893 0.999999 -0.00145271 -0.00213948 0.00145229 0.999996 -0.0115801 0.000124126 -0.0577438
FixedParameters: 0 0 0

#Transform 43
Transform: AffineTransform_float_3_3
Parameters: 0.999998 -0.000415271 0.00207655 0.00041773 0.999999 -0.00131414 -0.00207645 0.00131487 0.999997 0.00673845 -0.0581608 -0.029884
FixedParameters: 0 0 0

#Transform 44
Transform: AffineTransform_float_3_3
Parameters: 0.999998 -0.000360282 0.00228659 0.00036372 0.999998 -0.00162617 -0.00228641 0.00162683 0.999996 0.000499547 0.0249889 -0.0251184
FixedParameters: 0 0 0

#Transform 45
Transform: AffineTransform_float_3_3
Parameters: 0.999997 -0.000633987 0.00228684 0.000637012 0.999999 -0.00131655 -0.00228616 0.00131845 0.999996 0.0127901 -0.0428508 -0.025243
FixedParameters: 0 0 0

#Transform 46
Transform: AffineTransform_float_3_3
Parameters: 0.999953 0.00139179 0.00966489 -0.00139021 0.999999 -8.84405e-05 -0.00966512 7.45518e-05 0.999954 -0.0451105 0.0495667 0.0492199
FixedParameters: 0 0 0

#Transform 47
Transform: AffineTransform_float_3_3
Parameters: 0.999983 -0.000156571 0.00578888 0.000152424 0.999999 0.000790895 -0.00578912 -0.000789107 0.999983 -0.0161329 0.0265326 0.0353119
FixedParameters: 0 0 0

#Transform 48
Transform: AffineTransform_float_3_3
Parameters: 0.999966 -0.000358921 0.00824483 0.00035508 1 0.000476944 -0.00824517 -0.000474057 0.999966 -0.00216597 0.0433982 0.0811254
FixedParameters: 0 0 0

#Transform 49
Transform: AffineTransform_float_3_3
Parameters: 0.99998 -0.000687934 0.00637133 0.000691063 0.999999 -0.000478606 -0.00637067 0.000483392 0.999979 0.00419633 0.0881547 0.0895392
FixedParameters: 0 0 0

#Transform 50
Transform: AffineTransform_float_3_3
Parameters: 0.999992 -0.00209656 0.00327299 0.00208444 0.999991 0.00383685 -0.00328101 -0.00383015 0.999988 0.0406027 -0.156186 0.214719
FixedParameters: 0 0 0

#Transform 51
Transform: AffineTransform_float_3_3
Parameters: 0.999996 -0.0011194 0.00282608 0.0011116 0.999996 0.00262015 -0.00282892 -0.00261684 0.999992 0.022971 0.0507336 0.150279
FixedParameters: 0 0 0

#Transform 52
Transform: AffineTransform_float_3_3
Parameters: 0.999995 -0.00114508 0.00293725 0.00113893 0.999997 0.00240936 -0.00293975 -0.00240665 0.999993 0.0116476 -0.116536 0.0986254
FixedParameters: 0 0 0

#Transform 53
Transform: AffineTransform_float_3_3
Parameters: 0.999995 -0.00172741 0.00290206 0.00171459 0.999988 0.004616 -0.00290994 -0.004611 0.999985 0.0343392 -0.102028 0.15404
FixedParameters: 0 0 0

#Transform 54
Transform: AffineTransform_float_3_3
Parameters: 0.999997 -0.00129815 0.00232903 0.00129085 0.999995 0.00306902 -0.00233297 -0.00306599 0.999993 0.0173634 0.0931093 0.0823475
FixedParameters: 0 0 0

#Transform 55
Transform: AffineTransform_float_3_3
Parameters: 0.999998 -0.000419707 0.00207926 0.000416294 0.999999 0.00178287 -0.00207975 -0.00178213 0.999996 -0.0380819 -0.00353394 -0.0368821
FixedParameters: 0 0 0

#Transform 56
Transform: AffineTransform_float_3_3
Parameters: 1 0.000355427 0.000411364 -0.000356576 0.999992 0.00383085 -0.000410637 -0.00383014 0.999992 0.00179022 -0.125523 0.209052
FixedParameters: 0 0 0

#Transform 57
Transform: AffineTransform_float_3_3
Parameters: 0.999998 -0.00192712 0.000748513 0.00191489 0.999872 0.0158695 -0.000778486 -0.0158685 0.999874 0.0834248 -0.22874 0.652727
FixedParameters: 0 0 0

#Transform 58
Transform: AffineTransform_float_3_3
Parameters: 0.999999 -0.00110631 0.000567772 0.00110169 0.999957 0.00926764 -0.000578235 -0.00926737 0.999957 0.0426471 -0.0603564 0.312716
FixedParameters: 0 0 0

#Transform 59
Transform: AffineTransform_float_3_3
Parameters: 0.999999 -0.000644379 0.000573114 0.000639622 0.999971 0.00760837 -0.000577883 -0.00760863 0.999971 0.0309498 0.0112462 0.256802
FixedParameters: 0 0 0

#Transform 60
Transform: AffineTransform_float_3_3
Parameters: 1 -0.000641421 0.000256473 0.000639575 0.999984 0.00550516 -0.000260525 -0.00550583 0.999985 0.0205884 -0.0526814 0.196805
FixedParameters: 0 0 0

#Transform 61
Transform: AffineTransform_float_3_3
Parameters: 1 -0.0001192 3.73673e-05 0.000118802 0.999986 0.005312 -3.76316e-05 -0.00531199 0.999986 0.0174402 -0.00862365 0.178533
FixedParameters: 0 0 0

#Transform 62
Transform: AffineTransform_float_3_3
Parameters: 1 -0.000551322 5.06048e-05 0.000550675 0.999981 0.00616003 -5.43932e-05 -0.00615997 0.999981 0.019763 -0.066722 0.124307
FixedParameters: 0 0 0

#Transform 63
Transform: AffineTransform_float_3_3
Parameters: 0.999999 -0.000637704 -0.000401669 0.000640298 0.999984 0.00574275 0.000398329 -0.00574326 0.999984 0.0349961 0.0264442 0.0819167
FixedParameters: 0 0 0

#Transform 64
Transform: AffineTransform_float_3_3
Parameters: 0.999999 -0.00137841 -0.000658557 0.00138159 0.999984 0.0054751 0.000651445 -0.0054759 0.999985 -0.00345428 -0.0755529 -0.335884
FixedParameters: 0 0 0

#Transform 65
Transform: AffineTransform_float_3_3
Parameters: 0.999998 -0.00160221 -0.0010856 0.00160779 0.999985 0.00535527 0.0010774 -0.00535674 0.999985 0.00213392 -0.0856179 -0.468136
FixedParameters: 0 0 0

#Transform 66
Transform: AffineTransform_float_3_3
Parameters: 0.999997 -0.00210802 -0.000613329 0.00211097 0.999986 0.00489572 0.000602672 -0.00489628 0.999988 0.00622309 -0.22886 -0.536712
FixedParameters: 0 0 0

#Transform 67
Transform: AffineTransform_float_3_3
Parameters: 1 -0.00113078 -4.84261e-05 0.00113122 0.999988 0.00479795 4.25729e-05 -0.00479805 0.999989 0.00443234 -0.199973 -0.302418
FixedParameters: 0 0 0

#Transform 68
Transform: AffineTransform_float_3_3
Parameters: 0.999999 -0.000418512 0.00137664 0.000413486 0.999994 0.00327657 -0.00137836 -0.00327542 0.999993 -0.0170003 -0.0941461 -0.0896919
FixedParameters: 0 0 0

#Transform 69
Transform: AffineTransform_float_3_3
Parameters: 0.999998 -0.00100122 0.00145706 0.000993779 0.999988 0.00494846 -0.00146193 -0.00494754 0.999986 0.00659047 -0.169627 -0.030931
FixedParameters: 0 0 0

#Transform 70
Transform: AffineTransform_float_3_3
Parameters: 0.999999 -0.000986089 0.000947796 0.00098291 0.999994 0.00325494 -0.000951203 -0.00325307 0.999995 0.00348976 -0.0166616 -0.0681134
FixedParameters: 0 0 0

#Transform 71
Transform: AffineTransform_float_3_3
Parameters: 0.999999 -0.00170357 0.000669505 0.00170143 0.999992 0.00381615 -0.000676499 -0.00381586 0.999993 0.0317363 -0.0903288 -0.0686384
FixedParameters: 0 0 0

#Transform 72
Transform: AffineTransform_float_3_3
Parameters: 0.999998 -0.00213264 0.000854449 0.00213037 0.999993 0.00307483 -0.000860553 -0.00307317 0.999995 0.0499363 -0.0512527 -0.0758926
FixedParameters: 0 0 0

#Transform 73
Transform: AffineTransform_float_3_3
Parameters: 1 -0.000603818 -6.27755e-05 0.000604182 0.999995 0.00293996 6.12239e-05 -0.00294004 0.999995 0.0093457 -0.0217581 -0.0770262
FixedParameters: 0 0 0

#Transform 74
Transform: AffineTransform_float_3_3
Parameters: 1 0.000108821 -0.00115192 -0.000108179 0.999999 0.000713125 0.00115208 -0.000712875 0.999999 -0.011947 -0.0841067 -0.146819
FixedParameters: 0 0 0

#Transform 75
Transform: AffineTransform_float_3_3
Parameters: 0.999999 0.000918112 -5.92749e-05 -0.000917885 0.999998 0.00187906 6.17248e-05 -0.00187894 0.999998 -0.0633901 0.0614972 -0.121381
FixedParameters: 0 0 0

#Transform 76
Transform: AffineTransform_float_3_3
Parameters: 1 0.000232786 0.000118421 -0.000233215 0.999999 0.00180797 -0.000118579 -0.00180803 0.999999 -0.0166825 -0.125103 -0.0719912
FixedParameters: 0 0 0

#Transform 77
Transform: AffineTransform_float_3_3
Parameters: 1 0.000326103 -6.04434e-05 -0.000325895 0.999998 0.00170702 6.15564e-05 -0.00170698 0.999998 -0.0137394 -0.0596308 -0.0884844
FixedParameters: 0 0 0

#Transform 78
Transform: AffineTransform_float_3_3
Parameters: 0.999999 -0.000405057 -0.000745513 0.000405944 0.999999 0.0012657 0.000745487 -0.0012653 0.999999 -0.0146268 -0.0951037 -0.110111
FixedParameters: 0 0 0

#Transform 79
Transform: AffineTransform_float_3_3
Parameters: 0.999999 -0.000125526 -0.000769077 0.000126474 1 0.000615902 0.000768922 -0.000616096 0.999999 -0.0183423 -0.0511227 -0.0992515
FixedParameters: 0 0 0

#Transform 80
Transform: AffineTransform_float_3_3
Parameters: 1 0.000208525 -0.000426744 -0.000207474 0.999999 0.00123109 0.000427256 -0.00123091 0.999999 -0.0286872 -0.0856353 -0.0979894
FixedParameters: 0 0 0

#Transform 81
Transform: AffineTransform_float_3_3
Parameters: 0.999999 -0.000404467 -0.000779797 0.000405534 0.999998 0.00196768 0.000779203 -0.00196732 0.999998 -0.00638031 -0.059428 -0.0259541
FixedParameters: 0 0 0

#Transform 82
Transform: AffineTransform_float_3_3
Parameters: 1 -0.000405418 -0.000307768 0.000405583 0.999998 0.00189388 0.000307232 -0.00189413 0.999998 -0.00316243 0.0838391 -0.0106119
FixedParameters: 0 0 0

#Transform 83
Transform: AffineTransform_float_3_3
Parameters: 1 -0.000195881 -6.13809e-05 0.00019612 0.999998 0.00194399 6.16189e-05 -0.00194401 0.999998 -0.0103328 -0.0867332 -0.0668985
FixedParameters: 0 0 0

#Transform 84
Transform: AffineTransform_float_3_3
Parameters: 1 -8.79173e-05 -6.11192e-05 8.80826e-05 0.999999 0.00135499 6.08807e-05 -0.00135501 0.999999 -0.0168517 -0.0252176 -0.0671303
FixedParameters: 0 0 0

#Transform 85
Transform: AffineTransform_float_3_3
Parameters: 1 7.90811e-05 -6.08949e-05 -7.89188e-05 0.999999 0.00133001 6.1105e-05 -0.00133 0.999999 -0.0158715 0.014036 -0.0648201
FixedParameters: 0 0 0

#Transform 86
Transform: AffineTransform_float_3_3
Parameters: 0.999998 -0.000921781 0.00143166 0.000915217 0.999989 0.00473032 -0.00143634 -0.00472868 0.999988 0.0164527 -0.123759 0.0231125
FixedParameters: 0 0 0

#Transform 87
Transform: AffineTransform_float_3_3
Parameters: 0.999998 -0.00119215 0.00194782 0.00118185 0.999986 0.00520531 -0.00195418 -0.00520268 0.999984 0.0271222 -0.0448101 0.0799196
FixedParameters: 0 0 0

#Transform 88
Transform: AffineTransform_float_3_3
Parameters: 0.999999 0.00107568 0.00152576 -0.00108032 0.999994 0.00348936 -0.00152124 -0.00349064 0.999992 -0.0443175 0.0159788 0.006076
FixedParameters: 0 0 0

#Transform 89
Transform: AffineTransform_float_3_3
Parameters: 0.999999 -0.000402821 0.00168152 0.000388176 0.999961 0.00880467 -0.00168548 -0.00880433 0.99996 0.00601137 -0.125152 0.188876
FixedParameters: 0 0 0

#Transform 90
Transform: AffineTransform_float_3_3
Parameters: 0.999998 -0.00114727 0.00151127 0.00113273 0.999955 0.00941273 -0.00152173 -0.00941027 0.999954 0.0237108 -0.00371274 0.231779
FixedParameters: 0 0 0

#Transform 91
Transform: AffineTransform_float_3_3
Parameters: 0.999999 -0.000923744 0.0015155 0.00091226 0.999974 0.00707439 -0.00152149 -0.0070736 0.999974 0.0157852 -0.0629499 0.136298
FixedParameters: 0 0 0

#Transform 92
Transform: AffineTransform_float_3_3
Parameters: 1 -0.000753642 0.000940299 0.000748359 0.999987 0.00492771 -0.0009437 -0.00492729 0.999988 0.0161219 0.0150594 0.0946087
FixedParameters: 0 0 0

#Transform 93
Transform: AffineTransform_float_3_3
Parameters: 0.999998 -0.00091989 0.00130818 0.000913111 0.999986 0.0052572 -0.00131282 -0.0052568 0.999986 0.0292774 -0.106785 0.0955107
FixedParameters: 0 0 0

#Transform 94
Transform: AffineTransform_float_3_3
Parameters: 0.999999 -4.30692e-05 0.00142478 3.49295e-05 0.999984 0.00566306 -0.00142522 -0.00566294 0.999983 0.000473944 0.0653581 0.054673
FixedParameters: 0 0 0

#Transform 95
Transform: AffineTransform_float_3_3
Parameters: 1 -0.00041922 0.00111468 0.000413784 0.999985 0.00557447 -0.00111632 -0.00557354 0.999984 0.0139881 -0.0892184 0.0475087
FixedParameters: 0 0 0

#Transform 96
Transform: AffineTransform_float_3_3
Parameters: 0.999999 -0.00150385 -0.000227857 0.00150715 0.999894 0.0145177 0.000206142 -0.0145173 0.999894 0.0760978 -0.202677 0.295296
FixedParameters: 0 0 0

#Transform 97
Transform: AffineTransform_float_3_3
Parameters: 0.999993 -0.00272608 0.00273095 0.00265292 0.999647 0.0264164 -0.00280205 -0.0264086 0.999648 0.0786796 -0.328516 0.335814
FixedParameters: 0 0 0

#Transform 98
Transform: AffineTransform_float_3_3
Parameters: 0.999997 -0.00200255 0.0018515 0.00197245 0.999865 0.0163557 -0.00188451 -0.0163523 0.999864 0.087129 -0.110143 0.241776
FixedParameters: 0 0 0

#Transform 99
Transform: AffineTransform_float_3_3
Parameters: 0.999997 -0.00199399 0.00172795 0.00197202 0.999919 0.0126325 -0.00175305 -0.0126285 0.999918 0.117155 -0.112014 0.20764
FixedParameters: 0 0 0

#Transform 100
Transform: AffineTransform_float_3_3
Parameters: 0.999997 -0.00174661 0.00157983 0.00172939 0.999944 0.0104518 -0.00159816 -0.0104492 0.999944 0.094875 -0.156548 0.158601
FixedParameters: 0 0 0

#Transform 101
Transform: AffineTransform_float_3_3
Parameters: 0.999998 -0.00124453 0.00158896 0.00122947 0.999952 0.00973598 -0.00160104 -0.00973303 0.999952 0.0798187 -0.0277248 0.160282
FixedParameters: 0 0 0

#Transform 102
Transform: AffineTransform_float_3_3
Parameters: 0.999998 -0.00134607 0.00183488 0.00132793 0.999951 0.00981346 -0.00184812 -0.00981054 0.99995 0.0754038 -0.0623785 0.126513
FixedParameters: 0 0 0

#Transform 103
Transform: AffineTransform_float_3_3
Parameters: 0.999998 -0.0013455 0.00190275 0.00132751 0.999957 0.00916555 -0.00191425 -0.00916345 0.999956 0.0680881 -0.0484884 0.124723
FixedParameters: 0 0 0

#Transform 104
Transform: AffineTransform_float_3_3
Parameters: 0.999997 -0.00123599 0.00209592 0.00121701 0.999959 0.00903858 -0.00210708 -0.00903543 0.999957 0.0601633 -0.0208238 0.128317
FixedParameters: 0 0 0

#Transform 105
Transform: AffineTransform_float_3_3
Parameters: 0.999997 -0.00134662 0.00204687 0.00132838 0.999958 0.00906874 -0.00205913 -0.00906625 0.999957 0.062402 -0.0395892 0.110167
FixedParameters: 0 0 0

#Transform 106
Transform: AffineTransform_float_3_3
Parameters: 0.999996 -0.00115051 0.0023179 0.00113149 0.999967 0.00797264 -0.00232709 -0.00797034 0.999965 0.0493372 0.0447247 0.102446
FixedParameters: 0 0 0

#Transform 107
Transform: AffineTransform_float_3_3
Parameters: 0.999995 -0.00147213 0.00258709 0.00145087 0.999965 0.00814979 -0.00259891 -0.00814521 0.999964 0.0514113 -0.0382317 0.0935496
FixedParameters: 0 0 0

#Transform 108
Transform: AffineTransform_float_3_3
Parameters: 0.999997 -0.00117478 0.0024054 0.00115722 0.999972 0.00738081 -0.00241361 -0.00737819 0.99997 0.0502673 0.0434513 0.102443
FixedParameters: 0 0 0

#Transform 109
Transform: AffineTransform_float_3_3
Parameters: 0.999995 -0.00164208 0.00269808 0.00162391 0.999977 0.00668942 -0.00270992 -0.00668459 0.999974 0.0575597 -0.063288 0.0878002
FixedParameters: 0 0 0

#Transform 110
Transform: AffineTransform_float_3_3
Parameters: 0.999996 -0.00158989 0.00241934 0.00157111 0.999971 0.00737883 -0.00243066 -0.00737516 0.99997 0.0538168 -0.0528407 0.0899878
FixedParameters: 0 0 0

#Transform 111
Transform: AffineTransform_float_3_3
Parameters: 0.999997 -0.00114828 0.00245453 0.00112971 0.999971 0.0074368 -0.00246347 -0.0074342 0.99997 0.0436314 0.0299659 0.100166
FixedParameters: 0 0 0

#Transform 112
Transform: AffineTransform_float_3_3
Parameters: 0.999996 -0.00134873 0.00251151 0.00132928 0.999969 0.00783937 -0.0025215 -0.00783564 0.999966 0.042464 -0.105458 0.0811379
FixedParameters: 0 0 0

#Transform 113
Transform: AffineTransform_float_3_3
Parameters: 0.999996 -0.00117048 0.00254814 0.00115052 0.99997 0.00763296 -0.00255685 -0.00763004 0.999967 0.0371255 -0.00243434 0.0606067
FixedParameters: 0 0 0

#Transform 114
Transform: AffineTransform_float_3_3
Parameters: 0.999996 -0.00146909 0.0024597 0.00144991 0.999969 0.0077456 -0.0024713 -0.0077424 0.999967 0.0433384 -0.0480033 0.0758707
FixedParameters: 0 0 0

#Transform 115
Transform: AffineTransform_float_3_3
Parameters: 0.999996 -0.00115713 0.00252377 0.00113888 0.999973 0.0071719 -0.00253123 -0.0071691 0.999971 0.0341828 0.038431 0.0646307
FixedParameters: 0 0 0

#Transform 116
Transform: AffineTransform_float_3_3
Parameters: 0.999996 -0.0013514 0.00246948 0.0013316 0.999969 0.00784232 -0.00247952 -0.00783868 0.999966 0.0433101 -0.0316997 0.0697739
FixedParameters: 0 0 0

#Transform 117
Transform: AffineTransform_float_3_3
Parameters: 0.999996 -0.00146765 0.00245051 0.00145034 0.999973 0.00718959 -0.00246149 -0.00718542 0.999971 0.0497332 0.0167703 0.06642
FixedParameters: 0 0 0

#Transform 118
Transform: AffineTransform_float_3_3
Parameters: 0.999996 -0.0012072 0.00229555 0.0011908 0.999975 0.00704376 -0.00230444 -0.00704124 0.999972 0.0458526 0.0157402 0.084098
FixedParameters: 0 0 0

#Transform 119
Transform: AffineTransform_float_3_3
Parameters: 0.999995 -0.00173452 0.00240337 0.00170647 0.999934 0.0114062 -0.00242362 -0.0114019 0.999932 0.0615801 -0.0709824 0.197533
FixedParameters: 0 0 0

#Transform 120
Transform: AffineTransform_float_3_3
Parameters: 0.99999 -0.00302541 0.0032195 0.00298559 0.999917 0.0124837 -0.00325651 -0.0124743 0.999917 0.0896577 -0.026529 0.262958
FixedParameters: 0 0 0

#Transform 121
Transform: AffineTransform_float_3_3
Parameters: 0.999997 -0.00170308 0.00209745 0.00168493 0.999961 0.00859056 -0.00211155 -0.00858643 0.999961 0.063228 -0.0291921 0.153629
FixedParameters: 0 0 0

#Transform 122
Transform: AffineTransform_float_3_3
Parameters: 0.999999 -0.000721743 0.00169162 0.000709263 0.999972 0.00752122 -0.00169638 -0.00751979 0.999971 0.0366905 0.000860112 0.111167
FixedParameters: 0 0 0

#Transform 123
Transform: AffineTransform_float_3_3
Parameters: 0.999998 -0.000726356 0.00217328 0.000708648 0.999968 0.00797556 -0.00217872 -0.00797444 0.999966 0.0290399 -0.0864359 0.117594
FixedParameters: 0 0 0

#Transform 124
Transform: AffineTransform_float_3_3
Parameters: 0.999997 -0.000727687 0.00233125 0.000709315 0.999967 0.00800668 -0.00233675 -0.00800532 0.999965 0.0355271 0.000234305 0.105035
FixedParameters: 0 0 0

#Transform 125
Transform: AffineTransform_float_3_3
Parameters: 0.999994 -0.00150503 0.00291016 0.00147398 0.999943 0.0106344 -0.00292584 -0.0106297 0.999939 0.0463981 -0.0860479 0.226741
FixedParameters: 0 0 0

#Transform 126
Transform: AffineTransform_float_3_3
Parameters: 0.999995 -0.00162458 0.00275105 0.00159942 0.999955 0.00927645 -0.00276595 -0.00927155 0.999953 0.0507178 -0.0324246 0.221046
FixedParameters: 0 0 0

#Transform 127
Transform: AffineTransform_float_3_3
Parameters: 0.999997 -0.00102991 0.00248061 0.00100709 0.999957 0.00921854 -0.00249039 -0.00921647 0.999955 0.039869 0.0763232 0.0954353
FixedParameters: 0 0 0

#Transform 128
Transform: AffineTransform_float_3_3
Parameters: 0.999994 -0.00125804 0.00316773 0.00123697 0.999977 0.00663396 -0.00317527 -0.00663005 0.999973 -0.0153937 -0.12117 -0.105377
FixedParameters: 0 0 0

#Transform 129
Transform: AffineTransform_float_3_3
Parameters: 0.999994 -0.00211032 0.00300467 0.00206467 0.999885 0.0150083 -0.00303632 -0.0150017 0.999883 0.0549108 -0.0691838 0.275079
FixedParameters: 0 0 0

#Transform 130
Transform: AffineTransform_float_3_3
Parameters: 0.999986 -0.00293054 0.00431266 0.00285245 0.999832 0.0181065 -0.00436534 -0.0180944 0.999827 0.0705637 -0.186409 0.332671
FixedParameters: 0 0 0

#Transform 131
Transform: AffineTransform_float_3_3
Parameters: 0.999995 -0.00192545 0.00272397 0.00189055 0.999919 0.0125952 -0.00274803 -0.0125898 0.999917 0.0770017 -0.0341165 0.234389
FixedParameters: 0 0 0

#Transform 132
Transform: AffineTransform_float_3_3
Parameters: 0.999995 -0.00176941 0.00235667 0.00174259 0.999932 0.0115802 -0.00237734 -0.0115769 0.99993 0.0619794 -0.142566 0.194059
FixedParameters: 0 0 0

#Transform 133
Transform: AffineTransform_float_3_3
Parameters: 0.999996 -0.00137089 0.00256935 0.0013451 0.999948 0.0100505 -0.00258365 -0.0100465 0.999946 0.0527935 -0.0474158 0.14513
FixedParameters: 0 0 0

#Transform 134
Transform: AffineTransform_float_3_3
Parameters: 0.999993 -0.00177847 0.00345346 0.00174253 0.999943 0.0105361 -0.00347155 -0.0105299 0.999938 0.0447401 -0.0811146 0.133756
FixedParameters: 0 0 0

#Transform 135
Transform: AffineTransform_float_3_3
Parameters: 0.999994 -0.00124039 0.00345524 0.00120961 0.99996 0.00878424 -0.00346576 -0.00877976 0.999956 0.0381802 0.0385934 0.130239
FixedParameters: 0 0 0

#Transform 136
Transform: AffineTransform_float_3_3
Parameters: 0.999993 -0.00133052 0.00333722 0.00129749 0.999952 0.00972639 -0.00334978 -0.00972261 0.999947 0.0460979 -0.0641747 0.110149
FixedParameters: 0 0 0

#Transform 137
Transform: AffineTransform_float_3_3
Parameters: 0.999994 -0.00190195 0.00264159 0.00188505 0.99998 0.00602801 -0.00265241 -0.00602299 0.999979 0.113703 0.0205338 0.254493
FixedParameters: 0 0 0

#Transform 138
Transform: AffineTransform_float_3_3
Parameters: 0.999995 -0.00260621 0.00206447 0.00258879 0.999963 0.0082934 -0.00208654 -0.00828861 0.999964 0.103747 -0.108099 0.306117
FixedParameters: 0 0 0

#Transform 139
Transform: AffineTransform_float_3_3
Parameters: 0.999996 -0.0023651 0.00185894 0.0023499 0.999964 0.0080854 -0.00187806 -0.00808159 0.999965 0.0927745 -0.0826881 0.21679
FixedParameters: 0 0 0

#Transform 140
Transform: AffineTransform_float_3_3
Parameters: 0.999996 -0.0018005 0.00211994 0.0017845 0.999972 0.00728881 -0.00213306 -0.00728519 0.999971 0.0725982 -0.0114199 0.13131
FixedParameters: 0 0 0

#Transform 141
Transform: AffineTransform_float_3_3
Parameters: 0.999997 -0.00127555 0.00213863 0.00125745 0.999965 0.00819071 -0.00214837 -0.00818728 0.999964 0.0474766 -0.00887345 0.132181
FixedParameters: 0 0 0

#Transform 142
Transform: AffineTransform_float_3_3
Parameters: 0.999997 -0.000729632 0.00261761 0.000710366 0.999971 0.00749289 -0.0026234 -0.00749111 0.999969 0.0281879 -0.0617162 0.0952968
FixedParameters: 0 0 0

#Transform 143
Transform: AffineTransform_float_3_3
Parameters: 0.999997 -0.00137328 0.00199026 0.00136172 0.999983 0.00565773 -0.00199773 -0.00565527 0.999982 0.0514435 0.064921 0.0840166
FixedParameters: 0 0 0

#Transform 144
Transform: AffineTransform_float_3_3
Parameters: 0.999997 -0.00106402 0.00222234 0.00104998 0.999979 0.00630035 -0.00222866 -0.00629764 0.999977 0.0322367 -0.0914038 0.0725802
FixedParameters: 0 0 0

#Transform 145
Transform: AffineTransform_float_3_3
Parameters: 0.999997 -0.00100625 0.00224755 0.000993744 0.999984 0.00544625 -0.00225344 -0.00544475 0.999982 0.0299936 0.0389277 0.070204
FixedParameters: 0 0 0

#Transform 146
Transform: AffineTransform_float_3_3
Parameters: 0.999996 -0.000954501 0.00262943 0.000939503 0.999982 0.0058895 -0.00263458 -0.00588751 0.999979 0.0205331 -0.0274897 0.0640231
FixedParameters: 0 0 0

#Transform 147
Transform: AffineTransform_float_3_3
Parameters: 0.999995 -0.000760171 0.00322778 0.000742827 0.999984 0.00562743 -0.00323223 -0.00562457 0.999979 0.00910875 -0.0521832 0.0615991
FixedParameters: 0 0 0

#Transform 148
Transform: AffineTransform_float_3_3
Parameters: 0.999995 -0.000707405 0.00309151 0.000691598 0.999988 0.00498116 -0.00309448 -0.00497884 0.999983 0.0140328 0.0352373 0.0634149
FixedParameters: 0 0 0

#Transform 149
Transform: AffineTransform_float_3_3
Parameters: 0.999995 -0.000955683 0.00304982 0.000939316 0.999984 0.00546689 -0.00305518 -0.00546411 0.999981 0.0230957 -0.0582073 0.0639138
FixedParameters: 0 0 0

#Transform 150
Transform: AffineTransform_float_3_3
Parameters: 0.999996 -0.000657888 0.00268864 0.000644114 0.999987 0.00516375 -0.00269136 -0.00516125 0.999983 0.0139829 0.0368421 0.0517489
FixedParameters: 0 0 0

#Transform 151
Transform: AffineTransform_float_3_3
Parameters: 0.999996 -0.000953378 0.00268694 0.000938621 0.999986 0.00534755 -0.00269206 -0.00534446 0.999982 0.022233 -0.0471982 0.0552045
FixedParameters: 0 0 0

#Transform 152
Transform: AffineTransform_float_3_3
Parameters: 0.999995 -0.000587375 0.00293516 0.000572626 0.999988 0.0048957 -0.00293784 -0.00489429 0.999983 0.0108231 0.0288132 0.0465804
FixedParameters: 0 0 0

#Transform 153
Transform: AffineTransform_float_3_3
Parameters: 0.999997 -0.000178588 0.0026912 0.000166414 0.999989 0.00467647 -0.00269181 -0.00467654 0.999986 0.000343662 -0.0168083 0.0440463
FixedParameters: 0 0 0

#Transform 154
Transform: AffineTransform_float_3_3
Parameters: 0.999995 -1.51855e-05 0.00293596 1.81421e-06 0.99999 0.00449102 -0.00293604 -0.00449097 0.999985 -0.0180253 -0.023747 0.0402708
FixedParameters: 0 0 0

#Transform 155
Transform: AffineTransform_float_3_3
Parameters: 0.999995 -0.000211634 0.0031111 0.00019736 0.999991 0.00438264 -0.00311289 -0.00438136 0.999985 -0.00712941 0.0287416 0.0332617
FixedParameters: 0 0 0

#Transform 156
Transform: AffineTransform_float_3_3
Parameters: 0.999996 -0.000577453 0.00282508 0.000562549 0.999987 0.00511361 -0.00282791 -0.00511239 0.999983 0.00814202 -0.0627094 0.0274097
FixedParameters: 0 0 0

#Transform 157
Transform: AffineTransform_float_3_3
Parameters: 0.999997 -0.000327236 0.00269054 0.000315767 0.999989 0.00454686 -0.00269146 -0.00454613 0.999986 0.00853399 0.0546305 0.0223286
FixedParameters: 0 0 0

#Transform 158
Transform: AffineTransform_float_3_3
Parameters: 0.999998 -0.00100332 0.00208883 0.00098368 0.999957 0.00922908 -0.00209817 -0.00922692 0.999955 0.0520904 -0.0704485 0.187049
FixedParameters: 0 0 0

#Transform 159
Transform: AffineTransform_float_3_3
Parameters: 0.999996 -0.00200149 0.00197747 0.0019815 0.999945 0.01031 -0.00199853 -0.010306 0.999945 0.0657881 -0.191286 0.195938
FixedParameters: 0 0 0

#Transform 160
Transform: AffineTransform_float_3_3
Parameters: 0.999997 -0.00150917 0.00202425 0.00149582 0.999978 0.00649305 -0.00203475 -0.00648995 0.999977 0.0487197 -0.0160901 0.0926481
FixedParameters: 0 0 0

#Transform 161
Transform: AffineTransform_float_3_3
Parameters: 0.999996 -0.00164105 0.00203797 0.00162595 0.999971 0.00736533 -0.00205003 -0.00736166 0.999971 0.0469537 -0.0796702 0.0842537
FixedParameters: 0 0 0

#Transform 162
Transform: AffineTransform_float_3_3
Parameters: 0.999997 -0.00138737 0.00235343 0.00137063 0.999975 0.00694225 -0.00236357 -0.00693875 0.999973 0.0378496 0.0167748 0.0825932
FixedParameters: 0 0 0

#Transform 163
Transform: AffineTransform_float_3_3
Parameters: 0.999995 -0.00148518 0.00257259 0.00146682 0.999974 0.0070528 -0.00258341 -0.00704919 0.999972 0.0420586 -0.0153773 0.082742
FixedParameters: 0 0 0

#Transform 164
Transform: AffineTransform_float_3_3
Parameters: 0.999996 -0.00116893 0.00252168 0.00115308 0.99998 0.00630793 -0.00252832 -0.00630507 0.999977 0.0327234 -0.0345063 0.0526271
FixedParameters: 0 0 0

#Transform 165
Transform: AffineTransform_float_3_3
Parameters: 0.999997 -0.00164118 0.00210224 0.00162581 0.999972 0.00720344 -0.00211476 -0.00719955 0.999972 0.0541511 -0.0630174 0.0537493
FixedParameters: 0 0 0

#Transform 166
Transform: AffineTransform_float_3_3
Parameters: 0.999997 -0.00141497 0.00210702 0.00140002 0.999974 0.00709197 -0.00211698 -0.00708902 0.999972 0.043569 0.0241621 0.051892
FixedParameters: 0 0 0

#Transform 167
Transform: AffineTransform_float_3_3
Parameters: 0.999997 -0.00164157 0.00189059 0.00162543 0.999965 0.00820809 -0.0019044 -0.0082049 0.999964 0.0558306 -0.0543702 0.0575915
FixedParameters: 0 0 0

#Transform 168
Transform: AffineTransform_float_3_3
Parameters: 0.999996 -0.00180986 0.00208821 0.00179514 0.999973 0.00709577 -0.00210079 -0.00709222 0.999972 0.0574829 -0.00772624 0.047261
FixedParameters: 0 0 0

#Transform 169
Transform: AffineTransform_float_3_3
Parameters: 0.999997 -0.00174299 0.002017 0.00172901 0.999974 0.00691551 -0.002029 -0.00691249 0.999974 0.0604033 -0.0534246 0.0141989
FixedParameters: 0 0 0

#Transform 170
Transform: AffineTransform_float_3_3
Parameters: 0.999996 -0.00157904 0.00208619 0.00156596 0.99998 0.00623829 -0.00209581 -0.00623472 0.999979 0.0573117 -0.00647548 0.0193445
FixedParameters: 0 0 0

#Transform 171
Transform: AffineTransform_float_3_3
Parameters: 0.999997 -0.00149734 0.00205305 0.00148466 0.999981 0.00600107 -0.00206194 -0.00599793 0.99998 0.0491127 0.0111671 0.0156701
FixedParameters: 0 0 0

#Transform 172
Transform: AffineTransform_float_3_3
Parameters: 0.999997 -0.00146855 0.00200459 0.00145745 0.999983 0.00575094 -0.00201341 -0.00574807 0.999982 0.0523683 -0.0766945 -0.00747297
FixedParameters: 0 0 0

#Transform 173
Transform: AffineTransform_float_3_3
Parameters: 0.999998 -0.00133497 0.00179737 0.00132602 0.999986 0.00498539 -0.00180463 -0.0049826 0.999986 0.0573023 0.028744 -0.00668973
FixedParameters: 0 0 0

#Transform 174
Transform: AffineTransform_float_3_3
Parameters: 0.999996 -0.00189825 0.00179628 0.00188975 0.999985 0.00513541 -0.00180672 -0.00513159 0.999985 0.0629471 -0.0790558 0.00325117
FixedParameters: 0 0 0

#Transform 175
Transform: AffineTransform_float_3_3
Parameters: 0.999997 -0.00222696 0.00123879 0.00221903 0.999977 0.00639377 -0.00125321 -0.00639123 0.999979 0.080831 -0.0476972 0.113157
FixedParameters: 0 0 0

#Transform 176
Transform: AffineTransform_float_3_3
Parameters: 0.999998 -0.00161266 0.00110333 0.00160634 0.99998 0.00601078 -0.00111267 -0.00600822 0.999982 0.0709077 0.0581196 0.00167603
FixedParameters: 0 0 0

#Transform 177
Transform: AffineTransform_float_3_3
Parameters: 0.999998 -0.00167517 0.00109107 0.00166783 0.999977 0.00654083 -0.00110193 -0.00653917 0.999978 0.0677235 -0.0505131 0.00328428
FixedParameters: 0 0 0

#Transform 178
Transform: AffineTransform_float_3_3
Parameters: 0.999998 -0.00199284 0.000706255 0.00198916 0.999984 0.00539742 -0.000717744 -0.00539559 0.999985 0.0609289 0.0400979 -0.0146078
FixedParameters: 0 0 0

#Transform 179
Transform: AffineTransform_float_3_3
Parameters: 0.999999 -0.00138894 0.0010381 0.00138305 0.999983 0.00570344 -0.0010469 -0.00570155 0.999983 0.0408891 -0.0662279 -0.0454006
FixedParameters: 0 0 0

#Transform 180
Transform: AffineTransform_float_3_3
Parameters: 0.999998 -0.00109154 0.00129167 0.00108446 0.999983 0.00582041 -0.00129833 -0.0058196 0.999982 0.0347857 -0.0479493 -0.0326754
FixedParameters: 0 0 0

#Transform 181
Transform: AffineTransform_float_3_3
Parameters: 0.999999 -0.00111989 0.00149713 0.00111211 0.999985 0.00525967 -0.00150287 -0.00525832 0.999985 0.0339394 0.000819073 -0.0545846
FixedParameters: 0 0 0

#Transform 182
Transform: AffineTransform_float_3_3
Parameters: 0.999998 -0.00130773 0.00154666 0.00129927 0.999984 0.00563302 -0.00155334 -0.00563098 0.999983 0.0363455 -0.0498738 -0.0309779
FixedParameters: 0 0 0

#Transform 183
Transform: AffineTransform_float_3_3
Parameters: 0.999997 -0.0011605 0.00190023 0.0011505 0.999987 0.0049942 -0.00190577 -0.0049928 0.999985 0.0322142 0.0165056 -0.0197844
FixedParameters: 0 0 0

#Transform 184
Transform: AffineTransform_float_3_3
Parameters: 0.999998 -0.0010712 0.00199904 0.0010598 0.999984 0.00559613 -0.00200496 -0.00559487 0.999983 0.0272428 -0.0306018 -0.0349134
FixedParameters: 0 0 0

#Transform 185
Transform: AffineTransform_float_3_3
Parameters: 0.999999 -0.000935383 0.00156762 0.00092762 0.999988 0.00470346 -0.00157138 -0.00470253 0.999987 0.0234597 0.00050945 -0.0409405
FixedParameters: 0 0 0

#Transform 186
Transform: AffineTransform_float_3_3
Parameters: 0.999998 -0.000972417 0.00173531 0.000964584 0.999988 0.00484468 -0.00173969 -0.00484332 0.999987 0.0202719 0.00741564 -0.046445
FixedParameters: 0 0 0

#Transform 187
Transform: AffineTransform_float_3_3
Parameters: 0.999999 -0.000971856 0.00156716 0.000964144 0.999987 0.00500652 -0.00157185 -0.00500448 0.999986 0.0165904 -0.0436755 -0.0482597
FixedParameters: 0 0 0

#Transform 188
Transform: AffineTransform_float_3_3
Parameters: 0.999998 -0.000808231 0.00156829 0.000800771 0.999989 0.00460526 -0.0015717 -0.00460474 0.999988 0.0235748 0.0285795 -0.0163283
FixedParameters: 0 0 0

#Transform 189
Transform: AffineTransform_float_3_3
Parameters: 0.999998 -0.00122692 0.00169156 0.00121808 0.999986 0.00526607 -0.00169744 -0.00526393 0.999984 0.0385927 -0.0117599 -0.0154917
FixedParameters: 0 0 0

#Transform 190
Transform: AffineTransform_float_3_3
Parameters: 0.999998 -0.000723494 0.00156811 0.000714507 0.999985 0.00541013 -0.00157189 -0.00540987 0.999984 0.0139979 -0.0439383 -0.0350268
FixedParameters: 0 0 0

#Transform 191
Transform: AffineTransform_float_3_3
Parameters: 0.999999 -0.000816479 0.00156813 0.000808524 0.999989 0.00476328 -0.00157187 -0.00476273 0.999988 0.0122963 0.00321951 -0.0419319
FixedParameters: 0 0 0

#Transform 192
Transform: AffineTransform_float_3_3
Parameters: 0.999999 -0.000796491 0.00156822 0.000788511 0.999989 0.00477125 -0.00157178 -0.00476976 0.999988 0.0167729 -0.0312804 -0.0455131
FixedParameters: 0 0 0

#Transform 193
Transform: AffineTransform_float_3_3
Parameters: 0.999999 -0.000891654 0.00128641 0.000885348 0.999987 0.00516415 -0.00129059 -0.00516286 0.999986 0.0256521 -0.0106715 0.0199479
FixedParameters: 0 0 0

#Transform 194
Transform: AffineTransform_float_3_3
Parameters: 0.999998 -0.00145799 0.00141986 0.00145101 0.999987 0.00490907 -0.00142714 -0.00490693 0.999987 0.0349228 -0.049829 0.0155925
FixedParameters: 0 0 0

#Transform 195
Transform: AffineTransform_float_3_3
Parameters: 0.999999 -0.00089058 0.00156828 0.000883423 0.999991 0.00419039 -0.00157172 -0.00418961 0.99999 0.0233197 0.0398347 -0.0210595
FixedParameters: 0 0 0

#Transform 196
Transform: AffineTransform_float_3_3
Parameters: 0.999998 -0.00145034 0.000898021 0.00144566 0.999988 0.00481931 -0.000904976 -0.0048177 0.999988 0.0469322 -0.0967806 -0.0289075
FixedParameters: 0 0 0

#Transform 197
Transform: AffineTransform_float_3_3
Parameters: 0.999999 -0.000953983 0.00092491 0.000950017 0.999991 0.00429689 -0.000929091 -0.00429612 0.999991 0.0351748 0.0386841 -0.0107747
FixedParameters: 0 0 0

#Transform 198
Transform: AffineTransform_float_3_3
Parameters: 0.999999 -0.000627761 0.00120101 0.00062124 0.999989 0.00479075 -0.00120399 -0.00479025 0.999988 0.0274846 0.00361184 0.00292487
FixedParameters: 0 0 0

#Transform 199
Transform: AffineTransform_float_3_3
Parameters: 0.999999 -0.000460318 0.00174809 0.000452684 0.999991 0.0041838 -0.00174991 -0.0041832 0.999989 0.0105636 -0.0149352 -0.065941
FixedParameters: 0 0 0

#Transform 200
Transform: AffineTransform_float_3_3
Parameters: 0.999998 -0.000774729 0.001729 0.000768271 0.999992 0.00388934 -0.001732 -0.00388767 0.999991 0.0229421 0.0625223 0.0082923
FixedParameters: 0 0 0

#Transform 201
Transform: AffineTransform_float_3_3
Parameters: 0.999999 -0.000685764 0.00167725 0.000678237 0.999991 0.00403014 -0.00167975 -0.00402886 0.999991 0.0226743 0.00518373 -0.00414316
FixedParameters: 0 0 0

#Transform 202
Transform: AffineTransform_float_3_3
Parameters: 0.999998 -0.000424011 0.00162819 0.00041699 0.99999 0.00430369 -0.00162981 -0.00430332 0.99999 0.0302533 -0.0125489 -0.00743651
FixedParameters: 0 0 0

#Transform 203
Transform: AffineTransform_float_3_3
Parameters: 0.999999 -0.000589162 0.00121102 0.000582839 0.999987 0.00508171 -0.00121398 -0.00508129 0.999987 0.039042 0.0112586 0.0334075
FixedParameters: 0 0 0

#Transform 204
Transform: AffineTransform_float_3_3
Parameters: 0.999997 -0.00165919 0.00175831 0.00165081 0.999988 0.00464991 -0.00176569 -0.00464708 0.999987 0.0679015 -0.0184664 0.252166
FixedParameters: 0 0 0

#Transform 205
Transform: AffineTransform_float_3_3
Parameters: 0.999996 -0.00233676 0.00162015 0.00233224 0.999993 0.00293479 -0.00162785 -0.00293021 0.999995 0.0836656 0.0450962 0.363066
FixedParameters: 0 0 0

#Transform 206
Transform: AffineTransform_float_3_3
Parameters: 0.999999 -0.00165901 0.000606833 0.00165599 0.999987 0.00492801 -0.000615167 -0.00492699 0.999987 0.0677584 0.0199983 0.190993
FixedParameters: 0 0 0

#Transform 207
Transform: AffineTransform_float_3_3
Parameters: 0.999999 -0.00145647 0.000117347 0.00145653 0.999992 0.00388218 -0.000123655 -0.00388183 0.999993 0.0679844 0.0849632 0.151662
FixedParameters: 0 0 0

#Transform 208
Transform: AffineTransform_float_3_3
Parameters: 0.999999 -0.00184952 0.000114967 0.00184948 0.999989 0.00434422 -0.000123035 -0.00434378 0.99999 0.0577311 -0.0306112 0.151679
FixedParameters: 0 0 0

#Transform 209
Transform: AffineTransform_float_3_3
Parameters: 0.999996 -0.00256179 0.00105302 0.00255621 0.999982 0.00546571 -0.00106698 -0.00546228 0.999984 0.095334 -0.0569235 0.233623
FixedParameters: 0 0 0

#Transform 210
Transform: AffineTransform_float_3_3
Parameters: 0.999998 -0.00218305 0.000565373 0.00218095 0.999984 0.00533025 -0.000577631 -0.00532875 0.999985 0.0716747 0.154546 0.204317
FixedParameters: 0 0 0

#Transform 211
Transform: AffineTransform_float_3_3
Parameters: 0.999998 -0.00189647 -0.00029692 0.00189753 0.999984 0.00522845 0.000287081 -0.00522955 0.999987 0.0607016 -0.0481982 0.142415
FixedParameters: 0 0 0

#Transform 212
Transform: AffineTransform_float_3_3
Parameters: 0.999998 -0.0015928 -0.000474459 0.0015952 0.999988 0.00467925 0.000467539 -0.00468075 0.999989 0.0486792 0.0645402 0.125179
FixedParameters: 0 0 0

#Transform 213
Transform: AffineTransform_float_3_3
Parameters: 0.999998 -0.00182495 -0.000474937 0.00182705 0.999989 0.00434614 0.000467062 -0.00434786 0.999991 0.0581438 -0.015035 0.115078
FixedParameters: 0 0 0

#Transform 214
Transform: AffineTransform_float_3_3
Parameters: 0.999998 -0.00156287 0.00057596 0.00156113 0.999993 0.0032269 -0.00058104 -0.00322609 0.999994 0.0378837 0.0485884 0.123216
FixedParameters: 0 0 0

#Transform 215
Transform: AffineTransform_float_3_3
Parameters: 0.999998 -0.0013977 0.000805335 0.0013953 0.999994 0.00334113 -0.000809665 -0.00333987 0.999994 0.0379133 0.0302855 0.116054
FixedParameters: 0 0 0

#Transform 216
Transform: AffineTransform_float_3_3
Parameters: 0.999998 -0.0019497 0.000803491 0.00194731 0.999993 0.00334157 -0.000809511 -0.00334043 0.999994 0.0472348 0.0133416 0.116037
FixedParameters: 0 0 0

#Transform 217
Transform: AffineTransform_float_3_3
Parameters: 0.999999 -0.0012742 0.00134704 0.0012698 0.999995 0.00311372 -0.00135096 -0.00311229 0.999994 0.036573 0.0411163 0.110518
FixedParameters: 0 0 0

#Transform 218
Transform: AffineTransform_float_3_3
Parameters: 0.999997 -0.00132067 0.0021325 0.00131533 0.999995 0.00265681 -0.0021365 -0.00265419 0.999994 0.0252687 -0.0182489 0.100702
FixedParameters: 0 0 0

#Transform 219
Transform: AffineTransform_float_3_3
Parameters: 0.999997 -0.00146041 0.00157793 0.00145559 0.999995 0.0027923 -0.00158207 -0.0027897 0.999995 0.0362538 0.0701803 0.104422
FixedParameters: 0 0 0

#Transform 220
Transform: AffineTransform_float_3_3
Parameters: 0.999999 -0.00156916 0.000953826 0.00156584 0.999994 0.0033015 -0.000959175 -0.0033005 0.999994 0.0436161 0.00837328 0.114903
FixedParameters: 0 0 0

#Transform 221
Transform: AffineTransform_float_3_3
Parameters: 0.999998 -0.00145855 0.00126793 0.00145445 0.999995 0.00279285 -0.00127207 -0.00279115 0.999996 0.0388223 0.0757703 0.115096
FixedParameters: 0 0 0

#Transform 222
Transform: AffineTransform_float_3_3
Parameters: 0.999997 -0.00148411 0.00164831 0.00147989 0.999996 0.00249044 -0.00165169 -0.00248855 0.999995 0.0214654 0.0388771 0.0993131
FixedParameters: 0 0 0

#Transform 223
Transform: AffineTransform_float_3_3
Parameters: 0.999997 -0.0019902 0.00140548 0.0019878 0.999995 0.0022758 -0.00141052 -0.0022722 0.999997 0.0417695 0.0577523 0.113479
FixedParameters: 0 0 0

#Transform 224
Transform: AffineTransform_float_3_3
Parameters: 0.999998 -0.00117517 0.00151154 0.00117183 0.999997 0.00209677 -0.00151346 -0.00209522 0.999996 0.0246179 0.0888051 0.128567
FixedParameters: 0 0 0

#Transform 225
Transform: AffineTransform_float_3_3
Parameters: 0.999998 -0.00151953 0.000833404 0.00151747 0.999995 0.00302727 -0.000838596 -0.00302573 0.999995 0.0386053 -0.0263492 0.126277
FixedParameters: 0 0 0

#Transform 226
Transform: AffineTransform_float_3_3
Parameters: 0.999999 -0.00109002 0.00148206 0.00108598 0.999995 0.00270761 -0.00148495 -0.00270639 0.999995 0.0224084 0.0735743 0.128505
FixedParameters: 0 0 0

#Transform 227
Transform: AffineTransform_float_3_3
Parameters: 0.999997 -0.00152033 0.00152369 0.00151767 0.999997 0.00218232 -0.00152731 -0.00217969 0.999997 0.0373211 0.045598 0.134859
FixedParameters: 0 0 0

#Transform 228
Transform: AffineTransform_float_3_3
Parameters: 0.999998 -0.00152082 0.00147407 0.00151718 0.999996 0.00258924 -0.00147793 -0.00258676 0.999995 0.0411713 0.0397262 0.130434
FixedParameters: 0 0 0

#Transform 229
Transform: AffineTransform_float_3_3
Parameters: 0.999997 -0.0020128 0.00148784 0.00200519 0.999987 0.00455999 -0.00149716 -0.004557 0.999988 0.0552821 -0.0568741 0.173041
FixedParameters: 0 0 0

#Transform 230
Transform: AffineTransform_float_3_3
Parameters: 0.999994 -0.00277043 0.0017066 0.00275356 0.999951 0.00955775 -0.00173339 -0.00955325 0.999953 0.0847129 -0.0400999 0.325695
FixedParameters: 0 0 0

#Transform 231
Transform: AffineTransform_float_3_3
Parameters: 0.999996 -0.00207749 0.00156346 0.0020675 0.999979 0.00604925 -0.00157653 -0.00604575 0.999981 0.0681672 0.0757541 0.23244
FixedParameters: 0 0 0

#Transform 232
Transform: AffineTransform_float_3_3
Parameters: 0.999997 -0.00188759 0.00156047 0.00187741 0.99998 0.00612495 -0.00157253 -0.00612205 0.99998 0.0662352 0.0433131 0.230872
FixedParameters: 0 0 0

#Transform 233
Transform: AffineTransform_float_3_3
Parameters: 0.999997 -0.00177926 0.00162895 0.00177075 0.999983 0.0056649 -0.00163905 -0.0056621 0.999982 0.0616504 0.0154388 0.213875
FixedParameters: 0 0 0

#Transform 234
Transform: AffineTransform_float_3_3
Parameters: 0.999997 -0.00195335 0.0016059 0.00194465 0.999984 0.00518514 -0.0016151 -0.00518186 0.999986 0.0653908 0.0969966 0.212974
FixedParameters: 0 0 0

#Transform 235
Transform: AffineTransform_float_3_3
Parameters: 0.999997 -0.00199308 0.00147615 0.00198492 0.999983 0.00545795 -0.00148685 -0.00545505 0.999984 0.0623772 -0.00263229 0.222558
FixedParameters: 0 0 0

#Transform 236
Transform: AffineTransform_float_3_3
Parameters: 0.999998 -0.00172012 0.00148078 0.00171289 0.999987 0.00479255 -0.00148823 -0.00479045 0.999988 0.0555109 0.0849644 0.204846
FixedParameters: 0 0 0

#Transform 237
Transform: AffineTransform_float_3_3
Parameters: 0.999996 -0.00173094 0.00191506 0.00172106 0.999985 0.00518131 -0.00192394 -0.00517769 0.999984 0.0559519 -0.00123134 0.194664
FixedParameters: 0 0 0

#Transform 238
Transform: AffineTransform_float_3_3
Parameters: 0.999998 -0.00137741 0.00131532 0.00137159 0.999987 0.00486282 -0.00132169 -0.00486119 0.999988 0.0538442 0.07367 0.201557
FixedParameters: 0 0 0

#Transform 239
Transform: AffineTransform_float_3_3
Parameters: 0.999997 -0.00162639 0.00140062 0.00161961 0.999989 0.00454928 -0.00140838 -0.00454672 0.999988 0.0547866 0.00406085 0.183878
FixedParameters: 0 0 0

#Transform 240
Transform: AffineTransform_float_3_3
Parameters: 0.999996 -0.00198802 0.00167772 0.00198098 0.99999 0.00417534 -0.00168628 -0.00417166 0.99999 0.0562838 0.0136196 0.163197
FixedParameters: 0 0 0

#Transform 241
Transform: AffineTransform_float_3_3
Parameters: 0.999996 -0.00226026 0.00160924 0.00225374 0.99999 0.00388364 -0.00161776 -0.00387936 0.999991 0.0654585 0.0269725 0.161213
FixedParameters: 0 0 0

#Transform 242
Transform: AffineTransform_float_3_3
Parameters: 0.999997 -0.00205454 0.00173931 0.00204746 0.999991 0.00375258 -0.00174769 -0.00374942 0.999992 0.0586915 0.0191157 0.155159
FixedParameters: 0 0 0

#Transform 243
Transform: AffineTransform_float_3_3
Parameters: 0.999997 -0.00173485 0.00161172 0.00172815 0.999992 0.0036258 -0.00161828 -0.0036232 0.999992 0.0550981 0.0679221 0.158908
FixedParameters: 0 0 0

#Transform 244
Transform: AffineTransform_float_3_3
Parameters: 0.999997 -0.00187446 0.00161052 0.00186855 0.999991 0.00399902 -0.00161748 -0.00399698 0.99999 0.0593803 0.0027333 0.153448
FixedParameters: 0 0 0

#Transform 245
Transform: AffineTransform_float_3_3
Parameters: 0.999998 -0.00170142 0.0015571 0.00169558 0.999992 0.00347365 -0.0015629 -0.00347135 0.999993 0.0570875 0.0851472 0.140487
FixedParameters: 0 0 0

#Transform 246
Transform: AffineTransform_float_3_3
Parameters: 0.999997 -0.00210276 0.00160921 0.00209624 0.999989 0.00418939 -0.00161779 -0.00418661 0.99999 0.0598206 0.0459641 0.154368
FixedParameters: 0 0 0

#Transform 247
Transform: AffineTransform_float_3_3
Parameters: 0.999997 -0.00205309 0.00149568 0.00204691 0.999989 0.00406107 -0.00150432 -0.00405792 0.99999 0.0635985 0.0130462 0.171
FixedParameters: 0 0 0

#Transform 248
Transform: AffineTransform_float_3_3
Parameters: 0.999997 -0.0019334 0.00161154 0.0019286 0.999992 0.00334612 -0.00161746 -0.00334288 0.999993 0.0513785 0.0764026 0.123336
FixedParameters: 0 0 0

#Transform 249
Transform: AffineTransform_float_3_3
Parameters: 0.999997 -0.00175552 0.00133005 0.00175048 0.999992 0.00339434 -0.00133595 -0.00339166 0.999994 0.0560825 -0.0109624 0.161605
FixedParameters: 0 0 0

#Transform 250
Transform: AffineTransform_float_3_3
Parameters: 0.999997 -0.00216077 0.00161163 0.00215524 0.999994 0.00295349 -0.00161737 -0.00294952 0.999995 0.0507648 0.0143635 0.128241
FixedParameters: 0 0 0

#Transform 251
Transform: AffineTransform_float_3_3
Parameters: 0.999996 -0.0021399 0.0017342 0.0021361 0.999995 0.00224771 -0.0017388 -0.00224429 0.999996 0.0568934 0.10374 0.147428
FixedParameters: 0 0 0

#Transform 252
Transform: AffineTransform_float_3_3
Parameters: 0.999998 -0.00159301 0.00161405 0.00158899 0.999995 0.00248457 -0.00161795 -0.00248143 0.999995 0.0460482 0.0112634 0.140319
FixedParameters: 0 0 0

#Transform 253
Transform: AffineTransform_float_3_3
Parameters: 0.999996 -0.00173017 0.00215967 0.00172583 0.999996 0.00192973 -0.00216333 -0.00192626 0.999996 0.0519365 0.144998 0.166884
FixedParameters: 0 0 0

#Transform 254
Transform: AffineTransform_float_3_3
Parameters: 0.999998 -0.00154751 0.00161368 0.00154349 0.999995 0.0027945 -0.00161732 -0.0027925 0.999995 0.0468473 -0.0254572 0.162981
FixedParameters: 0 0 0

#Transform 255
Transform: AffineTransform_float_3_3
Parameters: 0.999996 -0.00148492 0.0026616 0.00147707 0.999994 0.00297694 -0.00266641 -0.00297205 0.999992 0.0540462 0.114036 0.206248
FixedParameters: 0 0 0

#Transform 256
Transform: AffineTransform_float_3_3
Parameters: 0.999999 -0.00065846 0.00162219 0.000649536 0.999983 0.00582506 -0.00162681 -0.00582394 0.999981 0.0559462 -0.0424607 0.312115
FixedParameters: 0 0 0

#Transform 257
Transform: AffineTransform_float_3_3
Parameters: 0.999998 -0.00122201 0.00105709 0.00121598 0.999983 0.0056673 -0.00106491 -0.00566571 0.999984 0.0810396 0.125175 0.308068
FixedParameters: 0 0 0

#Transform 258
Transform: AffineTransform_float_3_3
Parameters: 1 -0.00031637 0.000483457 0.000314627 0.999988 0.00489415 -0.000485545 -0.00489385 0.999988 0.0668412 0.0113655 0.234121
FixedParameters: 0 0 0

#Transform 259
Transform: AffineTransform_float_3_3
Parameters: 1 -0.000637532 0.000910232 0.000634466 0.999996 0.00277958 -0.000912767 -0.00277842 0.999995 0.055269 0.0965944 0.199649
FixedParameters: 0 0 0

#Transform 260
Transform: AffineTransform_float_3_3
Parameters: 1 -0.000920682 0.00050394 0.000919318 0.999994 0.00332747 -0.000507062 -0.00332654 0.999995 0.0597024 0.0266313 0.220408
FixedParameters: 0 0 0

#Transform 261
Transform: AffineTransform_float_3_3
Parameters: 0.999999 -0.00121759 0.000503175 0.00121641 0.999995 0.00314362 -0.000507827 -0.00314339 0.999995 0.0579304 0.090756 0.153279
FixedParameters: 0 0 0

#Transform 262
Transform: AffineTransform_float_3_3
Parameters: 0.999998 -0.00142322 0.00178886 0.00141878 0.999994 0.00291755 -0.00179315 -0.00291546 0.999994 0.0658951 0.0764319 0.262918
FixedParameters: 0 0 0

#Transform 263
Transform: AffineTransform_float_3_3
Parameters: 0.999999 -0.00119198 0.000955295 0.00118902 0.999995 0.00311214 -0.000958705 -0.00311186 0.999994 0.0417749 0.0327761 0.240429
FixedParameters: 0 0 0

#Transform 264
Transform: AffineTransform_float_3_3
Parameters: 1 -0.000888434 0.000627976 0.000886566 0.999997 0.00228056 -0.000630023 -0.00227944 0.999997 0.0315671 0.121365 0.162497
FixedParameters: 0 0 0

#Transform 265
Transform: AffineTransform_float_3_3
Parameters: 1 -0.000456431 0.000302349 0.000456569 0.999999 0.00142614 -0.000302651 -0.00142586 0.999999 0.0392794 0.0445357 0.195779
FixedParameters: 0 0 0

#Transform 266
Transform: AffineTransform_float_3_3
Parameters: 1 -0.000702042 0.000734005 0.000700958 0.999998 0.00141951 -0.000734995 -0.00141848 0.999998 0.0206673 0.0452559 0.11736
FixedParameters: 0 0 0

#Transform 267
Transform: AffineTransform_float_3_3
Parameters: 1 -0.000871262 0.000733504 0.00087074 0.999998 0.00171864 -0.000734497 -0.00171736 0.999999 0.0271805 0.102704 0.174509
FixedParameters: 0 0 0

#Transform 268
Transform: AffineTransform_float_3_3
Parameters: 1 -0.000871253 0.000733516 0.000870749 0.999998 0.00170564 -0.000734487 -0.00170536 0.999999 0.0214832 0.0375888 0.143304
FixedParameters: 0 0 0

#Transform 269
Transform: AffineTransform_float_3_3
Parameters: 0.999999 -0.00087209 0.00101821 0.00086991 0.999998 0.00205189 -0.00101979 -0.00205011 0.999998 0.0253125 0.0133056 0.168655
FixedParameters: 0 0 0

#Transform 270
Transform: AffineTransform_float_3_3
Parameters: 0.999999 -0.00114634 0.000781583 0.00114366 0.999995 0.0029849 -0.000785417 -0.0029841 0.999995 0.0309648 0.0478549 0.223893
FixedParameters: 0 0 0

#Transform 271
Transform: AffineTransform_float_3_3
Parameters: 0.999998 -0.00167155 0.000141672 0.00167045 0.999992 0.00378624 -0.000148325 -0.00378576 0.999993 0.0400056 0.0838165 0.237873
FixedParameters: 0 0 0

#Transform 272
Transform: AffineTransform_float_3_3
Parameters: 0.999999 -0.000837222 7.86619e-05 0.000836776 0.999995 0.00279307 -8.13374e-05 -0.00279293 0.999996 0.0314652 -0.00257939 0.214402
FixedParameters: 0 0 0

#Transform 273
Transform: AffineTransform_float_3_3
Parameters: 0.999998 -0.00124886 0.00104497 0.00124814 0.999999 0.000824305 -0.00104603 -0.000822695 0.999999 0.0297051 0.0992396 0.187372
FixedParameters: 0 0 0

#Transform 274
Transform: AffineTransform_float_3_3
Parameters: 0.999998 -0.00121851 0.00111736 0.00121749 0.999999 0.00134836 -0.00111964 -0.00134764 0.999999 0.023635 0.0211478 0.173333
FixedParameters: 0 0 0

#Transform 275
Transform: AffineTransform_float_3_3
Parameters: 0.999999 -0.00100874 0.00111743 0.00100726 0.999999 0.00155713 -0.00111957 -0.00155587 0.999998 0.0229673 0.121692 0.188197
FixedParameters: 0 0 0

#Transform 276
Transform: AffineTransform_float_3_3
Parameters: 0.999987 -0.00175538 0.00489316 0.00173962 0.999993 0.00334956 -0.00489885 -0.00334145 0.999983 0.056412 0.0429762 0.299885
FixedParameters: 0 0 0

#Transform 277
Transform: AffineTransform_float_3_3
Parameters: 0.999984 -0.00220922 0.00532903 0.00218478 0.999988 0.00454672 -0.00533898 -0.00453528 0.999976 0.0652837 0.0606734 0.315753
FixedParameters: 0 0 0

#Transform 278
Transform: AffineTransform_float_3_3
Parameters: 0.999994 -0.00254882 0.00240726 0.00253117 0.999969 0.00737913 -0.00242674 -0.00737286 0.99997 0.0763155 0.0381031 0.391968
FixedParameters: 0 0 0

#Transform 279
Transform: AffineTransform_float_3_3
Parameters: 0.999994 -0.00285044 0.00167332 0.00283657 0.999964 0.00797779 -0.00169568 -0.00797321 0.999967 0.0808146 0.0929411 0.392265
FixedParameters: 0 0 0

#Transform 280
Transform: AffineTransform_float_3_3
Parameters: 0.999996 -0.00242692 0.00145385 0.00241808 0.999983 0.00542754 -0.00146714 -0.00542346 0.999984 0.0601892 -0.0113054 0.295214
FixedParameters: 0 0 0

#Transform 281
Transform: AffineTransform_float_3_3
Parameters: 0.999996 -0.00206426 0.00158601 0.00205473 0.999981 0.00582128 -0.00159798 -0.00581772 0.999982 0.0517459 0.077758 0.287463
FixedParameters: 0 0 0

#Transform 282
Transform: AffineTransform_float_3_3
Parameters: 0.999995 -0.00210887 0.00208506 0.00209913 0.999986 0.00472539 -0.00209494 -0.0047216 0.999986 0.0558102 -0.00333391 0.255883
FixedParameters: 0 0 0

#Transform 283
Transform: AffineTransform_float_3_3
Parameters: 0.999997 -0.00199249 0.00187507 0.00198551 0.99999 0.00398774 -0.00188393 -0.00398426 0.999991 0.0584898 0.085926 0.267635
FixedParameters: 0 0 0

#Transform 284
Transform: AffineTransform_float_3_3
Parameters: 0.999997 -0.00199479 0.00187369 0.00198621 0.999987 0.00467974 -0.00188331 -0.00467626 0.999988 0.0573587 0.0254633 0.252932
FixedParameters: 0 0 0

#Transform 285
Transform: AffineTransform_float_3_3
Parameters: 0.999996 -0.00186606 0.00179063 0.00185793 0.999988 0.00449434 -0.00179937 -0.00449166 0.999989 0.0475098 0.0640285 0.228414
FixedParameters: 0 0 0

#Transform 286
Transform: AffineTransform_float_3_3
Parameters: 0.999996 -0.00207401 0.00187417 0.00206599 0.999989 0.00426589 -0.00188382 -0.00426111 0.999989 0.0542073 0.0554601 0.219153
FixedParameters: 0 0 0

#Transform 287
Transform: AffineTransform_float_3_3
Parameters: 0.999997 -0.00194521 0.00187556 0.00193779 0.999991 0.00383565 -0.00188344 -0.00383235 0.999991 0.0557054 0.108917 0.230182
FixedParameters: 0 0 0

#Transform 288
Transform: AffineTransform_float_3_3
Parameters: 0.999996 -0.0020911 0.00187511 0.00208389 0.99999 0.00378192 -0.00188389 -0.00377807 0.999991 0.0492158 0.0701847 0.217267
FixedParameters: 0 0 0

#Transform 289
Transform: AffineTransform_float_3_3
Parameters: 0.999997 -0.00109989 0.00188015 0.00109511 0.999996 0.00260106 -0.00188385 -0.00259893 0.999995 0.0492789 0.0863192 0.197852
FixedParameters: 0 0 0

#Transform 290
Transform: AffineTransform_float_3_3
Parameters: 0.999996 -0.000247826 0.00281749 0.000242174 0.999998 0.00206769 -0.00281851 -0.00206731 0.999994 0.0216587 0.0949632 0.172117
FixedParameters: 0 0 0

#Transform 291
Transform: AffineTransform_float_3_3
Parameters: 0.999999 -0.000528469 0.00144337 0.000523532 0.999995 0.00309476 -0.00144463 -0.00309424 0.999994 0.0273908 0.00258955 0.2033
FixedParameters: 0 0 0

#Transform 292
Transform: AffineTransform_float_3_3
Parameters: 0.999999 -0.000740531 0.00107125 0.000737468 0.999997 0.00236079 -0.00107374 -0.00236021 0.999996 0.0248988 0.0930164 0.199297
FixedParameters: 0 0 0

#Transform 293
Transform: AffineTransform_float_3_3
Parameters: 0.999998 -0.000583966 0.00151047 0.000580032 0.999997 0.00262488 -0.00151253 -0.00262412 0.999996 0.0179722 0.00988805 0.193192
FixedParameters: 0 0 0

#Transform 294
Transform: AffineTransform_float_3_3
Parameters: 0.999998 -0.000448503 0.00159402 0.000445496 0.999998 0.00219771 -0.00159498 -0.00219629 0.999997 0.0193611 0.096134 0.182258
FixedParameters: 0 0 0

#Transform 295
Transform: AffineTransform_float_3_3
Parameters: 0.999998 -0.000418014 0.00152945 0.000415984 0.999999 0.00131764 -0.00153055 -0.00131636 0.999998 0.0197802 0.0360972 0.180998
FixedParameters: 0 0 0

#Transform 296
Transform: AffineTransform_float_3_3
Parameters: 0.999999 0.000372076 0.00130555 -0.000373924 0.999999 0.00147351 -0.00130545 -0.00147449 0.999998 -0.0124008 0.0854912 0.178582
FixedParameters: 0 0 0

#Transform 297
Transform: AffineTransform_float_3_3
Parameters: 0.999999 -0.000175617 0.00130478 0.000174383 0.999999 0.00123923 -0.00130522 -0.00123877 0.999999 0.00586876 0.0730224 0.151072
FixedParameters: 0 0 0

#Transform 298
Transform: AffineTransform_float_3_3
Parameters: 1 -0.000336496 0.00106184 0.000335504 1 0.000467357 -0.00106216 -0.000466643 1 0.00799883 0.0924848 0.148175
FixedParameters: 0 0 0

#Transform 299
Transform: AffineTransform_float_3_3
Parameters: 1 -0.000429479 0.0010258 0.000428521 1 0.00046744 -0.0010262 -0.00046656 1 0.00784321 0.10547 0.150403
FixedParameters: 0 0 0

#Transform 300
Transform: AffineTransform_float_3_3
Parameters: 1 -0.000552569 0.00100869 0.000552431 0.999999 0.000564558 -0.00100931 -0.000563443 1 0.00755568 0.0597809 0.152651
FixedParameters: 0 0 0

#Transform 301
Transform: AffineTransform_float_3_3
Parameters: 1 -0.000325389 0.000606791 0.000324611 0.999999 0.000641197 -0.000607208 -0.000640802 0.999999 0.00302757 0.102569 0.143381
FixedParameters: 0 0 0

#Transform 302
Transform: AffineTransform_float_3_3
Parameters: 0.999999 -0.00063234 0.000525591 0.000631661 1 0.000646332 -0.000525408 -0.000645668 0.999999 0.0138296 0.0178744 0.134149
FixedParameters: 0 0 0

#Transform 303
Transform: AffineTransform_float_3_3
Parameters: 0.999999 -0.000551131 0.000592878 0.000550869 1 0.000221327 -0.000593121 -0.000220673 1 0.00941275 0.0864011 0.13669
FixedParameters: 0 0 0

#Transform 304
Transform: AffineTransform_float_3_3
Parameters: 0.999999 -0.000455235 0.000621828 0.000454765 1 0.000378283 -0.000622172 -0.000378717 0.999999 0.00323725 0.0450287 0.127345
FixedParameters: 0 0 0

#Transform 305
Transform: AffineTransform_float_3_3
Parameters: 0.999999 -0.000477309 0.000662777 0.00047669 1 0.000467316 -0.000662222 -0.000466684 0.999999 0.00469353 0.0438623 0.138961
FixedParameters: 0 0 0

#Transform 306
Transform: AffineTransform_float_3_3
Parameters: 0.999999 -0.000528338 0.000823782 0.000528661 1 0.000411435 -0.000823216 -0.000410565 0.999999 0.00689596 0.0928263 0.136696
FixedParameters: 0 0 0

#Transform 307
Transform: AffineTransform_float_3_3
Parameters: 0.999999 -0.000632299 0.000640704 0.0006317 0.999999 0.000467405 -0.000640294 -0.000466595 0.999999 0.00624554 0.0204505 0.12086
FixedParameters: 0 0 0

#Transform 308
Transform: AffineTransform_float_3_3
Parameters: 1 -0.000250917 0.000480043 0.000251083 1 -0.000172879 -0.000479956 0.00017312 1 -0.00135431 0.130242 0.129557
FixedParameters: 0 0 0

#Transform 309
Transform: AffineTransform_float_3_3
Parameters: 1 -0.000632381 0.000823708 0.00063162 0.999999 0.00046252 -0.000823292 -0.000462479 0.999999 0.00563879 0.050463 0.137228
FixedParameters: 0 0 0

#Transform 310
Transform: AffineTransform_float_3_3
Parameters: 0.999999 -0.000248028 0.00124199 0.000247971 1 2.3308e-05 -0.00124201 -2.2692e-05 0.999999 -0.0011561 0.147951 0.0941578
FixedParameters: 0 0 0

#Transform 311
Transform: AffineTransform_float_3_3
Parameters: 0.999999 -0.00106824 0.000833412 0.00106776 0.999999 0.00148789 -0.000834589 -0.00148711 0.999998 0.0183542 -0.0568108 0.137777
FixedParameters: 0 0 0

#Transform 312
Transform: AffineTransform_float_3_3
Parameters: 0.999999 -0.00106745 0.000805407 0.00106755 1 0.00055586 -0.000805593 -0.00055514 0.999999 0.0185613 0.119778 0.142212
FixedParameters: 0 0 0

#Transform 313
Transform: AffineTransform_float_3_3
Parameters: 0.999999 -0.00106769 0.000664896 0.00106731 0.999999 0.00103471 -0.000666104 -0.00103329 0.999999 0.0206904 0.00216466 0.150821
FixedParameters: 0 0 0

#Transform 314
Transform: AffineTransform_float_3_3
Parameters: 0.999999 -0.000803831 0.000628938 0.000803168 0.999999 0.00132151 -0.000630062 -0.00132149 0.999999 0.00936153 0.095233 0.175945
FixedParameters: 0 0 0

#Transform 315
Transform: AffineTransform_float_3_3
Parameters: 1 -0.000635085 6.41592e-05 0.000634915 0.999999 0.00132404 -6.48407e-05 -0.00132396 0.999999 0.00545152 0.0323174 0.138761
FixedParameters: 0 0 0

#Transform 316
Transform: AffineTransform_float_3_3
Parameters: 0.999999 -0.000670093 0.000265765 0.000669906 0.999999 0.000350178 -0.000266234 -0.000349822 1 0.00161353 0.097454 0.126019
FixedParameters: 0 0 0

#Transform 317
Transform: AffineTransform_float_3_3
Parameters: 0.999999 -0.000725085 8.1243e-05 0.000724915 0.999999 0.00104406 -8.17568e-05 -0.00104394 1 0.00891232 0.0947243 0.13625
FixedParameters: 0 0 0

#Transform 318
Transform: AffineTransform_float_3_3
Parameters: 0.999999 -0.000775358 0.000371253 0.000775642 0.999999 0.000964289 -0.000371748 -0.000963713 1 0.00315296 0.0673492 0.133261
FixedParameters: 0 0 0

#Transform 319
Transform: AffineTransform_float_3_3
Parameters: 0.999999 -0.000702252 0.000300413 0.000701749 1 0.000836211 -0.000300587 -0.000836789 0.999999 0.00116161 0.0510625 0.12318
FixedParameters: 0 0 0

#Transform 320
Transform: AffineTransform_float_3_3
Parameters: 1 -0.000431417 0.000380528 0.000430583 1 0.00109516 -0.000381472 -0.00109484 1 0.00537442 0.114119 0.127674
FixedParameters: 0 0 0

#Transform 321
Transform: AffineTransform_float_3_3
Parameters: 1 0.00010593 0.000549013 -0.000105071 1 0.000128942 -0.000548986 -0.000128058 1 0.00318887 0.018753 0.0615161
FixedParameters: 0 0 0

#Transform 322
Transform: AffineTransform_float_3_3
Parameters: 1 -0.000163971 -0.000291016 0.000164028 1 9.79523e-05 0.000290984 -9.80477e-05 1 0.00731919 0.0752215 0.110004
FixedParameters: 0 0 0

#Transform 323
Transform: AffineTransform_float_3_3
Parameters: 1 -0.000163911 0.000227065 0.000164089 1 -0.000393963 -0.000226935 0.000394037 1 -0.000652328 0.124167 0.109444
FixedParameters: 0 0 0

#Transform 324
Transform: AffineTransform_float_3_3
Parameters: 0.999999 -0.000267188 0.000741932 0.000266812 1 0.000253198 -0.000742067 -0.000252802 0.999999 -0.0046257 0.0423836 0.138258
FixedParameters: 0 0 0

#Transform 325
Transform: AffineTransform_float_3_3
Parameters: 1 -0.000150052 0.000616987 0.000149947 1 8.50925e-05 -0.000617012 -8.49074e-05 1 0.00637599 0.151007 0.134452
FixedParameters: 0 0 0

#Transform 326
Transform: AffineTransform_float_3_3
Parameters: 0.999999 0.000173867 0.000999022 -0.000174133 1 0.000132826 -0.000998976 -0.000133174 0.999999 -0.004432 0.0388616 0.117907
FixedParameters: 0 0 0

#Transform 327
Transform: AffineTransform_float_3_3
Parameters: 0.999999 -2.0966e-05 0.000738001 2.10339e-05 1 -4.59845e-05 -0.000737999 4.60155e-05 0.999999 -0.00591656 0.129973 0.109516
FixedParameters: 0 0 0

#Transform 328
Transform: AffineTransform_float_3_3
Parameters: 0.999999 -0.000209953 0.000965793 0.000209047 0.999999 0.000987202 -0.000965206 -0.000986797 0.999999 0.00226715 0.0839653 0.138805
FixedParameters: 0 0 0

#Transform 329
Transform: AffineTransform_float_3_3
Parameters: 1 0.000512459 0.000966288 -0.000512542 0.999999 0.000560505 -0.000965714 -0.000560495 1 -0.0144524 0.08877 0.149894
FixedParameters: 0 0 0

#Transform 330
Transform: AffineTransform_float_3_3
Parameters: 1 2.68994e-05 0.000296009 -2.71006e-05 1 0.000339992 -0.000295991 -0.000340008 1 -0.00801596 0.10899 0.118198
FixedParameters: 0 0 0

#Transform 331
Transform: AffineTransform_float_3_3
Parameters: 1 2.70069e-05 8.89979e-05 -2.69931e-05 1 -7.80024e-05 -8.90021e-05 7.79976e-05 1 -0.00789718 0.0528077 0.0924287
FixedParameters: 0 0 0

#Transform 332
Transform: AffineTransform_float_3_3
Parameters: 1 0.00011411 0.000230945 -0.00011389 1 -0.000478026 -0.000231054 0.000477974 1 -0.00887391 0.113319 0.0907493
FixedParameters: 0 0 0

#Transform 333
Transform: AffineTransform_float_3_3
Parameters: 1 2.69929e-05 8.90022e-05 -2.70071e-05 1 7.99976e-05 -8.89978e-05 -8.00024e-05 1 -0.00832903 0.0602509 0.069318
FixedParameters: 0 0 0

#Transform 334
Transform: AffineTransform_float_3_3
Parameters: 0.999999 -0.000701859 -0.000280351 0.000702139 0.999999 0.000499803 0.000279649 -0.000500196 1 0.00259308 0.0396204 0.127088
FixedParameters: 0 0 0

#Transform 335
Transform: AffineTransform_float_3_3
Parameters: 1 -0.000230073 -0.000275939 0.000229927 1 -0.000264063 0.000276061 0.000263936 1 -0.00821357 0.0955669 0.0914098
FixedParameters: 0 0 0

#Transform 336
Transform: AffineTransform_float_3_3
Parameters: 1 -4.00302e-05 -8.79863e-05 4.09698e-05 1 -0.000343004 8.80141e-05 0.000342996 1 -0.00632074 0.0812024 0.111015
FixedParameters: 0 0 0

#Transform 337
Transform: AffineTransform_float_3_3
Parameters: 1 4.41027e-05 -0.000338987 -4.38973e-05 1 0.000303015 0.000339013 -0.000302985 1 -0.0189093 0.0242981 0.0521736
FixedParameters: 0 0 0

#Transform 338
Transform: AffineTransform_float_3_3
Parameters: 1 -0.000140984 -0.000168013 0.000141016 1 9.39763e-05 0.000167987 -9.40237e-05 1 -0.00563481 0.0851007 0.113743
FixedParameters: 0 0 0

#Transform 339
Transform: AffineTransform_float_3_3
Parameters: 1 -0.000152057 -0.000219961 0.000151943 1 -0.000257033 0.000220039 0.000256967 1 -0.0025669 0.0932299 0.146655
FixedParameters: 0 0 0

#Transform 340
Transform: AffineTransform_float_3_3
Parameters: 1 -0.000331954 -0.000264058 0.000332046 1 0.000173912 0.000263942 -0.000174088 1 0.000965805 0.0629442 0.154753
FixedParameters: 0 0 0

#Transform 341
Transform: AffineTransform_float_3_3
Parameters: 1 -0.000584973 -0.000386041 0.000585027 1 6.97742e-05 0.000385959 -7.02258e-05 1 -0.000547509 0.130341 0.171588
FixedParameters: 0 0 0

#Transform 342
Transform: AffineTransform_float_3_3
Parameters: 1 -0.000314876 -0.00021618 0.000315123 1 0.000571932 0.00021582 -0.000572068 1 5.13419e-06 0.111519 0.198852
FixedParameters: 0 0 0

#Transform 343
Transform: AffineTransform_float_3_3
Parameters: 1 -0.000173062 0.000164935 0.000172938 1 0.000373028 -0.000165064 -0.000372971 1 0.00486911 0.0901007 0.186055
FixedParameters: 0 0 0

#Transform 344
Transform: AffineTransform_float_3_3
Parameters: 1 -8.19945e-05 2.90155e-05 8.20055e-05 1 -0.000188998 -2.89845e-05 0.000189002 1 0.00138866 0.109201 0.177605
FixedParameters: 0 0 0

#Transform 345
Transform: AffineTransform_float_3_3
Parameters: 1 -0.000146983 8.90278e-05 0.000147017 1 -0.000188987 -8.89722e-05 0.000189013 1 0.00305348 0.10349 0.165135
FixedParameters: 0 0 0

#Transform 346
Transform: AffineTransform_float_3_3
Parameters: 1 -0.000194898 0.00028307 0.000195102 1 -0.000359945 -0.00028293 0.000360055 1 -0.0015689 0.0920266 0.160047
FixedParameters: 0 0 0

#Transform 347
Transform: AffineTransform_float_3_3
Parameters: 1 -0.000188937 0.000335036 0.000189063 1 -0.000188937 -0.000334964 0.000189063 1 0.00271518 0.0650174 0.161014
FixedParameters: 0 0 0

#Transform 348
Transform: AffineTransform_float_3_3
Parameters: 1 -0.000173952 8.90943e-05 0.000174048 1 -0.000541984 -8.89057e-05 0.000542015 1 0.00885104 0.136754 0.163855
FixedParameters: 0 0 0

#Transform 349
Transform: AffineTransform_float_3_3
Parameters: 1 0.000131412 0.000597909 -0.000131588 1 -0.000689078 -0.00059809 0.000688921 0.999999 0.00146168 0.127929 0.1678
FixedParameters: 0 0 0

#Transform 350
Transform: AffineTransform_float_3_3
Parameters: 1 -0.000181289 0.000597611 0.000180712 0.999997 0.00215711 -0.000597391 -0.00215689 0.999998 0.00645446 0.0688865 0.232343
FixedParameters: 0 0 0

#Transform 351
Transform: AffineTransform_float_3_3
Parameters: 0.999997 -0.00248221 0.000969615 0.00246378 0.999828 0.0183514 -0.00101538 -0.0183485 0.999831 0.0713912 0.0449555 0.634138
FixedParameters: 0 0 0

#Transform 352
Transform: AffineTransform_float_3_3
Parameters: 0.999998 -0.00159862 -4.12439e-05 0.00159938 0.999927 0.0120359 2.1753e-05 -0.012035 0.999927 0.064474 0.0412688 0.511656
FixedParameters: 0 0 0

#Transform 353
Transform: AffineTransform_float_3_3
Parameters: 1 -0.00115564 5.84615e-05 0.00115436 0.99995 0.00998708 -6.95321e-05 -0.00998693 0.99995 0.0451057 0.0634629 0.428309
FixedParameters: 0 0 0

#Transform 354
Transform: AffineTransform_float_3_3
Parameters: 0.999999 -0.00149792 -0.000215044 0.00150008 0.999948 0.0100357 0.000199956 -0.0100353 0.999949 0.0565401 0.0293903 0.427481
FixedParameters: 0 0 0

#Transform 355
Transform: AffineTransform_float_3_3
Parameters: 0.999999 -0.00120118 -0.000691219 0.00120682 0.999964 0.00848617 0.000680783 -0.00848683 0.999964 0.0530027 0.0484567 0.413287
FixedParameters: 0 0 0

#Transform 356
Transform: AffineTransform_float_3_3
Parameters: 1 -0.00100975 -0.000556782 0.00101425 0.99997 0.00769044 0.000549217 -0.00769056 0.999971 0.0522242 0.0847641 0.379659
FixedParameters: 0 0 0

#Transform 357
Transform: AffineTransform_float_3_3
Parameters: 1 -0.00101407 -0.000522693 0.00101793 0.999971 0.00757047 0.000515309 -0.00757053 0.999971 0.050147 0.035755 0.364543
FixedParameters: 0 0 0

#Transform 358
Transform: AffineTransform_float_3_3
Parameters: 0.999999 -0.000726997 -0.00129496 0.000734004 0.999985 0.00541605 0.00129104 -0.00541694 0.999984 0.0284011 0.131537 0.285094
FixedParameters: 0 0 0

#Transform 359
Transform: AffineTransform_float_3_3
Parameters: 0.999999 -0.000849383 -0.00107247 0.000854615 0.999986 0.00524809 0.00106753 -0.00524891 0.999985 0.0342941 0.0941184 0.290195
FixedParameters: 0 0 0

#Transform 360
Transform: AffineTransform_float_3_3
Parameters: 0.999999 -0.000827181 -0.00116117 0.000832818 0.999987 0.00502004 0.00115683 -0.00502096 0.999986 0.032428 0.0563839 0.280764
FixedParameters: 0 0 0

#Transform 361
Transform: AffineTransform_float_3_3
Parameters: 0.999999 -0.000512721 -0.00114837 0.000518278 0.99999 0.00460141 0.00114563 -0.00460259 0.999989 0.0258318 0.130253 0.272784
FixedParameters: 0 0 0

#Transform 362
Transform: AffineTransform_float_3_3
Parameters: 0.999999 -0.000665534 -0.00114918 0.000671463 0.999988 0.00476123 0.00114582 -0.00476276 0.999988 0.0268256 0.0622676 0.284162
FixedParameters: 0 0 0

#Transform 363
Transform: AffineTransform_float_3_3
Parameters: 0.999999 -0.000715464 -0.00112255 0.000721538 0.999987 0.00493919 0.00111945 -0.0049398 0.999987 0.0324098 0.117181 0.287459
FixedParameters: 0 0 0

#Transform 364
Transform: AffineTransform_float_3_3
Parameters: 0.999999 -0.000714678 -0.00136134 0.000721325 0.999989 0.00464902 0.00135866 -0.00464998 0.999989 0.0265651 0.0303492 0.272563
FixedParameters: 0 0 0

#Transform 365
Transform: AffineTransform_float_3_3
Parameters: 0.999999 -0.000226203 -0.00140395 0.000231796 0.999992 0.00412968 0.00140306 -0.00413033 0.999991 0.0183359 0.125332 0.228427
FixedParameters: 0 0 0

#Transform 366
Transform: AffineTransform_float_3_3
Parameters: 0.999999 -0.000228347 -0.00104081 0.000232653 0.999994 0.00351076 0.00104019 -0.00351124 0.999994 0.0127364 0.0400501 0.217554
FixedParameters: 0 0 0

#Transform 367
Transform: AffineTransform_float_3_3
Parameters: 1 0.000364707 -0.0010871 -0.000362293 0.999997 0.0024894 0.00108791 -0.00248861 0.999997 -0.0114179 0.0615279 0.191223
FixedParameters: 0 0 0

#Transform 368
Transform: AffineTransform_float_3_3
Parameters: 1 0.000265174 -0.00106846 -0.000262825 0.999998 0.00203428 0.00106954 -0.00203372 0.999998 -0.0106418 0.117463 0.187991
FixedParameters: 0 0 0

#Transform 369
Transform: AffineTransform_float_3_3
Parameters: 0.999999 0.000392469 -0.00151611 -0.000388531 0.999998 0.00228759 0.00151689 -0.00228741 0.999996 -0.000222912 0.0253293 0.203772
FixedParameters: 0 0 0

#Transform 370
Transform: AffineTransform_float_3_3
Parameters: 0.999999 0.000451109 -0.00178122 -0.000447893 0.999999 0.0017448 0.00178178 -0.0017442 0.999997 -0.00344451 0.155894 0.196246
FixedParameters: 0 0 0

#Transform 371
Transform: AffineTransform_float_3_3
Parameters: 0.999999 -0.000154006 -0.00127824 0.000155995 0.999999 0.0015608 0.00127776 -0.0015602 0.999998 -0.00292109 0.0912973 0.181054
FixedParameters: 0 0 0

#Transform 372
Transform: AffineTransform_float_3_3
Parameters: 0.999998 -8.96678e-05 -0.00158113 9.23317e-05 0.999999 0.00147486 0.00158086 -0.00147514 0.999997 -0.000241139 0.0965686 0.187543
FixedParameters: 0 0 0

#Transform 373
Transform: AffineTransform_float_3_3
Parameters: 0.999999 2.25795e-06 -0.001814 2.57953e-07 0.999999 0.001796 0.001814 -0.001796 0.999996 0.00811993 0.13974 0.202241
FixedParameters: 0 0 0

#Transform 374
Transform: AffineTransform_float_3_3
Parameters: 0.999999 0.000235436 -0.00174854 -0.000232566 0.999998 0.00196441 0.00174846 -0.00196459 0.999996 0.00195657 0.0861779 0.216965
FixedParameters: 0 0 0

#Transform 375
Transform: AffineTransform_float_3_3
Parameters: 0.999999 -0.000152495 -0.00185529 0.000156506 0.999998 0.00188871 0.00185571 -0.00188929 0.999997 0.00758936 0.0673305 0.209112
FixedParameters: 0 0 0

#Transform 376
Transform: AffineTransform_float_3_3
Parameters: 0.999998 1.52322e-05 -0.00162997 -1.17677e-05 0.999998 0.00198302 0.00163003 -0.00198298 0.999996 0.00456419 0.079219 0.216468
FixedParameters: 0 0 0

#Transform 377
Transform: AffineTransform_float_3_3
Parameters: 0.999999 -5.17729e-06 -0.00145201 7.82267e-06 0.999998 0.00194399 0.00145199 -0.00194401 0.999997 -0.000757078 0.0797665 0.201405
FixedParameters: 0 0 0

#Transform 378
Transform: AffineTransform_float_3_3
Parameters: 0.999999 -2.60776e-05 -0.00154705 2.89222e-05 0.999998 0.00188896 0.00154695 -0.00188904 0.999997 0.000969682 0.0738719 0.185943
FixedParameters: 0 0 0

#Transform 379
Transform: AffineTransform_float_3_3
Parameters: 0.999999 -8.79909e-05 -0.00122307 8.90089e-05 0.999999 0.000824891 0.00122293 -0.000825108 0.999999 0.00327441 0.126138 0.180545
FixedParameters: 0 0 0

#Transform 380
Transform: AffineTransform_float_3_3
Parameters: 0.999999 -0.000700685 -0.0010845 0.000702315 0.999998 0.00213624 0.0010825 -0.00213676 0.999997 0.0143253 0.0324503 0.21457
FixedParameters: 0 0 0

#Transform 381
Transform: AffineTransform_float_3_3
Parameters: 0.999999 -0.000899608 -0.00101413 0.000901392 0.999997 0.00236109 0.00101187 -0.00236191 0.999996 0.023509 0.161024 0.227638
FixedParameters: 0 0 0

#Transform 382
Transform: AffineTransform_float_3_3
Parameters: 0.999999 -0.000700126 -0.00120967 0.000702874 0.999997 0.00237615 0.00120833 -0.00237785 0.999997 0.0160931 0.0393181 0.211006
FixedParameters: 0 0 0

#Transform 383
Transform: AffineTransform_float_3_3
Parameters: 0.999999 -0.000351514 -0.00133466 0.000354486 0.999998 0.00186253 0.00133434 -0.00186347 0.999998 0.0112398 0.131738 0.204273
FixedParameters: 0 0 0

#Transform 384
Transform: AffineTransform_float_3_3
Parameters: 0.999999 -0.00054197 -0.00117993 0.000544031 0.999999 0.00172136 0.00117907 -0.00172164 0.999998 0.0138045 0.0948096 0.188152
FixedParameters: 0 0 0

#Transform 385
Transform: AffineTransform_float_3_3
Parameters: 0.999999 -0.000610498 -0.00108242 0.000612502 0.999997 0.00231334 0.00108059 -0.00231366 0.999996 0.0198025 0.0678287 0.21789
FixedParameters: 0 0 0

#Transform 386
Transform: AffineTransform_float_3_3
Parameters: 1 -0.000614207 -0.000903221 0.000615794 0.999998 0.00198544 0.000902779 -0.00198655 0.999997 0.0101376 0.14218 0.202519
FixedParameters: 0 0 0
