#Insight Transform File V1.0
#Transform 0
Transform: AffineTransform_float_3_3
Parameters: 0.999997 -0.00243405 9.98971e-05 0.00243395 0.999997 0.000453244 -0.000101105 -0.000453755 1 0.0700204 0.0206065 -0.00691377
FixedParameters: 0 0 0

#Transform 1
Transform: AffineTransform_float_3_3
Parameters: 0.999998 -0.00198522 0.000522155 0.00198478 0.999998 0.000426037 -0.000522844 -0.000424963 1 0.0558976 0.106516 -0.0207431
FixedParameters: 0 0 0

#Transform 2
Transform: AffineTransform_float_3_3
Parameters: 0.999998 -0.00168695 -7.80306e-05 0.00168705 0.999999 0.000610869 7.69691e-05 -0.000611131 1 0.0529457 -0.0307289 -0.0244177
FixedParameters: 0 0 0

#Transform 3
Transform: AffineTransform_float_3_3
Parameters: 0.999998 -0.00168699 -0.000185109 0.00168701 0.999998 6.46878e-05 0.000184892 -6.4312e-05 1 0.0539383 0.0986546 -0.0270213
FixedParameters: 0 0 0

#Transform 4
Transform: AffineTransform_float_3_3
Parameters: 0.999999 -0.00168714 0.000436461 0.00168686 0.999998 0.000319737 -0.000437539 -0.000319262 1 0.049315 0.0475151 -0.0426315
FixedParameters: 0 0 0

#Transform 5
Transform: AffineTransform_float_3_3
Parameters: 0.999999 -0.00129409 0.000156217 0.00129391 0.999999 0.000605203 -0.000156783 -0.000604797 1 0.046078 -0.047511 0.0861574
FixedParameters: 0 0 0

#Transform 6
Transform: AffineTransform_float_3_3
Parameters: 1 -0.000840142 0.000691828 0.000839858 0.999999 0.000205581 -0.000692172 -0.000204418 0.999999 0.0226303 0.136887 -0.0526206
FixedParameters: 0 0 0

#Transform 7
Transform: AffineTransform_float_3_3
Parameters: 0.999999 -0.00095502 0.000217909 0.000954978 0.999999 9.52081e-05 -0.000218091 -9.47917e-05 1 0.0318987 0.0795183 -0.0159192
FixedParameters: 0 0 0

#Transform 8
Transform: AffineTransform_float_3_3
Parameters: 0.999999 -0.000669935 0.000298145 0.000670064 1 -0.0002158 -0.000297855 0.0002162 1 0.02607 0.0252718 -0.0143909
FixedParameters: 0 0 0

#Transform 9
Transform: AffineTransform_float_3_3
Parameters: 1 -0.000380191 -0.000281742 0.000379809 0.999999 -0.000678107 0.000281257 0.000677893 0.999999 0.01205 0.110567 -0.0239291
FixedParameters: 0 0 0

#Transform 10
Transform: AffineTransform_float_3_3
Parameters: 1 -0.000373292 -0.000349688 0.000372707 0.999999 -0.00083613 0.000350311 0.000835869 0.999999 0.0116769 0.0249333 -0.035614
FixedParameters: 0 0 0

#Transform 11
Transform: AffineTransform_float_3_3
Parameters: 1 -0.000373318 -0.000298603 0.000372683 1 -0.00106311 0.000298396 0.00106289 1 0.0122245 0.0855631 -0.0332077
FixedParameters: 0 0 0

#Transform 12
Transform: AffineTransform_float_3_3
Parameters: 0.999999 -0.000779217 -0.000206181 0.000779783 0.999999 -0.00105116 0.00020682 0.00105084 1 0.0193076 0.0894261 -0.0431401
FixedParameters: 0 0 0

#Transform 13
Transform: AffineTransform_float_3_3
Parameters: 1 -0.00109103 -0.000120699 0.00109097 1 -0.000276132 0.000121301 0.000275868 1 0.0256664 -0.0276747 -0.0306019
FixedParameters: 0 0 0

#Transform 14
Transform: AffineTransform_float_3_3
Parameters: 0.999999 -0.000778786 0.000249668 0.000779214 1 -0.000857806 -0.000249331 0.000858194 0.999999 0.0110458 0.0789431 -0.0363677
FixedParameters: 0 0 0

#Transform 15
Transform: AffineTransform_float_3_3
Parameters: 0.999999 -0.00123798 3.75274e-05 0.00123802 0.999999 -0.000425954 -3.74726e-05 0.000426047 1 0.0270327 -0.0269253 -0.0559986
FixedParameters: 0 0 0

#Transform 16
Transform: AffineTransform_float_3_3
Parameters: 0.999999 -0.00123802 -5.14231e-05 0.00123798 0.999999 -0.000466064 5.25769e-05 0.000465935 1 0.0337651 0.0774402 -0.0554327
FixedParameters: 0 0 0

#Transform 17
Transform: AffineTransform_float_3_3
Parameters: 1 -5.66751e-05 0.00100902 5.73249e-05 1 -0.000321942 -0.00100898 0.000322057 1 -0.0145619 0.0588659 -0.0683674
FixedParameters: 0 0 0

#Transform 18
Transform: AffineTransform_float_3_3
Parameters: 0.999999 -0.000743998 5.90238e-05 0.000744001 0.999999 -3.19561e-05 -5.89762e-05 3.20439e-05 1 0.0139513 0.00282038 -0.0426895
FixedParameters: 0 0 0

#Transform 19
Transform: AffineTransform_float_3_3
Parameters: 0.999999 -0.000744 2.09747e-05 0.000743999 0.999999 3.40156e-05 -2.10253e-05 -3.39844e-05 1 0.0140544 0.11048 0.0154964
FixedParameters: 0 0 0

#Transform 20
Transform: AffineTransform_float_3_3
Parameters: 1 -0.000207916 -0.00043704 0.000208084 1 0.000192909 0.00043696 -0.000193091 1 0.0109901 -0.00660612 0.00319287
FixedParameters: 0 0 0

#Transform 21
Transform: AffineTransform_float_3_3
Parameters: 1 0.00012211 0.000220939 -0.00012189 1 -0.000499027 -0.000221061 0.000498973 1 0.00101059 0.13002 -0.0291318
FixedParameters: 0 0 0

#Transform 22
Transform: AffineTransform_float_3_3
Parameters: 1 -0.000101005 7.59929e-05 0.000100995 1 7.00077e-05 -7.60071e-05 -6.99923e-05 1 0.00351928 0.0108939 -0.0368229
FixedParameters: 0 0 0

#Transform 23
Transform: AffineTransform_float_3_3
Parameters: 0.999969 0.00223941 0.00754221 -0.00222959 0.999996 -0.00125585 -0.00754579 0.00123914 0.999971 -0.0758199 0.139722 0.00282846
FixedParameters: 0 0 0

#Transform 24
Transform: AffineTransform_float_3_3
Parameters: 0.999959 -0.00107001 0.00891328 0.00106399 0.999999 0.000678511 -0.00891372 -0.000669489 0.99996 0.0182813 0.089884 -0.00762688
FixedParameters: 0 0 0

#Transform 25
Transform: AffineTransform_float_3_3
Parameters: 0.999983 -0.00122905 0.00572556 0.00122695 0.999999 0.000362031 -0.00572644 -0.000354968 0.999983 0.037559 0.0262245 -0.00852031
FixedParameters: 0 0 0

#Transform 26
Transform: AffineTransform_float_3_3
Parameters: 0.999987 -0.000386798 0.00518832 0.000391202 0.999999 -0.000808981 -0.00518769 0.000811017 0.999986 0.0125599 0.0895452 -0.0258253
FixedParameters: 0 0 0

#Transform 27
Transform: AffineTransform_float_3_3
Parameters: 0.999988 -0.000473199 0.00487798 0.000472804 1 4.13068e-05 -0.00487802 -3.96922e-05 0.999988 0.00713629 0.0160465 -0.0262477
FixedParameters: 0 0 0

#Transform 28
Transform: AffineTransform_float_3_3
Parameters: 0.999986 0.000443291 0.0051498 -0.000440708 1 -0.000446275 -0.00514919 0.000443723 0.999986 -0.0167524 0.051274 -0.0279653
FixedParameters: 0 0 0

#Transform 29
Transform: AffineTransform_float_3_3
Parameters: 0.999989 0.000185212 0.00465699 -0.000185788 1 -4.58657e-05 -0.00465701 4.5138e-05 0.999989 -0.0244412 0.0642982 -0.0397304
FixedParameters: 0 0 0

#Transform 30
Transform: AffineTransform_float_3_3
Parameters: 0.999993 -0.000263138 0.00358506 0.000263862 1 -0.000240055 -0.00358493 0.000240945 0.999993 -0.000857486 0.0577539 -0.0393434
FixedParameters: 0 0 0

#Transform 31
Transform: AffineTransform_float_3_3
Parameters: 0.999995 2.22275e-05 0.00336999 -2.07723e-05 1 -0.000661074 -0.00337002 0.000660929 0.999994 -0.0176849 0.128915 -0.020537
FixedParameters: 0 0 0

#Transform 32
Transform: AffineTransform_float_3_3
Parameters: 0.999995 2.10452e-05 0.00292799 -1.99546e-05 1 -0.00035706 -0.00292801 0.00035694 0.999995 -0.0140701 0.0416231 -0.0116501
FixedParameters: 0 0 0

#Transform 33
Transform: AffineTransform_float_3_3
Parameters: 0.999996 -0.000371917 0.00283627 0.000374083 0.999999 -0.000733942 -0.00283672 0.000735058 0.999995 0.00131816 0.174181 -0.0172779
FixedParameters: 0 0 0

#Transform 34
Transform: AffineTransform_float_3_3
Parameters: 0.999996 -0.000366596 0.00256506 0.000367404 1 -0.000157058 -0.00256494 0.000157941 0.999996 0.00131465 0.0701531 -0.037141
FixedParameters: 0 0 0

#Transform 35
Transform: AffineTransform_float_3_3
Parameters: 0.999997 -0.00063179 0.00234633 0.000633209 0.999999 -0.000514516 -0.00234667 0.000516484 0.999997 0.0156205 0.0589784 -0.0420887
FixedParameters: 0 0 0

#Transform 36
Transform: AffineTransform_float_3_3
Parameters: 0.999997 -0.00104562 0.00232062 0.00104738 1 -0.000592572 -0.00232038 0.000594428 0.999997 0.0199228 0.061571 -0.0433035
FixedParameters: 0 0 0

#Transform 37
Transform: AffineTransform_float_3_3
Parameters: 0.999996 -0.00150028 0.00232111 0.00150172 0.999998 -0.000738517 -0.00232089 0.000742485 0.999997 0.0271373 -0.0140577 -0.0415063
FixedParameters: 0 0 0

#Transform 38
Transform: AffineTransform_float_3_3
Parameters: 0.999998 -0.00111089 0.00199617 0.00111311 0.999999 -0.00105378 -0.00199483 0.00105622 0.999998 0.0258264 0.0987944 -0.0494853
FixedParameters: 0 0 0

#Transform 39
Transform: AffineTransform_float_3_3
Parameters: 0.999998 -0.00058984 0.00190036 0.00059116 0.999999 -0.000609878 -0.00189964 0.000611121 0.999998 0.012211 0.0329307 -0.0422746
FixedParameters: 0 0 0

#Transform 40
Transform: AffineTransform_float_3_3
Parameters: 0.999999 -0.00024221 0.00152412 0.000242789 1 -0.00051763 -0.00152387 0.000518369 0.999998 0.00707532 0.0486899 -0.0329044
FixedParameters: 0 0 0

#Transform 41
Transform: AffineTransform_float_3_3
Parameters: 0.999999 -0.000242907 0.000891025 0.000243093 1 -0.000104783 -0.000890974 0.000104216 0.999999 0.0170268 0.0840598 -0.0248616
FixedParameters: 0 0 0

#Transform 42
Transform: AffineTransform_float_3_3
Parameters: 0.999999 -0.000535518 0.00121521 0.000535481 1 -0.00039535 -0.00121479 0.000396651 0.999999 0.0110418 0.106769 -0.0117972
FixedParameters: 0 0 0

#Transform 43
Transform: AffineTransform_float_3_3
Parameters: 0.999999 -0.000787488 0.00101462 0.000786512 0.999999 0.000480798 -0.00101538 -0.000480201 1 0.016104 -0.000926796 -0.00759586
FixedParameters: 0 0 0

#Transform 44
Transform: AffineTransform_float_3_3
Parameters: 1 -0.000274222 0.00101521 0.000274777 0.999999 -0.000765721 -0.00101479 0.000766279 0.999999 0.00394073 0.139069 -0.0429037
FixedParameters: 0 0 0

#Transform 45
Transform: AffineTransform_float_3_3
Parameters: 1 -0.000517563 0.000911249 0.000518438 1 -0.000479528 -0.000911752 0.000479472 1 0.015549 0.0903722 -0.0343814
FixedParameters: 0 0 0

#Transform 46
Transform: AffineTransform_float_3_3
Parameters: 1 -0.000310605 -0.000230533 0.000310394 0.999999 0.00171393 0.000229468 -0.00171407 0.999998 0.0155753 0.0287308 -0.0224272
FixedParameters: 0 0 0

#Transform 47
Transform: AffineTransform_float_3_3
Parameters: 1 -0.000112007 0.000236997 0.000111993 1 2.90265e-05 -0.000237003 -2.89735e-05 1 8.41074e-05 0.114006 -0.0768726
FixedParameters: 0 0 0

#Transform 48
Transform: AffineTransform_float_3_3
Parameters: 1 -0.000180815 0.000402083 0.000181185 1 -0.000459927 -0.000401917 0.000460073 1 0.00797811 0.0615356 -0.0775759
FixedParameters: 0 0 0

#Transform 49
Transform: AffineTransform_float_3_3
Parameters: 1 -0.000119928 0.000402022 0.000120072 1 -0.000179952 -0.000401978 0.000180048 1 -0.000132511 0.0440606 -0.0694393
FixedParameters: 0 0 0

#Transform 50
Transform: AffineTransform_float_3_3
Parameters: 1 -0.000190024 0.000401989 0.000189976 1 6.00764e-05 -0.000402011 -5.99236e-05 1 -0.000757471 0.0183491 -0.0792155
FixedParameters: 0 0 0

#Transform 51
Transform: AffineTransform_float_3_3
Parameters: 0.999999 -0.000215499 0.000714849 0.000215501 0.999999 0.000698154 -0.00071515 -0.000697846 0.999999 -0.0029278 0.0752585 -0.0678376
FixedParameters: 0 0 0

#Transform 52
Transform: AffineTransform_float_3_3
Parameters: 0.999999 -0.000256167 0.000676936 0.000255833 1 0.000247173 -0.000677063 -0.000246827 0.999999 0.000590614 0.0989941 -0.0664072
FixedParameters: 0 0 0

#Transform 53
Transform: AffineTransform_float_3_3
Parameters: 0.999999 -0.000518076 0.000547928 0.000517924 1 0.000139284 -0.000548072 -0.000138716 1 0.000485812 0.0681488 -0.0698512
FixedParameters: 0 0 0

#Transform 54
Transform: AffineTransform_float_3_3
Parameters: 1 -0.000588728 0.000266602 0.000589272 1 -0.00102284 -0.000265397 0.00102316 0.999999 0.00349561 0.137726 -0.115719
FixedParameters: 0 0 0

#Transform 55
Transform: AffineTransform_float_3_3
Parameters: 1 -0.000517927 0.000332113 0.000518072 1 -0.000217828 -0.000331887 0.000218172 1 -0.00194643 0.0163751 -0.0746846
FixedParameters: 0 0 0

#Transform 56
Transform: AffineTransform_float_3_3
Parameters: 0.999999 -0.000976233 0.00145084 0.000975768 0.999999 0.000160416 -0.00145116 -0.000159583 0.999999 0.00461852 0.0121215 -0.0583443
FixedParameters: 0 0 0

#Transform 57
Transform: AffineTransform_float_3_3
Parameters: 0.999999 -0.000562978 0.00117953 0.000562024 1 0.000828664 -0.00117947 -0.000828337 0.999999 0.00222532 0.0623176 0.00437388
FixedParameters: 0 0 0

#Transform 58
Transform: AffineTransform_float_3_3
Parameters: 0.999999 -0.000197517 0.000712856 0.000196483 0.999999 0.00072514 -0.000713142 -0.000724859 0.999999 -0.00254266 0.0559582 -0.0370674
FixedParameters: 0 0 0

#Transform 59
Transform: AffineTransform_float_3_3
Parameters: 1 -2.72192e-05 0.000504988 2.67808e-05 1 0.000434013 -0.000505011 -0.000433986 1 -0.0122024 0.0617426 -0.0623938
FixedParameters: 0 0 0

#Transform 60
Transform: AffineTransform_float_3_3
Parameters: 0.999999 -0.000279822 0.000690072 0.000280178 1 -0.000257807 -0.000689928 0.000257193 0.999999 -0.0117128 0.0809915 -0.0936601
FixedParameters: 0 0 0

#Transform 61
Transform: AffineTransform_float_3_3
Parameters: 1 -0.000476159 0.000338776 0.00047584 1 0.000471161 -0.000339224 -0.000470838 1 -0.00515725 -0.00691994 -0.0839231
FixedParameters: 0 0 0

#Transform 62
Transform: AffineTransform_float_3_3
Parameters: 0.999999 -0.000476758 0.000779537 0.000476242 1 0.000972372 -0.000779463 -0.000971629 0.999999 -0.00882425 0.0703029 -0.0453636
FixedParameters: 0 0 0

#Transform 63
Transform: AffineTransform_float_3_3
Parameters: 0.999999 -0.00111225 0.000779639 0.00111275 1 0.000324868 -0.000779361 -0.000324133 0.999999 0.000232677 -0.0206397 -0.108497
FixedParameters: 0 0 0

#Transform 64
Transform: AffineTransform_float_3_3
Parameters: 0.999999 -0.0011122 0.000779718 0.0011128 1 0.000253868 -0.000779282 -0.000253134 0.999999 0.000908852 0.0144323 -0.109555
FixedParameters: 0 0 0

#Transform 65
Transform: AffineTransform_float_3_3
Parameters: 0.999999 -0.00068094 0.000551074 0.00068106 1 -0.000108625 -0.000550926 0.000108375 1 -0.0115644 0.0349287 -0.118068
FixedParameters: 0 0 0

#Transform 66
Transform: AffineTransform_float_3_3
Parameters: 0.999999 -0.000901984 -9.21515e-05 0.000902015 0.999999 0.000167917 9.18493e-05 -0.000167083 1 0.00415913 -0.000825231 -0.101237
FixedParameters: 0 0 0

#Transform 67
Transform: AffineTransform_float_3_3
Parameters: 1 -0.000990994 1.3549e-05 0.000991008 1 -0.000553987 -1.3451e-05 0.000554014 1 0.00185063 -0.0346972 -0.112251
FixedParameters: 0 0 0

#Transform 68
Transform: AffineTransform_float_3_3
Parameters: 1 -0.000948344 0.000523193 0.000948657 0.999999 -0.0012565 -0.000521809 0.0012565 0.999999 -0.015058 0.0368349 -0.173286
FixedParameters: 0 0 0

#Transform 69
Transform: AffineTransform_float_3_3
Parameters: 1 -0.00101363 0.000361054 0.00101438 0.999999 -0.00103963 -0.000359945 0.00104037 1 -0.0172758 0.0143888 -0.169256
FixedParameters: 0 0 0

#Transform 70
Transform: AffineTransform_float_3_3
Parameters: 0.999999 -0.00131313 0.00078146 0.00131387 0.999998 -0.00111097 -0.00077954 0.00111202 0.999999 -0.010547 0.0474842 -0.189235
FixedParameters: 0 0 0

#Transform 71
Transform: AffineTransform_float_3_3
Parameters: 0.999998 -0.00151483 0.000780326 0.00151517 0.999999 -0.000214818 -0.000779673 0.000216181 0.999999 -0.00814269 -0.0243848 -0.212494
FixedParameters: 0 0 0

#Transform 72
Transform: AffineTransform_float_3_3
Parameters: 1 -0.000903877 0.000455245 0.000904123 0.999999 -0.000270588 -0.000454755 0.000271411 1 -0.0143086 0.0307015 -0.216442
FixedParameters: 0 0 0

#Transform 73
Transform: AffineTransform_float_3_3
Parameters: 0.999999 -0.00119607 0.000779894 0.00119593 1 8.89328e-05 -0.000780106 -8.8067e-05 0.999999 -0.0112861 0.0270656 -0.199518
FixedParameters: 0 0 0

#Transform 74
Transform: AffineTransform_float_3_3
Parameters: 1 -0.000724989 0.000780011 0.000725012 0.999999 -1.44345e-05 -0.00077999 1.45655e-05 0.999999 -0.0185422 -0.000984053 -0.194998
FixedParameters: 0 0 0

#Transform 75
Transform: AffineTransform_float_3_3
Parameters: 0.999999 -0.000698712 0.000607331 0.000699287 0.999999 -0.000473575 -0.000606669 0.000473424 0.999999 -0.01704 0.0403566 -0.202639
FixedParameters: 0 0 0

#Transform 76
Transform: AffineTransform_float_3_3
Parameters: 0.999999 -0.000439759 0.000780135 0.000439241 1 -0.000308657 -0.000779864 0.000308343 0.999999 -0.0322441 0.0210197 -0.195892
FixedParameters: 0 0 0

#Transform 77
Transform: AffineTransform_float_3_3
Parameters: 0.999999 -0.000699299 0.000240129 0.0006987 0.999999 0.00124517 -0.00024087 -0.00124483 0.999999 -0.0197702 -0.0486859 -0.238289
FixedParameters: 0 0 0

#Transform 78
Transform: AffineTransform_float_3_3
Parameters: 1 -0.00111433 0.000210267 0.00111467 0.999998 0.00155524 -0.000212733 -0.00155476 0.999999 -0.00804035 0.0217724 -0.202105
FixedParameters: 0 0 0

#Transform 79
Transform: AffineTransform_float_3_3
Parameters: 1 -0.00119489 -0.000129971 0.00119511 0.999999 0.000812845 0.000129028 -0.000813154 0.999999 -0.0188796 -0.0285968 -0.202633
FixedParameters: 0 0 0

#Transform 80
Transform: AffineTransform_float_3_3
Parameters: 0.999999 -0.00180403 -0.000436882 0.00180397 0.999999 -6.57883e-05 0.000437118 6.52116e-05 1 -0.00190113 -0.00169035 -0.169427
FixedParameters: 0 0 0

#Transform 81
Transform: AffineTransform_float_3_3
Parameters: 0.999999 -0.00151813 -0.000380488 0.00151787 0.999999 -0.000337578 0.000380511 0.000336423 1 -0.00630995 0.0125954 -0.218956
FixedParameters: 0 0 0

#Transform 82
Transform: AffineTransform_float_3_3
Parameters: 0.999999 -0.00151788 -0.000971192 0.00151812 0.999999 0.000125526 0.000970808 -0.000127474 0.999999 0.00636507 -0.0556715 -0.199468
FixedParameters: 0 0 0

#Transform 83
Transform: AffineTransform_float_3_3
Parameters: 0.999999 -0.00167324 -0.000509216 0.00167276 0.999998 -0.000468852 0.000509784 0.000468147 1 -0.000210746 0.0263923 -0.237281
FixedParameters: 0 0 0

#Transform 84
Transform: AffineTransform_float_3_3
Parameters: 0.999999 -0.00128941 -0.000511491 0.00129059 0.999998 0.00115534 0.000509509 -0.00115566 0.999999 -0.0011071 0.0001273 -0.149048
FixedParameters: 0 0 0

#Transform 85
Transform: AffineTransform_float_3_3
Parameters: 0.999998 -0.00183881 -0.000514269 0.00184019 0.999995 0.00232006 0.00050973 -0.00232194 0.999997 0.0479691 -0.0384752 -0.074971
FixedParameters: 0 0 0

#Transform 86
Transform: AffineTransform_float_3_3
Parameters: 0.999996 -0.00231208 0.00170248 0.00230792 0.999995 0.00239194 -0.00170852 -0.00238806 0.999995 0.0510884 0.230618 -0.0106775
FixedParameters: 0 0 0

#Transform 87
Transform: AffineTransform_float_3_3
Parameters: 0.999995 -0.00281623 0.00142665 0.00281277 0.999994 0.00226003 -0.00143336 -0.00225598 0.999997 0.0625836 -0.1261 -0.0081738
FixedParameters: 0 0 0

#Transform 88
Transform: AffineTransform_float_3_3
Parameters: 0.999995 -0.00333914 0.000237551 0.00333787 0.999983 0.00462782 -0.000252446 -0.00462618 0.99999 0.0885219 0.00517708 0.0337059
FixedParameters: 0 0 0

#Transform 89
Transform: AffineTransform_float_3_3
Parameters: 0.999993 -0.00387074 0.000340768 0.00386926 0.99998 0.00497035 -0.000360236 -0.00496964 0.999987 0.103003 -0.0920008 0.0182934
FixedParameters: 0 0 0

#Transform 90
Transform: AffineTransform_float_3_3
Parameters: 0.999994 -0.00336629 0.000992555 0.00336271 0.999985 0.00429537 -0.00100745 -0.00429164 0.999991 0.0938289 0.0300781 0.049868
FixedParameters: 0 0 0

#Transform 91
Transform: AffineTransform_float_3_3
Parameters: 0.999992 -0.00349872 0.00164578 0.00349127 0.999985 0.00407178 -0.00166022 -0.00406622 0.999991 0.0860707 -0.0327827 0.0275394
FixedParameters: 0 0 0

#Transform 92
Transform: AffineTransform_float_3_3
Parameters: 0.999993 -0.00338895 0.00113336 0.00338304 0.99998 0.00521186 -0.00115164 -0.00520813 0.999986 0.0916752 0.0933132 0.0240455
FixedParameters: 0 0 0

#Transform 93
Transform: AffineTransform_float_3_3
Parameters: 0.999993 -0.0026242 0.00246636 0.0026168 0.999993 0.00291747 -0.00247363 -0.00291053 0.999992 0.0595631 0.0347428 -0.0503436
FixedParameters: 0 0 0

#Transform 94
Transform: AffineTransform_float_3_3
Parameters: 0.999995 -0.000788439 -0.00301763 0.00078656 0.999999 -0.000478376 0.00301738 0.000475623 0.999996 0.0600721 0.0585742 -0.0810473
FixedParameters: 0 0 0

#Transform 95
Transform: AffineTransform_float_3_3
Parameters: 0.999957 -0.00154189 0.00912136 0.00154411 0.999999 -0.000223925 -0.00912065 0.000238073 0.999959 0.0344859 0.176739 0.299549
FixedParameters: 0 0 0

#Transform 96
Transform: AffineTransform_float_3_3
Parameters: 0.999967 -0.00416406 0.00697682 0.00415194 0.99999 0.00174202 -0.00698318 -0.00171298 0.999974 0.110204 0.0439422 0.362635
FixedParameters: 0 0 0

#Transform 97
Transform: AffineTransform_float_3_3
Parameters: 0.999985 -0.00297267 0.00444521 0.00296732 0.999995 0.00128321 -0.00444879 -0.00126979 0.99999 0.0679851 -0.161727 0.0633901
FixedParameters: 0 0 0

#Transform 98
Transform: AffineTransform_float_3_3
Parameters: 0.999997 -0.00226373 0.000884578 0.00226127 0.999995 0.001955 -0.00088842 -0.00195299 0.999997 0.0662697 -0.187063 0.157631
FixedParameters: 0 0 0

#Transform 99
Transform: AffineTransform_float_3_3
Parameters: 0.999989 -0.00242871 0.00386995 0.00243528 0.999995 -0.00161959 -0.00386605 0.00162941 0.999991 0.061189 0.171949 0.156483
FixedParameters: 0 0 0

#Transform 100
Transform: AffineTransform_float_3_3
Parameters: 0.999992 -0.00296268 0.00274693 0.00294332 0.99997 0.00714014 -0.00276808 -0.00713286 0.99997 0.00195161 -0.262817 -0.794392
FixedParameters: 0 0 0

#Transform 101
Transform: AffineTransform_float_3_3
Parameters: 0.999971 -0.000608549 0.00767004 0.000570456 0.999987 0.00502652 -0.00767297 -0.00502248 0.999958 -0.125923 -0.151663 -0.842168
FixedParameters: 0 0 0

#Transform 102
Transform: AffineTransform_float_3_3
Parameters: 0.999999 -0.000701 -0.00110774 0.000699 0.999998 -0.00180478 0.00110926 0.00180422 0.999998 0.00774029 -0.035634 0.0717242
FixedParameters: 0 0 0

#Transform 103
Transform: AffineTransform_float_3_3
Parameters: 0.999995 0.000140423 -0.00295393 -0.000139578 1 0.000481414 0.00295407 -0.000481587 0.999995 -0.0245127 0.110607 -0.331842
FixedParameters: 0 0 0

#Transform 104
Transform: AffineTransform_float_3_3
Parameters: 1 1.41778e-05 -5.99582e-05 -1.3822e-05 0.999995 0.002965 6.00412e-05 -0.002965 0.999995 0.00583674 0.0945239 0.029623
FixedParameters: 0 0 0

#Transform 105
Transform: AffineTransform_float_3_3
Parameters: 0.999999 -0.000382272 -0.00120651 0.000387727 0.999992 0.00392153 0.00120449 -0.00392146 0.999991 0.0534929 -0.160813 0.0917674
FixedParameters: 0 0 0

#Transform 106
Transform: AffineTransform_float_3_3
Parameters: 0.999999 -0.000451033 -0.000868502 0.000451968 1 0.00111361 0.000868497 -0.00111439 0.999999 0.0479163 0.00880252 -0.0364345
FixedParameters: 0 0 0

#Transform 107
Transform: AffineTransform_float_3_3
Parameters: 1 0.000287319 -0.00108265 -0.000286681 0.999999 0.00121831 0.00108335 -0.00121769 0.999998 -0.007224 0.00825902 -0.0811652
FixedParameters: 0 0 0

#Transform 108
Transform: AffineTransform_float_3_3
Parameters: 1 0.000413923 -0.000918586 -0.000413079 1 0.00100338 0.000918416 -0.00100362 0.999999 -0.00443884 0.100393 -0.0373432
FixedParameters: 0 0 0

#Transform 109
Transform: AffineTransform_float_3_3
Parameters: 0.999999 0.000740594 -0.00121364 -0.000740405 0.999999 0.000489899 0.00121436 -0.000489101 0.999999 -0.0147891 0.00967936 -0.0684744
FixedParameters: 0 0 0

#Transform 110
Transform: AffineTransform_float_3_3
Parameters: 0.999999 0.000323543 -0.00119012 -0.000323457 1 -0.000383615 0.00118988 0.000384385 0.999999 -0.0291552 0.0473833 -0.0548396
FixedParameters: 0 0 0

#Transform 111
Transform: AffineTransform_float_3_3
Parameters: 0.999998 0.000941583 -0.00184175 -0.000945415 0.999998 -0.00185426 0.00184025 0.00185674 0.999996 -0.0615168 0.0795438 -0.113743
FixedParameters: 0 0 0

#Transform 112
Transform: AffineTransform_float_3_3
Parameters: 0.999999 0.000379626 -0.00149612 -0.000384374 0.999995 -0.00292443 0.00149488 0.00292457 0.999994 -0.0521467 0.0648478 -0.144037
FixedParameters: 0 0 0

#Transform 113
Transform: AffineTransform_float_3_3
Parameters: 0.999998 -5.26996e-05 -0.00194181 4.53034e-05 0.999992 -0.0039651 0.0019412 0.00396491 0.999991 -0.0610248 0.0511362 -0.147746
FixedParameters: 0 0 0

#Transform 114
Transform: AffineTransform_float_3_3
Parameters: 0.999998 -0.000278579 -0.00220069 0.000267425 0.999989 -0.0048056 0.00220131 0.0048054 0.999986 -0.0674361 0.0154704 -0.164641
FixedParameters: 0 0 0

#Transform 115
Transform: AffineTransform_float_3_3
Parameters: 0.999998 -0.000259766 -0.00194098 0.000252235 0.999992 -0.0039995 0.00194202 0.0039995 0.99999 -0.0637663 -0.0158032 -0.133603
FixedParameters: 0 0 0

#Transform 116
Transform: AffineTransform_float_3_3
Parameters: 0.999997 9.803e-05 -0.00236626 -0.000103971 0.999997 -0.00252276 0.00236675 0.00252324 0.999994 -0.0509173 0.0396066 -0.084642
FixedParameters: 0 0 0

#Transform 117
Transform: AffineTransform_float_3_3
Parameters: 0.999998 -0.000247996 -0.00194149 0.000244006 0.999998 -0.00205748 0.00194151 0.00205752 0.999996 -0.0390857 -0.0125484 -0.0482586
FixedParameters: 0 0 0

#Transform 118
Transform: AffineTransform_float_3_3
Parameters: 0.999998 -4.80566e-05 -0.00194193 4.49431e-05 0.999999 -0.00157409 0.00194207 0.00157391 0.999997 -0.0413451 0.0182121 -0.0180538
FixedParameters: 0 0 0

#Transform 119
Transform: AffineTransform_float_3_3
Parameters: 0.999998 -0.000509442 -0.00194136 0.000506559 0.999999 -0.00125799 0.00194164 0.00125701 0.999998 -0.000923351 -0.0617823 -0.0475391
FixedParameters: 0 0 0

#Transform 120
Transform: AffineTransform_float_3_3
Parameters: 0.999998 0.000578315 -0.00153564 -0.000579685 0.999999 -0.00109711 0.00153536 0.00109789 0.999998 -0.0287348 0.102057 -0.031251
FixedParameters: 0 0 0

#Transform 121
Transform: AffineTransform_float_3_3
Parameters: 0.999999 0.000203819 -0.00153502 -0.000203181 1 -0.000117688 0.00153498 0.000118313 0.999999 -0.0229316 0.12051 0.0232708
FixedParameters: 0 0 0

#Transform 122
Transform: AffineTransform_float_3_3
Parameters: 0.999998 0.000260673 -0.00164821 -0.000262327 0.999999 -0.000804569 0.00164879 0.000805431 0.999999 -0.0337721 0.0466886 -0.0518581
FixedParameters: 0 0 0

#Transform 123
Transform: AffineTransform_float_3_3
Parameters: 0.999998 0.000668379 -0.00187558 -0.000669621 1 -0.000863746 0.00187442 0.000865255 0.999998 -0.0365401 0.0932222 0.00384751
FixedParameters: 0 0 0

#Transform 124
Transform: AffineTransform_float_3_3
Parameters: 0.999998 0.000880494 -0.0016578 -0.000881506 0.999999 -0.000907541 0.0016572 0.000909461 0.999998 -0.0454886 0.108831 -0.0438781
FixedParameters: 0 0 0

#Transform 125
Transform: AffineTransform_float_3_3
Parameters: 0.999999 7.25727e-05 -0.00143007 -7.44284e-05 0.999999 -0.000998894 0.00142993 0.000998104 0.999998 -0.028053 -0.00898717 -0.0793175
FixedParameters: 0 0 0

#Transform 126
Transform: AffineTransform_float_3_3
Parameters: 0.999998 0.000683372 -0.00157671 -0.000684628 0.999999 -0.00103192 0.00157629 0.00103308 0.999998 -0.0367106 0.098477 -0.0442336
FixedParameters: 0 0 0

#Transform 127
Transform: AffineTransform_float_3_3
Parameters: 0.999998 0.000260173 -0.00163529 -0.000262829 1 -0.00111757 0.00163571 0.00111743 0.999998 -0.0259624 0.00702154 -0.0602126
FixedParameters: 0 0 0

#Transform 128
Transform: AffineTransform_float_3_3
Parameters: 0.999999 0.0011724 -0.000594184 -0.0011726 0.999999 -0.0010093 0.000592816 0.0010107 1 -0.0493039 0.00207958 -0.0406353
FixedParameters: 0 0 0

#Transform 129
Transform: AffineTransform_float_3_3
Parameters: 0.999999 0.000988522 -0.000778879 -0.000990478 0.999997 -0.00189923 0.00077712 0.00189977 0.999998 -0.0584647 0.0766594 -0.0723046
FixedParameters: 0 0 0

#Transform 130
Transform: AffineTransform_float_3_3
Parameters: 0.999999 0.000961792 -0.00115983 -0.000964205 0.999997 -0.00190388 0.00115716 0.00190511 0.999997 -0.0463241 0.0377295 -0.0872233
FixedParameters: 0 0 0

#Transform 131
Transform: AffineTransform_float_3_3
Parameters: 0.999999 0.000986427 -0.00107644 -0.000987573 0.999999 -0.00146194 0.00107456 0.00146306 0.999999 -0.0416097 0.100679 -0.0734801
FixedParameters: 0 0 0

#Transform 132
Transform: AffineTransform_float_3_3
Parameters: 1 0.000920691 -0.000727659 -0.00092231 0.999998 -0.00180033 0.00072634 0.00180167 0.999998 -0.0487778 0.106137 -0.114949
FixedParameters: 0 0 0

#Transform 133
Transform: AffineTransform_float_3_3
Parameters: 0.999996 0.00050744 -0.00279228 -0.000508561 0.999999 -0.000558582 0.00279172 0.000559419 0.999996 -0.0480945 0.00758099 -0.159426
FixedParameters: 0 0 0

#Transform 134
Transform: AffineTransform_float_3_3
Parameters: 0.999993 0.00151077 -0.00323445 -0.00151622 0.999997 -0.00161411 0.00323155 0.00161889 0.999994 -0.0929928 0.173468 -0.429287
FixedParameters: 0 0 0

#Transform 135
Transform: AffineTransform_float_3_3
Parameters: 0.999757 -0.00168053 0.0219494 0.00187047 0.999961 -0.00866004 -0.0219346 0.00869896 0.999721 0.29334 -0.139715 -0.571158
FixedParameters: 0 0 0

#Transform 136
Transform: AffineTransform_float_3_3
Parameters: 0.998499 -0.0492697 0.0239149 0.0494374 0.998757 -0.00645641 -0.0235671 0.0076296 0.999693 0.746803 -0.524741 -1.54572
FixedParameters: 0 0 0

#Transform 137
Transform: AffineTransform_float_3_3
Parameters: 0.999911 -0.011498 0.00674255 0.011561 0.999889 -0.00937589 -0.00663345 0.00945312 0.999934 0.323385 -0.126885 -0.15457
FixedParameters: 0 0 0

#Transform 138
Transform: AffineTransform_float_3_3
Parameters: 0.999951 -0.00846727 0.00525798 0.00850273 0.99994 -0.00681063 -0.00520002 0.00685537 0.999963 0.13596 -0.0693462 -0.807402
FixedParameters: 0 0 0

#Transform 139
Transform: AffineTransform_float_3_3
Parameters: 0.999964 -0.00785474 0.0032061 0.00787326 0.999952 -0.00572296 -0.00316089 0.00574803 0.999978 0.152222 -0.182054 -0.711779
FixedParameters: 0 0 0

#Transform 140
Transform: AffineTransform_float_3_3
Parameters: 0.999967 -0.00751341 0.00307402 0.00752359 0.999965 -0.00344899 -0.00304798 0.00347202 0.99999 0.144667 -0.121228 -0.668907
FixedParameters: 0 0 0

#Transform 141
Transform: AffineTransform_float_3_3
Parameters: 0.999969 -0.00706195 0.00331669 0.00708004 0.99996 -0.00545968 -0.00327831 0.00548332 0.999979 0.118732 -0.06457 -0.801171
FixedParameters: 0 0 0

#Transform 142
Transform: AffineTransform_float_3_3
Parameters: 0.999971 -0.00690775 0.00335995 0.00692825 0.999957 -0.0060519 -0.00331805 0.0060751 0.999976 0.109456 -0.0321856 -0.807518
FixedParameters: 0 0 0

#Transform 143
Transform: AffineTransform_float_3_3
Parameters: 0.99997 -0.00688704 0.00368425 0.00690996 0.999956 -0.00625673 -0.00364075 0.00628226 0.999973 0.109023 -0.0176865 -0.81025
FixedParameters: 0 0 0

#Transform 144
Transform: AffineTransform_float_3_3
Parameters: 0.99997 -0.00718703 0.00312664 0.00720498 0.999958 -0.00577465 -0.00308536 0.00579736 0.999979 0.127632 -0.0420873 -0.758653
FixedParameters: 0 0 0

#Transform 145
Transform: AffineTransform_float_3_3
Parameters: 0.999973 -0.00689836 0.00280679 0.00690965 0.999968 -0.00415973 -0.00277821 0.00417928 0.999988 0.111768 -0.00374658 -0.716757
FixedParameters: 0 0 0

#Transform 146
Transform: AffineTransform_float_3_3
Parameters: 0.999973 -0.00684203 0.00263887 0.00685497 0.999965 -0.00493705 -0.00260513 0.00495496 0.999985 0.109682 -0.0938512 -0.734068
FixedParameters: 0 0 0

#Transform 147
Transform: AffineTransform_float_3_3
Parameters: 0.999975 -0.00635538 0.00301922 0.00636362 0.999975 -0.00285486 -0.00300178 0.00287415 0.999992 0.116874 -0.0517947 -0.662283
FixedParameters: 0 0 0

#Transform 148
Transform: AffineTransform_float_3_3
Parameters: 0.99998 -0.00551026 0.0031082 0.00551674 0.999983 -0.00184189 -0.0030978 0.00185911 0.999994 0.0977832 -0.188258 -0.679839
FixedParameters: 0 0 0

#Transform 149
Transform: AffineTransform_float_3_3
Parameters: 0.999986 -0.00501468 0.00130463 0.00502032 0.999979 -0.0041085 -0.00128437 0.00411449 0.99999 0.0913985 -0.0810374 -0.6771
FixedParameters: 0 0 0

#Transform 150
Transform: AffineTransform_float_3_3
Parameters: 0.999982 -0.00580167 0.00159492 0.00580833 0.999973 -0.00463182 -0.00156709 0.00464018 0.999988 0.10012 -0.157101 -0.728109
FixedParameters: 0 0 0

#Transform 151
Transform: AffineTransform_float_3_3
Parameters: 0.999985 -0.0050709 0.00171316 0.00508009 0.999973 -0.00534737 -0.00168584 0.00535563 0.999984 0.0819266 0.0106444 -0.748866
FixedParameters: 0 0 0

#Transform 152
Transform: AffineTransform_float_3_3
Parameters: 0.999991 -0.00410895 0.000825264 0.00411105 0.999989 -0.00249563 -0.000814734 0.00249937 0.999996 0.071807 -0.107967 -0.673862
FixedParameters: 0 0 0

#Transform 153
Transform: AffineTransform_float_3_3
Parameters: 0.999993 -0.00392173 0.000333283 0.00392327 0.999984 -0.00389572 -0.000317715 0.00389728 0.999993 0.0726736 0.0860409 -0.603068
FixedParameters: 0 0 0

#Transform 154
Transform: AffineTransform_float_3_3
Parameters: 0.999993 -0.00345442 0.00142172 0.00345758 0.999991 -0.0025211 -0.00141328 0.0025259 0.999996 0.0284738 -0.0770448 -0.858732
FixedParameters: 0 0 0

#Transform 155
Transform: AffineTransform_float_3_3
Parameters: 0.99994 -0.0109213 0.000755757 0.0108467 0.997736 0.0663802 -0.00147922 -0.0663679 0.997794 0.222395 -0.964396 -1.38204
FixedParameters: 0 0 0

#Transform 156
Transform: AffineTransform_float_3_3
Parameters: 0.999965 -0.0083599 -0.000245085 0.00835809 0.997818 0.0654972 -0.000303089 -0.0654967 0.997852 0.3998 -1.00562 0.249027
FixedParameters: 0 0 0

#Transform 157
Transform: AffineTransform_float_3_3
Parameters: 0.999952 -0.00196846 -0.00952272 0.00213352 0.999846 0.0174045 0.00948628 -0.0174245 0.999803 0.0408425 -0.277096 -1.27722
FixedParameters: 0 0 0

#Transform 158
Transform: AffineTransform_float_3_3
Parameters: 0.999971 0.00539505 -0.00534501 -0.00533895 0.999931 0.0104458 0.00540099 -0.0104172 0.999931 -0.0754891 -0.612693 -2.2053
FixedParameters: 0 0 0

#Transform 159
Transform: AffineTransform_float_3_3
Parameters: 0.999969 0.000553847 -0.0077778 -0.000522151 0.999992 0.00409619 0.0077802 -0.00409182 0.999962 -0.0290494 -0.444479 -1.2214
FixedParameters: 0 0 0

#Transform 160
Transform: AffineTransform_float_3_3
Parameters: 0.999948 0.000450911 -0.0102409 -0.000344098 0.999946 0.0104391 0.0102442 -0.0104349 0.999893 0.00385281 -0.493486 -1.36284
FixedParameters: 0 0 0

#Transform 161
Transform: AffineTransform_float_3_3
Parameters: 0.999922 0.00205687 -0.0123173 -0.00189013 0.999907 0.0135433 0.0123447 -0.0135197 0.999833 0.019457 -0.813707 -1.31065
FixedParameters: 0 0 0

#Transform 162
Transform: AffineTransform_float_3_3
Parameters: 0.999999 0.00140171 0.00108539 -0.00141429 0.999923 0.0123425 -0.00106763 -0.0123435 0.999923 0.047688 -0.381831 -1.26023
FixedParameters: 0 0 0

#Transform 163
Transform: AffineTransform_float_3_3
Parameters: 0.999982 -7.46179e-05 -0.006102 0.000172378 0.99987 0.0161233 0.00610002 -0.0161248 0.999852 0.0613632 0.0132916 -1.42574
FixedParameters: 0 0 0

#Transform 164
Transform: AffineTransform_float_3_3
Parameters: 0.999988 -0.000229352 -0.00486841 0.000293641 0.999915 0.0130767 0.00486457 -0.0130783 0.999902 0.0279675 0.0628385 -1.59467
FixedParameters: 0 0 0

#Transform 165
Transform: AffineTransform_float_3_3
Parameters: 0.999998 -0.000755816 -0.00190577 0.000780175 0.999919 0.0127215 0.00189523 -0.0127225 0.999918 -0.00505893 -0.31349 -1.35466
FixedParameters: 0 0 0

#Transform 166
Transform: AffineTransform_float_3_3
Parameters: 1 -0.000375607 -3.37098e-05 0.000375397 0.999922 0.012532 2.92978e-05 -0.012532 0.999922 -0.0187416 -0.33251 -1.20556
FixedParameters: 0 0 0

#Transform 167
Transform: AffineTransform_float_3_3
Parameters: 0.999999 -0.000352975 -0.00177573 0.000376028 0.999915 0.0129824 0.00177127 -0.0129836 0.999914 -0.0137091 -0.524675 -1.18408
FixedParameters: 0 0 0

#Transform 168
Transform: AffineTransform_float_3_3
Parameters: 0.999995 -0.00182472 -0.00259539 0.00185228 0.999942 0.0105472 0.0025766 -0.0105518 0.999941 0.0410354 -0.529718 -1.2861
FixedParameters: 0 0 0

#Transform 169
Transform: AffineTransform_float_3_3
Parameters: 0.999998 -0.00076644 -0.00213797 0.000791561 0.999934 0.0115103 0.00212903 -0.0115127 0.999932 -0.00479896 -0.607236 -1.20596
FixedParameters: 0 0 0

#Transform 170
Transform: AffineTransform_float_3_3
Parameters: 0.999998 -0.000687777 -0.00222164 0.000712215 0.99994 0.0109204 0.00221335 -0.0109226 0.999938 -0.0204653 -0.429261 -1.10996
FixedParameters: 0 0 0

#Transform 171
Transform: AffineTransform_float_3_3
Parameters: 0.999998 -0.000702108 -0.00183893 0.000719892 0.999952 0.0097467 0.00183207 -0.00974831 0.999951 -0.0219397 -0.359625 -1.19463
FixedParameters: 0 0 0

#Transform 172
Transform: AffineTransform_float_3_3
Parameters: 0.999997 -0.000591547 -0.00243881 0.000614454 0.999954 0.00962653 0.0024332 -0.00962847 0.99995 -0.0228782 -0.271632 -1.1911
FixedParameters: 0 0 0

#Transform 173
Transform: AffineTransform_float_3_3
Parameters: 0.999997 -0.000376511 -0.00247485 0.00040049 0.999951 0.00990204 0.00247115 -0.00990296 0.999948 -0.0239895 -0.12568 -1.18572
FixedParameters: 0 0 0

#Transform 174
Transform: AffineTransform_float_3_3
Parameters: 0.999995 -0.00013535 -0.00294151 0.000164657 0.999949 0.0100826 0.00294049 -0.0100824 0.999945 -0.0184387 -0.12967 -1.22362
FixedParameters: 0 0 0

#Transform 175
Transform: AffineTransform_float_3_3
Parameters: 0.999994 -0.000128607 -0.00329347 0.000162387 0.999948 0.0101405 0.00329152 -0.0101415 0.999943 -0.0185041 -0.18675 -1.21403
FixedParameters: 0 0 0

#Transform 176
Transform: AffineTransform_float_3_3
Parameters: 0.999994 4.75884e-05 -0.00331869 -1.44082e-05 0.999952 0.0098191 0.0033193 -0.0098189 0.999947 -0.022743 -0.178081 -1.18322
FixedParameters: 0 0 0

#Transform 177
Transform: AffineTransform_float_3_3
Parameters: 0.999994 0.000217962 -0.00344802 -0.000184039 0.999951 0.00984668 0.00344998 -0.0098463 0.999945 -0.018245 -0.264596 -1.20083
FixedParameters: 0 0 0

#Transform 178
Transform: AffineTransform_float_3_3
Parameters: 0.999993 0.000573719 -0.0038842 -0.000533283 0.999945 0.0104761 0.0038898 -0.0104738 0.999937 -0.0185076 -0.37866 -1.09705
FixedParameters: 0 0 0

#Transform 179
Transform: AffineTransform_float_3_3
Parameters: 0.99999 0.00102501 -0.00449698 -0.000979987 0.99995 0.0100005 0.00450702 -0.00999549 0.99994 -0.0259121 -0.324967 -1.07601
FixedParameters: 0 0 0

#Transform 180
Transform: AffineTransform_float_3_3
Parameters: 0.999991 0.00137812 -0.00382539 -0.00133388 0.999933 0.0115112 0.00384161 -0.0115058 0.999927 -0.0368537 -0.374783 -1.1033
FixedParameters: 0 0 0

#Transform 181
Transform: AffineTransform_float_3_3
Parameters: 0.999987 0.00174423 -0.0048809 -0.00168378 0.999922 0.0123154 0.00490211 -0.0123076 0.999912 -0.0479883 -0.413274 -1.10272
FixedParameters: 0 0 0

#Transform 182
Transform: AffineTransform_float_3_3
Parameters: 0.999984 0.0015962 -0.00539588 -0.0015238 0.999907 0.0135424 0.00541713 -0.0135336 0.999893 -0.028143 -0.341593 -1.10199
FixedParameters: 0 0 0

#Transform 183
Transform: AffineTransform_float_3_3
Parameters: 0.999983 0.00210619 -0.00532587 -0.00203081 0.999899 0.014084 0.00535512 -0.0140729 0.999886 -0.0584635 -0.311503 -1.06915
FixedParameters: 0 0 0

#Transform 184
Transform: AffineTransform_float_3_3
Parameters: 0.999987 0.00194969 -0.00482621 -0.00188231 0.999901 0.0139913 0.00485281 -0.0139817 0.999891 -0.0724907 -0.302859 -1.07671
FixedParameters: 0 0 0

#Transform 185
Transform: AffineTransform_float_3_3
Parameters: 0.999984 0.00188087 -0.00543231 -0.00181114 0.999916 0.012838 0.00545569 -0.0128279 0.999903 -0.0537923 -0.239511 -1.10233
FixedParameters: 0 0 0

#Transform 186
Transform: AffineTransform_float_3_3
Parameters: 0.999984 0.00146647 -0.00535105 -0.00140653 0.999938 0.0111007 0.00536694 -0.0110933 0.999924 -0.0553393 -0.223806 -1.16318
FixedParameters: 0 0 0

#Transform 187
Transform: AffineTransform_float_3_3
Parameters: 0.999983 -0.00116589 0.00573315 0.00110612 0.999945 0.0104375 -0.00574485 -0.0104315 0.999929 -0.0194665 -0.254498 -1.12045
FixedParameters: 0 0 0

#Transform 188
Transform: AffineTransform_float_3_3
Parameters: 1 -0.000174748 -0.000464012 0.000180252 0.999935 0.0113429 0.000461985 -0.0113421 0.999935 -0.022159 -0.285578 -1.13409
FixedParameters: 0 0 0

#Transform 189
Transform: AffineTransform_float_3_3
Parameters: 0.999998 0.000454334 -0.001542 -0.000437666 0.999937 0.0112227 0.00154701 -0.0112223 0.999936 -0.0335801 -0.237771 -1.11639
FixedParameters: 0 0 0

#Transform 190
Transform: AffineTransform_float_3_3
Parameters: 0.999996 0.000502883 -0.00253043 -0.000474121 0.999935 0.0114022 0.00253557 -0.0114008 0.999932 -0.0389023 -0.331399 -1.12195
FixedParameters: 0 0 0

#Transform 191
Transform: AffineTransform_float_3_3
Parameters: 0.999996 0.00071625 -0.00279843 -0.000685743 0.999941 0.010796 0.00280657 -0.010794 0.999938 -0.0368758 -0.318789 -1.12958
FixedParameters: 0 0 0

#Transform 192
Transform: AffineTransform_float_3_3
Parameters: 0.999997 0.000600187 -0.00263574 -0.000571822 0.999943 0.0106815 0.00264126 -0.0106805 0.99994 -0.0481718 -0.269979 -1.13458
FixedParameters: 0 0 0

#Transform 193
Transform: AffineTransform_float_3_3
Parameters: 0.999997 6.21496e-06 -0.00218307 1.92141e-05 0.999934 0.01155 0.00218292 -0.01155 0.999931 -0.0338748 -0.325287 -1.0784
FixedParameters: 0 0 0

#Transform 194
Transform: AffineTransform_float_3_3
Parameters: 0.999996 7.96969e-05 -0.0026103 -5.23057e-05 0.999943 0.0106092 0.0026107 -0.0106088 0.999941 -0.0289845 -0.239231 -1.14357
FixedParameters: 0 0 0

#Transform 195
Transform: AffineTransform_float_3_3
Parameters: 0.999998 -0.000277931 -0.00190052 0.000301064 0.999926 0.0121495 0.00189648 -0.0121496 0.999925 -0.0275795 -0.323899 -1.10814
FixedParameters: 0 0 0

#Transform 196
Transform: AffineTransform_float_3_3
Parameters: 0.999996 -0.000188019 -0.00273231 0.000218979 0.999935 0.0113434 0.00272969 -0.0113436 0.999932 -0.0192142 -0.262798 -1.10856
FixedParameters: 0 0 0

#Transform 197
Transform: AffineTransform_float_3_3
Parameters: 0.999997 -2.23192e-06 -0.00222016 2.77661e-05 0.999938 0.011156 0.00221983 -0.011156 0.999936 -0.0313784 -0.235139 -1.07732
FixedParameters: 0 0 0

#Transform 198
Transform: AffineTransform_float_3_3
Parameters: 0.999997 -0.000442094 -0.00231211 0.000467905 0.999937 0.011216 0.0023069 -0.0112171 0.999935 -0.0204868 -0.219062 -1.06934
FixedParameters: 0 0 0

#Transform 199
Transform: AffineTransform_float_3_3
Parameters: 0.999998 -3.25629e-06 -0.00206217 2.77531e-05 0.999933 0.011514 0.00206282 -0.011514 0.999931 -0.0306331 -0.265373 -1.07356
FixedParameters: 0 0 0

#Transform 200
Transform: AffineTransform_float_3_3
Parameters: 0.999998 0.000179766 -0.00227304 -0.000153234 0.99993 0.0117704 0.00227496 -0.0117696 0.999928 -0.0383608 -0.269458 -1.0316
FixedParameters: 0 0 0

#Transform 201
Transform: AffineTransform_float_3_3
Parameters: 0.999999 0.000109044 -0.00176993 -8.99572e-05 0.999942 0.0107552 0.00177107 -0.0107558 0.99994 -0.0430935 -0.194448 -1.07013
FixedParameters: 0 0 0

#Transform 202
Transform: AffineTransform_float_3_3
Parameters: 1 -0.000152476 0.000125224 0.000150515 0.999931 0.011706 -0.000127771 -0.011706 0.999931 -0.0467474 -0.207499 -0.990922
FixedParameters: 0 0 0

#Transform 203
Transform: AffineTransform_float_3_3
Parameters: 0.999998 -0.001991 0.00030696 0.001983 0.999706 0.0241736 -0.000355038 -0.0241723 0.999707 0.0243075 -0.394932 -0.959429
FixedParameters: 0 0 0

#Transform 204
Transform: AffineTransform_float_3_3
Parameters: 0.999999 -0.00105854 -0.000835925 0.00107746 0.999749 0.0224031 0.000812065 -0.0224039 0.999748 0.0221517 -0.289147 -1.09313
FixedParameters: 0 0 0

#Transform 205
Transform: AffineTransform_float_3_3
Parameters: 0.999999 -0.000665744 -0.0016804 0.00070127 0.999778 0.0210688 0.0016666 -0.0210691 0.999776 0.0261252 -0.355176 -0.993625
FixedParameters: 0 0 0

#Transform 206
Transform: AffineTransform_float_3_3
Parameters: 0.999998 -0.00104129 -0.00163727 0.00107471 0.999798 0.0201063 0.00161572 -0.0201077 0.999797 0.0215461 -0.363315 -0.993316
FixedParameters: 0 0 0

#Transform 207
Transform: AffineTransform_float_3_3
Parameters: 0.999998 -0.00111184 -0.00171858 0.00114616 0.9998 0.0200031 0.00169641 -0.0200049 0.999798 0.0172719 -0.282567 -0.966325
FixedParameters: 0 0 0

#Transform 208
Transform: AffineTransform_float_3_3
Parameters: 0.999998 -0.000732005 -0.0014242 0.000758991 0.999819 0.0190469 0.0014098 -0.0190481 0.999817 -0.00297544 -0.230709 -0.966584
FixedParameters: 0 0 0

#Transform 209
Transform: AffineTransform_float_3_3
Parameters: 0.999987 -0.00505417 0.000843061 0.00502982 0.999634 0.0265616 -0.000976931 -0.0265564 0.999647 0.0974637 0.249367 -0.883303
FixedParameters: 0 0 0

#Transform 210
Transform: AffineTransform_float_3_3
Parameters: 0.99999 -0.00439965 0.000450237 0.00438536 0.999631 0.0268042 -0.000567745 -0.0268018 0.99964 0.0903587 -0.207707 -0.845666
FixedParameters: 0 0 0

#Transform 211
Transform: AffineTransform_float_3_3
Parameters: 0.999998 -0.00227303 -0.000471398 0.00228396 0.999691 0.024748 0.000414602 -0.024749 0.999693 0.0313443 -0.375824 -0.835066
FixedParameters: 0 0 0

#Transform 212
Transform: AffineTransform_float_3_3
Parameters: 0.999997 -0.00184972 -0.00103944 0.00187329 0.999714 0.0238651 0.000995575 -0.0238669 0.999714 0.0163492 -0.503591 -0.852274
FixedParameters: 0 0 0

#Transform 213
Transform: AffineTransform_float_3_3
Parameters: 0.999997 -0.00255659 -0.000711874 0.00257242 0.999742 0.0225653 0.000654118 -0.0225668 0.999745 0.0157461 -0.352187 -0.857344
FixedParameters: 0 0 0

#Transform 214
Transform: AffineTransform_float_3_3
Parameters: 0.999997 -0.001949 -0.0013847 0.00198 0.99974 0.0227483 0.0013403 -0.0227507 0.999741 0.0231382 -0.115075 -0.842037
FixedParameters: 0 0 0

#Transform 215
Transform: AffineTransform_float_3_3
Parameters: 0.999996 -0.00171503 -0.00198202 0.00175797 0.999759 0.0218876 0.00194399 -0.0218904 0.999759 0.0188929 -0.172402 -0.851726
FixedParameters: 0 0 0

#Transform 216
Transform: AffineTransform_float_3_3
Parameters: 0.999997 -0.0013874 -0.00191976 0.00142961 0.999761 0.0218423 0.00188922 -0.0218457 0.999759 0.0143675 -0.0927814 -0.847461
FixedParameters: 0 0 0

#Transform 217
Transform: AffineTransform_float_3_3
Parameters: 0.999996 -0.00151605 -0.00234076 0.00156395 0.999786 0.0206204 0.00230924 -0.0206236 0.999784 0.0103602 -0.0550874 -0.855186
FixedParameters: 0 0 0

#Transform 218
Transform: AffineTransform_float_3_3
Parameters: 0.999997 -0.00132961 -0.00236446 0.00137838 0.999779 0.0210118 0.00233555 -0.0210152 0.999777 0.00928077 -0.202945 -0.837221
FixedParameters: 0 0 0

#Transform 219
Transform: AffineTransform_float_3_3
Parameters: 0.999996 -0.00133069 -0.00231939 0.00137832 0.99978 0.0209529 0.00229162 -0.0209561 0.999778 0.00112869 -0.124377 -0.851871
FixedParameters: 0 0 0

#Transform 220
Transform: AffineTransform_float_3_3
Parameters: 0.999998 -0.00177805 -0.00137784 0.00180595 0.999787 0.0205566 0.00134116 -0.0205584 0.999787 0.0109315 -0.195904 -0.857646
FixedParameters: 0 0 0

#Transform 221
Transform: AffineTransform_float_3_3
Parameters: 0.999999 -0.00155174 -0.000970498 0.00157027 0.999796 0.0201705 0.000939518 -0.0201715 0.999796 -0.00239457 -0.282761 -0.875919
FixedParameters: 0 0 0

#Transform 222
Transform: AffineTransform_float_3_3
Parameters: 0.999999 -0.00137046 -0.000425563 0.00137855 0.999783 0.0207744 0.000397447 -0.0207746 0.999784 0.00312968 -0.314204 -0.85474
FixedParameters: 0 0 0

#Transform 223
Transform: AffineTransform_float_3_3
Parameters: 0.999997 -0.00181296 -0.00110982 0.00183504 0.999794 0.020186 0.00107317 -0.020188 0.999795 0.0182498 -0.236151 -0.855686
FixedParameters: 0 0 0

#Transform 224
Transform: AffineTransform_float_3_3
Parameters: 0.999997 -0.0018213 -0.00110942 0.0018427 0.9998 0.019878 0.00107358 -0.01988 0.999802 0.00789228 -0.280641 -0.868519
FixedParameters: 0 0 0

#Transform 225
Transform: AffineTransform_float_3_3
Parameters: 0.999998 -0.00184968 -0.000957253 0.00186731 0.999808 0.0195003 0.000920761 -0.0195018 0.99981 0.0187216 -0.133684 -0.868635
FixedParameters: 0 0 0

#Transform 226
Transform: AffineTransform_float_3_3
Parameters: 0.999999 -0.001769 -0.00055627 0.00178 0.99979 0.0204371 0.00051973 -0.020438 0.999791 0.00757177 -0.170867 -0.88075
FixedParameters: 0 0 0

#Transform 227
Transform: AffineTransform_float_3_3
Parameters: 0.999998 -0.00176007 -0.0010395 0.00177993 0.999808 0.0194892 0.0010055 -0.0194908 0.999809 0.017044 -0.0805441 -0.840899
FixedParameters: 0 0 0

#Transform 228
Transform: AffineTransform_float_3_3
Parameters: 0.999998 -0.00175795 -0.00111263 0.00178006 0.999795 0.020138 0.00107737 -0.0201409 0.999796 0.0141894 -0.159303 -0.87294
FixedParameters: 0 0 0

#Transform 229
Transform: AffineTransform_float_3_3
Parameters: 0.999998 -0.00175819 -0.00111321 0.0017798 0.999801 0.0199001 0.00107779 -0.019902 0.999802 0.0117322 -0.166599 -0.889198
FixedParameters: 0 0 0

#Transform 230
Transform: AffineTransform_float_3_3
Parameters: 0.999997 -0.00184661 -0.00114299 0.00186839 0.9998 0.0199079 0.00110602 -0.0199101 0.999801 0.0170433 -0.137491 -0.905095
FixedParameters: 0 0 0

#Transform 231
Transform: AffineTransform_float_3_3
Parameters: 0.999997 -0.00169298 -0.00171232 0.00172704 0.999797 0.0200671 0.00167868 -0.0200699 0.999797 0.00976835 -0.237662 -0.900398
FixedParameters: 0 0 0

#Transform 232
Transform: AffineTransform_float_3_3
Parameters: 0.999998 -0.00125362 -0.00184681 0.00128839 0.999823 0.0187347 0.00182318 -0.0187373 0.999823 0.00196867 -0.133317 -0.911528
FixedParameters: 0 0 0

#Transform 233
Transform: AffineTransform_float_3_3
Parameters: 0.999997 -0.00134322 -0.00233138 0.00138777 0.999812 0.0193128 0.00230463 -0.0193162 0.999811 0.00793707 -0.289692 -0.917607
FixedParameters: 0 0 0

#Transform 234
Transform: AffineTransform_float_3_3
Parameters: 0.999998 -0.0007217 -0.00190852 0.000759309 0.999808 0.0196156 0.00189447 -0.0196174 0.999806 -0.00659228 -0.172312 -0.89611
FixedParameters: 0 0 0

#Transform 235
Transform: AffineTransform_float_3_3
Parameters: 0.999997 -0.000785248 -0.00232063 0.000829741 0.999813 0.0193471 0.00230438 -0.0193489 0.99981 -0.00276107 -0.222756 -0.906704
FixedParameters: 0 0 0

#Transform 236
Transform: AffineTransform_float_3_3
Parameters: 0.999998 -0.000808347 -0.00195301 0.000846653 0.999813 0.0193564 0.00193697 -0.0193576 0.99981 -0.00604124 -0.235827 -0.898774
FixedParameters: 0 0 0

#Transform 237
Transform: AffineTransform_float_3_3
Parameters: 0.999997 -0.00059497 -0.00214481 0.000636034 0.999816 0.0191807 0.00213319 -0.0191813 0.999813 -0.00603547 -0.13767 -0.91432
FixedParameters: 0 0 0

#Transform 238
Transform: AffineTransform_float_3_3
Parameters: 0.999998 -0.000737735 -0.00211982 0.00077927 0.999809 0.0195324 0.00210518 -0.0195336 0.999807 -0.00547526 -0.225276 -0.915115
FixedParameters: 0 0 0

#Transform 239
Transform: AffineTransform_float_3_3
Parameters: 0.999998 -0.00103122 -0.00177802 0.00106478 0.999817 0.0191021 0.00175798 -0.0191039 0.999816 -0.00793015 -0.108935 -0.901075
FixedParameters: 0 0 0

#Transform 240
Transform: AffineTransform_float_3_3
Parameters: 0.999999 -0.000922956 -0.0014769 0.000951048 0.999817 0.0191026 0.0014591 -0.0191034 0.999817 -0.0110167 -0.16511 -0.908156
FixedParameters: 0 0 0

#Transform 241
Transform: AffineTransform_float_3_3
Parameters: 0.999998 -0.00100706 -0.00161274 0.00103795 0.999813 0.0193014 0.00159326 -0.0193027 0.999813 -0.0102561 -0.20993 -0.917571
FixedParameters: 0 0 0

#Transform 242
Transform: AffineTransform_float_3_3
Parameters: 0.999998 -0.00103233 -0.00171114 0.00106567 0.999815 0.0192022 0.00169085 -0.0192038 0.999814 -0.008961 -0.171456 -0.918347
FixedParameters: 0 0 0

#Transform 243
Transform: AffineTransform_float_3_3
Parameters: 0.999998 -0.00101493 -0.00173181 0.00104807 0.999815 0.0192032 0.00171219 -0.0192048 0.999814 -0.00786871 -0.180432 -0.927591
FixedParameters: 0 0 0

#Transform 244
Transform: AffineTransform_float_3_3
Parameters: 0.999997 -0.00106724 -0.00191297 0.00110376 0.999813 0.0193189 0.00189203 -0.0193211 0.999811 -0.00430319 -0.213513 -0.933567
FixedParameters: 0 0 0

#Transform 245
Transform: AffineTransform_float_3_3
Parameters: 0.999997 -0.00103019 -0.00191229 0.00106681 0.999812 0.01935 0.00189171 -0.019352 0.999811 -0.00629356 -0.210638 -0.92294
FixedParameters: 0 0 0

#Transform 246
Transform: AffineTransform_float_3_3
Parameters: 0.999997 -0.000952199 -0.00191078 0.000988804 0.999813 0.0193512 0.00189222 -0.0193538 0.999811 -0.00492182 -0.167984 -0.921005
FixedParameters: 0 0 0

#Transform 247
Transform: AffineTransform_float_3_3
Parameters: 0.999998 -0.00103496 -0.00166831 0.00106704 0.999812 0.0193223 0.00164769 -0.0193237 0.999812 -0.0108059 -0.222495 -0.930983
FixedParameters: 0 0 0

#Transform 248
Transform: AffineTransform_float_3_3
Parameters: 0.999998 -0.00103429 -0.0017201 0.00106671 0.999817 0.0191252 0.00169991 -0.0191278 0.999815 -0.00878937 -0.187467 -0.920898
FixedParameters: 0 0 0

#Transform 249
Transform: AffineTransform_float_3_3
Parameters: 0.999997 -0.00103213 -0.00191124 0.00106686 0.999832 0.018333 0.00189176 -0.018335 0.99983 -0.00548471 -0.152105 -0.925743
FixedParameters: 0 0 0

#Transform 250
Transform: AffineTransform_float_3_3
Parameters: 0.999998 -0.00119917 -0.00160594 0.00122783 0.999836 0.0180741 0.00158407 -0.0180759 0.999836 -0.00225369 -0.18916 -0.925306
FixedParameters: 0 0 0

#Transform 251
Transform: AffineTransform_float_3_3
Parameters: 0.999997 -0.00146591 -0.00187418 0.00150011 0.999831 0.0183222 0.00184782 -0.0183248 0.999831 0.0072121 -0.231434 -0.901427
FixedParameters: 0 0 0

#Transform 252
Transform: AffineTransform_float_3_3
Parameters: 0.999998 -0.00129419 -0.00143569 0.00131982 0.999835 0.0181251 0.00141231 -0.0181269 0.999834 -0.00238224 -0.156672 -0.902308
FixedParameters: 0 0 0

#Transform 253
Transform: AffineTransform_float_3_3
Parameters: 0.999998 -0.00137895 -0.0014669 0.00140605 0.999826 0.018599 0.0014411 -0.018601 0.999826 -0.0047532 -0.271886 -0.924286
FixedParameters: 0 0 0

#Transform 254
Transform: AffineTransform_float_3_3
Parameters: 0.999998 -0.00160464 -0.00106088 0.00162337 0.999828 0.0185093 0.00103113 -0.0185117 0.999828 0.010186 -0.125139 -0.892741
FixedParameters: 0 0 0

#Transform 255
Transform: AffineTransform_float_3_3
Parameters: 0.999998 -0.000928906 -0.00140523 0.000953088 0.999851 0.0172427 0.00138877 -0.0172443 0.999851 -2.86567e-05 -0.159813 -0.963658
FixedParameters: 0 0 0

#Transform 256
Transform: AffineTransform_float_3_3
Parameters: 0.999998 -0.00150532 0.000811186 0.00148968 0.999827 0.0185702 -0.000838807 -0.0185688 0.999827 0.00373537 -0.223075 -0.861541
FixedParameters: 0 0 0

#Transform 257
Transform: AffineTransform_float_3_3
Parameters: 0.999992 -0.00229893 0.00344369 0.00221706 0.999719 0.0236098 -0.00349731 -0.0236012 0.999716 0.022747 -0.268227 -0.692942
FixedParameters: 0 0 0

#Transform 258
Transform: AffineTransform_float_3_3
Parameters: 0.999993 -0.00264488 0.00255028 0.00259111 0.999778 0.0209038 -0.00260572 -0.0208963 0.999778 0.0261616 -0.151239 -0.737514
FixedParameters: 0 0 0

#Transform 259
Transform: AffineTransform_float_3_3
Parameters: 0.999992 -0.00400296 0.000294764 0.00399504 0.999721 0.0233124 -0.000388235 -0.0233106 0.999728 0.122212 -0.00511412 -0.489017
FixedParameters: 0 0 0

#Transform 260
Transform: AffineTransform_float_3_3
Parameters: 0.999993 -0.0037252 -0.000123582 0.00372681 0.999759 0.0216237 4.34207e-05 -0.0216243 0.999766 0.0994961 -0.252656 -0.628466
FixedParameters: 0 0 0

#Transform 261
Transform: AffineTransform_float_3_3
Parameters: 0.999991 -0.00421438 -0.000287749 0.00422063 0.999712 0.023649 0.000188236 -0.02365 0.999721 0.0954331 -0.347065 -0.654093
FixedParameters: 0 0 0

#Transform 262
Transform: AffineTransform_float_3_3
Parameters: 0.999991 -0.00415641 -0.000799765 0.00417259 0.99978 0.0205918 0.000714222 -0.0205952 0.999787 0.0939153 -0.0665086 -0.66511
FixedParameters: 0 0 0

#Transform 263
Transform: AffineTransform_float_3_3
Parameters: 0.999991 -0.00413967 -0.000914348 0.00415832 0.99977 0.0210494 0.000826647 -0.0210526 0.999778 0.0992316 -0.209032 -0.661765
FixedParameters: 0 0 0

#Transform 264
Transform: AffineTransform_float_3_3
Parameters: 0.999996 -0.00251209 -0.00112526 0.00253393 0.999799 0.0199172 0.00107574 -0.0199208 0.999801 0.0274281 -0.133387 -0.891765
FixedParameters: 0 0 0

#Transform 265
Transform: AffineTransform_float_3_3
Parameters: 0.999997 -0.00209149 -0.00136044 0.00211552 0.999831 0.0182692 0.00132257 -0.0182728 0.999832 0.0191581 -0.153819 -0.894467
FixedParameters: 0 0 0

#Transform 266
Transform: AffineTransform_float_3_3
Parameters: 0.999998 -0.00182389 -0.000949623 0.00184212 0.999809 0.0194323 0.000914375 -0.0194337 0.99981 0.019976 -0.170441 -0.841902
FixedParameters: 0 0 0

#Transform 267
Transform: AffineTransform_float_3_3
Parameters: 0.999997 -0.00208305 -0.000712072 0.00209595 0.999823 0.0186966 0.000672928 -0.0186984 0.999825 0.0240452 -0.0833862 -0.850905
FixedParameters: 0 0 0

#Transform 268
Transform: AffineTransform_float_3_3
Parameters: 0.999998 -0.00202529 -0.000599107 0.00203671 0.999793 0.0202358 0.000557898 -0.0202372 0.999795 0.0161961 -0.158919 -0.785978
FixedParameters: 0 0 0

#Transform 269
Transform: AffineTransform_float_3_3
Parameters: 0.999998 -0.00227345 -0.000245584 0.00227856 0.999788 0.0204675 0.000199406 -0.0204675 0.99979 0.0133239 -0.20202 -0.766193
FixedParameters: 0 0 0

#Transform 270
Transform: AffineTransform_float_3_3
Parameters: 0.999997 -0.00221313 -0.00104516 0.00223387 0.999809 0.0194137 0.00100182 -0.0194153 0.999811 0.0236981 -0.112093 -0.810156
FixedParameters: 0 0 0

#Transform 271
Transform: AffineTransform_float_3_3
Parameters: 0.999997 -0.002122 -0.000539009 0.002132 0.999812 0.0192779 0.000497991 -0.0192791 0.999814 0.0147236 -0.187628 -0.823722
FixedParameters: 0 0 0

#Transform 272
Transform: AffineTransform_float_3_3
Parameters: 0.999997 -0.00216561 -0.00117233 0.0021874 0.999808 0.0194415 0.00113068 -0.0194445 0.999811 0.0211786 -0.226157 -0.818254
FixedParameters: 0 0 0

#Transform 273
Transform: AffineTransform_float_3_3
Parameters: 0.999998 -0.00213482 -0.000840329 0.00215119 0.999802 0.0197502 0.000798668 -0.0197517 0.999804 0.0146322 -0.121982 -0.833575
FixedParameters: 0 0 0

#Transform 274
Transform: AffineTransform_float_3_3
Parameters: 0.999997 -0.00198819 -0.000876179 0.00200481 0.999806 0.0196203 0.000836825 -0.0196217 0.999807 0.00775673 -0.182246 -0.845403
FixedParameters: 0 0 0

#Transform 275
Transform: AffineTransform_float_3_3
Parameters: 0.999998 -0.00166519 -0.000893085 0.00168181 0.999815 0.0191685 0.000860918 -0.0191705 0.999816 0.00494679 -0.157066 -0.857625
FixedParameters: 0 0 0

#Transform 276
Transform: AffineTransform_float_3_3
Parameters: 0.999998 -0.0021071 -0.000697274 0.0021199 0.999816 0.0190526 0.000656728 -0.0190544 0.999818 0.00929916 -0.139955 -0.877775
FixedParameters: 0 0 0

#Transform 277
Transform: AffineTransform_float_3_3
Parameters: 0.999998 -0.00175272 -0.00146429 0.00177928 0.999821 0.0188434 0.00143072 -0.0188466 0.999822 0.00466367 -0.175221 -0.877688
FixedParameters: 0 0 0

#Transform 278
Transform: AffineTransform_float_3_3
Parameters: 0.999997 -0.00206626 -0.000696032 0.00207874 0.99982 0.0188296 0.000656974 -0.0188304 0.999823 0.00844511 -0.0890677 -0.882057
FixedParameters: 0 0 0

#Transform 279
Transform: AffineTransform_float_3_3
Parameters: 0.999998 -0.00198877 -0.000239268 0.00199325 0.999814 0.0192196 0.000201727 -0.0192205 0.999816 0.00357228 -0.174595 -0.878919
FixedParameters: 0 0 0

#Transform 280
Transform: AffineTransform_float_3_3
Parameters: 0.999997 -0.00200316 -0.000824983 0.00201783 0.999829 0.0183924 0.000788019 -0.0183936 0.99983 0.00314364 -0.168409 -0.874007
FixedParameters: 0 0 0

#Transform 281
Transform: AffineTransform_float_3_3
Parameters: 0.999997 -0.00239305 -0.00120848 0.00241496 0.999826 0.0184992 0.00116452 -0.0185019 0.999828 0.0130338 -0.274077 -0.91972
FixedParameters: 0 0 0

#Transform 282
Transform: AffineTransform_float_3_3
Parameters: 0.999998 -0.00175181 -0.000773596 0.00176518 0.999847 0.0173977 0.000742401 -0.0173993 0.999849 0.00413424 -0.103189 -0.927894
FixedParameters: 0 0 0

#Transform 283
Transform: AffineTransform_float_3_3
Parameters: 0.999996 -0.00222401 -0.0014351 0.00224998 0.999829 0.0183678 0.0013939 -0.0183712 0.999831 0.016746 -0.240037 -0.926779
FixedParameters: 0 0 0

#Transform 284
Transform: AffineTransform_float_3_3
Parameters: 0.999997 -0.00180509 -0.00112752 0.0018249 0.999838 0.017913 0.00109448 -0.017915 0.999839 0.015706 -0.121399 -0.889361
FixedParameters: 0 0 0

#Transform 285
Transform: AffineTransform_float_3_3
Parameters: 0.999997 -0.0021448 -0.00120067 0.0021662 0.999836 0.0179395 0.00116232 -0.0179425 0.999839 0.0130686 -0.175287 -0.899349
FixedParameters: 0 0 0

#Transform 286
Transform: AffineTransform_float_3_3
Parameters: 0.999997 -0.0018991 -0.00147106 0.0019249 0.99984 0.0178092 0.00143695 -0.0178118 0.999841 0.009895 -0.170554 -0.910403
FixedParameters: 0 0 0

#Transform 287
Transform: AffineTransform_float_3_3
Parameters: 0.999998 -0.00191326 -0.000690436 0.00192475 0.999847 0.0174207 0.000657567 -0.0174223 0.999848 0.00713285 -0.120045 -0.87841
FixedParameters: 0 0 0

#Transform 288
Transform: AffineTransform_float_3_3
Parameters: 0.999998 -0.00196795 -0.000692251 0.00198006 0.999838 0.0178557 0.00065775 -0.0178563 0.999841 0.00714059 -0.16929 -0.879162
FixedParameters: 0 0 0

#Transform 289
Transform: AffineTransform_float_3_3
Parameters: 0.999998 -0.00190362 -0.00121418 0.00192437 0.999838 0.0178547 0.00117983 -0.0178573 0.99984 0.0117671 -0.141131 -0.860948
FixedParameters: 0 0 0

#Transform 290
Transform: AffineTransform_float_3_3
Parameters: 0.999995 -0.00228547 -0.00237075 0.00232952 0.999825 0.0185236 0.00232724 -0.0185284 0.999825 0.0196274 -0.2041 -0.885879
FixedParameters: 0 0 0

#Transform 291
Transform: AffineTransform_float_3_3
Parameters: 0.999997 -0.00231083 -0.00105571 0.00232917 0.999844 0.0175466 0.00101528 -0.0175494 0.999846 0.0245712 -0.153425 -0.973588
FixedParameters: 0 0 0

#Transform 292
Transform: AffineTransform_float_3_3
Parameters: 0.999998 -0.00187875 -0.000769189 0.00189125 0.999844 0.0176016 0.000735823 -0.0176034 0.999845 0.0134598 -0.176355 -0.936855
FixedParameters: 0 0 0

#Transform 293
Transform: AffineTransform_float_3_3
Parameters: 0.999998 -0.00185528 -0.00076751 0.00186773 0.999855 0.0169236 0.000736497 -0.0169244 0.999857 0.0178335 -0.118605 -0.906027
FixedParameters: 0 0 0

#Transform 294
Transform: AffineTransform_float_3_3
Parameters: 0.999999 -0.00171944 -0.000635217 0.00173056 0.999824 0.0186719 0.000602792 -0.0186731 0.999826 0.0175838 -0.258008 -0.843727
FixedParameters: 0 0 0

#Transform 295
Transform: AffineTransform_float_3_3
Parameters: 0.999996 -0.00258768 -0.000942098 0.00260332 0.999839 0.0177556 0.000895914 -0.0177584 0.999842 0.027025 -0.195159 -0.884642
FixedParameters: 0 0 0

#Transform 296
Transform: AffineTransform_float_3_3
Parameters: 0.999993 -0.00263734 -0.00235956 0.00267966 0.999829 0.0182608 0.00231144 -0.0182672 0.999831 0.0480837 -0.196661 -0.825065
FixedParameters: 0 0 0

#Transform 297
Transform: AffineTransform_float_3_3
Parameters: 0.999996 -0.00233758 -0.00194758 0.00237043 0.999856 0.0168135 0.00190841 -0.0168175 0.999857 0.0422678 -0.19708 -0.835
FixedParameters: 0 0 0

#Transform 298
Transform: AffineTransform_float_3_3
Parameters: 0.999996 -0.0020663 -0.00194229 0.0020977 0.999863 0.016464 0.00190772 -0.016468 0.999862 0.0410539 -0.122913 -0.837545
FixedParameters: 0 0 0

#Transform 299
Transform: AffineTransform_float_3_3
Parameters: 0.999996 -0.0020991 -0.00194195 0.0021299 0.999869 0.0160509 0.00190805 -0.0160551 0.99987 0.0385418 -0.215815 -0.866806
FixedParameters: 0 0 0

#Transform 300
Transform: AffineTransform_float_3_3
Parameters: 0.999996 -0.0015305 -0.00247388 0.0015705 0.99987 0.0160432 0.00244912 -0.0160468 0.999868 0.0246136 -0.163212 -0.867488
FixedParameters: 0 0 0

#Transform 301
Transform: AffineTransform_float_3_3
Parameters: 0.999996 -0.00199416 -0.001953 0.00202584 0.999871 0.0159181 0.00192099 -0.0159219 0.999872 0.0174088 -0.191265 -0.876434
FixedParameters: 0 0 0

#Transform 302
Transform: AffineTransform_float_3_3
Parameters: 0.999998 -0.00141241 -0.00130847 0.00143159 0.999885 0.0150962 0.00128653 -0.0150978 0.999885 0.0176052 -0.141746 -0.846124
FixedParameters: 0 0 0

#Transform 303
Transform: AffineTransform_float_3_3
Parameters: 0.999998 -0.00177643 -0.000821739 0.00178856 0.999878 0.0155586 0.000793266 -0.0155604 0.999878 0.0231595 -0.121044 -0.854522
FixedParameters: 0 0 0

#Transform 304
Transform: AffineTransform_float_3_3
Parameters: 0.999998 -0.00208414 -0.000827165 0.00209686 0.999872 0.0158623 0.000793838 -0.0158637 0.999874 0.024716 -0.210058 -0.86643
FixedParameters: 0 0 0

#Transform 305
Transform: AffineTransform_float_3_3
Parameters: 0.999998 -0.00194245 -0.00125909 0.00196156 0.999887 0.0149026 0.0012309 -0.0149044 0.999888 0.03079 -0.103359 -0.859512
FixedParameters: 0 0 0

#Transform 306
Transform: AffineTransform_float_3_3
Parameters: 0.999997 -0.00216065 -0.00119091 0.00217935 0.999875 0.0156244 0.00115709 -0.0156265 0.999877 0.0264513 -0.222675 -0.866204
FixedParameters: 0 0 0

#Transform 307
Transform: AffineTransform_float_3_3
Parameters: 0.999998 -0.0021394 -0.000923187 0.0021536 0.999885 0.0149951 0.000890805 -0.014997 0.999887 0.0250264 -0.0787699 -0.858466
FixedParameters: 0 0 0

#Transform 308
Transform: AffineTransform_float_3_3
Parameters: 0.999997 -0.00236221 -0.000794948 0.00237379 0.999882 0.0151782 0.000759056 -0.0151798 0.999885 0.0416109 -0.137123 -0.840654
FixedParameters: 0 0 0

#Transform 309
Transform: AffineTransform_float_3_3
Parameters: 0.999997 -0.00198847 -0.000793535 0.00200053 0.999889 0.0148085 0.000763458 -0.0148096 0.99989 0.0389404 -0.185106 -0.803553
FixedParameters: 0 0 0

#Transform 310
Transform: AffineTransform_float_3_3
Parameters: 0.999998 -0.00176004 -0.000864779 0.00177196 0.9999 0.0140295 0.000840221 -0.0140315 0.999901 0.0278304 -0.0553562 -0.81168
FixedParameters: 0 0 0
