#Insight Transform File V1.0
#Transform 0
Transform: AffineTransform_float_3_3
Parameters: 1 -0.000196987 -9.28603e-06 0.000197013 0.999999 0.001452 8.71395e-06 -0.001452 0.999999 -0.00941772 0.0242688 0.159859
FixedParameters: 0 0 0

#Transform 1
Transform: AffineTransform_float_3_3
Parameters: 1 -0.000166988 -1.02071e-05 0.000167014 0.999999 0.00124 1.07929e-05 -0.00124 0.999999 -0.00785811 0.0265396 0.14176
FixedParameters: 0 0 0

#Transform 2
Transform: AffineTransform_float_3_3
Parameters: 1 3.94224e-07 -0.000258 3.94224e-07 0.999999 0.001528 0.000258 -0.001528 0.999999 0.00112902 0.0118266 0.130566
FixedParameters: 0 0 0

#Transform 3
Transform: AffineTransform_float_3_3
Parameters: 1 -0.000129954 -3.31807e-05 0.000130047 0.999999 0.00139 3.38193e-05 -0.00139 0.999999 0.0022846 0.0278102 0.110586
FixedParameters: 0 0 0

#Transform 4
Transform: AffineTransform_float_3_3
Parameters: 1 -1.2766e-08 1.3e-05 -1.2766e-08 0.999999 0.000981999 -1.3e-05 -0.000981999 0.999999 -0.00848082 0.0142137 0.0863393
FixedParameters: 0 0 0

#Transform 5
Transform: AffineTransform_float_3_3
Parameters: 1 5.79474e-05 4.70648e-05 -5.80525e-05 1 0.001118 -4.69351e-05 -0.001118 1 -0.00762037 -0.0145488 0.07052
FixedParameters: 0 0 0

#Transform 6
Transform: AffineTransform_float_3_3
Parameters: 1 -0.000154984 -6.00412e-05 0.000155016 1 0.000265991 5.99588e-05 -0.000266009 1 0.00287275 -0.0104236 0.05635
FixedParameters: 0 0 0

#Transform 7
Transform: AffineTransform_float_3_3
Parameters: 1 -0.000261995 0.000117012 0.000262005 1 -4.59693e-05 -0.000116988 4.60307e-05 1 -0.00524464 -0.00884367 0.0441619
FixedParameters: 0 0 0

#Transform 8
Transform: AffineTransform_float_3_3
Parameters: 1 -0.000281007 4.49559e-05 0.000280993 1 0.000157013 -4.50441e-05 -0.000156987 1 -0.00127671 -0.0287503 0.024957
FixedParameters: 0 0 0

#Transform 9
Transform: AffineTransform_float_3_3
Parameters: 1 -0.000401996 0.000123013 0.000402004 1 -3.29505e-05 -0.000122987 3.30494e-05 1 0.00611719 0.00618921 0.0216228
FixedParameters: 0 0 0

#Transform 10
Transform: AffineTransform_float_3_3
Parameters: 1 -0.000402006 4.39401e-05 0.000401993 1 0.000149018 -4.40599e-05 -0.000148982 1 0.00648722 -0.0147814 0.0248607
FixedParameters: 0 0 0

#Transform 11
Transform: AffineTransform_float_3_3
Parameters: 1 -0.000402003 0.000100987 0.000401997 1 3.30406e-05 -0.000101013 -3.29594e-05 1 0.0061935 -0.00542109 0.00553055
FixedParameters: 0 0 0

#Transform 12
Transform: AffineTransform_float_3_3
Parameters: 1 -0.000312989 4.80742e-05 0.000313011 1 -0.000236985 -4.79258e-05 0.000237015 1 0.00493781 0.00698177 0.00854163
FixedParameters: 0 0 0

#Transform 13
Transform: AffineTransform_float_3_3
Parameters: 1 -0.000402002 -7.91236e-06 0.000401998 1 -0.000218003 8.08763e-06 0.000217997 1 0.00136988 0.00702146 0.0288792
FixedParameters: 0 0 0

#Transform 14
Transform: AffineTransform_float_3_3
Parameters: 1 -0.000217993 6.30233e-05 0.000218007 1 -0.000106986 -6.29767e-05 0.000107014 1 -0.00106918 -0.0185717 0.0334023
FixedParameters: 0 0 0

#Transform 15
Transform: AffineTransform_float_3_3
Parameters: 1 -0.000137015 -4.49545e-05 0.000136985 1 -0.000332006 4.50455e-05 0.000331994 1 0.00620658 -0.00481871 0.00473454
FixedParameters: 0 0 0

#Transform 16
Transform: AffineTransform_float_3_3
Parameters: 1 -8.20038e-05 -5.99948e-05 8.19962e-05 1 -6.40049e-05 6.00052e-05 6.39951e-05 1 0.00148964 -0.037527 0.000886615
FixedParameters: 0 0 0

#Transform 17
Transform: AffineTransform_float_3_3
Parameters: 1 -5.59979e-05 7.01674e-06 5.60021e-05 1 -0.000299 -6.98326e-06 0.000299 1 0.00077735 -0.00385181 -0.00969097
FixedParameters: 0 0 0

#Transform 18
Transform: AffineTransform_float_3_3
Parameters: 1 -6.60372e-05 -9.19733e-05 6.59627e-05 1 -0.000405006 9.20267e-05 0.000404994 1 0.00367318 -0.0125654 -0.0131947
FixedParameters: 0 0 0

#Transform 19
Transform: AffineTransform_float_3_3
Parameters: 1 1.69991e-05 -9.00163e-06 -1.70009e-05 1 -9.59998e-05 8.99837e-06 9.60002e-05 1 -0.000292526 -0.023011 -0.00277496
FixedParameters: 0 0 0

#Transform 20
Transform: AffineTransform_float_3_3
Parameters: 1 -1.79996e-05 5.60001e-05 1.80004e-05 1 -6.99899e-06 -5.59999e-05 7.00101e-06 1 -8.09602e-05 0.00214793 -0.00724151
FixedParameters: 0 0 0

#Transform 21
Transform: AffineTransform_float_3_3
Parameters: 1 0.000173 -6.99758e-06 -0.000173 1 1.40012e-05 7.00242e-06 -1.39988e-05 1 -0.00290705 -0.00559416 -0.00668387
FixedParameters: 0 0 0

#Transform 22
Transform: AffineTransform_float_3_3
Parameters: 1 2.40013e-05 -8.29996e-05 -2.39987e-05 1 1.6002e-05 8.30004e-05 -1.5998e-05 1 0.00401027 -0.00539029 0.0129044
FixedParameters: 0 0 0

#Transform 23
Transform: AffineTransform_float_3_3
Parameters: 1 -6.9001e-05 6.29989e-05 6.8999e-05 1 1.60043e-05 -6.30011e-05 -1.59957e-05 1 0.000857917 0.0193094 0.00969319
FixedParameters: 0 0 0

#Transform 24
Transform: AffineTransform_float_3_3
Parameters: 1 -8.70018e-05 0.000112999 8.69982e-05 1 1.60098e-05 -0.000113001 -1.59902e-05 1 0.00532712 0.00042304 0.016218
FixedParameters: 0 0 0

#Transform 25
Transform: AffineTransform_float_3_3
Parameters: 1 -0.000237025 9.19343e-05 0.000236974 1 0.000277022 -9.20656e-05 -0.000276978 1 0.0128644 -0.000546167 0.0249695
FixedParameters: 0 0 0

#Transform 26
Transform: AffineTransform_float_3_3
Parameters: 1 -0.000219156 0.000534936 0.000218844 1 0.000292117 -0.000535064 -0.000291883 1 0.0166051 0.01497 0.0227612
FixedParameters: 0 0 0

#Transform 27
Transform: AffineTransform_float_3_3
Parameters: 0.999999 -0.00040201 0.000645993 0.000401989 1 1.62597e-05 -0.000646006 -1.57403e-05 1 0.0216221 0.000873292 0.0179157
FixedParameters: 0 0 0

#Transform 28
Transform: AffineTransform_float_3_3
Parameters: 1 -0.000351165 0.000534892 0.000351835 1 0.000308188 -0.000535108 -0.000307812 1 0.0269865 -0.000511013 0.0226507
FixedParameters: 0 0 0

#Transform 29
Transform: AffineTransform_float_3_3
Parameters: 1 -0.000299129 0.000534928 0.000298871 1 0.00024116 -0.000535072 -0.00024084 1 0.0260626 -0.00374934 0.0141375
FixedParameters: 0 0 0

#Transform 30
Transform: AffineTransform_float_3_3
Parameters: 1 -0.000342165 0.000598905 0.000341834 1 0.000276205 -0.000599094 -0.000275795 1 0.0213211 0.00511614 0.0124851
FixedParameters: 0 0 0

#Transform 31
Transform: AffineTransform_float_3_3
Parameters: 1 -0.000402155 0.000534883 0.000401845 1 0.000290215 -0.000535117 -0.000290785 1 0.027749 -0.000364212 0.00883427
FixedParameters: 0 0 0

#Transform 32
Transform: AffineTransform_float_3_3
Parameters: 1 -0.000402167 0.000534874 0.000401832 1 0.000313215 -0.000535126 -0.000312785 1 0.0277598 0.0104402 0.0166759
FixedParameters: 0 0 0

#Transform 33
Transform: AffineTransform_float_3_3
Parameters: 1 -0.000402257 0.000534806 0.000401742 1 0.000481215 -0.000535193 -0.000480785 0.999999 0.027756 -0.00118242 0.0214016
FixedParameters: 0 0 0

#Transform 34
Transform: AffineTransform_float_3_3
Parameters: 1 -0.00040217 0.000534872 0.00040183 1 0.000318215 -0.000535128 -0.000317785 1 0.0298615 -0.00621479 0.0128371
FixedParameters: 0 0 0

#Transform 35
Transform: AffineTransform_float_3_3
Parameters: 0.999999 -0.000402285 0.000771851 0.000401714 1 0.00037031 -0.000772148 -0.000369689 0.999999 0.0267363 -0.019378 0.00498119
FixedParameters: 0 0 0

#Transform 36
Transform: AffineTransform_float_3_3
Parameters: 0.999999 -0.000402263 0.000639835 0.000401738 1 0.000410257 -0.000639165 -0.000410743 0.999999 0.0273173 -0.00867062 0.00578989
FixedParameters: 0 0 0

#Transform 37
Transform: AffineTransform_float_3_3
Parameters: 0.999999 -0.000402234 0.000856889 0.000401766 1 0.000273344 -0.000856109 -0.000272656 0.999999 0.026368 -0.00162046 -0.0080702
FixedParameters: 0 0 0

#Transform 38
Transform: AffineTransform_float_3_3
Parameters: 0.999999 -0.000402326 0.000857846 0.000401674 1 0.000380345 -0.000858152 -0.000380655 0.999999 0.0330004 -0.0205301 -0.00884356
FixedParameters: 0 0 0

#Transform 39
Transform: AffineTransform_float_3_3
Parameters: 0.999999 -0.000338307 0.000777866 0.000337692 1 0.000395263 -0.000778133 -0.000394737 0.999999 0.0310474 -0.0206496 -0.0138108
FixedParameters: 0 0 0

#Transform 40
Transform: AffineTransform_float_3_3
Parameters: 0.999999 -0.000402257 0.000862879 0.000401742 1 0.000298347 -0.000863119 -0.000297653 0.999999 0.037358 0.0109878 -0.0100647
FixedParameters: 0 0 0

#Transform 41
Transform: AffineTransform_float_3_3
Parameters: 0.999999 -0.000402338 0.000905849 0.000401661 1 0.000374364 -0.000906149 -0.000373635 0.999999 0.0432721 -0.00966156 -0.00318724
FixedParameters: 0 0 0

#Transform 42
Transform: AffineTransform_float_3_3
Parameters: 1 -0.00040235 0.000960854 0.00040165 1 0.000364386 -0.000960147 -0.000363614 1 0.0429806 -0.0224923 -0.0196108
FixedParameters: 0 0 0

#Transform 43
Transform: AffineTransform_float_3_3
Parameters: 1 -0.000402471 0.000978807 0.000401529 1 0.000481393 -0.000978194 -0.000480607 1 0.0428926 -0.0134157 -0.0292505
FixedParameters: 0 0 0

#Transform 44
Transform: AffineTransform_float_3_3
Parameters: 1 -0.000402464 0.00110183 0.000401537 1 0.000420443 -0.00110217 -0.000420557 1 0.0423286 -0.0300651 -0.0305113
FixedParameters: 0 0 0

#Transform 45
Transform: AffineTransform_float_3_3
Parameters: 1 -0.000402471 0.000978807 0.000401529 1 0.000481393 -0.000978194 -0.000480607 1 0.0408914 -0.0303245 -0.0292404
FixedParameters: 0 0 0

#Transform 46
Transform: AffineTransform_float_3_3
Parameters: 1 -0.000402421 0.000978828 0.000401579 1 0.000430393 -0.000978174 -0.000429607 1 0.039376 -0.00813463 -0.0204889
FixedParameters: 0 0 0

#Transform 47
Transform: AffineTransform_float_3_3
Parameters: 1 -0.000328346 0.000978884 0.000327655 1 0.000353321 -0.000978116 -0.000352679 0.999999 0.0417054 -0.0324928 -0.0314461
FixedParameters: 0 0 0

#Transform 48
Transform: AffineTransform_float_3_3
Parameters: 0.999999 -0.000402385 0.000978841 0.000401614 1 0.000394393 -0.000978158 -0.000393607 1 0.0429873 -0.0476351 -0.0480269
FixedParameters: 0 0 0

#Transform 49
Transform: AffineTransform_float_3_3
Parameters: 0.999999 -0.000169471 0.000978918 0.000169529 1 0.000481166 -0.000978082 -0.000480835 1 0.0391154 -0.0484867 -0.0495199
FixedParameters: 0 0 0

#Transform 50
Transform: AffineTransform_float_3_3
Parameters: 0.999999 -0.000402366 0.000916839 0.000401634 1 0.000399368 -0.00091716 -0.000399631 0.999999 0.0431724 -0.0220526 -0.0672756
FixedParameters: 0 0 0

#Transform 51
Transform: AffineTransform_float_3_3
Parameters: 1 -0.000270443 0.0011369 0.000270558 1 0.000389308 -0.00113711 -0.000389693 1 0.0468098 -0.0421345 -0.0676995
FixedParameters: 0 0 0

#Transform 52
Transform: AffineTransform_float_3_3
Parameters: 1 -0.000258471 0.000978877 0.00025853 1 0.000481253 -0.000978125 -0.000480748 1 0.0490337 -0.0517294 -0.0659011
FixedParameters: 0 0 0

#Transform 53
Transform: AffineTransform_float_3_3
Parameters: 1 -0.000402858 0.00111969 0.000402142 0.999999 0.000766451 -0.00112031 -0.000765549 0.999999 0.0601365 -0.0537281 -0.0613304
FixedParameters: 0 0 0

#Transform 54
Transform: AffineTransform_float_3_3
Parameters: 0.999999 -0.000306579 0.00120385 0.000305421 1 0.000481368 -0.00120415 -0.000480631 0.999999 0.0581862 -0.0423771 -0.0865176
FixedParameters: 0 0 0

#Transform 55
Transform: AffineTransform_float_3_3
Parameters: 0.999999 -0.000307052 0.00140177 0.000305947 0.999999 0.000751429 -0.00140123 -0.00075057 0.999998 0.0573494 -0.0628741 -0.0824604
FixedParameters: 0 0 0

#Transform 56
Transform: AffineTransform_float_3_3
Parameters: 0.999999 -0.000403098 0.00140168 0.000401902 0.999999 0.000783564 -0.00140131 -0.000783435 0.999998 0.0553185 -0.0697189 -0.0852626
FixedParameters: 0 0 0

#Transform 57
Transform: AffineTransform_float_3_3
Parameters: 0.999999 -0.000247648 0.00134688 0.000247352 1 0.000481334 -0.00134712 -0.000480667 0.999999 0.0516344 -0.0540001 -0.086756
FixedParameters: 0 0 0

#Transform 58
Transform: AffineTransform_float_3_3
Parameters: 0.999999 -0.000251008 0.00140182 0.000249992 0.999999 0.000719351 -0.00140218 -0.000718648 0.999999 0.0564084 -0.0550676 -0.0992775
FixedParameters: 0 0 0

#Transform 59
Transform: AffineTransform_float_3_3
Parameters: 0.999999 -0.000237872 0.00140185 0.000237129 1 0.000621333 -0.00140215 -0.000621667 0.999999 0.0561633 -0.0817765 -0.100967
FixedParameters: 0 0 0

#Transform 60
Transform: AffineTransform_float_3_3
Parameters: 0.999999 -0.000402539 0.00140184 0.00040146 1 0.000385563 -0.00140215 -0.000384436 0.999999 0.0560472 -0.0501465 -0.104885
FixedParameters: 0 0 0

#Transform 61
Transform: AffineTransform_float_3_3
Parameters: 0.999999 -0.00019058 0.00140192 0.000189419 1 0.000414266 -0.00140208 -0.000413733 0.999999 0.0469907 -0.0506267 -0.121357
FixedParameters: 0 0 0

#Transform 62
Transform: AffineTransform_float_3_3
Parameters: 0.999999 8.66158e-05 0.00140202 -8.63841e-05 1 0.000273879 -0.00140198 -0.000274122 0.999999 0.0427496 -0.068656 -0.119945
FixedParameters: 0 0 0

#Transform 63
Transform: AffineTransform_float_3_3
Parameters: 0.999999 2.96382e-05 0.00125201 -2.93618e-05 1 0.000288964 -0.00125199 -0.000289037 0.999999 0.0415514 -0.0692939 -0.10913
FixedParameters: 0 0 0

#Transform 64
Transform: AffineTransform_float_3_3
Parameters: 1 0.00014092 0.00111601 -0.00014108 1 7.18426e-05 -0.00111599 -7.21573e-05 1 0.0376828 -0.0615606 -0.118934
FixedParameters: 0 0 0

#Transform 65
Transform: AffineTransform_float_3_3
Parameters: 1 0.000164624 0.00105006 -0.000164376 1 0.000357828 -0.00104994 -0.000358173 1 0.0407664 -0.0742212 -0.114302
FixedParameters: 0 0 0

#Transform 66
Transform: AffineTransform_float_3_3
Parameters: 1 0.000179453 0.00113709 -0.000179547 1 0.000480796 -0.00113691 -0.000481204 0.999999 0.0309012 -0.0747628 -0.107624
FixedParameters: 0 0 0

#Transform 67
Transform: AffineTransform_float_3_3
Parameters: 1 0.000211639 0.00101308 -0.000211361 1 0.000355786 -0.00101293 -0.000356215 1 0.0321396 -0.0413886 -0.107398
FixedParameters: 0 0 0

#Transform 68
Transform: AffineTransform_float_3_3
Parameters: 0.999999 0.000208564 0.00120808 -0.000209436 1 0.000360747 -0.00120792 -0.000361252 0.999999 0.03272 -0.0662772 -0.125376
FixedParameters: 0 0 0

#Transform 69
Transform: AffineTransform_float_3_3
Parameters: 1 0.000265571 0.00104111 -0.000266429 1 0.000411723 -0.00104089 -0.000412277 1 0.0368059 -0.0815427 -0.100401
FixedParameters: 0 0 0

#Transform 70
Transform: AffineTransform_float_3_3
Parameters: 0.999999 0.000240429 0.0014021 -0.000240572 1 0.000407663 -0.0014019 -0.000407337 0.999999 0.0348343 -0.0598959 -0.113354
FixedParameters: 0 0 0

#Transform 71
Transform: AffineTransform_float_3_3
Parameters: 0.999999 0.000340488 0.00134413 -0.000341512 1 0.000380541 -0.00134387 -0.000381458 0.999999 0.0327484 -0.0497465 -0.112526
FixedParameters: 0 0 0

#Transform 72
Transform: AffineTransform_float_3_3
Parameters: 1 0.000399473 0.00109619 -0.000400527 1 0.000480561 -0.00109581 -0.000481438 1 0.0352179 -0.0689648 -0.108884
FixedParameters: 0 0 0

#Transform 73
Transform: AffineTransform_float_3_3
Parameters: 0.999999 0.000363583 0.000867174 -0.000364417 1 0.000480684 -0.000866824 -0.000481315 0.999999 0.0305762 -0.0748133 -0.110364
FixedParameters: 0 0 0

#Transform 74
Transform: AffineTransform_float_3_3
Parameters: 1 0.000623557 0.000923301 -0.000624444 0.999999 0.000480424 -0.000922701 -0.000480576 1 0.0264515 -0.055378 -0.115258
FixedParameters: 0 0 0

#Transform 75
Transform: AffineTransform_float_3_3
Parameters: 0.999999 0.000692559 0.000766398 -0.000693439 0.999999 0.000574469 -0.000765602 -0.000574531 1 0.0272272 -0.0884149 -0.11856
FixedParameters: 0 0 0

#Transform 76
Transform: AffineTransform_float_3_3
Parameters: 1 0.000564104 0.00103949 -0.000564897 1 0.000862414 -0.00103951 -0.000862587 0.999999 0.0282688 -0.0970387 -0.128092
FixedParameters: 0 0 0

#Transform 77
Transform: AffineTransform_float_3_3
Parameters: 0.999999 0.000556121 0.00140235 -0.000556878 0.999999 0.000626219 -0.00140165 -0.00062678 0.999999 0.0428251 -0.0918879 -0.144024
FixedParameters: 0 0 0

#Transform 78
Transform: AffineTransform_float_3_3
Parameters: 0.999999 0.000615645 0.00140259 -0.000617354 1 0.000965135 -0.0014014 -0.000966864 0.999998 0.0298558 -0.0934677 -0.152047
FixedParameters: 0 0 0

#Transform 79
Transform: AffineTransform_float_3_3
Parameters: 0.999999 0.000716128 0.00115854 -0.000716874 1 0.000753171 -0.00115846 -0.000753831 0.999999 0.0295238 -0.0925723 -0.13794
FixedParameters: 0 0 0

#Transform 80
Transform: AffineTransform_float_3_3
Parameters: 0.999999 0.000727056 0.00126754 -0.000727945 1 0.000745078 -0.00126646 -0.000745922 0.999999 0.0228767 -0.0777222 -0.145984
FixedParameters: 0 0 0

#Transform 81
Transform: AffineTransform_float_3_3
Parameters: 0.999999 0.000700246 0.00122143 -0.000700754 0.999999 0.000617144 -0.00122157 -0.000617856 0.999999 0.0337097 -0.0630363 -0.140029
FixedParameters: 0 0 0

#Transform 82
Transform: AffineTransform_float_3_3
Parameters: 0.999999 0.000814032 0.00118766 -0.000814969 1 0.000815033 -0.00118734 -0.000815968 0.999999 0.0309648 -0.0669847 -0.133037
FixedParameters: 0 0 0

#Transform 83
Transform: AffineTransform_float_3_3
Parameters: 0.999999 0.000684109 0.0012285 -0.000684892 1 0.00072516 -0.0012285 -0.000725841 0.999999 0.034592 -0.0804102 -0.13241
FixedParameters: 0 0 0

#Transform 84
Transform: AffineTransform_float_3_3
Parameters: 0.999999 0.000873978 0.00116177 -0.000875023 0.999999 0.000879985 -0.00116123 -0.000881016 0.999999 0.027013 -0.0710165 -0.147677
FixedParameters: 0 0 0

#Transform 85
Transform: AffineTransform_float_3_3
Parameters: 0.999999 0.00104296 0.00108201 -0.00104404 0.999999 0.000964871 -0.00108099 -0.000966128 0.999999 0.0192689 -0.0920768 -0.148026
FixedParameters: 0 0 0

#Transform 86
Transform: AffineTransform_float_3_3
Parameters: 0.999999 0.000901053 0.00105281 -0.000901948 0.999999 0.000900051 -0.00105219 -0.000900949 0.999999 0.0245949 -0.120288 -0.149481
FixedParameters: 0 0 0

#Transform 87
Transform: AffineTransform_float_3_3
Parameters: 0.999999 0.000869982 0.00116776 -0.000871019 0.999999 0.000871984 -0.00116724 -0.000873017 0.999999 0.0255019 -0.100373 -0.153103
FixedParameters: 0 0 0

#Transform 88
Transform: AffineTransform_float_3_3
Parameters: 0.999999 0.000933225 0.000802902 -0.000933774 0.999999 0.000965251 -0.000801098 -0.000966749 0.999999 0.0253438 -0.101079 -0.160638
FixedParameters: 0 0 0

#Transform 89
Transform: AffineTransform_float_3_3
Parameters: 0.999999 0.000928898 0.0011419 -0.000930101 0.999999 0.000964939 -0.0011401 -0.00096606 0.999999 0.0228861 -0.119175 -0.174255
FixedParameters: 0 0 0

#Transform 90
Transform: AffineTransform_float_3_3
Parameters: 0.999998 0.000904909 0.0014027 -0.000906091 1 0.00077773 -0.00140129 -0.000778269 0.999998 0.0277528 -0.107232 -0.184908
FixedParameters: 0 0 0

#Transform 91
Transform: AffineTransform_float_3_3
Parameters: 0.999999 0.000970162 0.00111773 -0.000970839 0.999999 0.000750916 -0.00111627 -0.000751084 0.999999 0.0261468 -0.103033 -0.221014
FixedParameters: 0 0 0

#Transform 92
Transform: AffineTransform_float_3_3
Parameters: 0.999999 0.000948878 0.00116292 -0.000950122 0.999999 0.000964896 -0.00116208 -0.000966104 0.999999 0.0287774 -0.121346 -0.217421
FixedParameters: 0 0 0

#Transform 93
Transform: AffineTransform_float_3_3
Parameters: 0.999999 0.000823092 0.00117264 -0.000823909 1 0.000774035 -0.00117236 -0.000774966 0.999999 0.0337422 -0.102592 -0.198687
FixedParameters: 0 0 0

#Transform 94
Transform: AffineTransform_float_3_3
Parameters: 0.999999 0.000718646 0.00140269 -0.000720353 1 0.000964991 -0.0014013 -0.000966008 0.999998 0.0378592 -0.120915 -0.211955
FixedParameters: 0 0 0

#Transform 95
Transform: AffineTransform_float_3_3
Parameters: 0.999999 0.000613573 0.00140262 -0.000614426 1 0.00101714 -0.00140137 -0.00101786 0.999998 0.0417615 -0.127461 -0.189442
FixedParameters: 0 0 0

#Transform 96
Transform: AffineTransform_float_3_3
Parameters: 0.999999 0.000648555 0.00140267 -0.000650445 1 0.00103009 -0.00140133 -0.00103091 0.999998 0.0367789 -0.121139 -0.175801
FixedParameters: 0 0 0

#Transform 97
Transform: AffineTransform_float_3_3
Parameters: 0.999999 0.000700645 0.00140268 -0.000701353 1 0.000965017 -0.00140132 -0.000966983 0.999998 0.0377131 -0.12102 -0.208119
FixedParameters: 0 0 0

#Transform 98
Transform: AffineTransform_float_3_3
Parameters: 0.999999 0.000643419 0.00140273 -0.00064458 0.999999 0.0011271 -0.00140127 -0.0011279 0.999999 0.041264 -0.121635 -0.205893
FixedParameters: 0 0 0

#Transform 99
Transform: AffineTransform_float_3_3
Parameters: 0.999999 0.000362645 0.00140235 -0.000364354 1 0.00096549 -0.00140165 -0.000966509 0.999998 0.0459091 -0.109864 -0.216218
FixedParameters: 0 0 0

#Transform 100
Transform: AffineTransform_float_3_3
Parameters: 0.999999 0.000362522 0.00152935 -0.000364477 0.999999 0.000965444 -0.00152965 -0.000966556 0.999999 0.0453339 -0.120516 -0.216315
FixedParameters: 0 0 0

#Transform 101
Transform: AffineTransform_float_3_3
Parameters: 0.999998 0.000362224 0.00157441 -0.000363777 1 0.00112843 -0.00157459 -0.00112857 0.999998 0.0486991 -0.141645 -0.201277
FixedParameters: 0 0 0

#Transform 102
Transform: AffineTransform_float_3_3
Parameters: 0.999999 0.000362268 0.00140245 -0.000363731 0.999999 0.00123449 -0.00140155 -0.00123551 0.999999 0.0489494 -0.0974641 -0.196455
FixedParameters: 0 0 0

#Transform 103
Transform: AffineTransform_float_3_3
Parameters: 0.999999 0.000362143 0.00140248 -0.000363857 0.999999 0.00132449 -0.00140152 -0.00132451 0.999998 0.0459386 -0.111921 -0.193273
FixedParameters: 0 0 0

#Transform 104
Transform: AffineTransform_float_3_3
Parameters: 0.999999 0.000361989 0.00140252 -0.00036401 0.999999 0.00143349 -0.00140148 -0.00143451 0.999998 0.0459595 -0.120167 -0.177607
FixedParameters: 0 0 0

#Transform 105
Transform: AffineTransform_float_3_3
Parameters: 0.999999 0.000361402 0.00181152 -0.000363596 0.999999 0.00143334 -0.00181048 -0.00143466 0.999998 0.0441081 -0.111047 -0.175078
FixedParameters: 0 0 0

#Transform 106
Transform: AffineTransform_float_3_3
Parameters: 0.999998 0.000361825 0.00167947 -0.000364175 0.999999 0.00129439 -0.00167953 -0.00129561 0.999998 0.0447425 -0.0939127 -0.187436
FixedParameters: 0 0 0

#Transform 107
Transform: AffineTransform_float_3_3
Parameters: 0.999998 0.000361853 0.00164147 -0.000364147 0.999999 0.0013084 -0.00164052 -0.0013086 0.999998 0.0474883 -0.102194 -0.193919
FixedParameters: 0 0 0

#Transform 108
Transform: AffineTransform_float_3_3
Parameters: 0.999999 0.000547919 0.00145179 -0.000550081 0.999999 0.0014332 -0.00145121 -0.0014338 0.999998 0.0426099 -0.120658 -0.195517
FixedParameters: 0 0 0

#Transform 109
Transform: AffineTransform_float_3_3
Parameters: 0.999999 0.00036179 0.00181144 -0.000364211 0.999999 0.00122034 -0.00181056 -0.00122066 0.999997 0.0440654 -0.111179 -0.200299
FixedParameters: 0 0 0

#Transform 110
Transform: AffineTransform_float_3_3
Parameters: 0.999998 0.000361837 0.0015695 -0.000364163 0.999999 0.00137743 -0.0015695 -0.00137857 0.999998 0.0451501 -0.120119 -0.20986
FixedParameters: 0 0 0

#Transform 111
Transform: AffineTransform_float_3_3
Parameters: 0.999999 0.000361914 0.00145452 -0.000364086 0.999999 0.00143347 -0.00145448 -0.00143453 0.999998 0.0456393 -0.120357 -0.20383
FixedParameters: 0 0 0

#Transform 112
Transform: AffineTransform_float_3_3
Parameters: 0.999999 0.000362533 0.00146336 -0.000364467 0.999999 0.00100247 -0.00146264 -0.00100253 0.999999 0.0456787 -0.118402 -0.200195
FixedParameters: 0 0 0

#Transform 113
Transform: AffineTransform_float_3_3
Parameters: 0.999999 0.0003621 0.00151745 -0.000363899 0.999999 0.00125145 -0.00151655 -0.00125255 0.999998 0.0495595 -0.119538 -0.200342
FixedParameters: 0 0 0

#Transform 114
Transform: AffineTransform_float_3_3
Parameters: 0.999998 0.000361961 0.00167344 -0.00036404 0.999999 0.00121839 -0.00167356 -0.00121861 0.999998 0.0527336 -0.131096 -0.212985
FixedParameters: 0 0 0

#Transform 115
Transform: AffineTransform_float_3_3
Parameters: 0.999998 0.000362396 0.00162936 -0.000363604 0.999999 0.000984409 -0.00162864 -0.000984591 0.999998 0.0467123 -0.101709 -0.195112
FixedParameters: 0 0 0

#Transform 116
Transform: AffineTransform_float_3_3
Parameters: 0.999998 0.000362479 0.00162434 -0.000364522 0.999999 0.000936409 -0.00162466 -0.00093659 0.999998 0.0488596 -0.108658 -0.199908
FixedParameters: 0 0 0

#Transform 117
Transform: AffineTransform_float_3_3
Parameters: 0.999998 0.000573549 0.00160152 -0.000575451 1 0.00090608 -0.00160048 -0.00090692 0.999999 0.0470919 -0.115363 -0.188268
FixedParameters: 0 0 0

#Transform 118
Transform: AffineTransform_float_3_3
Parameters: 0.999999 0.000571127 0.00166165 -0.000572874 0.999999 0.00112705 -0.00166136 -0.00112795 0.999998 0.0452332 -0.119326 -0.179694
FixedParameters: 0 0 0

#Transform 119
Transform: AffineTransform_float_3_3
Parameters: 0.999998 0.000601175 0.00162068 -0.000603826 0.999999 0.00112602 -0.00162032 -0.00112698 0.999998 0.0466634 -0.0999215 -0.187869
FixedParameters: 0 0 0

#Transform 120
Transform: AffineTransform_float_3_3
Parameters: 0.999998 0.000791034 0.001555 -0.000792967 0.999999 0.00126477 -0.001554 -0.00126523 0.999998 0.0463094 -0.120293 -0.199248
FixedParameters: 0 0 0

#Transform 121
Transform: AffineTransform_float_3_3
Parameters: 0.999999 0.000589887 0.00169674 -0.000592113 0.999999 0.001245 -0.00169626 -0.001246 0.999998 0.0499984 -0.119842 -0.19709
FixedParameters: 0 0 0

#Transform 122
Transform: AffineTransform_float_3_3
Parameters: 0.999998 0.000641912 0.00181174 -0.000644088 0.999999 0.00115184 -0.00181126 -0.00115316 0.999997 0.0510938 -0.107682 -0.214703
FixedParameters: 0 0 0

#Transform 123
Transform: AffineTransform_float_3_3
Parameters: 0.999998 0.000575358 0.00181152 -0.000577642 1 0.000905956 -0.00181048 -0.000907044 0.999998 0.0542564 -0.118278 -0.212457
FixedParameters: 0 0 0

#Transform 124
Transform: AffineTransform_float_3_3
Parameters: 0.999998 0.000580574 0.00181178 -0.000583427 0.999999 0.00133895 -0.00181122 -0.00134005 0.999998 0.0519912 -0.120203 -0.166018
FixedParameters: 0 0 0

#Transform 125
Transform: AffineTransform_float_3_3
Parameters: 0.999999 0.000639233 0.0016167 -0.000640768 0.999999 0.00109297 -0.0016163 -0.00109404 0.999998 0.0567789 -0.119281 -0.185586
FixedParameters: 0 0 0

#Transform 126
Transform: AffineTransform_float_3_3
Parameters: 0.999998 0.000514559 0.0018117 -0.000517441 0.999999 0.00134707 -0.00181131 -0.00134793 0.999998 0.0554948 -0.120242 -0.19051
FixedParameters: 0 0 0

#Transform 127
Transform: AffineTransform_float_3_3
Parameters: 0.999998 0.000497485 0.00181169 -0.000499516 0.999999 0.0013881 -0.00181131 -0.0013889 0.999998 0.0583473 -0.128744 -0.187329
FixedParameters: 0 0 0

#Transform 128
Transform: AffineTransform_float_3_3
Parameters: 0.999999 0.000361485 0.0018115 -0.000364515 0.999999 0.00138834 -0.0018105 -0.00138866 0.999998 0.0605855 -0.117725 -0.197877
FixedParameters: 0 0 0

#Transform 129
Transform: AffineTransform_float_3_3
Parameters: 0.999999 0.00030964 0.00181141 -0.000312361 0.999999 0.00130344 -0.0018106 -0.00130356 0.999998 0.0614518 -0.102929 -0.199349
FixedParameters: 0 0 0

#Transform 130
Transform: AffineTransform_float_3_3
Parameters: 0.999998 0.000360829 0.0019266 -0.000364172 0.999998 0.0016463 -0.0019264 -0.0016467 0.999997 0.0601016 -0.128155 -0.193692
FixedParameters: 0 0 0

#Transform 131
Transform: AffineTransform_float_3_3
Parameters: 0.999999 0.000361485 0.0018115 -0.000364515 0.999999 0.00138834 -0.0018105 -0.00138866 0.999998 0.0605855 -0.117725 -0.197877
FixedParameters: 0 0 0

#Transform 132
Transform: AffineTransform_float_3_3
Parameters: 0.999998 0.000276525 0.00191136 -0.000278477 0.999999 0.00129547 -0.00191164 -0.00129553 0.999998 0.0616121 -0.117212 -0.199542
FixedParameters: 0 0 0

#Transform 133
Transform: AffineTransform_float_3_3
Parameters: 0.999998 0.000221366 0.00201629 -0.000223632 0.999999 0.00130555 -0.00201571 -0.00130645 0.999997 0.0621295 -0.117175 -0.191412
FixedParameters: 0 0 0

#Transform 134
Transform: AffineTransform_float_3_3
Parameters: 0.999999 0.0003616 0.00181148 -0.000364401 0.999999 0.00132534 -0.00181052 -0.00132566 0.999998 0.0606376 -0.117406 -0.165813
FixedParameters: 0 0 0

#Transform 135
Transform: AffineTransform_float_3_3
Parameters: 0.999999 0.000362114 0.00181138 -0.000363885 1 0.00104034 -0.00181062 -0.00104166 0.999998 0.060615 -0.0981983 -0.185515
FixedParameters: 0 0 0

#Transform 136
Transform: AffineTransform_float_3_3
Parameters: 0.999999 0.000361621 0.00181148 -0.000364379 0.999999 0.00131334 -0.00181052 -0.00131366 0.999998 0.0605998 -0.117369 -0.185632
FixedParameters: 0 0 0

#Transform 137
Transform: AffineTransform_float_3_3
Parameters: 0.999998 0.000236689 0.00189529 -0.00023831 0.999999 0.00121855 -0.00189471 -0.00121945 0.999998 0.0623775 -0.116796 -0.183438
FixedParameters: 0 0 0

#Transform 138
Transform: AffineTransform_float_3_3
Parameters: 0.999998 0.000231419 0.00209318 -0.00023258 0.999999 0.000754515 -0.00209283 -0.000755486 0.999998 0.0615623 -0.0950242 -0.206597
FixedParameters: 0 0 0

#Transform 139
Transform: AffineTransform_float_3_3
Parameters: 0.999998 0.000209883 0.00202922 -0.000212116 1 0.00104257 -0.00202878 -0.00104343 0.999998 0.0622013 -0.115941 -0.202908
FixedParameters: 0 0 0

#Transform 140
Transform: AffineTransform_float_3_3
Parameters: 0.999998 0.000221999 0.00205422 -0.000224002 0.999999 0.000974542 -0.00205378 -0.000974458 0.999998 0.0618244 -0.115804 -0.206902
FixedParameters: 0 0 0

#Transform 141
Transform: AffineTransform_float_3_3
Parameters: 0.999997 0.000120069 0.00216011 -0.000121933 0.999999 0.000894739 -0.00215989 -0.000894261 0.999998 0.0691356 -0.110787 -0.220087
FixedParameters: 0 0 0

#Transform 142
Transform: AffineTransform_float_3_3
Parameters: 0.999998 1.22999e-05 0.00229602 -1.57001e-05 1 0.00117597 -0.00229598 -0.00117603 0.999996 0.0805044 -0.116194 -0.22054
FixedParameters: 0 0 0

#Transform 143
Transform: AffineTransform_float_3_3
Parameters: 0.999998 -1.32133e-05 0.00229599 1.07866e-05 0.999999 0.000964027 -0.00229601 -0.000963972 0.999997 0.0754789 -0.136018 -0.22809
FixedParameters: 0 0 0

#Transform 144
Transform: AffineTransform_float_3_3
Parameters: 0.999998 -1.12133e-05 0.00229599 8.78662e-06 0.999999 0.000964022 -0.00229601 -0.000963976 0.999997 0.0711802 -0.1039 -0.231291
FixedParameters: 0 0 0

#Transform 145
Transform: AffineTransform_float_3_3
Parameters: 0.999998 8.2961e-05 0.00211708 -8.50405e-05 0.999999 0.000963822 -0.00211692 -0.000963178 0.999998 0.0684482 -0.110571 -0.214468
FixedParameters: 0 0 0

#Transform 146
Transform: AffineTransform_float_3_3
Parameters: 0.999998 9.44464e-05 0.00210512 -9.75531e-05 1 0.0012128 -0.00210488 -0.0012132 0.999997 0.0706376 -0.133392 -0.213599
FixedParameters: 0 0 0

#Transform 147
Transform: AffineTransform_float_3_3
Parameters: 0.999998 9.99707e-05 0.0021071 -0.000102032 1 0.000963788 -0.0021079 -0.000963214 0.999998 0.0703684 -0.120495 -0.213236
FixedParameters: 0 0 0

#Transform 148
Transform: AffineTransform_float_3_3
Parameters: 0.999998 -8.05897e-05 0.00229591 7.84099e-05 1 0.00112818 -0.00229609 -0.00112782 0.999996 0.0771845 -0.10104 -0.227355
FixedParameters: 0 0 0

#Transform 149
Transform: AffineTransform_float_3_3
Parameters: 0.999998 7.86647e-07 0.002296 -3.21334e-06 0.999999 0.000963995 -0.002296 -0.000964004 0.999997 0.073556 -0.10584 -0.22781
FixedParameters: 0 0 0

#Transform 150
Transform: AffineTransform_float_3_3
Parameters: 0.999998 8.83961e-05 0.0022961 -9.06034e-05 1 0.0011338 -0.0022959 -0.00113421 0.999996 0.0721415 -0.12442 -0.205804
FixedParameters: 0 0 0

#Transform 151
Transform: AffineTransform_float_3_3
Parameters: 0.999999 0.000155753 0.0017872 -0.000157248 0.999999 0.00125772 -0.0017868 -0.00125728 0.999997 0.0633121 -0.10597 -0.19029
FixedParameters: 0 0 0

#Transform 152
Transform: AffineTransform_float_3_3
Parameters: 0.999998 0.00027239 0.00191337 -0.000274612 0.999999 0.00136448 -0.00191363 -0.00136452 0.999997 0.0615453 -0.10507 -0.17692
FixedParameters: 0 0 0

#Transform 153
Transform: AffineTransform_float_3_3
Parameters: 0.999998 -8.07864e-05 0.00201189 7.82152e-05 0.999999 0.00138416 -0.00201211 -0.00138484 0.999997 0.0721366 -0.107334 -0.180521
FixedParameters: 0 0 0

#Transform 154
Transform: AffineTransform_float_3_3
Parameters: 0.999997 9.75798e-05 0.00211911 -0.000100421 1 0.00114179 -0.00211989 -0.00114221 0.999997 0.0717963 -0.0820143 -0.188735
FixedParameters: 0 0 0

#Transform 155
Transform: AffineTransform_float_3_3
Parameters: 0.999997 8.65986e-05 0.00213514 -9.04007e-05 0.999998 0.00159281 -0.00213486 -0.00159319 0.999997 0.0705073 -0.106566 -0.191153
FixedParameters: 0 0 0

#Transform 156
Transform: AffineTransform_float_3_3
Parameters: 0.999998 0.000117166 0.00206716 -0.000119833 0.999999 0.00137076 -0.00206684 -0.00137125 0.999997 0.0679729 -0.0981719 -0.183977
FixedParameters: 0 0 0

#Transform 157
Transform: AffineTransform_float_3_3
Parameters: 0.999998 0.000135981 0.00209613 -0.00013802 0.999999 0.000963713 -0.00209587 -0.000963287 0.999998 0.069066 -0.0782464 -0.189103
FixedParameters: 0 0 0

#Transform 158
Transform: AffineTransform_float_3_3
Parameters: 0.999998 0.000183601 0.00206621 -0.000185398 1 0.00116062 -0.00206579 -0.00116138 0.999997 0.0594819 -0.105382 -0.190687
FixedParameters: 0 0 0

#Transform 159
Transform: AffineTransform_float_3_3
Parameters: 0.999998 -8.02131e-05 0.00229592 7.77864e-05 0.999999 0.000964181 -0.00229608 -0.000963818 0.999997 0.0704236 -0.125147 -0.178015
FixedParameters: 0 0 0

#Transform 160
Transform: AffineTransform_float_3_3
Parameters: 0.999998 0.000115141 0.00229614 -0.000117858 0.999999 0.00124473 -0.00229585 -0.00124527 0.999996 0.0669392 -0.105437 -0.192783
FixedParameters: 0 0 0

#Transform 161
Transform: AffineTransform_float_3_3
Parameters: 0.999998 -8.11223e-05 0.00229589 7.78795e-05 0.999999 0.00135918 -0.00229611 -0.00135982 0.999997 0.0653542 -0.117636 -0.185352
FixedParameters: 0 0 0

#Transform 162
Transform: AffineTransform_float_3_3
Parameters: 0.999998 4.39278e-05 0.00229606 -4.70742e-05 0.999999 0.0013389 -0.00229594 -0.00133811 0.999997 0.0699008 -0.119488 -0.195107
FixedParameters: 0 0 0

#Transform 163
Transform: AffineTransform_float_3_3
Parameters: 0.999998 1.82691e-06 0.00229601 -5.17307e-06 0.999999 0.00138199 -0.002296 -0.00138201 0.999997 0.0807402 -0.105458 -0.183762
FixedParameters: 0 0 0

#Transform 164
Transform: AffineTransform_float_3_3
Parameters: 0.999998 -8.10374e-05 0.0022959 7.79621e-05 0.999999 0.00132318 -0.00229611 -0.00132282 0.999997 0.0821671 -0.0876022 -0.19832
FixedParameters: 0 0 0

#Transform 165
Transform: AffineTransform_float_3_3
Parameters: 0.999998 -8.11935e-05 0.00229589 7.78083e-05 0.999999 0.00139018 -0.00229611 -0.00139082 0.999997 0.0821606 -0.102849 -0.203846
FixedParameters: 0 0 0

#Transform 166
Transform: AffineTransform_float_3_3
Parameters: 0.999998 -8.11046e-05 0.00224489 7.78949e-05 0.999999 0.00138318 -0.00224511 -0.00138282 0.999996 0.0823921 -0.118363 -0.184832
FixedParameters: 0 0 0

#Transform 167
Transform: AffineTransform_float_3_3
Parameters: 0.999998 -8.1772e-05 0.00229587 7.82273e-05 0.999998 0.00164318 -0.00229613 -0.00164282 0.999996 0.0660936 -0.0975246 -0.177923
FixedParameters: 0 0 0

#Transform 168
Transform: AffineTransform_float_3_3
Parameters: 0.999997 0.00013828 0.00211725 -0.000141719 0.999999 0.00175671 -0.00211675 -0.0017573 0.999996 0.0647069 -0.106785 -0.186703
FixedParameters: 0 0 0

#Transform 169
Transform: AffineTransform_float_3_3
Parameters: 0.999998 0.00023104 0.00202646 -0.000234962 0.999998 0.00195453 -0.00202654 -0.00195447 0.999996 0.0621063 -0.106639 -0.178897
FixedParameters: 0 0 0

#Transform 170
Transform: AffineTransform_float_3_3
Parameters: 0.999997 0.000174026 0.00212733 -0.000177973 0.999998 0.00186763 -0.00212667 -0.00186837 0.999996 0.060416 -0.105682 -0.171788
FixedParameters: 0 0 0

#Transform 171
Transform: AffineTransform_float_3_3
Parameters: 0.999998 0.000287041 0.00199643 -0.000289959 0.999999 0.00148142 -0.00199657 -0.00148258 0.999997 0.0591331 -0.107662 -0.180804
FixedParameters: 0 0 0

#Transform 172
Transform: AffineTransform_float_3_3
Parameters: 0.999998 0.000132614 0.00209922 -0.000136387 0.999998 0.00161272 -0.00209978 -0.00161328 0.999997 0.0655127 -0.114553 -0.191545
FixedParameters: 0 0 0

#Transform 173
Transform: AffineTransform_float_3_3
Parameters: 0.999997 -8.13925e-05 0.00214587 7.86068e-05 0.999998 0.00158117 -0.00214613 -0.00158083 0.999997 0.0717254 -0.108065 -0.20036
FixedParameters: 0 0 0

#Transform 174
Transform: AffineTransform_float_3_3
Parameters: 0.999997 -8.08988e-05 0.00246091 7.81007e-05 1 0.0011782 -0.00246109 -0.00117781 0.999997 0.0869846 -0.0997377 -0.232308
FixedParameters: 0 0 0

#Transform 175
Transform: AffineTransform_float_3_3
Parameters: 0.999997 -8.13013e-05 0.0025299 7.86993e-05 0.999999 0.0013052 -0.0025291 -0.0013048 0.999996 0.0788526 -0.117171 -0.205233
FixedParameters: 0 0 0

#Transform 176
Transform: AffineTransform_float_3_3
Parameters: 0.999997 -8.08917e-05 0.00245491 7.81077e-05 1 0.0011782 -0.00245509 -0.00117781 0.999997 0.07663 -0.124853 -0.193263
FixedParameters: 0 0 0

#Transform 177
Transform: AffineTransform_float_3_3
Parameters: 0.999996 9.06556e-07 0.002626 -4.09342e-06 1 0.00117799 -0.002626 -0.00117801 0.999996 0.0764632 -0.0902024 -0.216046
FixedParameters: 0 0 0

#Transform 178
Transform: AffineTransform_float_3_3
Parameters: 0.999997 -8.09e-05 0.00246191 7.80995e-05 1 0.0011782 -0.00246209 -0.00117781 0.999997 0.0782256 -0.115032 -0.215416
FixedParameters: 0 0 0

#Transform 179
Transform: AffineTransform_float_3_3
Parameters: 0.999997 -8.08764e-05 0.00244191 7.81231e-05 1 0.0011782 -0.00244209 -0.00117781 0.999997 0.0794949 -0.120189 -0.208101
FixedParameters: 0 0 0

#Transform 180
Transform: AffineTransform_float_3_3
Parameters: 0.999997 -8.09306e-05 0.00248791 7.80688e-05 1 0.0011782 -0.00248809 -0.0011778 0.999996 0.0869113 -0.0996251 -0.223311
FixedParameters: 0 0 0

#Transform 181
Transform: AffineTransform_float_3_3
Parameters: 0.999997 -8.07583e-05 0.00246291 7.82436e-05 1 0.0011192 -0.00246309 -0.00111981 0.999997 0.0869905 -0.0942885 -0.219777
FixedParameters: 0 0 0

#Transform 182
Transform: AffineTransform_float_3_3
Parameters: 0.999996 -8.08306e-05 0.00255491 7.81713e-05 1 0.0011072 -0.00255509 -0.0011078 0.999996 0.086635 -0.131375 -0.22332
FixedParameters: 0 0 0

#Transform 183
Transform: AffineTransform_float_3_3
Parameters: 0.999996 -8.12439e-05 0.00275391 7.77555e-05 1 0.00117822 -0.0027541 -0.00117778 0.999996 0.0857246 -0.1228 -0.217094
FixedParameters: 0 0 0

#Transform 184
Transform: AffineTransform_float_3_3
Parameters: 0.999996 -8.19406e-05 0.00275389 7.80586e-05 0.999999 0.00143122 -0.00275412 -0.00143078 0.999995 0.0857265 -0.112775 -0.216116
FixedParameters: 0 0 0

#Transform 185
Transform: AffineTransform_float_3_3
Parameters: 0.999996 -8.2048e-05 0.00275388 7.79512e-05 0.999999 0.00147022 -0.00275412 -0.00146978 0.999995 0.0857728 -0.114089 -0.199335
FixedParameters: 0 0 0

#Transform 186
Transform: AffineTransform_float_3_3
Parameters: 0.999996 -0.000428494 0.00275361 0.000426507 1 0.000906178 -0.00275339 -0.000904824 0.999996 0.0895387 -0.00817704 -0.166378
FixedParameters: 0 0 0

#Transform 187
Transform: AffineTransform_float_3_3
Parameters: 0.999996 -8.14883e-05 0.00262889 7.85109e-05 0.999999 0.00132721 -0.0026291 -0.00132679 0.999995 0.0864422 -0.159662 -0.177312
FixedParameters: 0 0 0

#Transform 188
Transform: AffineTransform_float_3_3
Parameters: 0.999996 -8.12907e-05 0.00275391 7.87086e-05 1 0.00119522 -0.0027541 -0.00119478 0.999996 0.0857849 -0.10117 -0.194219
FixedParameters: 0 0 0

#Transform 189
Transform: AffineTransform_float_3_3
Parameters: 0.999997 0.000112787 0.00268814 -0.000116212 1 0.00119469 -0.00268786 -0.00119531 0.999995 0.0826465 -0.138453 -0.226589
FixedParameters: 0 0 0

#Transform 190
Transform: AffineTransform_float_3_3
Parameters: 0.999996 -8.10456e-05 0.00275391 7.79538e-05 1 0.00110622 -0.00275409 -0.00110578 0.999995 0.0856893 -0.111357 -0.230311
FixedParameters: 0 0 0

#Transform 191
Transform: AffineTransform_float_3_3
Parameters: 0.999996 3.73417e-05 0.00284905 -4.16579e-05 0.999999 0.00128389 -0.00284895 -0.00128411 0.999995 0.0832509 -0.112331 -0.230578
FixedParameters: 0 0 0

#Transform 192
Transform: AffineTransform_float_3_3
Parameters: 0.999996 -8.07536e-05 0.00275392 7.82456e-05 0.999999 0.00100022 -0.00275408 -0.000999781 0.999995 0.0856805 -0.083966 -0.236365
FixedParameters: 0 0 0

#Transform 193
Transform: AffineTransform_float_3_3
Parameters: 0.999995 -8.11606e-05 0.00293491 7.78386e-05 1 0.00107723 -0.00293508 -0.00107677 0.999995 0.0848871 -0.103067 -0.232419
FixedParameters: 0 0 0

#Transform 194
Transform: AffineTransform_float_3_3
Parameters: 0.999996 -8.11386e-05 0.00300092 7.78616e-05 0.999999 0.00104624 -0.00300008 -0.00104576 0.999995 0.0846164 -0.100214 -0.213981
FixedParameters: 0 0 0

#Transform 195
Transform: AffineTransform_float_3_3
Parameters: 0.999996 -7.52539e-06 0.00275399 5.47455e-06 0.999999 0.000917018 -0.00275401 -0.000916982 0.999996 0.0910292 -0.0943523 -0.211059
FixedParameters: 0 0 0

#Transform 196
Transform: AffineTransform_float_3_3
Parameters: 0.999995 3.44364e-06 0.002976 -6.5563e-06 1 0.00119499 -0.00297599 -0.00119502 0.999995 0.0833619 -0.0955336 -0.216066
FixedParameters: 0 0 0

#Transform 197
Transform: AffineTransform_float_3_3
Parameters: 0.999996 -8.16074e-05 0.00301891 7.83919e-05 1 0.00119524 -0.0030191 -0.00119476 0.999994 0.0845148 -0.115579 -0.213745
FixedParameters: 0 0 0

#Transform 198
Transform: AffineTransform_float_3_3
Parameters: 0.999996 2.04125e-05 0.00300203 -2.45873e-05 1 0.00119493 -0.00300197 -0.00119507 0.999995 0.099367 -0.112012 -0.208141
FixedParameters: 0 0 0

#Transform 199
Transform: AffineTransform_float_3_3
Parameters: 0.999996 -8.10759e-05 0.00275391 7.79235e-05 1 0.00111722 -0.00275409 -0.00111678 0.999995 0.102319 -0.105124 -0.206561
FixedParameters: 0 0 0

#Transform 200
Transform: AffineTransform_float_3_3
Parameters: 0.999995 -8.15336e-05 0.00320391 7.84655e-05 1 0.00110326 -0.00320409 -0.00110275 0.999995 0.100326 -0.0994764 -0.205935
FixedParameters: 0 0 0

#Transform 201
Transform: AffineTransform_float_3_3
Parameters: 0.999995 -0.000152831 0.00320382 0.000149172 1 0.00119548 -0.00320318 -0.00119552 0.999994 0.101485 -0.111165 -0.200683
FixedParameters: 0 0 0

#Transform 202
Transform: AffineTransform_float_3_3
Parameters: 0.999995 -0.00030183 0.00320364 0.000297171 0.999999 0.00119596 -0.00320336 -0.00119504 0.999994 0.103991 -0.107549 -0.196047
FixedParameters: 0 0 0

#Transform 203
Transform: AffineTransform_float_3_3
Parameters: 0.999994 -0.000498573 0.00320345 0.000495429 1 0.00111559 -0.00320355 -0.00111441 0.999994 0.107348 -0.0979937 -0.202047
FixedParameters: 0 0 0

#Transform 204
Transform: AffineTransform_float_3_3
Parameters: 0.999995 -0.00040183 0.00320352 0.00039817 0.999999 0.00119628 -0.00320348 -0.00119472 0.999994 0.105703 -0.0948366 -0.197207
FixedParameters: 0 0 0

#Transform 205
Transform: AffineTransform_float_3_3
Parameters: 0.999994 -0.000498618 0.00320344 0.000495384 0.999999 0.00112959 -0.00320356 -0.00112841 0.999994 0.107392 -0.0937868 -0.193007
FixedParameters: 0 0 0

#Transform 206
Transform: AffineTransform_float_3_3
Parameters: 0.999995 -0.000449025 0.00320344 0.000444974 0.999999 0.00125743 -0.00320356 -0.00125557 0.999994 0.106481 -0.0884651 -0.189456
FixedParameters: 0 0 0

#Transform 207
Transform: AffineTransform_float_3_3
Parameters: 0.999994 -0.000680278 0.00357419 0.000675725 0.999999 0.00119742 -0.00357481 -0.00119558 0.999993 0.124706 -0.0877981 -0.197943
FixedParameters: 0 0 0

#Transform 208
Transform: AffineTransform_float_3_3
Parameters: 0.999994 -0.000742677 0.00358403 0.000738325 0.999999 0.00130565 -0.00358497 -0.00130335 0.999992 0.125735 -0.0882076 -0.191913
FixedParameters: 0 0 0

#Transform 209
Transform: AffineTransform_float_3_3
Parameters: 0.999993 -0.000847951 0.00361985 0.000843052 0.999998 0.00136806 -0.00362116 -0.00136594 0.999993 0.127386 -0.0883305 -0.184951
FixedParameters: 0 0 0

#Transform 210
Transform: AffineTransform_float_3_3
Parameters: 0.999993 -0.00100961 0.00365773 0.00100539 0.999998 0.00126269 -0.00365927 -0.00125931 0.999992 0.129945 -0.0876377 -0.194337
FixedParameters: 0 0 0

#Transform 211
Transform: AffineTransform_float_3_3
Parameters: 0.999993 -0.00100978 0.00365768 0.00100522 0.999998 0.00130869 -0.00365932 -0.00130531 0.999993 0.129946 -0.105298 -0.196462
FixedParameters: 0 0 0

#Transform 212
Transform: AffineTransform_float_3_3
Parameters: 0.999993 -0.00100915 0.00365786 0.00100586 0.999999 0.00113469 -0.00365914 -0.00113131 0.999992 0.130004 -0.102898 -0.181977
FixedParameters: 0 0 0

#Transform 213
Transform: AffineTransform_float_3_3
Parameters: 0.999993 -0.0010086 0.00365801 0.0010054 0.999999 0.000985685 -0.00365899 -0.000982316 0.999993 0.129942 -0.0753615 -0.189986
FixedParameters: 0 0 0

#Transform 214
Transform: AffineTransform_float_3_3
Parameters: 0.999993 -0.000823114 0.00365808 0.000818886 0.999999 0.001126 -0.00365892 -0.001123 0.999992 0.126771 -0.0872775 -0.190019
FixedParameters: 0 0 0

#Transform 215
Transform: AffineTransform_float_3_3
Parameters: 0.999993 -0.000832099 0.00365807 0.000827901 0.999999 0.00112204 -0.00365893 -0.00111896 0.999992 0.126949 -0.0872428 -0.18298
FixedParameters: 0 0 0

#Transform 216
Transform: AffineTransform_float_3_3
Parameters: 0.999993 -0.000785586 0.00365802 0.000780414 0.999999 0.00125486 -0.00365898 -0.00125213 0.999992 0.12607 -0.0749527 -0.194816
FixedParameters: 0 0 0

#Transform 217
Transform: AffineTransform_float_3_3
Parameters: 0.999993 -0.000639996 0.00352546 0.000637002 0.999999 0.000851251 -0.00352554 -0.000848749 0.999994 0.120932 -0.091306 -0.205422
FixedParameters: 0 0 0

#Transform 218
Transform: AffineTransform_float_3_3
Parameters: 0.999994 -0.000580801 0.00355538 0.000577199 1 0.00107006 -0.00355662 -0.00106794 0.999993 0.119206 -0.110028 -0.227345
FixedParameters: 0 0 0

#Transform 219
Transform: AffineTransform_float_3_3
Parameters: 0.999993 -0.000642501 0.00365839 0.000639499 1 0.000958346 -0.00365861 -0.000955656 0.999993 0.119492 -0.111957 -0.242466
FixedParameters: 0 0 0

#Transform 220
Transform: AffineTransform_float_3_3
Parameters: 0.999993 -0.000618956 0.00370851 0.000616043 1 0.00079829 -0.00370949 -0.00079571 0.999993 0.122948 -0.0923547 -0.260833
FixedParameters: 0 0 0

#Transform 221
Transform: AffineTransform_float_3_3
Parameters: 0.999993 -0.000637238 0.00365844 0.000634762 1 0.000886329 -0.00365856 -0.000883675 0.999993 0.123477 -0.111661 -0.257681
FixedParameters: 0 0 0

#Transform 222
Transform: AffineTransform_float_3_3
Parameters: 0.999994 -0.000781224 0.0035753 0.000777778 1 0.000902787 -0.0035757 -0.000900213 0.999993 0.126204 -0.119013 -0.256025
FixedParameters: 0 0 0

#Transform 223
Transform: AffineTransform_float_3_3
Parameters: 0.999993 -0.000658657 0.00372753 0.000656346 1 0.000713452 -0.00372747 -0.00071155 0.999993 0.123541 -0.0944033 -0.25973
FixedParameters: 0 0 0

#Transform 224
Transform: AffineTransform_float_3_3
Parameters: 0.999993 -0.000744592 0.00380749 0.00074141 1 0.000681828 -0.00380851 -0.000679169 0.999992 0.129893 -0.110513 -0.272587
FixedParameters: 0 0 0

#Transform 225
Transform: AffineTransform_float_3_3
Parameters: 0.999993 -0.000566872 0.00365856 0.000564131 0.999999 0.000785069 -0.00365944 -0.000783931 0.999993 0.125997 -0.111455 -0.239395
FixedParameters: 0 0 0

#Transform 226
Transform: AffineTransform_float_3_3
Parameters: 0.999993 -0.000525414 0.00352364 0.000523586 0.999999 0.000685849 -0.00352436 -0.000684152 0.999993 0.122122 -0.111061 -0.290152
FixedParameters: 0 0 0

#Transform 227
Transform: AffineTransform_float_3_3
Parameters: 0.999994 -0.000595111 0.00357165 0.000592889 0.999999 0.000592122 -0.00357135 -0.000589879 0.999994 0.123016 -0.115085 -0.281917
FixedParameters: 0 0 0

#Transform 228
Transform: AffineTransform_float_3_3
Parameters: 0.999994 -0.000694917 0.00359744 0.000691082 1 0.000812492 -0.00359756 -0.000809506 0.999993 0.124547 -0.123788 -0.280922
FixedParameters: 0 0 0

#Transform 229
Transform: AffineTransform_float_3_3
Parameters: 0.999993 -0.000684033 0.00365862 0.000681964 0.999999 0.000557499 -0.00365938 -0.000554501 0.999993 0.130604 -0.110139 -0.279206
FixedParameters: 0 0 0

#Transform 230
Transform: AffineTransform_float_3_3
Parameters: 0.999993 -0.000485649 0.00365865 0.000483351 0.999999 0.000724773 -0.00365935 -0.000723228 0.999993 0.128285 -0.119873 -0.299852
FixedParameters: 0 0 0

#Transform 231
Transform: AffineTransform_float_3_3
Parameters: 0.999994 -0.000643784 0.0035925 0.000641215 0.999999 0.000776309 -0.0035925 -0.000773692 0.999993 0.123696 -0.139067 -0.299724
FixedParameters: 0 0 0

#Transform 232
Transform: AffineTransform_float_3_3
Parameters: 0.999993 -0.000630169 0.00365863 0.000627833 0.999999 0.000593301 -0.00365937 -0.000591698 0.999993 0.127501 -0.126064 -0.302523
FixedParameters: 0 0 0

#Transform 233
Transform: AffineTransform_float_3_3
Parameters: 0.999993 -0.000671264 0.00365859 0.000669738 0.999999 0.000619454 -0.00365942 -0.000617548 0.999993 0.123961 -0.131332 -0.289411
FixedParameters: 0 0 0

#Transform 234
Transform: AffineTransform_float_3_3
Parameters: 0.999992 -0.000807436 0.00387129 0.000804564 1 0.000889122 -0.00387172 -0.000885881 0.999992 0.135493 -0.13218 -0.287465
FixedParameters: 0 0 0

#Transform 235
Transform: AffineTransform_float_3_3
Parameters: 0.999992 -0.00064518 0.00389931 0.000640818 0.999999 0.00107351 -0.00390069 -0.00107049 0.999992 0.132548 -0.123492 -0.276762
FixedParameters: 0 0 0

#Transform 236
Transform: AffineTransform_float_3_3
Parameters: 0.999993 -0.000607196 0.0038785 0.000603807 1 0.000824349 -0.0038795 -0.000822651 0.999992 0.125323 -0.106484 -0.279264
FixedParameters: 0 0 0

#Transform 237
Transform: AffineTransform_float_3_3
Parameters: 0.999993 -0.000832393 0.00365823 0.000829607 0.999999 0.000929042 -0.00365877 -0.000925961 0.999993 0.126756 -0.106655 -0.261027
FixedParameters: 0 0 0

#Transform 238
Transform: AffineTransform_float_3_3
Parameters: 0.999993 -0.000917205 0.00376298 0.000912794 0.999999 0.00111944 -0.00376403 -0.00111556 0.999993 0.1366 -0.118812 -0.270707
FixedParameters: 0 0 0

#Transform 239
Transform: AffineTransform_float_3_3
Parameters: 0.999993 -0.00100802 0.00365817 0.00100499 0.999999 0.000825682 -0.00365883 -0.000822318 0.999993 0.129688 -0.100729 -0.265297
FixedParameters: 0 0 0

#Transform 240
Transform: AffineTransform_float_3_3
Parameters: 0.999993 -0.00100811 0.00376817 0.0010049 0.999999 0.000825793 -0.00376883 -0.000822207 0.999992 0.129124 -0.114114 -0.274571
FixedParameters: 0 0 0

#Transform 241
Transform: AffineTransform_float_3_3
Parameters: 0.999992 -0.000839723 0.0038922 0.000835281 0.999999 0.000957259 -0.0038928 -0.000954739 0.999992 0.1331 -0.124746 -0.263668
FixedParameters: 0 0 0

#Transform 242
Transform: AffineTransform_float_3_3
Parameters: 0.999993 -0.000663014 0.00365846 0.000659988 1 0.000824421 -0.00365955 -0.00082258 0.999993 0.128754 -0.120079 -0.257382
FixedParameters: 0 0 0

#Transform 243
Transform: AffineTransform_float_3_3
Parameters: 0.999993 -0.000615569 0.00365824 0.00061143 0.999999 0.00125025 -0.00365877 -0.00124776 0.999993 0.123045 -0.109181 -0.266672
FixedParameters: 0 0 0

#Transform 244
Transform: AffineTransform_float_3_3
Parameters: 0.999993 -0.000619637 0.00365839 0.000615363 1 0.000995258 -0.00365861 -0.00099274 0.999993 0.129705 -0.106325 -0.267261
FixedParameters: 0 0 0

#Transform 245
Transform: AffineTransform_float_3_3
Parameters: 0.999993 -0.000662676 0.00365834 0.000659326 1 0.00100542 -0.00365866 -0.00100358 0.999993 0.123798 -0.132829 -0.281473
FixedParameters: 0 0 0

#Transform 246
Transform: AffineTransform_float_3_3
Parameters: 0.999992 -0.000744052 0.0037812 0.000739945 0.999999 0.00107381 -0.00378179 -0.00107019 0.999993 0.124677 -0.132971 -0.27412
FixedParameters: 0 0 0

#Transform 247
Transform: AffineTransform_float_3_3
Parameters: 0.999993 -0.000697162 0.00383743 0.000693841 1 0.000824669 -0.00383758 -0.000822331 0.999993 0.123445 -0.0993574 -0.294037
FixedParameters: 0 0 0

#Transform 248
Transform: AffineTransform_float_3_3
Parameters: 0.999993 -0.000805304 0.00365805 0.000800696 0.999999 0.00117794 -0.00365894 -0.00117506 0.999992 0.126138 -0.154955 -0.299972
FixedParameters: 0 0 0

#Transform 249
Transform: AffineTransform_float_3_3
Parameters: 0.999993 -0.000465012 0.00365862 0.000461989 0.999999 0.000823695 -0.00365938 -0.000822304 0.999993 0.123353 -0.139146 -0.304919
FixedParameters: 0 0 0

#Transform 250
Transform: AffineTransform_float_3_3
Parameters: 0.999992 -0.000607518 0.00397146 0.00060448 1 0.000887408 -0.00397254 -0.000884594 0.999991 0.133512 -0.125456 -0.305422
FixedParameters: 0 0 0

#Transform 251
Transform: AffineTransform_float_3_3
Parameters: 0.999992 -0.000477114 0.00378261 0.000473888 1 0.000823799 -0.00378239 -0.000822202 0.999993 0.130851 -0.14177 -0.292021
FixedParameters: 0 0 0

#Transform 252
Transform: AffineTransform_float_3_3
Parameters: 0.999992 -0.000173152 0.00383186 0.000169849 0.999999 0.000822657 -0.00383214 -0.000822342 0.999993 0.133049 -0.141459 -0.31311
FixedParameters: 0 0 0

#Transform 253
Transform: AffineTransform_float_3_3
Parameters: 0.999991 -0.000380484 0.00406968 0.000377512 0.999999 0.000857543 -0.00407032 -0.000855458 0.999992 0.131711 -0.121089 -0.315657
FixedParameters: 0 0 0

#Transform 254
Transform: AffineTransform_float_3_3
Parameters: 0.999992 -0.00048154 0.00401258 0.000477461 1 0.000882924 -0.00401342 -0.000881076 0.999992 0.134395 -0.131703 -0.318963
FixedParameters: 0 0 0

#Transform 255
Transform: AffineTransform_float_3_3
Parameters: 0.999991 -0.000606374 0.00406935 0.000602624 0.999999 0.00107646 -0.00406965 -0.00107354 0.999991 0.13934 -0.132418 -0.297555
FixedParameters: 0 0 0

#Transform 256
Transform: AffineTransform_float_3_3
Parameters: 0.999991 -0.000440135 0.00406955 0.000436865 1 0.00101679 -0.00407045 -0.00101522 0.999991 0.132106 -0.119891 -0.289842
FixedParameters: 0 0 0

#Transform 257
Transform: AffineTransform_float_3_3
Parameters: 0.999991 -0.000479513 0.00406947 0.000475487 1 0.00110994 -0.00406953 -0.00110806 0.999991 0.134416 -0.10438 -0.289719
FixedParameters: 0 0 0

#Transform 258
Transform: AffineTransform_float_3_3
Parameters: 0.999991 -0.000606362 0.00406935 0.000602637 0.999999 0.00107346 -0.00406965 -0.00107054 0.999991 0.139411 -0.1324 -0.281204
FixedParameters: 0 0 0

#Transform 259
Transform: AffineTransform_float_3_3
Parameters: 0.999992 -0.000606028 0.00400839 0.00060197 1 0.00100642 -0.00400961 -0.00100358 0.999992 0.139637 -0.126758 -0.282583
FixedParameters: 0 0 0

#Transform 260
Transform: AffineTransform_float_3_3
Parameters: 0.999991 -0.000606089 0.00406939 0.000601909 1 0.00100646 -0.00406961 -0.00100354 0.999991 0.139338 -0.12396 -0.298078
FixedParameters: 0 0 0

#Transform 261
Transform: AffineTransform_float_3_3
Parameters: 0.999991 -0.000606089 0.00406939 0.000601909 1 0.00100646 -0.00406961 -0.00100354 0.999991 0.139337 -0.132017 -0.299359
FixedParameters: 0 0 0

#Transform 262
Transform: AffineTransform_float_3_3
Parameters: 0.999991 -0.000606089 0.00406939 0.000601909 1 0.00100646 -0.00406961 -0.00100354 0.999991 0.139286 -0.13203 -0.311894
FixedParameters: 0 0 0

#Transform 263
Transform: AffineTransform_float_3_3
Parameters: 0.999992 -0.000807583 0.00406929 0.000804421 1 0.000881282 -0.00406971 -0.000878721 0.999992 0.142648 -0.117013 -0.291271
FixedParameters: 0 0 0

#Transform 264
Transform: AffineTransform_float_3_3
Parameters: 0.999991 -0.000605568 0.00406947 0.00060243 1 0.00087846 -0.00406953 -0.000875544 0.999992 0.139322 -0.106124 -0.300308
FixedParameters: 0 0 0

#Transform 265
Transform: AffineTransform_float_3_3
Parameters: 0.99999 -0.000606289 0.00426839 0.000602708 1 0.00100658 -0.00426961 -0.00100342 0.999991 0.138361 -0.132109 -0.308605
FixedParameters: 0 0 0

#Transform 266
Transform: AffineTransform_float_3_3
Parameters: 0.99999 -0.000606411 0.00438939 0.000602588 1 0.00100666 -0.00438961 -0.00100335 0.99999 0.137871 -0.1321 -0.295466
FixedParameters: 0 0 0

#Transform 267
Transform: AffineTransform_float_3_3
Parameters: 0.99999 -0.00109695 0.00447503 0.00109305 0.999999 0.0008849 -0.00447597 -0.000880099 0.999989 0.145584 -0.109185 -0.306883
FixedParameters: 0 0 0

#Transform 268
Transform: AffineTransform_float_3_3
Parameters: 0.99999 -0.0010155 0.00447498 0.0010105 0.999999 0.00100853 -0.00447602 -0.00100346 0.999989 0.162177 -0.109903 -0.311907
FixedParameters: 0 0 0

#Transform 269
Transform: AffineTransform_float_3_3
Parameters: 0.99999 -0.00109778 0.00447483 0.00109322 0.999999 0.0010699 -0.00447617 -0.0010651 0.99999 0.160809 -0.120341 -0.298642
FixedParameters: 0 0 0

#Transform 270
Transform: AffineTransform_float_3_3
Parameters: 0.99999 -0.00109925 0.00447447 0.00109376 0.999999 0.00139791 -0.00447653 -0.00139309 0.999989 0.163769 -0.122654 -0.292873
FixedParameters: 0 0 0

#Transform 271
Transform: AffineTransform_float_3_3
Parameters: 0.999989 -0.00109809 0.00452977 0.00109391 0.999999 0.00112697 -0.00453123 -0.00112204 0.999989 0.159859 -0.10343 -0.306013
FixedParameters: 0 0 0

#Transform 272
Transform: AffineTransform_float_3_3
Parameters: 0.999989 -0.00109892 0.00458858 0.00109308 0.999998 0.00129303 -0.00459041 -0.00128797 0.999988 0.160485 -0.111042 -0.295802
FixedParameters: 0 0 0

#Transform 273
Transform: AffineTransform_float_3_3
Parameters: 0.99999 -0.00109832 0.0044747 0.00109368 0.999998 0.00119091 -0.00447631 -0.0011861 0.99999 0.160353 -0.143432 -0.293488
FixedParameters: 0 0 0

#Transform 274
Transform: AffineTransform_float_3_3
Parameters: 0.999988 -0.00109929 0.00480956 0.0010937 0.999998 0.00131128 -0.00481143 -0.00130573 0.999987 0.162408 -0.119295 -0.275861
FixedParameters: 0 0 0

#Transform 275
Transform: AffineTransform_float_3_3
Parameters: 0.999989 -0.00109968 0.00459141 0.00109332 0.999999 0.00145704 -0.0045926 -0.00145197 0.999989 0.163377 -0.119799 -0.280133
FixedParameters: 0 0 0

#Transform 276
Transform: AffineTransform_float_3_3
Parameters: 0.999988 -0.00110004 0.00477038 0.00109396 0.999999 0.00147824 -0.00477162 -0.00147277 0.999987 0.162562 -0.119985 -0.284045
FixedParameters: 0 0 0

#Transform 277
Transform: AffineTransform_float_3_3
Parameters: 0.999987 -0.00110125 0.00482812 0.00109374 0.999998 0.0017123 -0.00482987 -0.0017067 0.999987 0.16234 -0.121004 -0.278026
FixedParameters: 0 0 0

#Transform 278
Transform: AffineTransform_float_3_3
Parameters: 0.999987 -0.00110193 0.00501504 0.00109307 0.999998 0.0017835 -0.00501695 -0.00177849 0.999986 0.170307 -0.0945126 -0.276435
FixedParameters: 0 0 0

#Transform 279
Transform: AffineTransform_float_3_3
Parameters: 0.999988 -0.00110034 0.00492437 0.00109366 0.999999 0.0014934 -0.00492664 -0.0014876 0.999987 0.168728 -0.104077 -0.273101
FixedParameters: 0 0 0

#Transform 280
Transform: AffineTransform_float_3_3
Parameters: 0.999988 -0.00110111 0.0049242 0.00109388 0.999998 0.00165041 -0.00492681 -0.0016446 0.999987 0.174395 -0.120741 -0.280484
FixedParameters: 0 0 0

#Transform 281
Transform: AffineTransform_float_3_3
Parameters: 0.999987 -0.00110192 0.00487199 0.00109307 0.999997 0.00183435 -0.00487401 -0.00182865 0.999987 0.164862 -0.121507 -0.279889
FixedParameters: 0 0 0

#Transform 282
Transform: AffineTransform_float_3_3
Parameters: 0.999988 -0.00110086 0.00476819 0.00109314 0.999998 0.00165023 -0.00476981 -0.00164477 0.999988 0.158755 -0.120699 -0.296488
FixedParameters: 0 0 0

#Transform 283
Transform: AffineTransform_float_3_3
Parameters: 0.99999 -0.00110022 0.00438419 0.00109378 0.999998 0.00164981 -0.00438581 -0.00164519 0.999989 0.157906 -0.112196 -0.285102
FixedParameters: 0 0 0

#Transform 284
Transform: AffineTransform_float_3_3
Parameters: 0.999988 -0.00109981 0.00474643 0.00109319 0.999999 0.00143721 -0.00474757 -0.0014328 0.999987 0.156199 -0.122671 -0.283064
FixedParameters: 0 0 0

#Transform 285
Transform: AffineTransform_float_3_3
Parameters: 0.999989 -0.00109958 0.00460944 0.00109342 0.999999 0.00143006 -0.00461157 -0.00142495 0.999989 0.162999 -0.104779 -0.294991
FixedParameters: 0 0 0

#Transform 286
Transform: AffineTransform_float_3_3
Parameters: 0.999988 -0.00110195 0.00492401 0.00109305 0.999997 0.00182041 -0.004926 -0.00181459 0.999986 0.161512 -0.109735 -0.300905
FixedParameters: 0 0 0

#Transform 287
Transform: AffineTransform_float_3_3
Parameters: 0.999988 -0.00110178 0.00492405 0.00109322 0.999998 0.00178641 -0.00492596 -0.0017806 0.999987 0.161606 -0.12133 -0.283497
FixedParameters: 0 0 0

#Transform 288
Transform: AffineTransform_float_3_3
Parameters: 0.999987 -0.0014099 0.00492346 0.0014011 0.999998 0.00180992 -0.00492654 -0.00180308 0.999986 0.171781 -0.110775 -0.269994
FixedParameters: 0 0 0

#Transform 289
Transform: AffineTransform_float_3_3
Parameters: 0.999985 -0.00137226 0.00519756 0.00136274 0.999998 0.00178411 -0.00520043 -0.00177689 0.999985 0.164957 -0.107498 -0.275806
FixedParameters: 0 0 0

#Transform 290
Transform: AffineTransform_float_3_3
Parameters: 0.999987 -0.00136873 0.00477851 0.00136027 0.999998 0.00182952 -0.00478149 -0.00182348 0.999987 0.174464 -0.121075 -0.270073
FixedParameters: 0 0 0

#Transform 291
Transform: AffineTransform_float_3_3
Parameters: 0.999986 -0.00132824 0.00500082 0.00131975 0.999998 0.00165162 -0.00500318 -0.00164438 0.999986 0.175182 -0.120332 -0.275289
FixedParameters: 0 0 0

#Transform 292
Transform: AffineTransform_float_3_3
Parameters: 0.999984 -0.00125388 0.00538894 0.00124511 0.999998 0.00165174 -0.00539106 -0.00164427 0.999984 0.172478 -0.100752 -0.272533
FixedParameters: 0 0 0

#Transform 293
Transform: AffineTransform_float_3_3
Parameters: 0.999985 -0.00125062 0.00530451 0.00123938 0.999997 0.0020046 -0.00530649 -0.00199739 0.999984 0.163786 -0.102252 -0.263725
FixedParameters: 0 0 0

#Transform 294
Transform: AffineTransform_float_3_3
Parameters: 0.999984 -0.0015972 0.0053877 0.0015858 0.999996 0.00208158 -0.00539131 -0.00207342 0.999984 0.177407 -0.102204 -0.267269
FixedParameters: 0 0 0

#Transform 295
Transform: AffineTransform_float_3_3
Parameters: 0.999985 -0.00159567 0.00513801 0.00158533 0.999997 0.00188517 -0.00514099 -0.00187682 0.999985 0.185286 -0.101184 -0.251015
FixedParameters: 0 0 0

#Transform 296
Transform: AffineTransform_float_3_3
Parameters: 0.999984 -0.00159478 0.00532638 0.00158521 0.999998 0.00165347 -0.00532862 -0.00164453 0.999985 0.184383 -0.0931588 -0.261998
FixedParameters: 0 0 0

#Transform 297
Transform: AffineTransform_float_3_3
Parameters: 0.999984 -0.00159489 0.00538838 0.00158611 0.999998 0.00165357 -0.00539062 -0.00164443 0.999984 0.184096 -0.100168 -0.251082
FixedParameters: 0 0 0

#Transform 298
Transform: AffineTransform_float_3_3
Parameters: 0.999984 -0.001597 0.00538775 0.001586 0.999996 0.00204558 -0.00539125 -0.00203642 0.999984 0.184092 -0.101988 -0.252971
FixedParameters: 0 0 0

#Transform 299
Transform: AffineTransform_float_3_3
Parameters: 0.999984 -0.00159653 0.00538789 0.00158546 0.999997 0.00195957 -0.00539111 -0.00195042 0.999983 0.180112 -0.0951905 -0.243036
FixedParameters: 0 0 0

#Transform 300
Transform: AffineTransform_float_3_3
Parameters: 0.999984 -0.00159489 0.00538838 0.00158611 0.999998 0.00165357 -0.00539062 -0.00164443 0.999984 0.172653 -0.0771913 -0.255654
FixedParameters: 0 0 0

#Transform 301
Transform: AffineTransform_float_3_3
Parameters: 0.999985 -0.00154289 0.00538847 0.00153411 0.999998 0.00165329 -0.00539054 -0.00164471 0.999984 0.17542 -0.100206 -0.270772
FixedParameters: 0 0 0

#Transform 302
Transform: AffineTransform_float_3_3
Parameters: 0.999981 -0.00180331 0.00579149 0.00179269 0.999997 0.00195742 -0.00579451 -0.00194659 0.999982 0.185783 -0.101197 -0.277278
FixedParameters: 0 0 0

#Transform 303
Transform: AffineTransform_float_3_3
Parameters: 0.999983 -0.00161278 0.00563864 0.00160121 0.999996 0.00209406 -0.00564236 -0.00208493 0.999982 0.183179 -0.102227 -0.273314
FixedParameters: 0 0 0

#Transform 304
Transform: AffineTransform_float_3_3
Parameters: 0.999981 -0.00189717 0.00589241 0.00188583 0.999997 0.00190115 -0.00589558 -0.00188985 0.999981 0.186702 -0.100831 -0.288743
FixedParameters: 0 0 0

#Transform 305
Transform: AffineTransform_float_3_3
Parameters: 0.999981 -0.00187908 0.00579173 0.00186891 0.999996 0.00174586 -0.00579526 -0.00173514 0.999981 0.186904 -0.100221 -0.293329
FixedParameters: 0 0 0

#Transform 306
Transform: AffineTransform_float_3_3
Parameters: 0.999984 -0.00160894 0.00541935 0.00160006 0.999998 0.0016537 -0.00542165 -0.0016443 0.999984 0.181592 -0.100121 -0.280241
FixedParameters: 0 0 0

#Transform 307
Transform: AffineTransform_float_3_3
Parameters: 0.999984 -0.00184524 0.00537051 0.00183775 0.999998 0.00135389 -0.00537348 -0.00134311 0.999984 0.185482 -0.0771526 -0.259055
FixedParameters: 0 0 0

#Transform 308
Transform: AffineTransform_float_3_3
Parameters: 0.999983 -0.00158286 0.00564152 0.00157414 0.999998 0.00157491 -0.00564448 -0.00156609 0.999983 0.182893 -0.0997338 -0.25151
FixedParameters: 0 0 0

#Transform 309
Transform: AffineTransform_float_3_3
Parameters: 0.999984 -0.00157922 0.00543191 0.00157178 0.999998 0.00133356 -0.0054341 -0.00132544 0.999985 0.183681 -0.0988027 -0.26639
FixedParameters: 0 0 0

#Transform 310
Transform: AffineTransform_float_3_3
Parameters: 0.999983 -0.00183612 0.00549863 0.00182888 0.999998 0.00129908 -0.00550137 -0.00128892 0.999984 0.179214 -0.0907815 -0.291405
FixedParameters: 0 0 0

#Transform 311
Transform: AffineTransform_float_3_3
Parameters: 0.999984 -0.00158727 0.00543859 0.00157873 0.999997 0.00152461 -0.00544141 -0.00151639 0.999984 0.183609 -0.099726 -0.278802
FixedParameters: 0 0 0

#Transform 312
Transform: AffineTransform_float_3_3
Parameters: 0.999983 -0.00201626 0.00549797 0.00200774 0.999997 0.00150806 -0.00550102 -0.00149693 0.999983 0.187349 -0.0989478 -0.270486
FixedParameters: 0 0 0

#Transform 313
Transform: AffineTransform_float_3_3
Parameters: 0.999982 -0.00194287 0.005696 0.00193613 0.999997 0.00103605 -0.005698 -0.00102495 0.999983 0.188435 -0.0918427 -0.284649
FixedParameters: 0 0 0

#Transform 314
Transform: AffineTransform_float_3_3
Parameters: 0.999981 -0.00201507 0.0059076 0.00200794 0.999998 0.00120189 -0.00590941 -0.00119012 0.999982 0.188692 -0.113446 -0.289655
FixedParameters: 0 0 0

#Transform 315
Transform: AffineTransform_float_3_3
Parameters: 0.99998 -0.00220608 0.00593564 0.00219693 0.999997 0.00153507 -0.00593837 -0.00152193 0.999981 0.196025 -0.105211 -0.285715
FixedParameters: 0 0 0

#Transform 316
Transform: AffineTransform_float_3_3
Parameters: 0.999981 -0.00203999 0.0058049 0.00203402 0.999998 0.00103683 -0.0058071 -0.00102517 0.999982 0.189589 -0.0967115 -0.299028
FixedParameters: 0 0 0

#Transform 317
Transform: AffineTransform_float_3_3
Parameters: 0.999981 -0.00203019 0.00593655 0.00202282 0.999997 0.00121603 -0.00593845 -0.00120397 0.999981 0.197267 -0.0975451 -0.290758
FixedParameters: 0 0 0

#Transform 318
Transform: AffineTransform_float_3_3
Parameters: 0.99998 -0.00206813 0.00593687 0.00206188 0.999998 0.00103726 -0.00593913 -0.00102574 0.999982 0.196913 -0.0966553 -0.282022
FixedParameters: 0 0 0

#Transform 319
Transform: AffineTransform_float_3_3
Parameters: 0.99998 -0.00225297 0.00593598 0.00224502 0.999996 0.00135035 -0.00593902 -0.00133665 0.999982 0.201141 -0.106616 -0.283128
FixedParameters: 0 0 0

#Transform 320
Transform: AffineTransform_float_3_3
Parameters: 0.99998 -0.00193442 0.00593658 0.00192657 0.999998 0.00125646 -0.00593841 -0.00124454 0.999981 0.207292 -0.0905088 -0.299528
FixedParameters: 0 0 0

#Transform 321
Transform: AffineTransform_float_3_3
Parameters: 0.999981 -0.0019527 0.00593647 0.0019453 0.999998 0.00130257 -0.00593853 -0.00129143 0.999981 0.207508 -0.0980193 -0.31061
FixedParameters: 0 0 0

#Transform 322
Transform: AffineTransform_float_3_3
Parameters: 0.99998 -0.00183512 0.00593711 0.00182888 0.999998 0.00103588 -0.00593889 -0.00102512 0.999982 0.194633 -0.110899 -0.314011
FixedParameters: 0 0 0

#Transform 323
Transform: AffineTransform_float_3_3
Parameters: 0.999981 -0.00201724 0.00593655 0.00200976 0.999997 0.00122495 -0.00593845 -0.00121304 0.999981 0.204735 -0.0944266 -0.300292
FixedParameters: 0 0 0

#Transform 324
Transform: AffineTransform_float_3_3
Parameters: 0.999982 -0.00203687 0.0056869 0.00203114 0.999998 0.00103657 -0.0056891 -0.00102543 0.999984 0.203817 -0.0967286 -0.309382
FixedParameters: 0 0 0

#Transform 325
Transform: AffineTransform_float_3_3
Parameters: 0.999982 -0.00199622 0.0055354 0.00198878 0.999997 0.00130903 -0.00553759 -0.00129797 0.999984 0.200018 -0.106055 -0.312327
FixedParameters: 0 0 0

#Transform 326
Transform: AffineTransform_float_3_3
Parameters: 0.999982 -0.00202202 0.00553707 0.00201398 0.999997 0.00145318 -0.00553992 -0.00144182 0.999983 0.204343 -0.0985935 -0.305246
FixedParameters: 0 0 0

#Transform 327
Transform: AffineTransform_float_3_3
Parameters: 0.99998 -0.00224422 0.0059359 0.00223577 0.999996 0.0013923 -0.0059391 -0.0013787 0.999982 0.207219 -0.0876105 -0.294511
FixedParameters: 0 0 0

#Transform 328
Transform: AffineTransform_float_3_3
Parameters: 0.99998 -0.00225168 0.00593571 0.00224332 0.999997 0.00146935 -0.00593829 -0.00145566 0.999982 0.198117 -0.0983026 -0.290326
FixedParameters: 0 0 0

#Transform 329
Transform: AffineTransform_float_3_3
Parameters: 0.999982 -0.00223812 0.00560176 0.00222988 0.999997 0.00145552 -0.00560424 -0.00144248 0.999984 0.200911 -0.098217 -0.265966
FixedParameters: 0 0 0

#Transform 330
Transform: AffineTransform_float_3_3
Parameters: 0.99998 -0.00229139 0.00593615 0.00228361 0.999996 0.00125058 -0.00593884 -0.00123742 0.999981 0.210455 -0.0824186 -0.28479
FixedParameters: 0 0 0

#Transform 331
Transform: AffineTransform_float_3_3
Parameters: 0.99998 -0.00213061 0.00593556 0.00212039 0.999997 0.00162462 -0.00593844 -0.00161138 0.999981 0.208257 -0.0990963 -0.286017
FixedParameters: 0 0 0

#Transform 332
Transform: AffineTransform_float_3_3
Parameters: 0.999982 -0.00200544 0.00568533 0.00199456 0.999997 0.00184237 -0.00568867 -0.00183063 0.999982 0.209676 -0.100298 -0.271342
FixedParameters: 0 0 0

#Transform 333
Transform: AffineTransform_float_3_3
Parameters: 0.999981 -0.00209159 0.00568548 0.00208241 0.999997 0.00169187 -0.00568852 -0.00168013 0.999983 0.207438 -0.090158 -0.277545
FixedParameters: 0 0 0

#Transform 334
Transform: AffineTransform_float_3_3
Parameters: 0.999981 -0.00202996 0.00593526 0.00201905 0.999996 0.00185102 -0.00593874 -0.00183898 0.99998 0.205622 -0.0826591 -0.30376
FixedParameters: 0 0 0

#Transform 335
Transform: AffineTransform_float_3_3
Parameters: 0.99998 -0.00220286 0.00593461 0.00219114 0.999995 0.00200504 -0.00593839 -0.00199196 0.999981 0.211835 -0.100814 -0.283433
FixedParameters: 0 0 0

#Transform 336
Transform: AffineTransform_float_3_3
Parameters: 0.99998 -0.00223555 0.00593429 0.00222345 0.999996 0.00212024 -0.00593871 -0.00210677 0.99998 0.207406 -0.101214 -0.26775
FixedParameters: 0 0 0

#Transform 337
Transform: AffineTransform_float_3_3
Parameters: 0.999982 -0.00229344 0.00552026 0.00228156 0.999995 0.00207763 -0.00552474 -0.00206537 0.999982 0.209447 -0.0892106 -0.253588
FixedParameters: 0 0 0

#Transform 338
Transform: AffineTransform_float_3_3
Parameters: 0.999981 -0.00207025 0.00568019 0.00205675 0.999995 0.00233773 -0.00568481 -0.00232527 0.999981 0.207438 -0.102392 -0.262213
FixedParameters: 0 0 0

#Transform 339
Transform: AffineTransform_float_3_3
Parameters: 0.999983 -0.00236526 0.00544927 0.00235174 0.999995 0.00243886 -0.00545474 -0.00242514 0.999982 0.216739 -0.102336 -0.262146
FixedParameters: 0 0 0

#Transform 340
Transform: AffineTransform_float_3_3
Parameters: 0.999982 -0.00213423 0.00548664 0.00212276 0.999995 0.00205268 -0.00549135 -0.00204031 0.999983 0.204851 -0.0671121 -0.260648
FixedParameters: 0 0 0

#Transform 341
Transform: AffineTransform_float_3_3
Parameters: 0.99998 -0.00222508 0.00593485 0.00221392 0.999996 0.00187318 -0.00593914 -0.00185982 0.99998 0.204344 -0.083079 -0.27596
FixedParameters: 0 0 0

#Transform 342
Transform: AffineTransform_float_3_3
Parameters: 0.999982 -0.00215095 0.00548633 0.00213905 0.999996 0.00218277 -0.00549067 -0.00217123 0.999982 0.199181 -0.105555 -0.255775
FixedParameters: 0 0 0

#Transform 343
Transform: AffineTransform_float_3_3
Parameters: 0.999982 -0.00203152 0.00561585 0.00202048 0.999996 0.00205638 -0.00562016 -0.00204462 0.999982 0.192829 -0.0911698 -0.255255
FixedParameters: 0 0 0

#Transform 344
Transform: AffineTransform_float_3_3
Parameters: 0.99998 -0.00212593 0.00585704 0.00211506 0.999996 0.00187242 -0.00586095 -0.00185958 0.999981 0.195065 -0.0873344 -0.274436
FixedParameters: 0 0 0

#Transform 345
Transform: AffineTransform_float_3_3
Parameters: 0.99998 -0.0024855 0.00593461 0.0024745 0.999996 0.00177572 -0.00593839 -0.00176128 0.999981 0.216528 -0.122434 -0.280977
FixedParameters: 0 0 0

#Transform 346
Transform: AffineTransform_float_3_3
Parameters: 0.999978 -0.00226941 0.00614616 0.00225858 0.999996 0.00170092 -0.00614983 -0.00168708 0.999979 0.220762 -0.112492 -0.284601
FixedParameters: 0 0 0
