#Insight Transform File V1.0
#Transform 0
Transform: AffineTransform_float_3_3
Parameters: 1 7.9e-05 0.00023 -7.9e-05 1 -1.817e-08 -0.00023 -1.817e-08 1 -0.00253327 -0.0483351 -0.000937014
FixedParameters: 0 0 0

#Transform 1
Transform: AffineTransform_float_3_3
Parameters: 1 -8.704e-09 6.4e-05 -8.704e-09 1 0.000136 -6.4e-05 -0.000136 1 0.00273312 -0.0382474 0.00261212
FixedParameters: 0 0 0

#Transform 2
Transform: AffineTransform_float_3_3
Parameters: 1 0 0 0 1 -0.000452 0 0.000452 1 1.42109e-14 -0.0249149 -0.0297116
FixedParameters: 0 0 0

#Transform 3
Transform: AffineTransform_float_3_3
Parameters: 1 -1.49352e-07 0.000294 -1.49352e-07 1 0.000508 -0.000294 -0.000508 1 -0.00108725 -0.0544955 0.0287376
FixedParameters: 0 0 0

#Transform 4
Transform: AffineTransform_float_3_3
Parameters: 1 4.6607e-08 0.000223 4.6607e-08 1 -0.000209 -0.000223 0.000209 1 -0.000828691 -0.00512031 -0.0284452
FixedParameters: 0 0 0

#Transform 5
Transform: AffineTransform_float_3_3
Parameters: 1 -0.000136044 0.000192969 0.000135956 1 0.000228026 -0.000192031 -0.000227974 1 0.00446599 -0.0471665 -0.00451126
FixedParameters: 0 0 0

#Transform 6
Transform: AffineTransform_float_3_3
Parameters: 1 3.3282e-08 0.000258 3.3282e-08 1 -0.000129 -0.000258 0.000129 1 -0.000997271 -0.0210504 -0.0403526
FixedParameters: 0 0 0

#Transform 7
Transform: AffineTransform_float_3_3
Parameters: 1 0 0 0 1 0 0 0 1 -0.003724 -0.04161 -0.017672
FixedParameters: 0 0 0

#Transform 8
Transform: AffineTransform_float_3_3
Parameters: 1 0 0 0 1 0.000139 0 -0.000139 1 1.42109e-14 -0.0349431 0.00447359
FixedParameters: 0 0 0

#Transform 9
Transform: AffineTransform_float_3_3
Parameters: 1 -7.19487e-05 0.000222017 7.20513e-05 1 -0.000230984 -0.000221983 0.000231016 1 0.000667868 -0.0175169 -0.0258887
FixedParameters: 0 0 0

#Transform 10
Transform: AffineTransform_float_3_3
Parameters: 1 -0.000168 -7.4256e-08 0.000168 1 0.000442 -7.4256e-08 -0.000442 1 0.00356657 -0.0557223 0.0174199
FixedParameters: 0 0 0

#Transform 11
Transform: AffineTransform_float_3_3
Parameters: 1 0 0 0 1 -0.000313 0 0.000313 1 1.42109e-14 0.0143176 -0.0243601
FixedParameters: 0 0 0

#Transform 12
Transform: AffineTransform_float_3_3
Parameters: 1 0 0 0 1 0.00031 0 -0.00031 1 1.42109e-14 -0.0448239 0.0196516
FixedParameters: 0 0 0

#Transform 13
Transform: AffineTransform_float_3_3
Parameters: 1 0 0 0 1 -0.000122 0 0.000122 1 1.42109e-14 -0.0087074 -0.0202796
FixedParameters: 0 0 0

#Transform 14
Transform: AffineTransform_float_3_3
Parameters: 1 0 0 0 1 -0.000167 0 0.000167 1 -0.003855 -0.0263115 -0.021203
FixedParameters: 0 0 0

#Transform 15
Transform: AffineTransform_float_3_3
Parameters: 1 0 0 0 1 0.000455 0 -0.000455 1 1.42109e-14 -0.0504479 0.00827405
FixedParameters: 0 0 0

#Transform 16
Transform: AffineTransform_float_3_3
Parameters: 1 2.8495e-08 0.000139 2.8495e-08 1 -0.000205 -0.000139 0.000205 1 -0.000531226 0.00847218 -0.00364667
FixedParameters: 0 0 0

#Transform 17
Transform: AffineTransform_float_3_3
Parameters: 1 0 0 0 1 0.000492 0 -0.000492 1 -1.3e-05 -0.0406483 0.00516338
FixedParameters: 0 0 0

#Transform 18
Transform: AffineTransform_float_3_3
Parameters: 1 -1.0152e-08 -5.4e-05 -1.0152e-08 1 -0.000188 5.4e-05 0.000188 1 0.000201928 -0.0106261 -0.0216037
FixedParameters: 0 0 0

#Transform 19
Transform: AffineTransform_float_3_3
Parameters: 1 -0.000108021 0.000134983 0.000107979 1 0.000157015 -0.000135017 -0.000156985 1 0.00171774 -0.0504556 0.0046824
FixedParameters: 0 0 0

#Transform 20
Transform: AffineTransform_float_3_3
Parameters: 1 0 0 0 1 0.000157 0 -0.000157 1 1.42109e-14 0.0034455 0.000894037
FixedParameters: 0 0 0

#Transform 21
Transform: AffineTransform_float_3_3
Parameters: 1 1.914e-08 -5.5e-05 1.914e-08 1 0.000348 5.5e-05 -0.000348 1 0.000222306 -0.0287798 -0.00391476
FixedParameters: 0 0 0

#Transform 22
Transform: AffineTransform_float_3_3
Parameters: 1 0 0 0 1 0.000157 0 -0.000157 1 0.00204 -0.0158407 -0.00666293
FixedParameters: 0 0 0

#Transform 23
Transform: AffineTransform_float_3_3
Parameters: 1 -5.4e-05 3.294e-09 5.4e-05 1 -6.1e-05 3.294e-09 6.1e-05 1 0.00117933 -0.0147907 -0.0104316
FixedParameters: 0 0 0

#Transform 24
Transform: AffineTransform_float_3_3
Parameters: 1 3.1785e-08 -6.5e-05 3.1785e-08 1 0.000489 6.5e-05 -0.000489 1 0.00321196 -0.0361137 0.00650331
FixedParameters: 0 0 0

#Transform 25
Transform: AffineTransform_float_3_3
Parameters: 1 -1.9536e-08 -8.8e-05 -1.9536e-08 1 -0.000222 8.8e-05 0.000222 1 0.000363893 0.000339935 -0.0221431
FixedParameters: 0 0 0

#Transform 26
Transform: AffineTransform_float_3_3
Parameters: 1 0 0 0 1 0.000157 0 -0.000157 1 1.42109e-14 -0.0454914 0.00811172
FixedParameters: 0 0 0

#Transform 27
Transform: AffineTransform_float_3_3
Parameters: 1 -0.000159 -5.4378e-08 0.000159 1 0.000342 -5.4378e-08 -0.000342 1 0.00347371 -0.0309817 0.0282206
FixedParameters: 0 0 0

#Transform 28
Transform: AffineTransform_float_3_3
Parameters: 1 5.60518e-05 -0.000115975 -5.59481e-05 1 0.000447006 0.000116025 -0.000446993 1 -0.000768834 -0.0118518 0.0309458
FixedParameters: 0 0 0

#Transform 29
Transform: AffineTransform_float_3_3
Parameters: 1 0 0 0 0.999999 0.000800999 0 -0.000800999 0.999999 8e-06 -0.0399297 -0.000346486
FixedParameters: 0 0 0

#Transform 30
Transform: AffineTransform_float_3_3
Parameters: 1 1.111e-07 -0.000202 1.111e-07 1 0.00055 0.000202 -0.00055 1 0.000758785 -0.00732995 0.0180973
FixedParameters: 0 0 0

#Transform 31
Transform: AffineTransform_float_3_3
Parameters: 1 1.72544e-07 -0.000256 1.72544e-07 1 0.000674 0.000256 -0.000674 0.999999 0.000977234 -0.00426771 0.0311245
FixedParameters: 0 0 0

#Transform 32
Transform: AffineTransform_float_3_3
Parameters: 1 2.43064e-07 -0.000184 2.43064e-07 0.999999 0.001321 0.000184 -0.001321 0.999999 0.000678174 -0.0293946 0.0344927
FixedParameters: 0 0 0

#Transform 33
Transform: AffineTransform_float_3_3
Parameters: 1 3.47061e-07 -0.000429 3.47061e-07 0.999999 0.000808999 0.000429 -0.000808999 0.999999 0.00166061 0.0131867 0.0244597
FixedParameters: 0 0 0

#Transform 34
Transform: AffineTransform_float_3_3
Parameters: 1 3.23325e-07 -0.000479 3.23325e-07 1 0.000675 0.000479 -0.000675 0.999999 0.00181269 -0.0108215 0.0185005
FixedParameters: 0 0 0

#Transform 35
Transform: AffineTransform_float_3_3
Parameters: 1 5.139e-07 -0.00045 -4.86099e-07 1 0.001142 0.000450001 -0.001142 0.999999 0.00174347 -0.0397777 0.0434238
FixedParameters: 0 0 0

#Transform 36
Transform: AffineTransform_float_3_3
Parameters: 1 4.23953e-07 -0.000353 4.23953e-07 1 0.001201 0.000353 -0.001201 0.999999 0.00129795 0.00318797 0.071273
FixedParameters: 0 0 0

#Transform 37
Transform: AffineTransform_float_3_3
Parameters: 1 2.9444e-07 -0.000433 2.9444e-07 1 0.00068 0.000433 -0.00068 0.999999 -0.00116544 -0.0113732 0.00660929
FixedParameters: 0 0 0

#Transform 38
Transform: AffineTransform_float_3_3
Parameters: 1 3.71515e-07 -0.000335 3.71515e-07 1 0.001109 0.000335 -0.001109 1 0.00126101 -0.0322728 0.0393296
FixedParameters: 0 0 0

#Transform 39
Transform: AffineTransform_float_3_3
Parameters: 1 2.96908e-07 -0.000398 2.96908e-07 0.999999 0.000745999 0.000398 -0.000745999 0.999999 -0.00284627 0.0111791 0.0381253
FixedParameters: 0 0 0

#Transform 40
Transform: AffineTransform_float_3_3
Parameters: 1 8.55323e-05 -0.000621927 -8.44675e-05 0.999999 0.000856053 0.000622073 -0.000855947 1 0.000563781 -0.00619704 0.0338789
FixedParameters: 0 0 0

#Transform 41
Transform: AffineTransform_float_3_3
Parameters: 1 5.2543e-05 -0.000453938 -5.1457e-05 1 0.00119602 0.000454062 -0.00119598 0.999999 0.00346477 -0.019177 0.0181357
FixedParameters: 0 0 0

#Transform 42
Transform: AffineTransform_float_3_3
Parameters: 1 5.45376e-07 -0.000456 -4.54623e-07 1 0.001196 0.000456001 -0.001196 0.999999 0.00170103 0.0143262 0.0152499
FixedParameters: 0 0 0

#Transform 43
Transform: AffineTransform_float_3_3
Parameters: 1 3.85112e-07 -0.000322 3.85112e-07 1 0.001196 0.000322 -0.001196 0.999999 0.00125726 -0.0341728 0.0361757
FixedParameters: 0 0 0

#Transform 44
Transform: AffineTransform_float_3_3
Parameters: 1 0 0 0 1 0.000644 0 -0.000644 1 1.42109e-14 0.0158633 0.0281847
FixedParameters: 0 0 0

#Transform 45
Transform: AffineTransform_float_3_3
Parameters: 1 5.69733e-07 -0.000358999 -4.30266e-07 0.999998 0.001587 0.000359001 -0.001587 0.999998 0.00135166 -0.0305539 0.040158
FixedParameters: 0 0 0

#Transform 46
Transform: AffineTransform_float_3_3
Parameters: 1 5.44516e-05 -0.000388937 -5.35483e-05 1 0.00116102 0.000389062 -0.00116098 1 0.000369513 0.0153619 0.0507316
FixedParameters: 0 0 0

#Transform 47
Transform: AffineTransform_float_3_3
Parameters: 1 6.77702e-05 -0.000583911 -6.72296e-05 0.999999 0.00131904 0.000584089 -0.00131896 0.999999 0.000768387 -0.00937677 0.0679949
FixedParameters: 0 0 0

#Transform 48
Transform: AffineTransform_float_3_3
Parameters: 1 5.57556e-07 -0.000388 -4.42443e-07 0.999999 0.001437 0.000388001 -0.001437 0.999999 0.00144424 -0.0192961 0.0370468
FixedParameters: 0 0 0

#Transform 49
Transform: AffineTransform_float_3_3
Parameters: 1 3.38766e-07 -0.000393 3.38766e-07 0.999999 0.000861999 0.000393 -0.000861999 0.999999 0.00146623 0.0102866 0.0407913
FixedParameters: 0 0 0

#Transform 50
Transform: AffineTransform_float_3_3
Parameters: 1 7.01919e-07 -0.000427999 -2.98079e-07 0.999998 0.00164 0.000428001 -0.00164 0.999998 0.0016298 -0.0395394 0.0583445
FixedParameters: 0 0 0

#Transform 51
Transform: AffineTransform_float_3_3
Parameters: 1 5.26086e-05 -0.000495936 -5.13914e-05 0.999999 0.00122703 0.000496063 -0.00122697 0.999999 0.000850122 0.0254969 0.0706053
FixedParameters: 0 0 0

#Transform 52
Transform: AffineTransform_float_3_3
Parameters: 1 5.19609e-07 -0.000457 -4.8039e-07 1 0.001137 0.000457001 -0.001137 0.999999 0.00175219 -0.0112255 0.0309003
FixedParameters: 0 0 0

#Transform 53
Transform: AffineTransform_float_3_3
Parameters: 1 1.04372e-06 -0.000660999 4.372e-08 0.999999 0.001579 0.000661 -0.001579 0.999998 0.00254668 -0.0275628 0.0691931
FixedParameters: 0 0 0

#Transform 54
Transform: AffineTransform_float_3_3
Parameters: 1 4.27272e-07 -0.000456 4.27272e-07 0.999999 0.000937 0.000456 -0.000937 1 0.00174551 0.016312 0.0492858
FixedParameters: 0 0 0

#Transform 55
Transform: AffineTransform_float_3_3
Parameters: 0.999999 7.2073e-05 -0.000730895 -7.09282e-05 0.999999 0.00146805 0.000730104 -0.00146795 0.999998 0.00130241 -0.0135687 0.0551239
FixedParameters: 0 0 0

#Transform 56
Transform: AffineTransform_float_3_3
Parameters: 1 5.42553e-07 -0.000451 -4.57446e-07 1 0.001203 0.000451001 -0.001203 0.999999 0.00172911 0.0262987 0.0248995
FixedParameters: 0 0 0

#Transform 57
Transform: AffineTransform_float_3_3
Parameters: 1 9.9713e-07 -0.000652999 -2.868e-09 0.999999 0.001527 0.000653 -0.001527 0.999998 0.00253847 -0.032204 0.0510052
FixedParameters: 0 0 0

#Transform 58
Transform: AffineTransform_float_3_3
Parameters: 1 6.25574e-07 -0.000653 -3.74425e-07 0.999999 0.000958 0.000653001 -0.000958 1 0.00252864 0.0290753 0.0599354
FixedParameters: 0 0 0

#Transform 59
Transform: AffineTransform_float_3_3
Parameters: 1 7.67275e-07 -0.000652999 -2.32724e-07 1 0.001175 0.000653001 -0.001175 0.999999 0.00254473 -0.016718 0.0383626
FixedParameters: 0 0 0

#Transform 60
Transform: AffineTransform_float_3_3
Parameters: 1 6.94554e-07 -0.000482999 -3.05445e-07 0.999999 0.001438 0.000483001 -0.001438 0.999999 0.0018333 -0.0194067 0.0715667
FixedParameters: 0 0 0

#Transform 61
Transform: AffineTransform_float_3_3
Parameters: 1 6.30145e-07 -0.000653 -3.69854e-07 0.999999 0.000965 0.000653001 -0.000965 1 0.00254396 0.0125198 0.0364853
FixedParameters: 0 0 0

#Transform 62
Transform: AffineTransform_float_3_3
Parameters: 1 9.37055e-07 -0.000652999 -6.2944e-08 0.999999 0.001435 0.000653 -0.001435 0.999999 0.00516637 -0.0206048 0.0465648
FixedParameters: 0 0 0

#Transform 63
Transform: AffineTransform_float_3_3
Parameters: 1 1.01084e-06 -0.000652999 1.0845e-08 0.999999 0.001548 0.000653 -0.001548 0.999998 0.00254751 -0.0210398 0.0310452
FixedParameters: 0 0 0

#Transform 64
Transform: AffineTransform_float_3_3
Parameters: 1 7.95354e-07 -0.000652999 -2.04645e-07 1 0.001218 0.000653001 -0.001218 0.999999 0.00472479 -0.00587625 0.0336734
FixedParameters: 0 0 0

#Transform 65
Transform: AffineTransform_float_3_3
Parameters: 1 1.04415e-06 -0.000652999 4.4148e-08 0.999998 0.001599 0.000653 -0.001599 0.999998 0.00252003 -0.0212547 0.0731304
FixedParameters: 0 0 0

#Transform 66
Transform: AffineTransform_float_3_3
Parameters: 1 7.07199e-07 -0.000653 -2.928e-07 1 0.001083 0.000653001 -0.001083 0.999999 0.00253445 0.0291885 0.0510409
FixedParameters: 0 0 0

#Transform 67
Transform: AffineTransform_float_3_3
Parameters: 1 1.22307e-06 -0.000652999 2.23071e-07 0.999998 0.001873 0.000653001 -0.001873 0.999998 0.00253052 -0.0151247 0.0478715
FixedParameters: 0 0 0

#Transform 68
Transform: AffineTransform_float_3_3
Parameters: 1 8.97222e-07 -0.000652999 -1.02777e-07 0.999999 0.001374 0.000653001 -0.001374 0.999999 0.00254243 0.0247258 0.0388258
FixedParameters: 0 0 0

#Transform 69
Transform: AffineTransform_float_3_3
Parameters: 0.999999 0.000163127 -0.000822777 -0.000161874 0.999999 0.00137013 0.000822222 -0.00136987 0.999998 -0.00706276 0.00585859 0.0228637
FixedParameters: 0 0 0

#Transform 70
Transform: AffineTransform_float_3_3
Parameters: 0.999999 1.34642e-06 -0.000823999 3.46418e-07 0.999998 0.001634 0.000824001 -0.001634 0.999999 0.00314388 -0.0227185 0.0499281
FixedParameters: 0 0 0

#Transform 71
Transform: AffineTransform_float_3_3
Parameters: 0.999999 -0.000168712 -0.000849256 0.000170289 0.999999 0.00151685 0.000849742 -0.00151714 0.999998 0.0069616 0.00831361 0.0726093
FixedParameters: 0 0 0

#Transform 72
Transform: AffineTransform_float_3_3
Parameters: 1 9.91906e-07 -0.000652999 -8.09199e-09 0.999999 0.001519 0.000653 -0.001519 0.999998 0.00253669 -0.000150574 0.0399484
FixedParameters: 0 0 0

#Transform 73
Transform: AffineTransform_float_3_3
Parameters: 1 1.02913e-06 -0.000652999 2.9129e-08 0.999999 0.001576 0.000653 -0.001576 0.999998 0.00252386 -0.0193707 0.061138
FixedParameters: 0 0 0

#Transform 74
Transform: AffineTransform_float_3_3
Parameters: 1 8.72408e-07 -0.000652999 -1.27591e-07 0.999999 0.001336 0.000653001 -0.001336 0.999999 0.00253125 0.0124027 0.0559454
FixedParameters: 0 0 0

#Transform 75
Transform: AffineTransform_float_3_3
Parameters: 1 1.03762e-06 -0.000652999 3.7618e-08 0.999998 0.001589 0.000653 -0.001589 0.999998 0.00253169 -0.0194117 0.0614022
FixedParameters: 0 0 0

#Transform 76
Transform: AffineTransform_float_3_3
Parameters: 0.999999 8.64043e-05 -0.000914868 -8.45953e-05 0.999999 0.00153508 0.000915131 -0.00153492 0.999999 0.00175516 0.0178715 0.0361855
FixedParameters: 0 0 0

#Transform 77
Transform: AffineTransform_float_3_3
Parameters: 0.999999 1.26605e-06 -0.000941998 2.66049e-07 0.999999 0.001344 0.000942 -0.001344 0.999998 0.00362868 -0.0134008 0.0341378
FixedParameters: 0 0 0

#Transform 78
Transform: AffineTransform_float_3_3
Parameters: 0.999999 1.13165e-06 -0.000841999 1.31649e-07 0.999999 0.001344 0.000842 -0.001344 0.999998 0.0032424 -0.00425606 0.071908
FixedParameters: 0 0 0

#Transform 79
Transform: AffineTransform_float_3_3
Parameters: 1 1.30872e-06 -0.000962999 3.08718e-07 0.999999 0.001359 0.000963001 -0.001359 0.999998 0.00357945 0.0210606 0.0553778
FixedParameters: 0 0 0

#Transform 80
Transform: AffineTransform_float_3_3
Parameters: 0.999999 1.43264e-06 -0.000861999 4.32646e-07 0.999998 0.001662 0.000862 -0.001662 0.999998 0.00753843 -0.0194581 0.0476732
FixedParameters: 0 0 0

#Transform 81
Transform: AffineTransform_float_3_3
Parameters: 0.999999 1.04589e-06 -0.000745999 4.5893e-08 0.999999 0.001402 0.000746 -0.001402 0.999998 0.00286987 0.0152701 0.0676914
FixedParameters: 0 0 0

#Transform 82
Transform: AffineTransform_float_3_3
Parameters: 0.999999 1.29301e-06 -0.000843999 2.9301e-07 0.999999 0.001532 0.000844001 -0.001532 0.999999 0.00588633 -0.0159629 0.04416
FixedParameters: 0 0 0

#Transform 83
Transform: AffineTransform_float_3_3
Parameters: 0.999999 1.12732e-06 -0.000965999 1.27323e-07 1 0.001167 0.000966 -0.001167 0.999999 0.00371702 0.0289611 0.0638862
FixedParameters: 0 0 0

#Transform 84
Transform: AffineTransform_float_3_3
Parameters: 1 5.80251e-05 -0.000652909 -5.69747e-05 0.999999 0.00157004 0.00065309 -0.00156996 0.999998 0.00127572 -0.0151488 0.0426598
FixedParameters: 0 0 0

#Transform 85
Transform: AffineTransform_float_3_3
Parameters: 0.999999 9.1273e-07 -0.000825999 -8.7269e-08 1 0.001105 0.000826 -0.001105 0.999999 0.00318579 0.0189263 0.0555638
FixedParameters: 0 0 0

#Transform 86
Transform: AffineTransform_float_3_3
Parameters: 0.999999 8.30048e-05 -0.000835901 -8.19959e-05 1 0.00120107 0.000836099 -0.00120193 0.999999 0.00422022 0.00889272 0.0575136
FixedParameters: 0 0 0

#Transform 87
Transform: AffineTransform_float_3_3
Parameters: 0.999999 1.27998e-06 -0.000802999 2.79984e-07 0.999998 0.001594 0.000803001 -0.001594 0.999999 0.00306843 -0.0361819 0.0257628
FixedParameters: 0 0 0

#Transform 88
Transform: AffineTransform_float_3_3
Parameters: 0.999999 9.69101e-07 -0.000828999 -3.0898e-08 1 0.001169 0.000829 -0.001169 0.999999 0.0031842 -0.00451307 0.0488216
FixedParameters: 0 0 0

#Transform 89
Transform: AffineTransform_float_3_3
Parameters: 0.999999 1.30353e-06 -0.000890998 3.03534e-07 0.999999 0.001463 0.000891 -0.001463 0.999998 0.00343663 -0.00862798 0.0689473
FixedParameters: 0 0 0

#Transform 90
Transform: AffineTransform_float_3_3
Parameters: 0.999999 1.41372e-06 -0.000755998 4.13722e-07 0.999999 0.00187 0.000756 -0.00187 0.999998 0.00293196 -0.0156294 0.0406131
FixedParameters: 0 0 0

#Transform 91
Transform: AffineTransform_float_3_3
Parameters: 0.999999 1.10285e-06 -0.000940999 1.02853e-07 1 0.001172 0.000941 -0.001172 0.999999 0.00359751 0.0287699 0.0520684
FixedParameters: 0 0 0

#Transform 92
Transform: AffineTransform_float_3_3
Parameters: 0.999999 1.48285e-06 -0.000833998 4.82854e-07 0.999999 0.001778 0.000834 -0.001778 0.999998 0.00322415 -0.0209615 0.0565554
FixedParameters: 0 0 0

#Transform 93
Transform: AffineTransform_float_3_3
Parameters: 0.999999 8.27584e-07 -0.000771999 -1.72415e-07 1 0.001072 0.000772 -0.001072 0.999999 0.00531123 0.0197982 0.0591865
FixedParameters: 0 0 0

#Transform 94
Transform: AffineTransform_float_3_3
Parameters: 0.999999 1.42921e-06 -0.000871999 4.2921e-07 0.999998 0.001639 0.000872 -0.001639 0.999999 0.00548438 -0.00141425 0.0417829
FixedParameters: 0 0 0

#Transform 95
Transform: AffineTransform_float_3_3
Parameters: 1 1.47508e-06 -0.001018 4.75084e-07 0.999999 0.001449 0.001018 -0.001449 0.999999 0.00943999 -0.00298277 0.0686505
FixedParameters: 0 0 0

#Transform 96
Transform: AffineTransform_float_3_3
Parameters: 1 1.28781e-06 -0.001047 2.87811e-07 0.999999 0.00123 0.001047 -0.00123 0.999998 0.00389705 0.0147806 0.0681546
FixedParameters: 0 0 0

#Transform 97
Transform: AffineTransform_float_3_3
Parameters: 0.999999 8.8627e-05 -0.000899841 -8.63735e-05 0.999999 0.00180708 0.000900157 -0.00180792 0.999998 0.00164577 -0.0131855 0.0496587
FixedParameters: 0 0 0

#Transform 98
Transform: AffineTransform_float_3_3
Parameters: 0.999999 9.33394e-07 -0.000846999 -6.6605e-08 1 0.001102 0.000847 -0.001102 0.999999 0.00323804 0.0114539 0.052602
FixedParameters: 0 0 0

#Transform 99
Transform: AffineTransform_float_3_3
Parameters: 0.999999 1.7392e-06 -0.001003 -2.60794e-07 0.999999 0.001734 0.001003 -0.001734 0.999998 0.00616478 -0.0153763 0.0878627
FixedParameters: 0 0 0

#Transform 100
Transform: AffineTransform_float_3_3
Parameters: 0.999999 1.29198e-06 -0.000832999 2.91985e-07 0.999999 0.001551 0.000833001 -0.001551 0.999999 0.00318381 0.0132866 0.0518287
FixedParameters: 0 0 0

#Transform 101
Transform: AffineTransform_float_3_3
Parameters: 0.999999 1.47655e-06 -0.000951999 4.76554e-07 0.999999 0.001551 0.000952 -0.001551 0.999999 0.0067141 0.00707131 0.0735556
FixedParameters: 0 0 0

#Transform 102
Transform: AffineTransform_float_3_3
Parameters: 0.999999 1.43467e-06 -0.000924999 4.34677e-07 0.999999 0.001551 0.000925 -0.001551 0.999999 0.00352791 0.0244286 0.0846848
FixedParameters: 0 0 0

#Transform 103
Transform: AffineTransform_float_3_3
Parameters: 0.999999 -0.000651429 -0.000654567 0.000652572 0.999997 0.00240257 0.000653434 -0.00240243 0.999997 0.0368082 -0.0177189 0.0589746
FixedParameters: 0 0 0

#Transform 104
Transform: AffineTransform_float_3_3
Parameters: 1 -8.70687e-05 -0.000653125 8.89325e-05 0.999999 0.00142594 0.000653874 -0.00142606 0.999999 0.00450887 -0.00148125 0.0613346
FixedParameters: 0 0 0

#Transform 105
Transform: AffineTransform_float_3_3
Parameters: 1 -4.46543e-06 -0.000653012 5.53454e-06 0.999997 0.00235 0.000652989 -0.00235 0.999997 0.00264491 -0.0150787 0.123401
FixedParameters: 0 0 0

#Transform 106
Transform: AffineTransform_float_3_3
Parameters: 1 -8.92383e-06 -0.000653016 1.00761e-05 0.999998 0.00164799 0.000652984 -0.00164801 0.999999 0.00276873 0.0275197 0.0686104
FixedParameters: 0 0 0

#Transform 107
Transform: AffineTransform_float_3_3
Parameters: 0.999999 -9.65531e-05 -0.000848166 9.84464e-05 0.999998 0.00170592 0.000847833 -0.00170608 0.999998 0.0100239 -0.00237661 0.0887291
FixedParameters: 0 0 0

#Transform 108
Transform: AffineTransform_float_3_3
Parameters: 0.999999 -0.000158705 -0.000759272 0.000160296 0.999998 0.00170588 0.000759728 -0.00170612 0.999999 0.0144073 0.00719968 0.0823887
FixedParameters: 0 0 0

#Transform 109
Transform: AffineTransform_float_3_3
Parameters: 0.999999 -0.000107791 -0.000853153 0.000109209 0.999999 0.00141791 0.000852845 -0.00141709 0.999998 0.0191728 0.0262519 0.067527
FixedParameters: 0 0 0

#Transform 110
Transform: AffineTransform_float_3_3
Parameters: 0.999999 -0.000103012 -0.000993207 0.000104988 0.999998 0.0020019 0.000992791 -0.0020021 0.999997 0.0176044 -0.00575677 0.059523
FixedParameters: 0 0 0

#Transform 111
Transform: AffineTransform_float_3_3
Parameters: 1 -0.000158542 -0.00102023 0.000160457 0.999999 0.00142884 0.00101977 -0.00142916 0.999999 0.0179961 0.0168824 0.0599128
FixedParameters: 0 0 0

#Transform 112
Transform: AffineTransform_float_3_3
Parameters: 1 -7.96026e-05 -0.00101411 8.03972e-05 0.999999 0.00137792 0.00101389 -0.00137808 0.999998 0.00548225 -0.00091699 0.0741358
FixedParameters: 0 0 0

#Transform 113
Transform: AffineTransform_float_3_3
Parameters: 0.999999 -0.000158087 -0.000892341 0.000159914 0.999997 0.00214386 0.000892659 -0.00214414 0.999998 0.00688802 -0.0170998 0.0835073
FixedParameters: 0 0 0

#Transform 114
Transform: AffineTransform_float_3_3
Parameters: 0.999999 -2.18175e-05 -0.000904029 2.31824e-05 0.999999 0.00130798 0.00090397 -0.00130802 0.999998 0.00400177 0.0196221 0.0674466
FixedParameters: 0 0 0

#Transform 115
Transform: AffineTransform_float_3_3
Parameters: 0.999999 -0.000157936 -0.00096334 0.000160065 0.999997 0.00214285 0.000963659 -0.00214315 0.999997 0.00715599 -0.0170959 0.104756
FixedParameters: 0 0 0

#Transform 116
Transform: AffineTransform_float_3_3
Parameters: 1 3.47071e-05 -0.00107095 -3.32928e-05 0.999998 0.00159404 0.00107106 -0.00159396 0.999998 0.00331714 0.0275854 0.0309889
FixedParameters: 0 0 0

#Transform 117
Transform: AffineTransform_float_3_3
Parameters: 0.999999 1.06531e-05 -0.000959983 -9.34685e-06 0.999998 0.00172201 0.000960017 -0.00172199 0.999998 0.00347289 -0.0142438 0.0763742
FixedParameters: 0 0 0

#Transform 118
Transform: AffineTransform_float_3_3
Parameters: 0.999999 -0.000158088 -0.000904336 0.000159911 0.999998 0.00211386 0.000903664 -0.00211414 0.999998 0.00691252 -0.00812759 0.105642
FixedParameters: 0 0 0

#Transform 119
Transform: AffineTransform_float_3_3
Parameters: 0.999999 5.74936e-06 -0.00093799 -4.25062e-06 0.999999 0.001865 0.000938009 -0.001865 0.999998 0.00358309 0.0148545 0.0800476
FixedParameters: 0 0 0

#Transform 120
Transform: AffineTransform_float_3_3
Parameters: 0.999999 1.20722e-05 -0.000888974 -9.9277e-06 0.999998 0.00233101 0.000889025 -0.00233099 0.999997 0.00750194 0.00318518 0.0961453
FixedParameters: 0 0 0

#Transform 121
Transform: AffineTransform_float_3_3
Parameters: 0.999999 3.78508e-05 -0.00102593 -3.6149e-05 0.999999 0.00180404 0.00102607 -0.00180396 0.999998 0.00554324 0.0407531 0.105273
FixedParameters: 0 0 0

#Transform 122
Transform: AffineTransform_float_3_3
Parameters: 0.999999 7.6583e-05 -0.000834856 -7.54167e-05 0.999998 0.00189606 0.000835144 -0.00189594 0.999998 0.00164213 -0.0122847 0.0735453
FixedParameters: 0 0 0

#Transform 123
Transform: AffineTransform_float_3_3
Parameters: 0.999999 -4.83664e-05 -0.000862093 4.96342e-05 0.999998 0.00189596 0.000861907 -0.00189504 0.999998 0.00435381 0.0149679 0.0929042
FixedParameters: 0 0 0

#Transform 124
Transform: AffineTransform_float_3_3
Parameters: 0.999999 2.37746e-05 -0.000935956 -2.22253e-05 0.999998 0.00189602 0.000936043 -0.00189598 0.999998 0.00100171 0.000383943 0.0693467
FixedParameters: 0 0 0

#Transform 125
Transform: AffineTransform_float_3_3
Parameters: 0.999999 -2.1772e-05 -0.000967052 2.32279e-05 0.999998 0.00230398 0.000966948 -0.00230402 0.999997 0.00416018 -0.0163267 0.0969286
FixedParameters: 0 0 0

#Transform 126
Transform: AffineTransform_float_3_3
Parameters: 1 -3.10598e-05 -0.00109806 3.29401e-05 0.999999 0.00176697 0.00109794 -0.00176704 0.999998 0.00482591 0.0410982 0.102728
FixedParameters: 0 0 0

#Transform 127
Transform: AffineTransform_float_3_3
Parameters: 1 4.71968e-05 -0.000948894 -4.58039e-05 0.999998 0.00231404 0.000949109 -0.00231496 0.999997 0.00256542 -0.00610266 0.0794186
FixedParameters: 0 0 0

#Transform 128
Transform: AffineTransform_float_3_3
Parameters: 0.999999 -5.01541e-05 -0.000928101 5.18456e-05 0.999998 0.00198895 0.000927898 -0.00198905 0.999997 0.00463796 0.0250175 0.110231
FixedParameters: 0 0 0

#Transform 129
Transform: AffineTransform_float_3_3
Parameters: 1 2.33516e-05 -0.000703956 -2.26483e-05 0.999998 0.00192002 0.000704045 -0.00191998 0.999998 0.00212318 0.0268441 0.107542
FixedParameters: 0 0 0

#Transform 130
Transform: AffineTransform_float_3_3
Parameters: 0.999999 9.54557e-05 -0.000731811 -9.35438e-05 0.999998 0.00198907 0.000732187 -0.00198893 0.999998 0.00611773 0.00647171 0.0997573
FixedParameters: 0 0 0

#Transform 131
Transform: AffineTransform_float_3_3
Parameters: 1 2.49605e-05 -0.00106896 -2.30394e-05 0.999999 0.00183403 0.00106904 -0.00183397 0.999997 0.00923973 0.0337551 0.0634559
FixedParameters: 0 0 0

#Transform 132
Transform: AffineTransform_float_3_3
Parameters: 0.999999 5.01735e-05 -0.000918936 -4.88264e-05 0.999999 0.00127705 0.000919062 -0.00127695 0.999999 0.00820828 0.0276467 0.0596646
FixedParameters: 0 0 0

#Transform 133
Transform: AffineTransform_float_3_3
Parameters: 0.999999 -4.0452e-05 -0.000882072 4.25478e-05 0.999999 0.00175496 0.000881926 -0.00175504 0.999998 0.00434824 -0.0165633 0.096213
FixedParameters: 0 0 0

#Transform 134
Transform: AffineTransform_float_3_3
Parameters: 0.999999 3.55974e-05 -0.000887937 -3.44024e-05 0.999999 0.00179903 0.000888063 -0.00179897 0.999998 0.00262884 0.0334757 0.123756
FixedParameters: 0 0 0

#Transform 135
Transform: AffineTransform_float_3_3
Parameters: 1 -4.88695e-05 -0.000643087 5.01303e-05 0.999999 0.00175797 0.000642913 -0.00175803 0.999998 0.00361963 -0.0156697 0.0649508
FixedParameters: 0 0 0

#Transform 136
Transform: AffineTransform_float_3_3
Parameters: 1 9.50448e-05 -0.000601836 -9.39547e-05 0.999998 0.00173606 0.000602164 -0.00173594 0.999999 0.000271253 -0.0226588 0.0913581
FixedParameters: 0 0 0

#Transform 137
Transform: AffineTransform_float_3_3
Parameters: 1 0.000181324 -0.000663639 -0.000179678 0.999998 0.00199412 0.000663359 -0.00199388 0.999998 -0.0012755 0.0128986 0.0990812
FixedParameters: 0 0 0

#Transform 138
Transform: AffineTransform_float_3_3
Parameters: 0.999999 0.000271534 -0.00077046 -0.000269466 0.999998 0.00199121 0.000770538 -0.00199079 0.999997 -0.00277223 0.0319573 0.0840432
FixedParameters: 0 0 0

#Transform 139
Transform: AffineTransform_float_3_3
Parameters: 0.999999 0.000197927 -0.000887572 -0.000196074 0.999997 0.00217117 0.000887428 -0.00217082 0.999997 -0.000770583 0.0318755 0.0775166
FixedParameters: 0 0 0

#Transform 140
Transform: AffineTransform_float_3_3
Parameters: 0.999999 0.000160286 -0.000887768 -0.000158713 0.999999 0.00144914 0.00088823 -0.00144886 0.999998 2.40678e-05 0.0565717 0.0734462
FixedParameters: 0 0 0

#Transform 141
Transform: AffineTransform_float_3_3
Parameters: 0.999999 0.000148625 -0.000887729 -0.000146375 0.999999 0.00183013 0.000888269 -0.00182987 0.999998 0.000334678 0.0149071 0.0439583
FixedParameters: 0 0 0

#Transform 142
Transform: AffineTransform_float_3_3
Parameters: 1 3.93649e-05 -0.000699924 -3.86349e-05 0.999998 0.00195003 0.000700076 -0.00194997 0.999998 0.00188787 0.00288155 0.089411
FixedParameters: 0 0 0

#Transform 143
Transform: AffineTransform_float_3_3
Parameters: 0.999999 7.05165e-05 -0.000887881 -6.84831e-05 0.999998 0.00170806 0.000888118 -0.00170794 0.999998 0.00195087 0.0119033 0.104128
FixedParameters: 0 0 0

#Transform 144
Transform: AffineTransform_float_3_3
Parameters: 0.999999 0.000117788 -0.000725712 -0.000116214 0.999997 0.00246308 0.000725288 -0.00246291 0.999996 0.00292574 -0.00978489 0.100606
FixedParameters: 0 0 0

#Transform 145
Transform: AffineTransform_float_3_3
Parameters: 0.999999 6.12229e-05 -0.000713896 -5.97768e-05 0.999998 0.00171304 0.000714103 -0.00171296 0.999999 0.0015035 0.0188609 0.0844937
FixedParameters: 0 0 0

#Transform 146
Transform: AffineTransform_float_3_3
Parameters: 0.999999 0.000124976 -0.000887724 -0.000123025 0.999998 0.00222611 0.000887276 -0.00222589 0.999997 0.000709192 -0.00115457 0.0773038
FixedParameters: 0 0 0

#Transform 147
Transform: AffineTransform_float_3_3
Parameters: 0.999999 0.00013798 -0.000887694 -0.000136022 0.999998 0.00223012 0.000887305 -0.00222988 0.999997 0.000540855 0.00838443 0.0635518
FixedParameters: 0 0 0

#Transform 148
Transform: AffineTransform_float_3_3
Parameters: 0.999999 6.76009e-05 -0.000887879 -6.63988e-05 0.999999 0.00180306 0.000888121 -0.00180294 0.999998 0.00193375 0.0322878 0.0987597
FixedParameters: 0 0 0

#Transform 149
Transform: AffineTransform_float_3_3
Parameters: 0.999999 0.000158635 -0.000693628 -0.000157367 0.999997 0.00235611 0.000693372 -0.00235589 0.999997 -0.000778022 0.0144476 0.112361
FixedParameters: 0 0 0

#Transform 150
Transform: AffineTransform_float_3_3
Parameters: 0.999999 1.95651e-05 -0.00072896 -1.74348e-05 0.999997 0.00214701 0.000729039 -0.00214699 0.999998 0.00244342 0.044351 0.100574
FixedParameters: 0 0 0

#Transform 151
Transform: AffineTransform_float_3_3
Parameters: 0.999999 0.000224602 -0.000774537 -0.000223399 0.999998 0.00206817 0.000774463 -0.00206783 0.999997 -0.00184653 0.0337581 0.0950113
FixedParameters: 0 0 0

#Transform 152
Transform: AffineTransform_float_3_3
Parameters: 0.999999 0.000224961 -0.000783439 -0.000223038 0.999997 0.00250217 0.00078456 -0.00250282 0.999996 -0.00166382 0.00999467 0.0581432
FixedParameters: 0 0 0

#Transform 153
Transform: AffineTransform_float_3_3
Parameters: 0.999999 0.000165411 -0.00080171 -0.000164588 0.999999 0.00176013 0.000802291 -0.00175987 0.999998 0.00213168 0.031018 0.0790569
FixedParameters: 0 0 0

#Transform 154
Transform: AffineTransform_float_3_3
Parameters: 0.999999 9.99892e-05 -0.000792751 -9.801e-05 0.999997 0.00250908 0.000793248 -0.00250892 0.999996 0.000923434 0.00254392 0.154614
FixedParameters: 0 0 0

#Transform 155
Transform: AffineTransform_float_3_3
Parameters: 0.999999 0.000182093 -0.000952602 -0.000179906 0.999997 0.00219717 0.000953397 -0.00219683 0.999997 -0.000138049 0.0270405 0.101719
FixedParameters: 0 0 0

#Transform 156
Transform: AffineTransform_float_3_3
Parameters: 0.999999 9.27731e-05 -0.000887816 -9.12264e-05 0.999998 0.00199708 0.000888183 -0.00199692 0.999997 0.00504642 0.000649496 0.0944812
FixedParameters: 0 0 0

#Transform 157
Transform: AffineTransform_float_3_3
Parameters: 1 8.53468e-05 -0.000887778 -8.26528e-05 0.999997 0.00264308 0.000888222 -0.00264293 0.999996 0.00151254 0.0100647 0.152481
FixedParameters: 0 0 0

#Transform 158
Transform: AffineTransform_float_3_3
Parameters: 0.999999 0.000195582 -0.000814621 -0.000194419 0.999998 0.00194216 0.000814379 -0.00194184 0.999998 0.0023988 0.04745 0.10503
FixedParameters: 0 0 0

#Transform 159
Transform: AffineTransform_float_3_3
Parameters: 0.999999 0.000164243 -0.000887588 -0.000161758 0.999997 0.00252715 0.000887412 -0.00252686 0.999997 0.00329635 -0.00880742 0.104402
FixedParameters: 0 0 0

#Transform 160
Transform: AffineTransform_float_3_3
Parameters: 0.999999 3.67963e-05 -0.000887927 -3.52044e-05 0.999998 0.00202203 0.000888072 -0.00202297 0.999997 0.0026327 0.0467918 0.106902
FixedParameters: 0 0 0

#Transform 161
Transform: AffineTransform_float_3_3
Parameters: 0.999999 0.000208052 -0.000887521 -0.000205949 0.999998 0.00231118 0.000887478 -0.00231082 0.999997 -0.00102073 0.0238713 0.113323
FixedParameters: 0 0 0

#Transform 162
Transform: AffineTransform_float_3_3
Parameters: 0.999999 0.000137229 -0.000887658 -0.000134772 0.999997 0.00251112 0.000887341 -0.00251088 0.999997 0.000502949 0.0304656 0.114769
FixedParameters: 0 0 0

#Transform 163
Transform: AffineTransform_float_3_3
Parameters: 0.999999 0.000168484 -0.000776679 -0.000167517 0.999998 0.00191113 0.000776321 -0.00191087 0.999998 0.00160233 0.049321 0.092499
FixedParameters: 0 0 0

#Transform 164
Transform: AffineTransform_float_3_3
Parameters: 0.999999 0.000187257 -0.000976569 -0.000184742 0.999998 0.00231118 0.000977429 -0.00231082 0.999997 -0.000127331 0.0209281 0.08711
FixedParameters: 0 0 0

#Transform 165
Transform: AffineTransform_float_3_3
Parameters: 0.999999 0.000144052 -0.000887669 -0.00014195 0.999998 0.00231113 0.00088733 -0.00231087 0.999997 0.000363574 0.034229 0.114663
FixedParameters: 0 0 0

#Transform 166
Transform: AffineTransform_float_3_3
Parameters: 0.999999 0.00017784 -0.000887633 -0.000176161 0.999998 0.00207316 0.000887367 -0.00207284 0.999998 -0.000287545 0.0336479 0.0467554
FixedParameters: 0 0 0

#Transform 167
Transform: AffineTransform_float_3_3
Parameters: 0.999999 0.000123018 -0.000887722 -0.000120983 0.999998 0.00227311 0.000887277 -0.00227289 0.999997 0.000808888 -0.00703433 0.106358
FixedParameters: 0 0 0

#Transform 168
Transform: AffineTransform_float_3_3
Parameters: 0.999999 1.57697e-05 -0.00088797 -1.42302e-05 0.999998 0.00199301 0.000888029 -0.00199299 0.999997 0.00307718 0.0252058 0.116912
FixedParameters: 0 0 0

#Transform 169
Transform: AffineTransform_float_3_3
Parameters: 0.999999 0.000134242 -0.000887664 -0.00013276 0.999997 0.00252512 0.000887338 -0.00252488 0.999997 0.000515253 -0.00971684 0.0979986
FixedParameters: 0 0 0

#Transform 170
Transform: AffineTransform_float_3_3
Parameters: 0.999999 0.000105882 -0.000887777 -0.000104117 0.999997 0.00212009 0.000888223 -0.00211991 0.999998 0.00115594 0.0364928 0.0982915
FixedParameters: 0 0 0

#Transform 171
Transform: AffineTransform_float_3_3
Parameters: 0.999999 9.50279e-05 -0.000887785 -9.29715e-05 0.999998 0.00228408 0.000888214 -0.00228392 0.999997 0.00142422 0.026556 0.110704
FixedParameters: 0 0 0

#Transform 172
Transform: AffineTransform_float_3_3
Parameters: 0.999999 0.0002011 -0.000805479 -0.000198902 0.999996 0.00260516 0.000805521 -0.00260584 0.999997 -0.00111887 0.0190932 0.0941634
FixedParameters: 0 0 0

#Transform 173
Transform: AffineTransform_float_3_3
Parameters: 0.999999 0.000154492 -0.000887741 -0.000152507 0.999998 0.00168114 0.000888257 -0.00168086 0.999998 0.000209148 0.0531421 0.0820835
FixedParameters: 0 0 0

#Transform 174
Transform: AffineTransform_float_3_3
Parameters: 0.999999 0.000149159 -0.000887639 -0.000146842 0.999997 0.00243213 0.000887359 -0.00243187 0.999996 0.00329278 0.0204228 0.129218
FixedParameters: 0 0 0

#Transform 175
Transform: AffineTransform_float_3_3
Parameters: 0.999999 0.000210094 -0.000887506 -0.000207907 0.999997 0.00235919 0.000887492 -0.00235881 0.999997 -0.00106279 0.0393978 0.0886919
FixedParameters: 0 0 0

#Transform 176
Transform: AffineTransform_float_3_3
Parameters: 1 0.000184927 -0.000641733 -0.000184073 0.999999 0.00144512 0.000641266 -0.00144488 0.999999 -0.00153782 0.0405355 0.0943901
FixedParameters: 0 0 0

#Transform 177
Transform: AffineTransform_float_3_3
Parameters: 1 -0.000215161 9.6641e-05 0.000214839 0.999998 0.00166902 -9.63587e-05 -0.00166898 0.999998 0.00424087 -0.0039615 0.0557156
FixedParameters: 0 0 0

#Transform 178
Transform: AffineTransform_float_3_3
Parameters: 1 2.29779e-05 0.000233002 -2.30221e-05 1 9.49946e-05 -0.000232998 -9.50054e-05 1 -0.0134908 0.0569863 -0.148434
FixedParameters: 0 0 0

#Transform 179
Transform: AffineTransform_float_3_3
Parameters: 0.999999 0.000222549 0.000757132 -0.000223451 1 0.000595831 -0.000756866 -0.000596168 0.999999 -0.0226994 0.00601584 -0.177501
FixedParameters: 0 0 0

#Transform 180
Transform: AffineTransform_float_3_3
Parameters: 1 5.61043e-05 0.000432986 -5.58956e-05 1 -0.000241024 -0.000433013 0.000240976 1 -0.0132335 0.0339833 -0.173673
FixedParameters: 0 0 0

#Transform 181
Transform: AffineTransform_float_3_3
Parameters: 1 -2.33967e-05 0.000544026 2.46033e-05 1 -0.00110899 -0.000543973 0.00110901 0.999999 -0.010132 0.054766 -0.230242
FixedParameters: 0 0 0

#Transform 182
Transform: AffineTransform_float_3_3
Parameters: 1 0.000180996 -7.08923e-06 -0.000181004 1 -0.000492999 7.91076e-06 0.000493001 1 -0.0144129 0.037928 -0.142803
FixedParameters: 0 0 0

#Transform 183
Transform: AffineTransform_float_3_3
Parameters: 1 0.000152007 7.87216e-06 -0.000151993 0.999999 -0.000841001 -8.12783e-06 0.000840998 0.999999 -0.00319436 0.0225108 -0.197403
FixedParameters: 0 0 0

#Transform 184
Transform: AffineTransform_float_3_3
Parameters: 1 0.00010929 0.0003169 -0.00010871 0.999999 -0.000916034 -0.0003171 0.000915965 0.999999 -0.0167971 0.052661 -0.163748
FixedParameters: 0 0 0

#Transform 185
Transform: AffineTransform_float_3_3
Parameters: 1 5.01857e-05 0.000280967 -4.98142e-05 1 -0.000661014 -0.000281033 0.000660986 0.999999 -0.0121067 0.00516473 -0.17572
FixedParameters: 0 0 0

#Transform 186
Transform: AffineTransform_float_3_3
Parameters: 1 -6.66571e-05 0.000310074 6.73428e-05 1 -0.00110598 -0.000309926 0.00110602 1 -0.00912691 0.0596252 -0.168748
FixedParameters: 0 0 0

#Transform 187
Transform: AffineTransform_float_3_3
Parameters: 1 -3.27716e-05 0.00036902 3.22284e-05 1 -0.000618988 -0.00036898 0.000619012 0.999999 -0.010711 0.0285814 -0.142569
FixedParameters: 0 0 0

#Transform 188
Transform: AffineTransform_float_3_3
Parameters: 1 -6.87719e-05 0.000369042 6.9228e-05 1 -0.000617974 -0.000368957 0.000618025 0.999999 -0.00525538 0.028493 -0.142587
FixedParameters: 0 0 0

#Transform 189
Transform: AffineTransform_float_3_3
Parameters: 1 -0.000159593 0.000481135 0.000160406 0.999999 -0.000844922 -0.000480864 0.000845076 0.999999 0.00162722 0.0582471 -0.136456
FixedParameters: 0 0 0

#Transform 190
Transform: AffineTransform_float_3_3
Parameters: 1 -5.682e-06 0.000424004 6.318e-06 0.999999 -0.000749997 -0.000423995 0.000750002 0.999999 -0.00819187 0.02455 -0.148304
FixedParameters: 0 0 0

#Transform 191
Transform: AffineTransform_float_3_3
Parameters: 1 -0.000159811 0.000417072 0.000160189 1 -0.000452933 -0.000416927 0.000453067 1 0.00190154 0.0106306 -0.131868
FixedParameters: 0 0 0

#Transform 192
Transform: AffineTransform_float_3_3
Parameters: 1 -0.00015967 0.000481109 0.000160329 1 -0.000684923 -0.00048089 0.000685076 0.999999 -0.00738468 0.0495786 -0.137067
FixedParameters: 0 0 0

#Transform 193
Transform: AffineTransform_float_3_3
Parameters: 1 -8.39032e-05 0.000261031 8.40968e-05 1 -0.000370978 -0.000260969 0.000371022 1 -0.00373088 0.0166264 -0.12736
FixedParameters: 0 0 0

#Transform 194
Transform: AffineTransform_float_3_3
Parameters: 1 2.93978e-05 0.000420972 -2.96021e-05 0.999999 -0.000945012 -0.000421028 0.000944987 0.999999 -0.002286 0.0673642 -0.175793
FixedParameters: 0 0 0

#Transform 195
Transform: AffineTransform_float_3_3
Parameters: 1 5.83496e-05 0.000480957 -5.76503e-05 0.999999 -0.000727027 -0.000481042 0.000726972 0.999999 -0.00299493 0.0136328 -0.148808
FixedParameters: 0 0 0

#Transform 196
Transform: AffineTransform_float_3_3
Parameters: 1 -0.00015971 0.000336138 0.000160291 0.999999 -0.000863945 -0.000336861 0.000864053 0.999999 0.00215045 0.0590269 -0.139824
FixedParameters: 0 0 0

#Transform 197
Transform: AffineTransform_float_3_3
Parameters: 1 4.30799e-05 0.000136975 -4.29201e-05 1 -0.000583006 -0.000137025 0.000582994 1 -0.00139147 0.0170462 -0.133141
FixedParameters: 0 0 0

#Transform 198
Transform: AffineTransform_float_3_3
Parameters: 1 -7.47523e-06 0.000481009 8.52477e-06 1 -0.001091 -0.000480991 0.001091 1 -0.00157284 0.0530267 -0.155984
FixedParameters: 0 0 0

#Transform 199
Transform: AffineTransform_float_3_3
Parameters: 1 5.03218e-05 0.000480966 -5.06782e-05 1 -0.000669024 -0.000481034 0.000668975 0.999999 -0.0115104 0.0215148 -0.125069
FixedParameters: 0 0 0

#Transform 200
Transform: AffineTransform_float_3_3
Parameters: 1 -0.000159645 0.000481118 0.000160355 0.999999 -0.000737922 -0.000480882 0.000738076 0.999999 -0.00433304 0.044015 -0.125109
FixedParameters: 0 0 0

#Transform 201
Transform: AffineTransform_float_3_3
Parameters: 1 4.38913e-06 0.000480996 -4.61087e-06 0.999999 -0.000809002 -0.000481004 0.000808997 0.999999 -0.00190419 0.0617261 -0.153463
FixedParameters: 0 0 0

#Transform 202
Transform: AffineTransform_float_3_3
Parameters: 1 -5.16782e-05 0.000481034 5.13218e-05 1 -0.000668975 -0.000480966 0.000669025 0.999999 -0.00325102 0.0110271 -0.14463
FixedParameters: 0 0 0

#Transform 203
Transform: AffineTransform_float_3_3
Parameters: 1 -5.14699e-05 0.000481057 5.253e-05 1 -0.00110198 -0.000480942 0.00110203 1 -0.00769718 0.057318 -0.137881
FixedParameters: 0 0 0

#Transform 204
Transform: AffineTransform_float_3_3
Parameters: 1 6.32178e-06 0.000480996 -6.67821e-06 1 -0.000669003 -0.000481004 0.000668997 0.999999 -0.0082917 0.00748433 -0.151612
FixedParameters: 0 0 0

#Transform 205
Transform: AffineTransform_float_3_3
Parameters: 1 -0.000159563 0.000481145 0.000160437 0.999999 -0.000907923 -0.000480855 0.000908077 1 0.00163497 0.0563284 -0.139702
FixedParameters: 0 0 0

#Transform 206
Transform: AffineTransform_float_3_3
Parameters: 1 -0.000159499 0.000481166 0.000160501 1 -0.00104092 -0.000480833 0.00104108 1 0.00163904 0.0474582 -0.132105
FixedParameters: 0 0 0

#Transform 207
Transform: AffineTransform_float_3_3
Parameters: 0.999999 -1.36661e-05 0.000715006 1.33339e-05 1 -0.00046699 -0.000714993 0.00046701 0.999999 -0.00244123 0.00613638 -0.120849
FixedParameters: 0 0 0

#Transform 208
Transform: AffineTransform_float_3_3
Parameters: 1 2.43218e-05 0.000480984 -2.46782e-05 1 -0.000669012 -0.000481016 0.000668988 0.999999 -0.00237028 0.0715304 -0.14207
FixedParameters: 0 0 0

#Transform 209
Transform: AffineTransform_float_3_3
Parameters: 1 -0.000159565 0.000481145 0.000160435 0.999999 -0.000903923 -0.000480855 0.000904077 1 0.00162534 0.0336079 -0.158965
FixedParameters: 0 0 0

#Transform 210
Transform: AffineTransform_float_3_3
Parameters: 0.999999 -0.000158976 0.000926176 0.000160025 1 -0.00110685 -0.000925823 0.00110615 0.999999 -0.00443038 0.0492266 -0.148289
FixedParameters: 0 0 0

#Transform 211
Transform: AffineTransform_float_3_3
Parameters: 1 -0.00015928 0.00107711 0.00015972 1 -0.000668828 -0.00107689 0.000668172 0.999999 -0.000650945 0.0432665 -0.118101
FixedParameters: 0 0 0

#Transform 212
Transform: AffineTransform_float_3_3
Parameters: 0.999999 -3.15657e-07 0.000874 6.84342e-07 0.999999 -0.000783 -0.000874 0.000783001 1 -0.00995185 0.0282976 -0.152116
FixedParameters: 0 0 0

#Transform 213
Transform: AffineTransform_float_3_3
Parameters: 0.999999 -0.000158894 0.00092619 0.000160105 1 -0.00119385 -0.000925809 0.00119415 0.999999 -8.51274e-05 0.0669022 -0.161159
FixedParameters: 0 0 0

#Transform 214
Transform: AffineTransform_float_3_3
Parameters: 0.999999 -3.98052e-05 0.000815009 4.01948e-05 1 -0.000238967 -0.00081499 0.000239032 0.999999 -0.00634572 0.0204239 -0.0980753
FixedParameters: 0 0 0

#Transform 215
Transform: AffineTransform_float_3_3
Parameters: 0.999999 -3.03678e-05 0.000834023 3.16321e-05 0.999999 -0.000757974 -0.000833976 0.000758026 1 -0.00242647 0.0670833 -0.125604
FixedParameters: 0 0 0

#Transform 216
Transform: AffineTransform_float_3_3
Parameters: 0.999999 -5.93624e-05 0.000841045 5.96374e-05 0.999999 -0.00075795 -0.000840955 0.00075805 1 -0.00187721 0.0349951 -0.125609
FixedParameters: 0 0 0

#Transform 217
Transform: AffineTransform_float_3_3
Parameters: 0.999999 -9.35119e-05 0.000926049 9.44879e-05 1 -0.000526913 -0.00092595 0.000527087 1 -0.00141552 0.0223941 -0.0933763
FixedParameters: 0 0 0

#Transform 218
Transform: AffineTransform_float_3_3
Parameters: 1 -0.000159289 0.00107011 0.000159711 1 -0.000664829 -0.00106989 0.000664171 0.999999 -0.000638416 0.0500171 -0.0961572
FixedParameters: 0 0 0

#Transform 219
Transform: AffineTransform_float_3_3
Parameters: 0.999999 -0.000159591 0.00092607 0.000160408 1 -0.000440852 -0.000925929 0.000441148 1 -1.77695e-05 0.0223404 -0.103678
FixedParameters: 0 0 0

#Transform 220
Transform: AffineTransform_float_3_3
Parameters: 0.999999 -6.61636e-05 0.00123905 6.68363e-05 1 -0.000674918 -0.00123896 0.000675082 0.999999 -0.00323899 0.0649419 -0.106938
FixedParameters: 0 0 0

#Transform 221
Transform: AffineTransform_float_3_3
Parameters: 0.999999 -0.000159256 0.0012201 0.000159744 1 -0.000609805 -0.0012199 0.000610195 0.999999 -0.0011701 0.0370707 -0.107625
FixedParameters: 0 0 0

#Transform 222
Transform: AffineTransform_float_3_3
Parameters: 1 -0.000159498 0.00113607 0.000160502 1 -0.000441818 -0.00113593 0.000442182 1 -0.000864762 0.0396688 -0.0925888
FixedParameters: 0 0 0

#Transform 223
Transform: AffineTransform_float_3_3
Parameters: 0.999999 -0.00015904 0.000926165 0.00015996 1 -0.00103685 -0.000925834 0.00103715 0.999999 -5.35115e-05 0.0653113 -0.138091
FixedParameters: 0 0 0

#Transform 224
Transform: AffineTransform_float_3_3
Parameters: 1 -0.000159231 0.00101512 0.00015977 0.999999 -0.000757838 -0.00101588 0.000758162 0.999999 -0.000479844 0.0188822 -0.120579
FixedParameters: 0 0 0

#Transform 225
Transform: AffineTransform_float_3_3
Parameters: 1 -0.000159067 0.00111613 0.000159934 0.999999 -0.000836822 -0.00111587 0.000836178 0.999999 -0.00434753 0.061247 -0.122822
FixedParameters: 0 0 0

#Transform 226
Transform: AffineTransform_float_3_3
Parameters: 1 -0.000214179 0.00108416 0.000214822 0.999999 -0.000757767 -0.00108384 0.000757232 0.999999 0.000414035 0.0349461 -0.119424
FixedParameters: 0 0 0

#Transform 227
Transform: AffineTransform_float_3_3
Parameters: 0.999999 -0.00015951 0.000926084 0.00016049 1 -0.000528852 -0.000925915 0.000529148 1 -1.47119e-05 0.0195141 -0.110583
FixedParameters: 0 0 0

#Transform 228
Transform: AffineTransform_float_3_3
Parameters: 0.999999 8.55194e-05 0.000925861 -8.44802e-05 0.999998 -0.00164108 -0.00092614 0.00164092 0.999998 -0.015226 0.0635837 -0.197841
FixedParameters: 0 0 0

#Transform 229
Transform: AffineTransform_float_3_3
Parameters: 0.999999 -4.88832e-05 0.000865063 5.01166e-05 0.999999 -0.00129096 -0.000864936 0.00129104 0.999999 -0.00865162 0.0191286 -0.202631
FixedParameters: 0 0 0

#Transform 230
Transform: AffineTransform_float_3_3
Parameters: 0.999999 4.10963e-05 0.000925951 -3.99036e-05 1 -0.00118404 -0.000926047 0.00118396 0.999999 -0.0143208 0.0622607 -0.165915
FixedParameters: 0 0 0

#Transform 231
Transform: AffineTransform_float_3_3
Parameters: 0.999999 3.12075e-05 0.000925959 -3.07934e-05 0.999999 -0.00130303 -0.00092604 0.00130397 0.999998 -0.00992355 0.0375585 -0.191175
FixedParameters: 0 0 0

#Transform 232
Transform: AffineTransform_float_3_3
Parameters: 0.999999 -0.000159174 0.000926142 0.000159827 0.999999 -0.000892852 -0.000925858 0.000892148 0.999999 -0.007242 0.0211554 -0.155963
FixedParameters: 0 0 0

#Transform 233
Transform: AffineTransform_float_3_3
Parameters: 0.999999 5.37185e-05 0.000925958 -5.32813e-05 0.999999 -0.00077605 -0.000926041 0.000775951 1 -0.0120421 0.0653184 -0.119961
FixedParameters: 0 0 0

#Transform 234
Transform: AffineTransform_float_3_3
Parameters: 0.999999 1.44722e-05 0.000925993 -1.35277e-05 1 -0.000510013 -0.000926007 0.000509987 1 -0.0062352 0.0210805 -0.154949
FixedParameters: 0 0 0

#Transform 235
Transform: AffineTransform_float_3_3
Parameters: 1 -0.000158828 0.00103818 0.000160172 1 -0.00112883 -0.00103782 0.00112917 0.999999 -0.00058034 0.0666943 -0.157677
FixedParameters: 0 0 0

#Transform 236
Transform: AffineTransform_float_3_3
Parameters: 0.999999 -1.18453e-05 0.000926001 1.21546e-05 1 -0.000166989 -0.000925997 0.000167011 0.999999 -0.0114629 0.0232402 -0.0964497
FixedParameters: 0 0 0

#Transform 237
Transform: AffineTransform_float_3_3
Parameters: 1 4.1456e-06 0.001211 -2.85439e-06 0.999999 -0.000946004 -0.001211 0.000945995 0.999999 -0.0122116 0.0636511 -0.157481
FixedParameters: 0 0 0

#Transform 238
Transform: AffineTransform_float_3_3
Parameters: 1 5.80666e-06 0.001159 -4.19333e-06 1 -0.000696005 -0.001159 0.000695994 0.999999 -0.0121184 0.0238385 -0.141755
FixedParameters: 0 0 0

#Transform 239
Transform: AffineTransform_float_3_3
Parameters: 0.999999 -4.2661e-05 0.000926015 4.23389e-05 1 -0.000365961 -0.000925984 0.000366039 0.999999 -0.0129169 0.0192463 -0.112697
FixedParameters: 0 0 0

#Transform 240
Transform: AffineTransform_float_3_3
Parameters: 1 5.07519e-05 0.00112397 -5.0248e-05 1 -0.000669057 -0.00112403 0.000668943 0.999999 -0.019701 0.0727623 -0.119097
FixedParameters: 0 0 0

#Transform 241
Transform: AffineTransform_float_3_3
Parameters: 1 -7.05658e-06 0.001204 6.94341e-06 1 4.70084e-05 -0.001204 -4.69916e-05 1 -0.0139485 0.0211244 -0.111771
FixedParameters: 0 0 0

#Transform 242
Transform: AffineTransform_float_3_3
Parameters: 0.999999 -3.47212e-05 0.00092601 3.52796e-05 1 -0.000301967 -0.000925989 0.000301032 0.999999 -0.0101321 0.0582798 -0.111862
FixedParameters: 0 0 0

#Transform 243
Transform: AffineTransform_float_3_3
Parameters: 0.999999 -0.000159512 0.000926084 0.000160488 1 -0.000526852 -0.000925916 0.000527148 1 -0.00954337 0.0513403 -0.107953
FixedParameters: 0 0 0

#Transform 244
Transform: AffineTransform_float_3_3
Parameters: 1 -7.41139e-05 0.00115099 7.3886e-05 1 9.90851e-05 -0.00115101 -9.89148e-05 1 -0.00277795 0.0188301 -0.0830385
FixedParameters: 0 0 0

#Transform 245
Transform: AffineTransform_float_3_3
Parameters: 1 -0.000159382 0.00109109 0.000160617 1 -0.000565825 -0.00109091 0.000566174 0.999999 -0.000726167 0.0580752 -0.140644
FixedParameters: 0 0 0

#Transform 246
Transform: AffineTransform_float_3_3
Parameters: 1 -9.2034e-05 0.001216 9.19659e-05 1 2.81119e-05 -0.001216 -2.78881e-05 1 -0.00269469 -0.00222343 -0.0932391
FixedParameters: 0 0 0

#Transform 247
Transform: AffineTransform_float_3_3
Parameters: 0.999999 -0.00015987 0.000926022 0.00016013 1 -0.000140852 -0.000925977 0.000140148 0.999999 -0.00477556 0.0686536 -0.109491
FixedParameters: 0 0 0

#Transform 248
Transform: AffineTransform_float_3_3
Parameters: 0.999999 -7.61018e-05 0.000925991 7.5899e-05 1 0.00010907 -0.000926008 -0.00010993 0.999999 -0.00187911 0.0265839 -0.0942785
FixedParameters: 0 0 0

#Transform 249
Transform: AffineTransform_float_3_3
Parameters: 1 -3.40204e-05 0.001203 3.49807e-05 1 1.60421e-05 -0.001203 -1.69591e-05 1 -0.00375046 0.0660327 -0.118899
FixedParameters: 0 0 0

#Transform 250
Transform: AffineTransform_float_3_3
Parameters: 1 -1.2518e-05 0.00119901 1.3482e-05 1 -0.000401984 -0.001199 0.000402015 0.999999 -0.00930218 0.0347038 -0.120278
FixedParameters: 0 0 0

#Transform 251
Transform: AffineTransform_float_3_3
Parameters: 1 -0.000160117 0.00106798 0.000159884 1 0.000109171 -0.00106802 -0.000109829 1 -0.000625796 0.0226229 -0.0892406
FixedParameters: 0 0 0

#Transform 252
Transform: AffineTransform_float_3_3
Parameters: 0.999999 -0.000159991 0.000926001 0.000160009 1 -9.85183e-06 -0.000925998 1.01482e-05 0.999999 1.5068e-05 0.0710415 -0.0630409
FixedParameters: 0 0 0

#Transform 253
Transform: AffineTransform_float_3_3
Parameters: 0.999999 -0.000160387 0.000925932 0.000160613 1 0.000418149 -0.000926066 -0.000417851 0.999999 -5.91749e-06 0.011297 -0.0960265
FixedParameters: 0 0 0

#Transform 254
Transform: AffineTransform_float_3_3
Parameters: 1 -0.000159589 0.00118006 0.000160412 1 -0.000348811 -0.00117994 0.000348189 0.999999 -0.00106857 0.0563022 -0.0973311
FixedParameters: 0 0 0

#Transform 255
Transform: AffineTransform_float_3_3
Parameters: 0.999999 0.000106906 0.00092601 -0.000107093 1 0.000100901 -0.000925988 -0.000101099 0.999999 -0.0134835 0.0138028 -0.0830466
FixedParameters: 0 0 0

#Transform 256
Transform: AffineTransform_float_3_3
Parameters: 1 -7.32327e-06 0.001074 6.67672e-06 1 0.000301007 -0.001074 -0.000300992 1 -0.00392811 0.0356713 -0.0659644
FixedParameters: 0 0 0

#Transform 257
Transform: AffineTransform_float_3_3
Parameters: 0.999999 1.49426e-05 0.000926 -1.50574e-05 1 6.19861e-05 -0.000925998 -6.20138e-05 0.999999 -0.00380366 0.0536079 -0.086229
FixedParameters: 0 0 0

#Transform 258
Transform: AffineTransform_float_3_3
Parameters: 0.999999 4.78694e-05 0.000926006 -4.81305e-05 1 0.000140955 -0.000925992 -0.000141044 0.999999 -0.00449565 0.0340437 -0.0688883
FixedParameters: 0 0 0

#Transform 259
Transform: AffineTransform_float_3_3
Parameters: 0.999999 6.55953e-05 0.000926029 -6.64046e-05 1 0.000436939 -0.000925971 -0.000437061 1 -0.00487182 0.0437515 -0.0759943
FixedParameters: 0 0 0

#Transform 260
Transform: AffineTransform_float_3_3
Parameters: 0.999999 -6.58796e-05 0.000926008 6.61203e-05 1 -0.000129939 -0.000925991 0.000130061 0.999999 -0.0104831 0.057878 -0.0847756
FixedParameters: 0 0 0

#Transform 261
Transform: AffineTransform_float_3_3
Parameters: 0.999999 -0.000161156 0.00127285 0.000159845 0.999999 0.000908204 -0.00127215 -0.000907795 0.999999 -0.00400578 0.00487343 -0.0351172
FixedParameters: 0 0 0

#Transform 262
Transform: AffineTransform_float_3_3
Parameters: 0.999999 -0.000160498 0.00122994 0.000160502 1 0.000405198 -0.00123007 -0.000404803 0.999999 -0.00123314 0.0482621 -0.0644417
FixedParameters: 0 0 0

#Transform 263
Transform: AffineTransform_float_3_3
Parameters: 0.999999 -0.000160764 0.0012469 0.000160237 1 0.0006122 -0.0012471 -0.0006128 0.999999 -0.00120642 0.0145524 -0.0387713
FixedParameters: 0 0 0

#Transform 264
Transform: AffineTransform_float_3_3
Parameters: 1 -0.000161212 0.00115883 0.000159788 0.999999 0.00104619 -0.00115817 -0.00104581 0.999999 -0.00345826 0.0463399 -0.0345479
FixedParameters: 0 0 0

#Transform 265
Transform: AffineTransform_float_3_3
Parameters: 1 -0.000160683 0.0011149 0.000160318 1 0.000612179 -0.0011151 -0.000612821 0.999999 -0.000713609 0.0692633 -0.0145297
FixedParameters: 0 0 0

#Transform 266
Transform: AffineTransform_float_3_3
Parameters: 0.999999 -0.000160645 0.000925888 0.000160354 0.999999 0.000697149 -0.000926112 -0.000696852 1 3.52047e-05 0.0350798 -0.0496685
FixedParameters: 0 0 0

#Transform 267
Transform: AffineTransform_float_3_3
Parameters: 1 -0.000161141 0.00111184 0.000159859 1 0.00102618 -0.00111216 -0.00102582 0.999999 -0.000713962 0.0223022 -0.0207323
FixedParameters: 0 0 0

#Transform 268
Transform: AffineTransform_float_3_3
Parameters: 1 -0.000161008 0.00110185 0.000159991 0.999999 0.000915176 -0.00110215 -0.000914823 0.999999 -0.000672259 0.0433159 -0.0138636
FixedParameters: 0 0 0

#Transform 269
Transform: AffineTransform_float_3_3
Parameters: 0.999999 -9.34443e-05 0.000925855 9.15552e-05 0.999999 0.00156009 -0.000926144 -0.00155991 0.999999 -0.0014315 0.0150129 3.64457e-05
FixedParameters: 0 0 0

#Transform 270
Transform: AffineTransform_float_3_3
Parameters: 1 -0.000161435 0.0011418 0.000160566 0.999999 0.00125718 -0.0011412 -0.00125682 0.999998 -0.000785574 0.0520776 -0.0341804
FixedParameters: 0 0 0

#Transform 271
Transform: AffineTransform_float_3_3
Parameters: 1 -0.000161281 0.00116482 0.00015972 1 0.00110019 -0.00116418 -0.00109981 0.999998 -0.000904563 0.0370747 -0.0376468
FixedParameters: 0 0 0

#Transform 272
Transform: AffineTransform_float_3_3
Parameters: 0.999999 -0.000161805 0.00121876 0.000160194 0.999999 0.0014812 -0.00121924 -0.0014808 0.999998 -0.00108798 0.0424551 0.00766601
FixedParameters: 0 0 0

#Transform 273
Transform: AffineTransform_float_3_3
Parameters: 0.999999 -0.000161642 0.00124979 0.000160357 0.999999 0.0013142 -0.00125021 -0.0013138 0.999999 0.00215734 0.0455836 -0.0157086
FixedParameters: 0 0 0

#Transform 274
Transform: AffineTransform_float_3_3
Parameters: 0.999999 -0.000161609 0.00122479 0.00016039 0.999999 0.0013142 -0.00122521 -0.0013138 0.999999 0.00164428 0.0455895 -0.00810216
FixedParameters: 0 0 0

#Transform 275
Transform: AffineTransform_float_3_3
Parameters: 0.999999 -0.000161768 0.00134579 0.000160231 0.999999 0.00131422 -0.00134621 -0.00131378 0.999998 0.00364889 0.0333073 -0.0092744
FixedParameters: 0 0 0

#Transform 276
Transform: AffineTransform_float_3_3
Parameters: 0.999999 -0.000161686 0.00128279 0.000160314 0.999999 0.00131421 -0.00128321 -0.00131379 0.999999 -0.00132459 0.0622951 -0.0171751
FixedParameters: 0 0 0

#Transform 277
Transform: AffineTransform_float_3_3
Parameters: 0.999999 -0.000236987 0.00134165 0.000235013 0.999999 0.00148132 -0.00134135 -0.00148068 0.999998 0.00401292 0.0297936 -0.0158535
FixedParameters: 0 0 0

#Transform 278
Transform: AffineTransform_float_3_3
Parameters: 0.999999 -0.000161749 0.00133079 0.000160252 0.999999 0.00131421 -0.00133021 -0.00131379 0.999999 -0.00148616 0.0562363 -0.0253832
FixedParameters: 0 0 0

#Transform 279
Transform: AffineTransform_float_3_3
Parameters: 0.999999 -0.000591829 0.00139122 0.000590171 0.999999 0.00131482 -0.00139178 -0.00131418 0.999998 0.00747254 0.028438 -0.0339712
FixedParameters: 0 0 0

#Transform 280
Transform: AffineTransform_float_3_3
Parameters: 0.999999 -0.00042083 0.00139145 0.00041917 0.999999 0.00131458 -0.00139255 -0.00131442 0.999998 0.00968077 0.0339334 -0.0212706
FixedParameters: 0 0 0

#Transform 281
Transform: AffineTransform_float_3_3
Parameters: 0.999999 -0.000451881 0.00149643 0.000450119 0.999999 0.00125668 -0.00149757 -0.00125633 0.999998 0.00405791 0.0483617 -0.0234203
FixedParameters: 0 0 0

#Transform 282
Transform: AffineTransform_float_3_3
Parameters: 0.999999 -0.000591829 0.00139122 0.000590171 0.999999 0.00131482 -0.00139178 -0.00131418 0.999998 0.00751022 0.0284736 -0.00689229
FixedParameters: 0 0 0

#Transform 283
Transform: AffineTransform_float_3_3
Parameters: 0.999998 -0.000592477 0.00158908 0.000590522 0.999998 0.00155894 -0.00158992 -0.00155806 0.999997 0.018484 0.0059459 -0.0295388
FixedParameters: 0 0 0

#Transform 284
Transform: AffineTransform_float_3_3
Parameters: 0.999998 -0.000592074 0.00182933 0.000589928 0.999999 0.00113308 -0.00182967 -0.00113292 0.999997 0.00583025 0.056481 -0.0207647
FixedParameters: 0 0 0

#Transform 285
Transform: AffineTransform_float_3_3
Parameters: 0.999998 -0.000592794 0.0018251 0.000590206 0.999998 0.00153108 -0.00182591 -0.00152992 0.999997 0.0151508 0.004746 -0.010563
FixedParameters: 0 0 0

#Transform 286
Transform: AffineTransform_float_3_3
Parameters: 0.999998 -0.000593557 0.00188989 0.000590445 0.999998 0.00188112 -0.00189112 -0.00188088 0.999997 0.0138695 0.0440196 0.0163862
FixedParameters: 0 0 0

#Transform 287
Transform: AffineTransform_float_3_3
Parameters: 0.999998 -0.000592409 0.00183222 0.000590591 0.999999 0.00131509 -0.00183278 -0.00131392 0.999998 0.0138703 0.0571635 -0.010684
FixedParameters: 0 0 0

#Transform 288
Transform: AffineTransform_float_3_3
Parameters: 0.999998 -0.000589277 0.00199703 0.000586723 0.999999 0.00164118 -0.00199796 -0.00163983 0.999996 0.0118168 0.0319434 -0.00971076
FixedParameters: 0 0 0

#Transform 289
Transform: AffineTransform_float_3_3
Parameters: 0.999998 -0.000642107 0.001995 0.000638891 0.999998 0.00155828 -0.001996 -0.00155672 0.999997 0.0192811 0.0502997 -0.0156745
FixedParameters: 0 0 0

#Transform 290
Transform: AffineTransform_float_3_3
Parameters: 0.999998 -0.000586468 0.00187723 0.000583532 0.999999 0.0013151 -0.00187777 -0.0013139 0.999998 0.0170441 0.0478972 -0.0288237
FixedParameters: 0 0 0

#Transform 291
Transform: AffineTransform_float_3_3
Parameters: 0.999998 -0.000526149 0.00181409 0.000522851 0.999999 0.00173595 -0.00181491 -0.00173505 0.999997 0.019949 0.0193916 0.00108592
FixedParameters: 0 0 0

#Transform 292
Transform: AffineTransform_float_3_3
Parameters: 0.999998 -0.000600876 0.00181438 0.000599125 1 0.00103409 -0.00181462 -0.00103291 0.999998 0.0229738 0.0554963 -0.0390909
FixedParameters: 0 0 0

#Transform 293
Transform: AffineTransform_float_3_3
Parameters: 0.999997 -0.000699998 0.0021407 0.000696002 0.999998 0.00186749 -0.0021423 -0.00186651 0.999996 0.0246635 -0.00640191 0.00895876
FixedParameters: 0 0 0

#Transform 294
Transform: AffineTransform_float_3_3
Parameters: 0.999998 -0.000580393 0.00181424 0.000577608 0.999999 0.00131905 -0.00181476 -0.00131795 0.999997 0.0200164 0.0643307 -0.00643429
FixedParameters: 0 0 0

#Transform 295
Transform: AffineTransform_float_3_3
Parameters: 0.999998 -0.000470468 0.00217726 0.000467533 0.999998 0.00159302 -0.00217775 -0.00159198 0.999997 0.0100309 0.0267786 -0.0191127
FixedParameters: 0 0 0

#Transform 296
Transform: AffineTransform_float_3_3
Parameters: 0.999998 -0.000598463 0.00223007 0.000595537 0.999998 0.00155333 -0.00223093 -0.00155167 0.999997 0.0128557 0.0178677 0.00830988
FixedParameters: 0 0 0

#Transform 297
Transform: AffineTransform_float_3_3
Parameters: 0.999997 -0.000655221 0.00230224 0.000648778 0.999996 0.0027025 -0.00230376 -0.0027005 0.999993 0.017744 0.0309658 0.0762906
FixedParameters: 0 0 0

#Transform 298
Transform: AffineTransform_float_3_3
Parameters: 0.999996 -0.000703809 0.0027085 0.000698193 0.999998 0.0021449 -0.0027095 -0.0021431 0.999994 0.0205368 0.037342 0.00647285
FixedParameters: 0 0 0

#Transform 299
Transform: AffineTransform_float_3_3
Parameters: 0.999996 -0.000632434 0.00268219 0.000628564 0.999999 0.00128169 -0.00268281 -0.00127931 0.999995 0.0180394 0.0488339 -0.0117435
FixedParameters: 0 0 0

#Transform 300
Transform: AffineTransform_float_3_3
Parameters: 0.999997 -0.000537156 0.00268037 0.000533846 0.999999 0.00117744 -0.00268063 -0.00117656 0.999995 0.0117007 0.0501849 -0.0139891
FixedParameters: 0 0 0

#Transform 301
Transform: AffineTransform_float_3_3
Parameters: 0.999996 -0.000574791 0.00270278 0.000568209 0.999997 0.00214354 -0.00270322 -0.00214145 0.999994 0.0167391 0.0244909 -0.000203227
FixedParameters: 0 0 0

#Transform 302
Transform: AffineTransform_float_3_3
Parameters: 0.999996 -0.000708166 0.0024981 0.000704834 0.999999 0.00126777 -0.00249889 -0.00126623 0.999996 0.0207308 0.0706227 -0.0113115
FixedParameters: 0 0 0

#Transform 303
Transform: AffineTransform_float_3_3
Parameters: 0.999996 -0.000701971 0.00269071 0.000697029 0.999998 0.00184788 -0.00269229 -0.00184612 0.999994 0.0155628 0.00437341 0.0171825
FixedParameters: 0 0 0

#Transform 304
Transform: AffineTransform_float_3_3
Parameters: 0.999998 -0.000576965 0.00226699 0.000573035 0.999999 0.0017493 -0.00226801 -0.0017477 0.999996 0.0254761 0.0497593 -0.00737554
FixedParameters: 0 0 0

#Transform 305
Transform: AffineTransform_float_3_3
Parameters: 0.999997 -0.000623142 0.00237418 0.000619859 0.999999 0.00132348 -0.00237482 -0.00132252 0.999997 0.0177399 0.0409331 -0.0139742
FixedParameters: 0 0 0

#Transform 306
Transform: AffineTransform_float_3_3
Parameters: 0.999996 -0.000797105 0.00266878 0.000792894 0.999998 0.00153912 -0.00267022 -0.00153688 0.999996 0.0235149 0.0300348 0.016493
FixedParameters: 0 0 0

#Transform 307
Transform: AffineTransform_float_3_3
Parameters: 0.999996 -0.000761742 0.00272824 0.000759258 0.999999 0.00100608 -0.00272876 -0.00100393 0.999996 0.0209701 0.047536 -0.0299147
FixedParameters: 0 0 0

#Transform 308
Transform: AffineTransform_float_3_3
Parameters: 0.999996 -0.000996779 0.00290337 0.000992222 0.999998 0.00164689 -0.00290464 -0.00164411 0.999995 0.0274881 0.0117213 -0.0126263
FixedParameters: 0 0 0

#Transform 309
Transform: AffineTransform_float_3_3
Parameters: 0.999995 -0.000863638 0.00298767 0.000858364 0.999999 0.00155257 -0.00298934 -0.00155043 0.999995 0.0249005 0.0446842 -0.0310341
FixedParameters: 0 0 0

#Transform 310
Transform: AffineTransform_float_3_3
Parameters: 0.999995 -0.000938098 0.00296539 0.000932902 0.999998 0.00171978 -0.00296761 -0.00171722 0.999994 0.0290546 0.0235224 -0.0272647
FixedParameters: 0 0 0

#Transform 311
Transform: AffineTransform_float_3_3
Parameters: 0.999994 -0.000997121 0.00316339 0.000991877 0.999998 0.00162015 -0.00316561 -0.00161685 0.999993 0.0290569 0.042482 -0.00593362
FixedParameters: 0 0 0

#Transform 312
Transform: AffineTransform_float_3_3
Parameters: 0.999996 -0.000996071 0.00291661 0.00099193 0.999998 0.0013969 -0.00291739 -0.0013941 0.999995 0.0364412 0.0559476 -0.0159312
FixedParameters: 0 0 0

#Transform 313
Transform: AffineTransform_float_3_3
Parameters: 0.999994 -0.00091023 0.00318522 0.000903769 0.999997 0.00195689 -0.00318677 -0.00195411 0.999993 0.0315219 0.0249141 0.00620415
FixedParameters: 0 0 0

#Transform 314
Transform: AffineTransform_float_3_3
Parameters: 0.999994 -0.000890943 0.00327566 0.000885058 0.999999 0.00150991 -0.00327734 -0.00150709 0.999993 0.0280493 0.0250948 -0.0603244
FixedParameters: 0 0 0

#Transform 315
Transform: AffineTransform_float_3_3
Parameters: 0.999995 -0.00113278 0.0031713 0.00112822 0.999998 0.00150859 -0.0031737 -0.00150441 0.999994 0.0395325 0.0393313 -0.0357484
FixedParameters: 0 0 0

#Transform 316
Transform: AffineTransform_float_3_3
Parameters: 0.999993 -0.00126279 0.00332043 0.00125621 0.999997 0.00204519 -0.00332257 -0.00204182 0.999993 0.0405426 0.0245541 -0.00110218
FixedParameters: 0 0 0

#Transform 317
Transform: AffineTransform_float_3_3
Parameters: 0.999995 -0.00103065 0.00300441 0.00102635 0.999999 0.00154809 -0.00300559 -0.00154491 0.999995 0.0366844 0.0595887 -0.0210212
FixedParameters: 0 0 0

#Transform 318
Transform: AffineTransform_float_3_3
Parameters: 0.999994 -0.000996835 0.00311145 0.000992166 0.999999 0.0015551 -0.00311254 -0.00155191 0.999994 0.0337818 0.00969447 -0.0316648
FixedParameters: 0 0 0

#Transform 319
Transform: AffineTransform_float_3_3
Parameters: 0.999993 -0.00112024 0.00354566 0.00111575 0.999998 0.00119896 -0.00354734 -0.00119503 0.999993 0.0340917 0.0481383 -0.0120244
FixedParameters: 0 0 0

#Transform 320
Transform: AffineTransform_float_3_3
Parameters: 0.999993 -0.0011651 0.003543 0.0011599 0.999998 0.00172412 -0.003545 -0.00171988 0.999992 0.0332102 0.0246584 -0.00983896
FixedParameters: 0 0 0

#Transform 321
Transform: AffineTransform_float_3_3
Parameters: 0.999994 -0.00122803 0.00342084 0.00122197 0.999997 0.00176319 -0.00342316 -0.00175881 0.999992 0.045819 0.0283241 0.00811899
FixedParameters: 0 0 0

#Transform 322
Transform: AffineTransform_float_3_3
Parameters: 0.999994 -0.00118877 0.00345202 0.00118323 0.999998 0.00167309 -0.00345398 -0.0016689 0.999992 0.044558 0.0567023 0.021119
FixedParameters: 0 0 0

#Transform 323
Transform: AffineTransform_float_3_3
Parameters: 0.999993 -0.00104968 0.00356504 0.00104332 0.999997 0.00187473 -0.00356696 -0.00187127 0.999992 0.0501822 0.00687354 -0.00036516
FixedParameters: 0 0 0

#Transform 324
Transform: AffineTransform_float_3_3
Parameters: 0.999993 -0.00102249 0.00340965 0.0010185 0.999998 0.00132048 -0.00341135 -0.00131652 0.999994 0.041284 0.0534587 -0.00918634
FixedParameters: 0 0 0

#Transform 325
Transform: AffineTransform_float_3_3
Parameters: 0.999993 -0.00102263 0.00359312 0.00101637 0.999998 0.00184566 -0.00359488 -0.00184234 0.999992 0.0384673 0.0168577 0.00705908
FixedParameters: 0 0 0

#Transform 326
Transform: AffineTransform_float_3_3
Parameters: 0.999993 -0.00119491 0.00334225 0.00119009 0.999998 0.00147199 -0.00334375 -0.00146801 0.999994 0.0413845 0.052505 -0.0120811
FixedParameters: 0 0 0

#Transform 327
Transform: AffineTransform_float_3_3
Parameters: 0.999994 -0.00114093 0.00326628 0.00113607 0.999998 0.00151072 -0.00326872 -0.00150728 0.999993 0.0420396 0.0411645 -0.00689703
FixedParameters: 0 0 0

#Transform 328
Transform: AffineTransform_float_3_3
Parameters: 0.999994 -0.00107825 0.00332562 0.00107375 0.999998 0.00127958 -0.00332637 -0.00127542 0.999993 0.0432261 0.0165218 -0.0121188
FixedParameters: 0 0 0

#Transform 329
Transform: AffineTransform_float_3_3
Parameters: 0.999994 -0.00110411 0.00326161 0.00110089 0.999998 0.0012606 -0.00326339 -0.0012574 0.999994 0.0432821 0.0617702 -0.0121911
FixedParameters: 0 0 0

#Transform 330
Transform: AffineTransform_float_3_3
Parameters: 0.999993 -0.00123209 0.00355624 0.00122692 0.999998 0.00143137 -0.00355776 -0.00142763 0.999992 0.0436293 0.0252079 0.00164612
FixedParameters: 0 0 0

#Transform 331
Transform: AffineTransform_float_3_3
Parameters: 0.999993 -0.00114531 0.00358699 0.00113869 0.999998 0.0017601 -0.00358901 -0.0017559 0.999992 0.0433596 0.0364377 0.0398124
FixedParameters: 0 0 0

#Transform 332
Transform: AffineTransform_float_3_3
Parameters: 0.999993 -0.00105596 0.00339508 0.00105304 0.999999 0.000874581 -0.00339592 -0.000870419 0.999994 0.0409349 0.053565 -0.0396029
FixedParameters: 0 0 0

#Transform 333
Transform: AffineTransform_float_3_3
Parameters: 0.999994 -0.00129093 0.00341452 0.00128708 0.999998 0.0011514 -0.00341549 -0.0011476 0.999994 0.0480456 0.0185062 -0.0131247
FixedParameters: 0 0 0

#Transform 334
Transform: AffineTransform_float_3_3
Parameters: 0.999992 -0.00145099 0.00369905 0.00144602 0.999998 0.00134936 -0.00370095 -0.00134464 0.999992 0.0582164 0.0441546 -0.00168744
FixedParameters: 0 0 0

#Transform 335
Transform: AffineTransform_float_3_3
Parameters: 0.999993 -0.00129444 0.00351037 0.00128956 0.999999 0.00126754 -0.00351164 -0.00126346 0.999993 0.0510191 0.0373241 -0.0328358
FixedParameters: 0 0 0

#Transform 336
Transform: AffineTransform_float_3_3
Parameters: 0.999992 -0.00145189 0.00373271 0.0014461 0.999997 0.00158141 -0.00373529 -0.00157559 0.999992 0.0581371 0.0159337 0.00263051
FixedParameters: 0 0 0

#Transform 337
Transform: AffineTransform_float_3_3
Parameters: 0.999993 -0.0013098 0.00356687 0.0013042 0.999998 0.00162866 -0.00356913 -0.00162434 0.999993 0.0508604 0.0503443 0.0156401
FixedParameters: 0 0 0

#Transform 338
Transform: AffineTransform_float_3_3
Parameters: 0.999993 -0.00133698 0.00328738 0.00133301 0.999999 0.00121439 -0.00328862 -0.00120961 0.999994 0.0522165 0.0386739 -0.0290737
FixedParameters: 0 0 0

#Transform 339
Transform: AffineTransform_float_3_3
Parameters: 0.999992 -0.00145059 0.00358514 0.0014454 0.999998 0.00128419 -0.00358685 -0.00127881 0.999992 0.0431372 0.0175945 -0.00143689
FixedParameters: 0 0 0

#Transform 340
Transform: AffineTransform_float_3_3
Parameters: 0.999992 -0.00145246 0.00373649 0.00144554 0.999998 0.00173142 -0.0037385 -0.00172658 0.999991 0.0581966 0.0290095 0.01434
FixedParameters: 0 0 0

#Transform 341
Transform: AffineTransform_float_3_3
Parameters: 0.999992 -0.00145133 0.00360886 0.00144566 0.999998 0.00148023 -0.00361114 -0.00147477 0.999993 0.058591 0.0595276 -0.00661619
FixedParameters: 0 0 0

#Transform 342
Transform: AffineTransform_float_3_3
Parameters: 0.999991 -0.00145218 0.00380665 0.00144582 0.999997 0.00162552 -0.00380935 -0.00161948 0.999992 0.0578169 0.0265718 -0.0140817
FixedParameters: 0 0 0

#Transform 343
Transform: AffineTransform_float_3_3
Parameters: 0.999993 -0.00145203 0.00362159 0.00144597 0.999997 0.00166625 -0.00362341 -0.00166175 0.999992 0.0584839 0.0463646 -0.00270736
FixedParameters: 0 0 0

#Transform 344
Transform: AffineTransform_float_3_3
Parameters: 0.999992 -0.00145016 0.00366436 0.00144584 0.999999 0.00113831 -0.00366664 -0.00113269 0.999992 0.0582957 0.0673024 -0.00435916
FixedParameters: 0 0 0

#Transform 345
Transform: AffineTransform_float_3_3
Parameters: 0.999992 -0.00145191 0.0037297 0.00144609 0.999997 0.00158741 -0.00373229 -0.00158159 0.999992 0.0581218 0.0118935 -0.00756933
FixedParameters: 0 0 0

#Transform 346
Transform: AffineTransform_float_3_3
Parameters: 0.999993 -0.00145087 0.00361605 0.00144613 0.999998 0.00134824 -0.00361795 -0.00134376 0.999992 0.0584869 0.0311283 -0.0121279
FixedParameters: 0 0 0

#Transform 347
Transform: AffineTransform_float_3_3
Parameters: 0.999993 -0.00145241 0.00362144 0.00144559 0.999998 0.00177225 -0.00362356 -0.00176675 0.999992 0.0585889 0.00161855 0.00895603
FixedParameters: 0 0 0

#Transform 348
Transform: AffineTransform_float_3_3
Parameters: 0.999993 -0.00145208 0.00338339 0.00144592 0.999998 0.0017999 -0.0033866 -0.00179509 0.999992 0.0594121 0.0376342 0.0107893
FixedParameters: 0 0 0

#Transform 349
Transform: AffineTransform_float_3_3
Parameters: 0.999993 -0.00132219 0.00335195 0.0013168 0.999998 0.00155142 -0.00335404 -0.00154658 0.999993 0.0567625 0.045755 -0.0226565
FixedParameters: 0 0 0

#Transform 350
Transform: AffineTransform_float_3_3
Parameters: 0.999992 -0.00151147 0.00366075 0.00150653 0.999997 0.00149653 -0.00366326 -0.00149147 0.999992 0.0595675 0.0115499 -0.00935528
FixedParameters: 0 0 0

#Transform 351
Transform: AffineTransform_float_3_3
Parameters: 0.999992 -0.00145262 0.00374544 0.00144538 0.999998 0.00177043 -0.00374756 -0.00176457 0.999992 0.0580978 0.0519488 0.0413427
FixedParameters: 0 0 0

#Transform 352
Transform: AffineTransform_float_3_3
Parameters: 0.999993 -0.00138232 0.0036326 0.00137567 0.999997 0.00174301 -0.0036354 -0.00173799 0.999992 0.0567228 0.0313264 -0.0148836
FixedParameters: 0 0 0

#Transform 353
Transform: AffineTransform_float_3_3
Parameters: 0.999992 -0.00145216 0.00352647 0.00144584 0.999998 0.00174711 -0.00352953 -0.00174289 0.999993 0.0588323 0.0276503 0.0119965
FixedParameters: 0 0 0

#Transform 354
Transform: AffineTransform_float_3_3
Parameters: 0.999993 -0.00145234 0.00363247 0.00144566 0.999998 0.00174727 -0.00363553 -0.00174273 0.999992 0.0553844 0.0537701 0.00494101
FixedParameters: 0 0 0

#Transform 355
Transform: AffineTransform_float_3_3
Parameters: 0.999993 -0.00145234 0.00363247 0.00144566 0.999998 0.00174727 -0.00363553 -0.00174273 0.999992 0.0524779 0.0188342 0.0115517
FixedParameters: 0 0 0

#Transform 356
Transform: AffineTransform_float_3_3
Parameters: 0.999992 -0.00145061 0.00353511 0.00144539 0.999998 0.00130512 -0.00353688 -0.00129988 0.999993 0.0587452 0.0570842 0.0023723
FixedParameters: 0 0 0

#Transform 357
Transform: AffineTransform_float_3_3
Parameters: 0.999993 -0.00145151 0.00339065 0.00144549 0.999997 0.00162691 -0.00339335 -0.00162208 0.999993 0.0593241 0.0348565 0.00641572
FixedParameters: 0 0 0

#Transform 358
Transform: AffineTransform_float_3_3
Parameters: 0.999994 -0.00134455 0.00339542 0.00133746 0.999997 0.00192856 -0.00339859 -0.00192444 0.999993 0.0569844 0.0197292 0.0164226
FixedParameters: 0 0 0

#Transform 359
Transform: AffineTransform_float_3_3
Parameters: 0.999994 -0.00145074 0.00332094 0.00144626 0.999998 0.00142981 -0.00332207 -0.00142419 0.999994 0.0595573 0.0506367 0.00595626
FixedParameters: 0 0 0

#Transform 360
Transform: AffineTransform_float_3_3
Parameters: 0.999994 -0.00133259 0.00320026 0.0013254 0.999997 0.00206225 -0.00320274 -0.00205774 0.999993 0.0601936 0.0168791 0.0059957
FixedParameters: 0 0 0

#Transform 361
Transform: AffineTransform_float_3_3
Parameters: 0.999994 -0.00145129 0.0033247 0.00144572 0.999997 0.00159182 -0.0033263 -0.00158718 0.999993 0.0594885 0.052052 -0.00619526
FixedParameters: 0 0 0

#Transform 362
Transform: AffineTransform_float_3_3
Parameters: 0.999993 -0.00145079 0.00350402 0.00144621 0.999998 0.00136808 -0.00350598 -0.00136292 0.999993 0.0589587 0.034839 0.0178402
FixedParameters: 0 0 0

#Transform 363
Transform: AffineTransform_float_3_3
Parameters: 0.999993 -0.00138153 0.00362614 0.00137447 0.999997 0.002078 -0.00362886 -0.002073 0.999992 0.0569364 0.0123677 0.0101058
FixedParameters: 0 0 0

#Transform 364
Transform: AffineTransform_float_3_3
Parameters: 0.999992 -0.00145071 0.00355608 0.00144629 0.999998 0.00132615 -0.00355792 -0.00132085 0.999993 0.0586663 0.0672993 0.00313566
FixedParameters: 0 0 0

#Transform 365
Transform: AffineTransform_float_3_3
Parameters: 0.999993 -0.00145297 0.0034831 0.00144603 0.999997 0.00200205 -0.0034859 -0.00199695 0.999992 0.0590533 0.0119777 0.019928
FixedParameters: 0 0 0

#Transform 366
Transform: AffineTransform_float_3_3
Parameters: 0.999993 -0.00145271 0.00346319 0.00144629 0.999997 0.00193902 -0.00346581 -0.00193398 0.999992 0.0590994 0.0407717 0.0253076
FixedParameters: 0 0 0

#Transform 367
Transform: AffineTransform_float_3_3
Parameters: 0.999993 -0.00145295 0.00329895 0.00144605 0.999996 0.00210778 -0.00330205 -0.00210322 0.999993 0.059893 0.0556391 0.0626652
FixedParameters: 0 0 0

#Transform 368
Transform: AffineTransform_float_3_3
Parameters: 0.999993 -0.00145424 0.00362771 0.00144576 0.999997 0.00227226 -0.00363129 -0.00226674 0.999991 0.058371 0.0171619 0.00806996
FixedParameters: 0 0 0

#Transform 369
Transform: AffineTransform_float_3_3
Parameters: 0.999993 -0.00140171 0.00331059 0.00139529 0.999997 0.00172663 -0.00331241 -0.00172237 0.999993 0.0586464 0.0584486 0.0393093
FixedParameters: 0 0 0

#Transform 370
Transform: AffineTransform_float_3_3
Parameters: 0.999994 -0.00139924 0.00338443 0.00139276 0.999998 0.00184573 -0.00338657 -0.00184127 0.999992 0.0608567 0.0242497 0.0226641
FixedParameters: 0 0 0

#Transform 371
Transform: AffineTransform_float_3_3
Parameters: 0.999994 -0.00145201 0.00333339 0.00144599 0.999998 0.00180383 -0.00333561 -0.00179817 0.999993 0.0595974 0.0385914 0.0398113
FixedParameters: 0 0 0

#Transform 372
Transform: AffineTransform_float_3_3
Parameters: 0.999994 -0.00132995 0.00297779 0.00132505 0.999997 0.00166495 -0.00298021 -0.00166105 0.999994 0.0582612 0.0380764 -0.00227829
FixedParameters: 0 0 0

#Transform 373
Transform: AffineTransform_float_3_3
Parameters: 0.999993 -0.00145339 0.00338084 0.00144561 0.999996 0.0021859 -0.00338417 -0.0021811 0.999992 0.0593796 0.00609821 0.0235694
FixedParameters: 0 0 0

#Transform 374
Transform: AffineTransform_float_3_3
Parameters: 0.999994 -0.00145188 0.00319734 0.00144612 0.999998 0.00184064 -0.00319966 -0.00183537 0.999993 0.0601116 0.0454506 0.0344349
FixedParameters: 0 0 0

#Transform 375
Transform: AffineTransform_float_3_3
Parameters: 0.999994 -0.00119897 0.00305027 0.00119203 0.999996 0.00228465 -0.00305273 -0.00228135 0.999992 0.0554449 0.0380925 0.0809161
FixedParameters: 0 0 0

#Transform 376
Transform: AffineTransform_float_3_3
Parameters: 0.999994 -0.00134987 0.00319252 0.00134413 0.999998 0.0018403 -0.00319448 -0.0018357 0.999993 0.0579521 0.0450639 0.0264089
FixedParameters: 0 0 0

#Transform 377
Transform: AffineTransform_float_3_3
Parameters: 0.999996 -0.0014497 0.00261896 0.0014463 0.999998 0.00141379 -0.00262104 -0.00140921 0.999995 0.0621789 0.0470159 0.0234516
FixedParameters: 0 0 0

#Transform 378
Transform: AffineTransform_float_3_3
Parameters: 0.999994 -0.00145283 0.00314385 0.00144617 0.999996 0.00217356 -0.00314715 -0.00216844 0.999992 0.0603486 0.00686657 0.0578193
FixedParameters: 0 0 0

#Transform 379
Transform: AffineTransform_float_3_3
Parameters: 0.999995 -0.0013038 0.00307555 0.0012982 0.999998 0.001887 -0.00307845 -0.001883 0.999993 0.0506481 0.0593648 0.0851572
FixedParameters: 0 0 0

#Transform 380
Transform: AffineTransform_float_3_3
Parameters: 0.999994 -0.00131507 0.00313447 0.00130894 0.999998 0.00193511 -0.00313654 -0.00193189 0.999993 0.0573914 0.0409223 0.0139381
FixedParameters: 0 0 0

#Transform 381
Transform: AffineTransform_float_3_3
Parameters: 0.999994 -0.00145168 0.00329551 0.00144532 0.999998 0.00172578 -0.0032975 -0.00172123 0.999993 0.0596566 0.0329364 0.0255707
FixedParameters: 0 0 0

#Transform 382
Transform: AffineTransform_float_3_3
Parameters: 0.999993 -0.00137866 0.00328863 0.00137234 0.999997 0.00172352 -0.00329037 -0.00171847 0.999993 0.058181 0.0491215 0.0304566
FixedParameters: 0 0 0

#Transform 383
Transform: AffineTransform_float_3_3
Parameters: 0.999994 -0.00145377 0.00336866 0.00144624 0.999997 0.00230689 -0.00337134 -0.00230211 0.999991 0.0595006 0.0212305 0.0372724
FixedParameters: 0 0 0

#Transform 384
Transform: AffineTransform_float_3_3
Parameters: 0.999993 -0.00145298 0.0034921 0.00144602 0.999997 0.00200006 -0.0034949 -0.00199594 0.999992 0.0590115 0.0478371 0.0333281
FixedParameters: 0 0 0

#Transform 385
Transform: AffineTransform_float_3_3
Parameters: 0.999993 -0.00145428 0.00351458 0.00144572 0.999996 0.0023571 -0.00351741 -0.0023519 0.999991 0.0590063 0.0265633 0.0440976
FixedParameters: 0 0 0

#Transform 386
Transform: AffineTransform_float_3_3
Parameters: 0.999994 -0.00145187 0.00309726 0.00144613 0.999997 0.00189649 -0.00309975 -0.00189251 0.999994 0.060414 0.0650071 0.0400075
FixedParameters: 0 0 0

#Transform 387
Transform: AffineTransform_float_3_3
Parameters: 0.999993 -0.00145159 0.00347167 0.00144541 0.999997 0.00161203 -0.00347333 -0.00160697 0.999992 0.0590148 0.0472174 0.0166894
FixedParameters: 0 0 0

#Transform 388
Transform: AffineTransform_float_3_3
Parameters: 0.999993 -0.00145353 0.00359797 0.00144548 0.999997 0.00209322 -0.00360103 -0.00208878 0.999992 0.0585841 0.00327587 0.039577
FixedParameters: 0 0 0

#Transform 389
Transform: AffineTransform_float_3_3
Parameters: 0.999993 -0.00145771 0.00349614 0.00144629 0.999994 0.00334908 -0.00350086 -0.00334392 0.999989 0.0591392 0.0274329 0.0821656
FixedParameters: 0 0 0

#Transform 390
Transform: AffineTransform_float_3_3
Parameters: 0.999992 -0.00154704 0.00363732 0.00153596 0.999994 0.00303761 -0.00364168 -0.00303139 0.999989 0.060439 0.0561457 0.07169
FixedParameters: 0 0 0

#Transform 391
Transform: AffineTransform_float_3_3
Parameters: 0.999991 -0.00204728 0.00370123 0.00203472 0.999993 0.00331856 -0.00370776 -0.00331144 0.999987 0.0918728 0.08692 0.0804627
FixedParameters: 0 0 0

#Transform 392
Transform: AffineTransform_float_3_3
Parameters: 0.99999 -0.00195975 0.00385955 0.00194725 0.999992 0.00330355 -0.00386545 -0.00329645 0.999987 0.0915561 0.020329 0.0626687
FixedParameters: 0 0 0

#Transform 393
Transform: AffineTransform_float_3_3
Parameters: 0.999992 -0.00159225 0.00370418 0.00158075 0.999994 0.00303788 -0.00370881 -0.00303212 0.999988 0.0696314 0.00954329 0.0645111
FixedParameters: 0 0 0

#Transform 394
Transform: AffineTransform_float_3_3
Parameters: 0.999991 -0.00169176 0.00373759 0.00168224 0.999995 0.00261331 -0.0037424 -0.00260769 0.999989 0.0680755 0.0248238 0.0718856
FixedParameters: 0 0 0

#Transform 395
Transform: AffineTransform_float_3_3
Parameters: 0.999991 -0.00157908 0.00397683 0.00156592 0.999994 0.00328926 -0.00398217 -0.00328274 0.999986 0.0673059 0.0218748 0.0694893
FixedParameters: 0 0 0

#Transform 396
Transform: AffineTransform_float_3_3
Parameters: 0.999993 -0.00153787 0.00360881 0.00152813 0.999995 0.00273654 -0.00361219 -0.00273147 0.999989 0.0604371 0.0482722 0.0678125
FixedParameters: 0 0 0

#Transform 397
Transform: AffineTransform_float_3_3
Parameters: 0.999993 -0.00150598 0.00337268 0.00149402 0.999992 0.00355106 -0.00337832 -0.00354594 0.999988 0.060812 0.024523 0.127913
FixedParameters: 0 0 0

#Transform 398
Transform: AffineTransform_float_3_3
Parameters: 0.999994 -0.00135092 0.00322369 0.00134308 0.999996 0.00245734 -0.00322631 -0.00245366 0.999992 0.0563846 0.0687755 0.0507613
FixedParameters: 0 0 0
