#Insight Transform File V1.0
#Transform 0
Transform: AffineTransform_float_3_3
Parameters: 1 0 0 0 1 0.000452 0 -0.000452 1 1.42109e-14 -0.0373094 0.0271492
FixedParameters: 0 0 0

#Transform 1
Transform: AffineTransform_float_3_3
Parameters: 1 -1.9392e-07 0.00024 -1.9392e-07 0.999999 0.000807999 -0.00024 -0.000807999 0.999999 0.00112215 -0.0386851 0.0503829
FixedParameters: 0 0 0

#Transform 2
Transform: AffineTransform_float_3_3
Parameters: 1 0 0 0 1 0.000256 0 -0.000256 1 -0.002849 0.00177167 0.0229448
FixedParameters: 0 0 0

#Transform 3
Transform: AffineTransform_float_3_3
Parameters: 1 -1.43232e-07 0.000192 -1.43232e-07 0.999999 0.000746 -0.000192 -0.000746 0.999999 0.00135914 -0.0380209 0.032761
FixedParameters: 0 0 0

#Transform 4
Transform: AffineTransform_float_3_3
Parameters: 1 0 0 0 1 0.000577 0 -0.000577 1 -0.000472 -0.00667255 0.0298644
FixedParameters: 0 0 0

#Transform 5
Transform: AffineTransform_float_3_3
Parameters: 1 -9.9994e-08 0.000173 -9.9994e-08 1 0.000578 -0.000173 -0.000578 1 -0.00350748 -0.0511234 0.00820239
FixedParameters: 0 0 0

#Transform 6
Transform: AffineTransform_float_3_3
Parameters: 1 0 0 0 1 0.000499 0 -0.000499 1 0.001032 -0.0508518 0.028643
FixedParameters: 0 0 0

#Transform 7
Transform: AffineTransform_float_3_3
Parameters: 1 -1.533e-09 0.000219 -1.533e-09 1 7e-06 -0.000219 -7e-06 1 -0.00301533 -0.0189301 0.0305847
FixedParameters: 0 0 0

#Transform 8
Transform: AffineTransform_float_3_3
Parameters: 1 -1.34478e-07 0.000186 -1.34478e-07 0.999999 0.000723 -0.000186 -0.000723 0.999999 0.00100334 -0.0639714 0.0296713
FixedParameters: 0 0 0

#Transform 9
Transform: AffineTransform_float_3_3
Parameters: 1 0 0 0 1 0.000437 0 -0.000437 1 -0.001582 -0.0272138 0.0273601
FixedParameters: 0 0 0

#Transform 10
Transform: AffineTransform_float_3_3
Parameters: 1 0 0 0 1 0.000437 0 -0.000437 1 -0.009706 -0.0399738 0.0273657
FixedParameters: 0 0 0

#Transform 11
Transform: AffineTransform_float_3_3
Parameters: 1 -0.000172 -1.33128e-07 0.000172 0.999999 0.000774 -1.33128e-07 -0.000774 0.999999 0.000537352 -0.0275419 0.0525466
FixedParameters: 0 0 0

#Transform 12
Transform: AffineTransform_float_3_3
Parameters: 1 0 0 0 0.999999 0.000728 0 -0.000728 0.999999 0.001851 0.00493236 0.053309
FixedParameters: 0 0 0

#Transform 13
Transform: AffineTransform_float_3_3
Parameters: 1 0 0 0 1 0.000525 0 -0.000525 1 -0.003609 -0.00666082 0.0130668
FixedParameters: 0 0 0

#Transform 14
Transform: AffineTransform_float_3_3
Parameters: 1 -0.000194 -1.5326e-07 0.000194 0.999999 0.000789999 -1.5326e-07 -0.000789999 0.999999 0.00329191 -0.0311673 0.0447455
FixedParameters: 0 0 0

#Transform 15
Transform: AffineTransform_float_3_3
Parameters: 1 0 0 0 1 0.000423 0 -0.000423 1 -0.000112 -0.00635136 0.0372835
FixedParameters: 0 0 0

#Transform 16
Transform: AffineTransform_float_3_3
Parameters: 1 -1.8696e-08 0.000123 -1.8696e-08 1 0.000152 -0.000123 -0.000152 1 -0.000134702 -0.0184353 -0.00199614
FixedParameters: 0 0 0

#Transform 17
Transform: AffineTransform_float_3_3
Parameters: 1 -0.000123 -8.856e-08 0.000123 0.999999 0.00072 -8.856e-08 -0.00072 0.999999 0.00724204 -0.0483228 0.0230015
FixedParameters: 0 0 0

#Transform 18
Transform: AffineTransform_float_3_3
Parameters: 1 0 0 0 1 -1.2e-05 0 1.2e-05 1 0.00177 -0.000209071 0.00151377
FixedParameters: 0 0 0

#Transform 19
Transform: AffineTransform_float_3_3
Parameters: 1 0 0 0 1 0.000489 0 -0.000489 1 -0.004163 -0.0497961 0.00151593
FixedParameters: 0 0 0

#Transform 20
Transform: AffineTransform_float_3_3
Parameters: 1 0 0 0 1 -9.5e-05 0 9.5e-05 1 -0.003369 -0.00864813 -0.00658305
FixedParameters: 0 0 0

#Transform 21
Transform: AffineTransform_float_3_3
Parameters: 1 0 0 0 1 0.00049 0 -0.00049 1 0.003879 -0.0545888 0.0169909
FixedParameters: 0 0 0

#Transform 22
Transform: AffineTransform_float_3_3
Parameters: 1 1.7808e-08 -8.4e-05 1.7808e-08 1 0.000212 8.4e-05 -0.000212 1 0.00372148 -0.0197458 0.0136176
FixedParameters: 0 0 0

#Transform 23
Transform: AffineTransform_float_3_3
Parameters: 1 0 0 0 1 -2.5e-05 0 2.5e-05 1 0.003913 0.000493076 0.00586995
FixedParameters: 0 0 0

#Transform 24
Transform: AffineTransform_float_3_3
Parameters: 1 2.8301e-08 -9.1e-05 2.8301e-08 1 0.000311 9.1e-05 -0.000311 1 0.00377624 -0.0118244 -0.00344702
FixedParameters: 0 0 0

#Transform 25
Transform: AffineTransform_float_3_3
Parameters: 1 0 0 0 1 -0.000322 0 0.000322 1 -0.001394 -0.000938488 -0.0173963
FixedParameters: 0 0 0

#Transform 26
Transform: AffineTransform_float_3_3
Parameters: 1 1.6093e-08 -0.000121 1.6093e-08 1 0.000133 0.000121 -0.000133 1 -0.000923921 -0.0321547 0.0307428
FixedParameters: 0 0 0

#Transform 27
Transform: AffineTransform_float_3_3
Parameters: 1 0 0 0 1 5.9e-05 0 -5.9e-05 1 0.00079 -0.00817729 0.00195802
FixedParameters: 0 0 0

#Transform 28
Transform: AffineTransform_float_3_3
Parameters: 1 0 0 0 1 -7e-05 0 7e-05 1 -0.003887 -0.0122139 -0.000741024
FixedParameters: 0 0 0

#Transform 29
Transform: AffineTransform_float_3_3
Parameters: 1 1.5861e-08 -5.1e-05 1.5861e-08 1 0.000311 5.1e-05 -0.000311 1 -0.00402544 -0.0328339 0.0237658
FixedParameters: 0 0 0

#Transform 30
Transform: AffineTransform_float_3_3
Parameters: 1 7.59879e-05 -0.000123007 -7.60121e-05 1 -9.79906e-05 0.000122993 9.80093e-05 1 -0.00875345 0.000830775 0.0096295
FixedParameters: 0 0 0

#Transform 31
Transform: AffineTransform_float_3_3
Parameters: 1 0 0 0 1 0.000311 0 -0.000311 1 -0.004846 -0.0359438 0.0337085
FixedParameters: 0 0 0

#Transform 32
Transform: AffineTransform_float_3_3
Parameters: 1 0.000122992 -6.5016e-05 -0.000123008 1 -0.000129992 6.4984e-05 0.000130008 1 -0.00465138 0.018092 -0.0017344
FixedParameters: 0 0 0

#Transform 33
Transform: AffineTransform_float_3_3
Parameters: 1 0.000116 3.6076e-08 -0.000116 1 0.000311 3.6076e-08 -0.000311 1 -0.00532467 -0.0154157 0.00742714
FixedParameters: 0 0 0

#Transform 34
Transform: AffineTransform_float_3_3
Parameters: 1 0.000103 1.1433e-08 -0.000103 1 0.000111 1.1433e-08 -0.000111 1 -0.0084586 0.00431358 0.0375654
FixedParameters: 0 0 0

#Transform 35
Transform: AffineTransform_float_3_3
Parameters: 1 0.000162947 -0.000136063 -0.000163053 1 -0.000386978 0.000135937 0.000387022 1 -0.00683344 0.00603216 0.0144002
FixedParameters: 0 0 0

#Transform 36
Transform: AffineTransform_float_3_3
Parameters: 1 0.000120079 -0.000181948 -0.000119921 1 0.000432022 0.000182052 -0.000431978 1 -0.00828355 -0.0433913 0.0654557
FixedParameters: 0 0 0

#Transform 37
Transform: AffineTransform_float_3_3
Parameters: 1 0.000155 -3.7355e-08 -0.000155 1 -0.000241 -3.7355e-08 0.000241 1 -0.00714294 -0.00362928 -0.00327706
FixedParameters: 0 0 0

#Transform 38
Transform: AffineTransform_float_3_3
Parameters: 1 0.000144014 -0.000149987 -0.000143986 1 9.20216e-05 0.000150013 -9.19784e-05 1 -0.00965248 -0.0290162 0.0192869
FixedParameters: 0 0 0

#Transform 39
Transform: AffineTransform_float_3_3
Parameters: 1 0.000194 -5.5678e-08 -0.000194 1 -0.000287 -5.5678e-08 0.000287 1 -0.0129149 0.00515764 -0.00105741
FixedParameters: 0 0 0

#Transform 40
Transform: AffineTransform_float_3_3
Parameters: 1 0.000171024 -0.000258984 -0.000170976 1 9.20443e-05 0.000259016 -9.19557e-05 1 -0.00819647 -0.026492 0.00817616
FixedParameters: 0 0 0

#Transform 41
Transform: AffineTransform_float_3_3
Parameters: 1 0.000199 3.3233e-08 -0.000199 1 0.000167 3.3233e-08 -0.000167 1 -0.0132011 -0.000940037 0.0297778
FixedParameters: 0 0 0

#Transform 42
Transform: AffineTransform_float_3_3
Parameters: 1 0.000184948 -0.00010709 -0.000185052 1 -0.00048798 0.00010691 0.00048802 1 -0.0125517 0.0112239 -0.00485977
FixedParameters: 0 0 0

#Transform 43
Transform: AffineTransform_float_3_3
Parameters: 1 0 0 0 1 0.000124 0 -0.000124 1 -0.008021 -0.0200525 0.0348912
FixedParameters: 0 0 0

#Transform 44
Transform: AffineTransform_float_3_3
Parameters: 1 0.000112958 -0.000183026 -0.000113042 1 -0.000226979 0.000182974 0.000227021 1 -0.00834975 0.032147 0.0191213
FixedParameters: 0 0 0

#Transform 45
Transform: AffineTransform_float_3_3
Parameters: 1 0.000237 4.3845e-08 -0.000237 1 0.000185 4.3845e-08 -0.000185 1 -0.0139798 -0.0127247 0.0195988
FixedParameters: 0 0 0

#Transform 46
Transform: AffineTransform_float_3_3
Parameters: 1 0.000345 -7.8315e-08 -0.000345 1 -0.000227 -7.8315e-08 0.000227 1 -0.0138824 0.0069491 0.0108448
FixedParameters: 0 0 0

#Transform 47
Transform: AffineTransform_float_3_3
Parameters: 1 0.000433949 -0.000222098 -0.00043405 1 -0.000226904 0.000222901 0.000227097 1 -0.0174377 0.000635259 -0.00650309
FixedParameters: 0 0 0

#Transform 48
Transform: AffineTransform_float_3_3
Parameters: 1 0.000203944 -0.000246046 -0.000204056 1 -0.00022695 0.000245954 0.00022705 1 -0.0118973 -0.0294198 0.0133917
FixedParameters: 0 0 0

#Transform 49
Transform: AffineTransform_float_3_3
Parameters: 1 0.000287818 -0.00037314 -0.000287182 1 -0.000487893 0.00037286 0.000488107 1 -0.0174626 0.0116101 0.0351519
FixedParameters: 0 0 0

#Transform 50
Transform: AffineTransform_float_3_3
Parameters: 1 0.00017502 -0.000160979 -0.00017498 1 0.000122028 0.000161021 -0.000121972 1 -0.015148 -0.033469 0.0290328
FixedParameters: 0 0 0

#Transform 51
Transform: AffineTransform_float_3_3
Parameters: 1 0.000188 -1.2314e-07 -0.000188 1 -0.000655 -1.2314e-07 0.000655 1 -0.0156775 0.0143938 0.0292658
FixedParameters: 0 0 0

#Transform 52
Transform: AffineTransform_float_3_3
Parameters: 1 0.000338955 -0.000298051 -0.000339045 1 -0.000150899 0.000297949 0.000151101 1 -0.014045 -0.0357422 0.025925
FixedParameters: 0 0 0

#Transform 53
Transform: AffineTransform_float_3_3
Parameters: 1 0.000220939 -0.000190071 -0.000221061 1 -0.000320958 0.000189929 0.000321042 1 -0.0113708 0.0132717 0.0375302
FixedParameters: 0 0 0

#Transform 54
Transform: AffineTransform_float_3_3
Parameters: 1 0.000171 -6.8058e-08 -0.000171 1 -0.000398 -6.8058e-08 0.000398 1 -0.0121109 0.00623988 0.0130467
FixedParameters: 0 0 0

#Transform 55
Transform: AffineTransform_float_3_3
Parameters: 1 0.000128 -4.1088e-08 -0.000128 1 -0.000321 -4.1088e-08 0.000321 1 -0.0111838 -0.00531742 0.0241899
FixedParameters: 0 0 0

#Transform 56
Transform: AffineTransform_float_3_3
Parameters: 1 0.000182894 -0.000212091 -0.000183106 1 -0.000498961 0.000211909 0.000499039 1 -0.010516 0.0282572 0.0312883
FixedParameters: 0 0 0

#Transform 57
Transform: AffineTransform_float_3_3
Parameters: 1 0.000218865 -0.000343086 -0.000219134 1 -0.000391925 0.000342914 0.000392075 1 -0.0126216 -0.0021647 0.0232675
FixedParameters: 0 0 0

#Transform 58
Transform: AffineTransform_float_3_3
Parameters: 1 0.000139921 -0.000247045 -0.000140079 1 -0.000320965 0.000246955 0.000321035 1 -0.00841845 -0.00440062 0.0353882
FixedParameters: 0 0 0

#Transform 59
Transform: AffineTransform_float_3_3
Parameters: 1 0.000213851 -0.000268119 -0.000214149 1 -0.000554942 0.000267881 0.000554057 1 -0.00957593 0.0145534 0.0271444
FixedParameters: 0 0 0

#Transform 60
Transform: AffineTransform_float_3_3
Parameters: 1 0.000233026 -0.000145958 -0.000232974 1 0.000179034 0.000146042 -0.000178966 1 -0.0106473 -0.0299859 0.00633583
FixedParameters: 0 0 0

#Transform 61
Transform: AffineTransform_float_3_3
Parameters: 1 0.000192761 -0.000401115 -0.000192239 1 -0.000595923 0.000400885 0.000596077 0.999999 -0.00539801 0.0167968 0.0146673
FixedParameters: 0 0 0

#Transform 62
Transform: AffineTransform_float_3_3
Parameters: 1 1.2431e-08 -0.000401 1.2431e-08 1 3.1e-05 0.000401 -3.1e-05 1 0.000377892 -0.0180862 0.0648439
FixedParameters: 0 0 0

#Transform 63
Transform: AffineTransform_float_3_3
Parameters: 1 7.7789e-05 -0.000401041 -7.82109e-05 1 -0.000525968 0.000400959 0.000526031 1 -0.00604482 0.0121071 0.00416558
FixedParameters: 0 0 0

#Transform 64
Transform: AffineTransform_float_3_3
Parameters: 1 0.000123724 -0.000401085 -0.000124276 1 -0.00068795 0.000400914 0.000688049 0.999999 -0.0097065 0.00161969 0.00472027
FixedParameters: 0 0 0

#Transform 65
Transform: AffineTransform_float_3_3
Parameters: 1 0.000168923 -0.000181072 -0.000169077 1 -0.000424969 0.000180928 0.00042503 1 -0.00966064 0.00897884 -0.000617765
FixedParameters: 0 0 0

#Transform 66
Transform: AffineTransform_float_3_3
Parameters: 1 0.000142816 -0.000227115 -0.000143183 0.999999 -0.000807967 0.000226884 0.000808032 0.999999 -0.01309 0.0146906 -0.0148723
FixedParameters: 0 0 0

#Transform 67
Transform: AffineTransform_float_3_3
Parameters: 1 5.58806e-05 -0.000275024 -5.61193e-05 1 -0.000433984 0.000274976 0.000434015 1 -0.00923531 -0.00348513 0.0248594
FixedParameters: 0 0 0

#Transform 68
Transform: AffineTransform_float_3_3
Parameters: 1 0.000167682 -0.000401133 -0.000168318 0.999999 -0.000792932 0.000400866 0.000793067 0.999999 -0.0134357 0.0209825 -0.000288957
FixedParameters: 0 0 0

#Transform 69
Transform: AffineTransform_float_3_3
Parameters: 1 0.000172701 -0.000327158 -0.000173299 0.999999 -0.000915943 0.000326841 0.000915056 0.999999 -0.0121038 -0.0153084 -0.00782079
FixedParameters: 0 0 0

#Transform 70
Transform: AffineTransform_float_3_3
Parameters: 1 -3.36038e-07 -0.000401 -3.36038e-07 0.999999 -0.000837999 0.000401 0.000837999 0.999999 -0.0082566 -0.0045383 0.0261736
FixedParameters: 0 0 0

#Transform 71
Transform: AffineTransform_float_3_3
Parameters: 1 0.000216729 -0.000401146 -0.000217271 0.999999 -0.000675913 0.000400853 0.000676087 0.999999 -0.0152073 0.0179094 0.0133893
FixedParameters: 0 0 0

#Transform 72
Transform: AffineTransform_float_3_3
Parameters: 1 0.000165897 -0.000239071 -0.000166103 1 -0.00043096 0.000238928 0.00043104 1 -0.0120827 -0.00602072 0.0179367
FixedParameters: 0 0 0

#Transform 73
Transform: AffineTransform_float_3_3
Parameters: 1 0.000151821 -0.000203134 -0.000152179 0.999999 -0.000881968 0.000202866 0.00088203 0.999999 -0.0133881 0.0211594 0.0174174
FixedParameters: 0 0 0

#Transform 74
Transform: AffineTransform_float_3_3
Parameters: 1 0.000201765 -0.000232204 -0.000202236 1 -0.00101195 0.000232796 0.00101205 1 -0.0110714 0.0215149 0.0146489
FixedParameters: 0 0 0

#Transform 75
Transform: AffineTransform_float_3_3
Parameters: 1 0.000177931 -0.000214057 -0.000178068 1 -0.000319962 0.000213943 0.000320038 1 -0.0116858 -0.00430406 0.000908489
FixedParameters: 0 0 0

#Transform 76
Transform: AffineTransform_float_3_3
Parameters: 1 0.00011076 -0.000256104 -0.000111241 0.999999 -0.000938971 0.000256896 0.000939028 0.999999 -0.0130071 0.0261507 -0.00277508
FixedParameters: 0 0 0

#Transform 77
Transform: AffineTransform_float_3_3
Parameters: 1 0.000138816 -0.000401064 -0.000139184 1 -0.000458944 0.000400936 0.000459056 1 -0.013054 -0.00368157 0.0465461
FixedParameters: 0 0 0

#Transform 78
Transform: AffineTransform_float_3_3
Parameters: 1 0.000165812 -0.000278112 -0.000166189 1 -0.000675953 0.000278888 0.000676046 0.999999 -0.0138622 0.0177732 0.0201859
FixedParameters: 0 0 0

#Transform 79
Transform: AffineTransform_float_3_3
Parameters: 1 0.000197728 -0.000248217 -0.000198272 1 -0.00109495 0.000247783 0.00109505 1 -0.0150317 0.0302279 -1.34821e-05
FixedParameters: 0 0 0

#Transform 80
Transform: AffineTransform_float_3_3
Parameters: 1 0.000289951 -0.000317044 -0.000290048 1 -0.000152908 0.000316956 0.000153092 1 -0.0138906 -0.00391572 0.0506669
FixedParameters: 0 0 0

#Transform 81
Transform: AffineTransform_float_3_3
Parameters: 1 0.000283701 -0.000308275 -0.000284299 0.999999 -0.000968912 0.000308725 0.000969088 1 -0.0164537 0.0333694 -0.011536
FixedParameters: 0 0 0

#Transform 82
Transform: AffineTransform_float_3_3
Parameters: 1 0.000253807 -0.000219223 -0.000254192 0.999999 -0.000879944 0.000218776 0.000880055 0.999999 -0.015539 0.00572507 0.0068548
FixedParameters: 0 0 0

#Transform 83
Transform: AffineTransform_float_3_3
Parameters: 1 0.000215909 -0.000191103 -0.000216091 1 -0.000476959 0.000190897 0.000477041 1 -0.015172 0.00196618 0.00586117
FixedParameters: 0 0 0

#Transform 84
Transform: AffineTransform_float_3_3
Parameters: 1 0.000203832 -0.000173198 -0.000204168 0.999999 -0.000971964 0.000172802 0.000972034 0.999999 -0.014761 0.0194675 0.0117278
FixedParameters: 0 0 0

#Transform 85
Transform: AffineTransform_float_3_3
Parameters: 1 0.000199818 -0.000401091 -0.000200182 1 -0.00045392 0.000400909 0.00045408 1 -0.0141397 -0.00402868 0.0156285
FixedParameters: 0 0 0

#Transform 86
Transform: AffineTransform_float_3_3
Parameters: 1 0.00017063 -0.000401157 -0.00017037 0.999999 -0.000921931 0.000400843 0.000922068 0.999999 -0.0225739 0.0178009 -0.00293356
FixedParameters: 0 0 0

#Transform 87
Transform: AffineTransform_float_3_3
Parameters: 1 0.000147672 -0.000401121 -0.000148328 0.999999 -0.00081894 0.000400879 0.000818059 0.999999 -0.0137675 0.00994933 0.0193443
FixedParameters: 0 0 0

#Transform 88
Transform: AffineTransform_float_3_3
Parameters: 1 0.000312889 -0.000185188 -0.000313111 1 -0.000600942 0.000184812 0.000601058 1 -0.0175063 0.0222793 0.00317141
FixedParameters: 0 0 0

#Transform 89
Transform: AffineTransform_float_3_3
Parameters: 1 0.000205826 -0.000180199 -0.000206174 0.999999 -0.000966962 0.000179801 0.000967036 0.999999 -0.0167728 0.0206877 0.0122906
FixedParameters: 0 0 0

#Transform 90
Transform: AffineTransform_float_3_3
Parameters: 1 -1.51979e-07 -0.000401 -1.51979e-07 1 -0.000379 0.000401 0.000379 1 -0.0107968 -0.00874802 0.0466395
FixedParameters: 0 0 0

#Transform 91
Transform: AffineTransform_float_3_3
Parameters: 1 0.000253698 -0.000401191 -0.000254302 0.999999 -0.000752898 0.000400808 0.000753101 0.999999 -0.0154943 0.0383881 -0.00508042
FixedParameters: 0 0 0

#Transform 92
Transform: AffineTransform_float_3_3
Parameters: 1 0.00021974 -0.000333171 -0.000220259 0.999999 -0.000778926 0.000332828 0.000779073 0.999999 -0.0109355 0.00650445 -0.0001673
FixedParameters: 0 0 0

#Transform 93
Transform: AffineTransform_float_3_3
Parameters: 1 0.000123851 -0.00023008 -0.000124149 1 -0.000646971 0.00022992 0.000647028 1 -0.0141738 0.0114474 0.022531
FixedParameters: 0 0 0

#Transform 94
Transform: AffineTransform_float_3_3
Parameters: 1 0.000302866 -0.000241168 -0.000303133 1 -0.000553927 0.000240832 0.000554073 1 -0.0228974 0.0318549 -0.000836693
FixedParameters: 0 0 0

#Transform 95
Transform: AffineTransform_float_3_3
Parameters: 1 0.00025777 -0.000401147 -0.000258229 1 -0.000571896 0.000400852 0.000572103 1 -0.015451 0.00924313 0.00453202
FixedParameters: 0 0 0

#Transform 96
Transform: AffineTransform_float_3_3
Parameters: 1 0.000218861 -0.000231132 -0.000219139 1 -0.000601949 0.000230868 0.00060205 1 -0.0124054 0.0136215 -0.00681869
FixedParameters: 0 0 0

#Transform 97
Transform: AffineTransform_float_3_3
Parameters: 1 0.000207806 -0.00019221 -0.000208194 1 -0.00100896 0.00019179 0.00100904 1 -0.0152099 0.0316374 0.00699136
FixedParameters: 0 0 0

#Transform 98
Transform: AffineTransform_float_3_3
Parameters: 1 0.000152801 -0.000401076 -0.000153198 1 -0.000494938 0.000400924 0.000495061 1 -0.010094 -0.0184624 0.0371481
FixedParameters: 0 0 0

#Transform 99
Transform: AffineTransform_float_3_3
Parameters: 1 0.000172805 -0.000220153 -0.000173195 0.999999 -0.000884961 0.000219847 0.000885037 0.999999 -0.0127272 0.0318969 0.00842461
FixedParameters: 0 0 0

#Transform 100
Transform: AffineTransform_float_3_3
Parameters: 1 0.00030984 -0.000263189 -0.000310161 1 -0.000608918 0.000263811 0.000608082 1 -0.0189645 0.0225136 0.050369
FixedParameters: 0 0 0

#Transform 101
Transform: AffineTransform_float_3_3
Parameters: 1 0.000333766 -0.000401195 -0.000334235 1 -0.000584866 0.000401805 0.000584134 0.999999 -0.0150761 -0.000505309 0.0139814
FixedParameters: 0 0 0

#Transform 102
Transform: AffineTransform_float_3_3
Parameters: 1 0.000213812 -0.000170236 -0.000214188 1 -0.00110396 0.000169764 0.00110304 1 -0.0136521 0.0426938 0.0131559
FixedParameters: 0 0 0

#Transform 103
Transform: AffineTransform_float_3_3
Parameters: 1 0.000380648 -0.000401334 -0.000381352 0.999999 -0.000876846 0.000401665 0.000877152 0.999999 -0.0134085 0.0262707 0.0421459
FixedParameters: 0 0 0

#Transform 104
Transform: AffineTransform_float_3_3
Parameters: 1 0.00035892 -0.000225127 -0.000359079 1 -0.000352919 0.000224873 0.000353081 1 -0.0168296 0.014146 0.019494
FixedParameters: 0 0 0

#Transform 105
Transform: AffineTransform_float_3_3
Parameters: 1 0.000296597 -0.000401299 -0.000296404 1 -0.00100588 0.000401702 0.00100612 1 -0.0162347 0.0463164 0.00618725
FixedParameters: 0 0 0

#Transform 106
Transform: AffineTransform_float_3_3
Parameters: 1 0.0002938 -0.000194303 -0.0002942 1 -0.00102994 0.000193697 0.00103006 1 -0.017622 0.0272756 0.0245715
FixedParameters: 0 0 0

#Transform 107
Transform: AffineTransform_float_3_3
Parameters: 1 0.000354856 -0.000290176 -0.000355144 1 -0.000494897 0.000290824 0.000495103 1 -0.0158867 0.007397 0.0166982
FixedParameters: 0 0 0

#Transform 108
Transform: AffineTransform_float_3_3
Parameters: 1 0.000334619 -0.000401319 -0.000334383 1 -0.000951867 0.000401682 0.000951135 1 -0.015784 0.0261514 0.0145038
FixedParameters: 0 0 0

#Transform 109
Transform: AffineTransform_float_3_3
Parameters: 1 0.000352575 -0.000457327 -0.000353424 0.999999 -0.000927838 0.000456672 0.000928161 1 -0.016779 0.0224715 0.025318
FixedParameters: 0 0 0

#Transform 110
Transform: AffineTransform_float_3_3
Parameters: 1 0.000343742 -0.000401221 -0.000344258 0.999999 -0.000642862 0.000401779 0.000643138 0.999999 -0.0179503 0.0136901 0.00417177
FixedParameters: 0 0 0

#Transform 111
Transform: AffineTransform_float_3_3
Parameters: 1 0.000273725 -0.000246306 -0.000273275 1 -0.00111693 0.000245695 0.00111707 1 -0.0170093 0.02807 0.015747
FixedParameters: 0 0 0

#Transform 112
Transform: AffineTransform_float_3_3
Parameters: 1 0.000313721 -0.000401218 -0.000314279 0.999999 -0.000694874 0.000401782 0.000694126 0.999999 -0.0163139 0.000378324 0.0394062
FixedParameters: 0 0 0

#Transform 113
Transform: AffineTransform_float_3_3
Parameters: 1 0.000341574 -0.000401363 -0.000342427 1 -0.00106186 0.000401637 0.00106114 1 -0.0192802 0.0541191 0.0163967
FixedParameters: 0 0 0

#Transform 114
Transform: AffineTransform_float_3_3
Parameters: 1 0.000423838 -0.000475144 -0.000424162 1 -0.000339798 0.000475856 0.000340202 1 -0.0171183 0.0176547 0.0770597
FixedParameters: 0 0 0

#Transform 115
Transform: AffineTransform_float_3_3
Parameters: 1 0.000385653 -0.000401333 -0.000386347 0.999999 -0.000863844 0.000401666 0.000864154 0.999999 -0.0135247 0.00533113 0.0152812
FixedParameters: 0 0 0

#Transform 116
Transform: AffineTransform_float_3_3
Parameters: 1 0.00032154 -0.000401369 -0.000322461 1 -0.00114587 0.000401631 0.00114613 1 -0.0168214 0.0274174 0.0228305
FixedParameters: 0 0 0

#Transform 117
Transform: AffineTransform_float_3_3
Parameters: 1 0.000251905 -0.000256093 -0.000252095 1 -0.000370935 0.000255906 0.000371064 1 -0.0157547 0.0040208 0.0160803
FixedParameters: 0 0 0

#Transform 118
Transform: AffineTransform_float_3_3
Parameters: 1 0.000275708 -0.000305264 -0.000275293 1 -0.000955917 0.000305737 0.000956085 1 -0.0173353 0.0406748 0.0313092
FixedParameters: 0 0 0

#Transform 119
Transform: AffineTransform_float_3_3
Parameters: 1 0.000284891 9.33334e-05 -0.00028411 1 0.00116997 -9.36677e-05 -0.00117003 1 -0.0192673 0.0316831 0.0531146
FixedParameters: 0 0 0

#Transform 120
Transform: AffineTransform_float_3_3
Parameters: 1 0.000263083 0.000249913 -0.000262917 1 -0.000331066 -0.000250087 0.000330934 1 -0.0191271 0.0206976 0.0202971
FixedParameters: 0 0 0

#Transform 121
Transform: AffineTransform_float_3_3
Parameters: 1 0.00033813 0.000391888 -0.00033787 1 -0.000331132 -0.000392112 0.000330867 1 -0.0202263 0.028173 0.0453076
FixedParameters: 0 0 0

#Transform 122
Transform: AffineTransform_float_3_3
Parameters: 1 0.000383042 0.000260938 -0.000382958 1 -0.0001611 -0.000261062 0.0001619 1 -0.0194581 0.000327687 0.0356191
FixedParameters: 0 0 0

#Transform 123
Transform: AffineTransform_float_3_3
Parameters: 1 0.000350082 0.000441935 -0.000349919 1 -0.000184155 -0.000442065 0.000184845 1 -0.0179352 0.00903408 -0.00715753
FixedParameters: 0 0 0

#Transform 124
Transform: AffineTransform_float_3_3
Parameters: 1 0.000302353 0.000462769 -0.000302647 0.999999 -0.00076314 -0.000462231 0.00076286 0.999999 -0.0173102 0.0317747 -0.00549365
FixedParameters: 0 0 0

#Transform 125
Transform: AffineTransform_float_3_3
Parameters: 1 0.000229188 0.000350877 -0.000228812 1 -0.00053508 -0.000351122 0.000534919 1 -0.0133262 0.00157597 0.0195962
FixedParameters: 0 0 0

#Transform 126
Transform: AffineTransform_float_3_3
Parameters: 1 0.000180297 0.000468886 -0.000179703 1 -0.000634084 -0.000469114 0.000633915 0.999999 -0.0153431 0.0427587 0.0338319
FixedParameters: 0 0 0

#Transform 127
Transform: AffineTransform_float_3_3
Parameters: 1 0.000234432 0.000393743 -0.000234568 1 -0.00109609 -0.000394257 0.00109591 1 -0.0158584 0.0444914 -0.0159299
FixedParameters: 0 0 0

#Transform 128
Transform: AffineTransform_float_3_3
Parameters: 1 0.000209239 0.000375867 -0.000208762 1 -0.000635078 -0.000375133 0.000635921 0.999999 -0.0173724 0.0177904 0.0332119
FixedParameters: 0 0 0

#Transform 129
Transform: AffineTransform_float_3_3
Parameters: 1 0.000266369 0.000442778 -0.00026663 0.999999 -0.000834117 -0.000443222 0.000833881 0.999999 -0.0196764 0.0502293 -0.00407951
FixedParameters: 0 0 0

#Transform 130
Transform: AffineTransform_float_3_3
Parameters: 1 0.00027004 3.671e-05 -0.000269961 1 -0.00107401 -3.629e-05 0.00107399 1 -0.0179636 0.0328008 0.00929453
FixedParameters: 0 0 0

#Transform 131
Transform: AffineTransform_float_3_3
Parameters: 1 0.000276281 0.000382797 -0.000276718 0.999999 -0.000735106 -0.000383203 0.000734894 0.999999 -0.0191285 0.0317673 0.00513792
FixedParameters: 0 0 0

#Transform 132
Transform: AffineTransform_float_3_3
Parameters: 1 0.000316237 0.000182591 -0.000315763 0.999999 -0.00129306 -0.000183409 0.00129394 0.999999 -0.0195947 0.0425533 -0.00347145
FixedParameters: 0 0 0

#Transform 133
Transform: AffineTransform_float_3_3
Parameters: 1 0.000307287 0.000393776 -0.000306713 0.999999 -0.00072812 -0.000394223 0.000727878 0.999999 -0.021048 0.00899567 0.034946
FixedParameters: 0 0 0

#Transform 134
Transform: AffineTransform_float_3_3
Parameters: 1 0.000327499 0.000362549 -0.000327501 0.999999 -0.00137712 -0.000362451 0.00137688 0.999999 -0.0199923 0.0367735 -0.0108804
FixedParameters: 0 0 0

#Transform 135
Transform: AffineTransform_float_3_3
Parameters: 1 0.000204492 0.000377734 -0.000204507 0.999999 -0.00130308 -0.000378267 0.00130292 0.999999 -0.0173329 0.0159078 0.00295417
FixedParameters: 0 0 0

#Transform 136
Transform: AffineTransform_float_3_3
Parameters: 1 0.000354162 0.000172667 -0.000353838 0.999999 -0.00094106 -0.000172333 0.000940938 0.999999 -0.0201911 0.0314906 -0.0064787
FixedParameters: 0 0 0

#Transform 137
Transform: AffineTransform_float_3_3
Parameters: 1 0.000253056 3.66174e-05 -0.000252945 0.999999 -0.00151201 -3.63825e-05 0.00151199 0.999999 -0.0177704 0.0490965 -0.00762134
FixedParameters: 0 0 0

#Transform 138
Transform: AffineTransform_float_3_3
Parameters: 1 0.000312341 0.000341689 -0.000312659 1 -0.000997108 -0.000342312 0.000996894 1 -0.0194324 0.0198487 0.0258187
FixedParameters: 0 0 0

#Transform 139
Transform: AffineTransform_float_3_3
Parameters: 1 0.000482332 0.0002664 -0.000482669 0.999999 -0.00124413 -0.000266601 0.00124487 0.999999 -0.0233253 0.062669 0.00247227
FixedParameters: 0 0 0

#Transform 140
Transform: AffineTransform_float_3_3
Parameters: 1 0.000353415 0.000353586 -0.000352586 1 -0.00117213 -0.000353413 0.00117188 1 -0.0183296 0.0296405 0.00573674
FixedParameters: 0 0 0

#Transform 141
Transform: AffineTransform_float_3_3
Parameters: 1 0.000270555 0.00040563 -0.000269445 0.999999 -0.00136711 -0.000406369 0.00136689 0.999999 -0.0165873 0.0451478 0.019035
FixedParameters: 0 0 0

#Transform 142
Transform: AffineTransform_float_3_3
Parameters: 1 0.000342616 0.000467549 -0.000342383 0.999999 -0.00131716 -0.000468452 0.00131784 0.999999 -0.018684 0.0546059 0.00703199
FixedParameters: 0 0 0

#Transform 143
Transform: AffineTransform_float_3_3
Parameters: 1 0.00028647 0.000427686 -0.00028553 1 -0.00109812 -0.000428314 0.00109788 1 -0.0124704 0.016029 0.00717589
FixedParameters: 0 0 0

#Transform 144
Transform: AffineTransform_float_3_3
Parameters: 1 0.00039459 0.00037438 -0.000394411 0.999998 -0.00157315 -0.000374621 0.00157385 0.999998 -0.0168394 0.0568256 -0.00285051
FixedParameters: 0 0 0

#Transform 145
Transform: AffineTransform_float_3_3
Parameters: 1 0.000413339 0.000282504 -0.00041266 0.999999 -0.00120012 -0.000283495 0.00119988 0.999999 -0.0163012 0.0265284 -0.00449589
FixedParameters: 0 0 0

#Transform 146
Transform: AffineTransform_float_3_3
Parameters: 1 0.000450258 0.00025154 -0.000449743 1 -0.00102311 -0.00025146 0.00102289 1 -0.0160841 0.0338648 -0.00931812
FixedParameters: 0 0 0

#Transform 147
Transform: AffineTransform_float_3_3
Parameters: 1 0.000399627 0.000380341 -0.000399371 0.999998 -0.00164915 -0.000381659 0.00164885 0.999998 -0.0164099 0.0395721 -0.0158601
FixedParameters: 0 0 0

#Transform 148
Transform: AffineTransform_float_3_3
Parameters: 1 0.000313292 0.000210566 -0.000313707 0.999999 -0.00138607 -0.000211435 0.00138593 0.999999 -0.0162662 0.0278285 0.0194047
FixedParameters: 0 0 0

#Transform 149
Transform: AffineTransform_float_3_3
Parameters: 1 0.000294427 0.000382672 -0.000293574 1 -0.00111411 -0.000382327 0.00111389 1 -0.0111213 0.0160282 0.0471338
FixedParameters: 0 0 0

#Transform 150
Transform: AffineTransform_float_3_3
Parameters: 1 0.000294502 0.000338564 -0.000293499 0.999999 -0.0014811 -0.000338435 0.0014819 0.999999 -0.00865325 0.0651459 0.0153677
FixedParameters: 0 0 0

#Transform 151
Transform: AffineTransform_float_3_3
Parameters: 1 0.000294301 0.000257657 -0.0002937 1 -0.00116708 -0.000257343 0.00116693 1 -0.0132926 0.0453409 0.0118646
FixedParameters: 0 0 0

#Transform 152
Transform: AffineTransform_float_3_3
Parameters: 1 0.000389353 0.000406662 -0.000388646 0.999999 -0.000869157 -0.000407338 0.000868841 0.999999 -0.015239 0.0405757 0.00106629
FixedParameters: 0 0 0

#Transform 153
Transform: AffineTransform_float_3_3
Parameters: 1 0.000344458 0.00028645 -0.000344541 0.999998 -0.0015971 -0.00028755 0.0015969 0.999998 -0.00940983 0.046716 0.0025447
FixedParameters: 0 0 0

#Transform 154
Transform: AffineTransform_float_3_3
Parameters: 1 0.000294039 3.66919e-05 -0.000293962 1 -0.00104801 -3.63081e-05 0.00104799 1 -0.0103902 0.0394799 0.0399371
FixedParameters: 0 0 0

#Transform 155
Transform: AffineTransform_float_3_3
Parameters: 1 0.000363488 0.000345487 -0.000363511 0.999999 -0.00141113 -0.000346513 0.00141087 0.999999 -0.0190881 0.0665201 0.00637722
FixedParameters: 0 0 0

#Transform 156
Transform: AffineTransform_float_3_3
Parameters: 1 0.000294269 0.000183569 -0.000293732 0.999999 -0.00146405 -0.00018343 0.00146395 0.999999 -0.0164653 0.0519426 -0.00491945
FixedParameters: 0 0 0

#Transform 157
Transform: AffineTransform_float_3_3
Parameters: 1 0.000294457 0.000371639 -0.000293543 0.999999 -0.00122811 -0.000372361 0.00122789 0.999999 -0.0141923 0.036913 0.0277299
FixedParameters: 0 0 0

#Transform 158
Transform: AffineTransform_float_3_3
Parameters: 1 0.000294575 0.000390567 -0.000293424 0.999999 -0.00147111 -0.000391432 0.00147188 0.999999 -0.0214484 0.0638061 0.0449241
FixedParameters: 0 0 0

#Transform 159
Transform: AffineTransform_float_3_3
Parameters: 1 0.000294391 0.000344666 -0.000293608 1 -0.0011351 -0.000345334 0.0011349 1 -0.0173276 0.0314233 -0.000749317
FixedParameters: 0 0 0

#Transform 160
Transform: AffineTransform_float_3_3
Parameters: 1 0.000294527 0.00034455 -0.000293474 0.999999 -0.0015291 -0.000344449 0.0015289 0.999999 -0.015705 0.0604812 0.0139416
FixedParameters: 0 0 0

#Transform 161
Transform: AffineTransform_float_3_3
Parameters: 1 0.000294584 0.00038155 -0.000293417 0.999999 -0.00152911 -0.000381449 0.00152889 0.999999 -0.016761 0.0400451 0.0233813
FixedParameters: 0 0 0

#Transform 162
Transform: AffineTransform_float_3_3
Parameters: 1 0.000294551 0.000451641 -0.00029345 0.999999 -0.00121913 -0.000451358 0.00121887 0.999999 -0.0151755 0.0257945 0.0302547
FixedParameters: 0 0 0

#Transform 163
Transform: AffineTransform_float_3_3
Parameters: 1 0.000472665 0.000451304 -0.000472335 0.999999 -0.00147221 -0.000451696 0.00147179 0.999999 -0.0225209 0.0481073 -0.0146461
FixedParameters: 0 0 0

#Transform 164
Transform: AffineTransform_float_3_3
Parameters: 1 0.000345352 0.000251517 -0.000345648 0.999999 -0.00140009 -0.000251484 0.00139991 0.999999 -0.0157719 0.0201193 0.0115312
FixedParameters: 0 0 0

#Transform 165
Transform: AffineTransform_float_3_3
Parameters: 1 0.00029459 0.000451615 -0.00029341 0.999999 -0.00130713 -0.000451384 0.00130687 0.999999 -0.0181844 0.0668685 0.050344
FixedParameters: 0 0 0

#Transform 166
Transform: AffineTransform_float_3_3
Parameters: 1 0.000383503 0.000358463 -0.000382498 0.999999 -0.00140214 -0.000358537 0.00140186 0.999999 -0.0159713 0.0438343 0.013144
FixedParameters: 0 0 0

#Transform 167
Transform: AffineTransform_float_3_3
Parameters: 1 0.000294204 0.000227736 -0.000293795 0.999999 -0.000896066 -0.000228263 0.000895932 0.999999 -0.0109565 0.038343 0.0407676
FixedParameters: 0 0 0

#Transform 168
Transform: AffineTransform_float_3_3
Parameters: 1 0.00029453 0.000382592 -0.00029347 0.999999 -0.00138611 -0.000382407 0.00138589 0.999999 -0.0175225 0.077147 0.0050804
FixedParameters: 0 0 0

#Transform 169
Transform: AffineTransform_float_3_3
Parameters: 1 0.000294482 0.000451686 -0.000293519 1 -0.00106613 -0.000451313 0.00106587 1 -0.0130756 0.0353356 0.0195332
FixedParameters: 0 0 0

#Transform 170
Transform: AffineTransform_float_3_3
Parameters: 1 0.000294327 0.000279656 -0.000293673 1 -0.00117008 -0.000279344 0.00116992 1 -0.0132018 0.0499364 0.031028
FixedParameters: 0 0 0

#Transform 171
Transform: AffineTransform_float_3_3
Parameters: 1 0.000422727 0.000451319 -0.000422273 0.999998 -0.00161119 -0.000451681 0.00161081 0.999998 -0.0206677 0.0501598 -0.0110586
FixedParameters: 0 0 0

#Transform 172
Transform: AffineTransform_float_3_3
Parameters: 1 0.000354581 0.000451544 -0.00035442 0.999999 -0.00128616 -0.000451456 0.00128584 0.999999 -0.0174657 0.0258629 0.0113042
FixedParameters: 0 0 0

#Transform 173
Transform: AffineTransform_float_3_3
Parameters: 1 0.000294578 0.000451624 -0.000293423 0.999999 -0.00127913 -0.000451376 0.00127987 0.999999 -0.0158553 0.0347488 0.0293403
FixedParameters: 0 0 0

#Transform 174
Transform: AffineTransform_float_3_3
Parameters: 1 0.000294471 0.000371627 -0.000293528 0.999999 -0.00126811 -0.000372372 0.00126789 0.999999 -0.0160325 0.0600963 -0.0098807
FixedParameters: 0 0 0

#Transform 175
Transform: AffineTransform_float_3_3
Parameters: 1 0.000294544 0.000451646 -0.000293457 0.999999 -0.00120413 -0.000451354 0.00120387 0.999999 -0.0124901 0.0130401 0.0129538
FixedParameters: 0 0 0

#Transform 176
Transform: AffineTransform_float_3_3
Parameters: 1 0.000294461 0.000312566 -0.00029354 0.999999 -0.00147409 -0.000312433 0.00147391 0.999999 -0.00924928 0.0497292 0.026052
FixedParameters: 0 0 0

#Transform 177
Transform: AffineTransform_float_3_3
Parameters: 1 0.0003616 0.00045152 -0.0003614 0.999999 -0.00132916 -0.000451481 0.00132884 0.999999 -0.018334 0.0429761 0.0102885
FixedParameters: 0 0 0

#Transform 178
Transform: AffineTransform_float_3_3
Parameters: 1 0.000344544 0.000451585 -0.000343457 0.999999 -0.00120416 -0.000451414 0.00120385 0.999999 -0.0111116 0.0474857 0.0463137
FixedParameters: 0 0 0

#Transform 179
Transform: AffineTransform_float_3_3
Parameters: 1 0.000485435 0.000303305 -0.000485565 0.999999 -0.00143315 -0.000303696 0.00143285 0.999999 -0.0201799 0.0601607 -0.019599
FixedParameters: 0 0 0

#Transform 180
Transform: AffineTransform_float_3_3
Parameters: 1 0.00040222 0.000237627 -0.000401779 0.999999 -0.000927095 -0.000238372 0.000926903 0.999999 -0.0150466 0.031973 0.016685
FixedParameters: 0 0 0

#Transform 181
Transform: AffineTransform_float_3_3
Parameters: 1 0.000396435 0.000291409 -0.000395565 0.999999 -0.00149211 -0.00029159 0.00149188 0.999999 -0.0187198 0.0603538 0.0338301
FixedParameters: 0 0 0

#Transform 182
Transform: AffineTransform_float_3_3
Parameters: 1 0.000294208 0.000173649 -0.000293792 0.999999 -0.00119405 -0.000174351 0.00119395 1 -0.0153925 0.0301027 0.0574161
FixedParameters: 0 0 0

#Transform 183
Transform: AffineTransform_float_3_3
Parameters: 1 0.000479195 0.000193517 -0.000478804 1 -0.00100809 -0.000194483 0.00100791 1 -0.019967 0.0490461 0.0096822
FixedParameters: 0 0 0

#Transform 184
Transform: AffineTransform_float_3_3
Parameters: 1 0.000495391 0.0002763 -0.000495609 0.999999 -0.00141414 -0.000276701 0.00141486 0.999999 -0.0178533 0.0408226 0.0138021
FixedParameters: 0 0 0

#Transform 185
Transform: AffineTransform_float_3_3
Parameters: 1 0.00029418 0.000162675 -0.00029382 1 -0.00110405 -0.000163325 0.00110395 1 -0.0133765 0.029817 0.0516611
FixedParameters: 0 0 0

#Transform 186
Transform: AffineTransform_float_3_3
Parameters: 1 0.000463419 0.000319393 -0.000462581 0.999999 -0.00131115 -0.000319607 0.00131085 0.999999 -0.0183403 0.0529454 0.00419003
FixedParameters: 0 0 0

#Transform 187
Transform: AffineTransform_float_3_3
Parameters: 1 0.000294098 8.46616e-05 -0.000293902 1 -0.00115103 -8.53384e-05 0.00115098 1 -0.00957548 0.0222568 0.0239863
FixedParameters: 0 0 0

#Transform 188
Transform: AffineTransform_float_3_3
Parameters: 1 0.000294055 3.65581e-05 -0.000293945 0.999999 -0.00150301 -3.64418e-05 0.00150299 0.999999 -0.0119226 0.0618125 0.0395036
FixedParameters: 0 0 0

#Transform 189
Transform: AffineTransform_float_3_3
Parameters: 1 0.000444255 0.000156276 -0.000444743 0.999998 -0.00163007 -0.000157725 0.00162993 0.999998 -0.0186922 0.0502484 0.0292961
FixedParameters: 0 0 0

#Transform 190
Transform: AffineTransform_float_3_3
Parameters: 1 0.000390334 0.000279535 -0.000390667 0.999999 -0.00119211 -0.000279466 0.00119189 1 -0.0135722 0.0418199 0.0518013
FixedParameters: 0 0 0

#Transform 191
Transform: AffineTransform_float_3_3
Parameters: 1 0.00029409 5.35042e-05 -0.00029391 0.999998 -0.00168601 -5.34956e-05 0.00168598 0.999998 -0.0123611 0.0714767 0.0323627
FixedParameters: 0 0 0

#Transform 192
Transform: AffineTransform_float_3_3
Parameters: 1 0.000474922 -5.56668e-05 -0.000475077 0.999999 -0.00140397 5.4333e-05 0.00140403 0.999999 -0.0169145 0.048629 0.0289278
FixedParameters: 0 0 0

#Transform 193
Transform: AffineTransform_float_3_3
Parameters: 1 0.000433206 0.000172484 -0.000432795 0.999999 -0.00119208 -0.000172516 0.00119193 1 -0.0160942 0.0528356 0.0616125
FixedParameters: 0 0 0

#Transform 194
Transform: AffineTransform_float_3_3
Parameters: 1 0.000565922 -5.57923e-05 -0.000566078 0.999999 -0.00139997 5.52075e-05 0.00140003 0.999999 -0.0203739 0.0784838 0.00887765
FixedParameters: 0 0 0

#Transform 195
Transform: AffineTransform_float_3_3
Parameters: 1 0.000425941 -5.54532e-05 -0.000426058 1 -0.00106398 5.45467e-05 0.00106402 1 -0.0131874 0.0437456 0.0462132
FixedParameters: 0 0 0

#Transform 196
Transform: AffineTransform_float_3_3
Parameters: 1 0.000466911 -5.57499e-05 -0.000467087 0.999998 -0.00160597 5.42499e-05 0.00160602 0.999998 -0.0161714 0.0916064 0.0544541
FixedParameters: 0 0 0

#Transform 197
Transform: AffineTransform_float_3_3
Parameters: 1 0.000293915 -5.54541e-05 -0.000293085 0.999999 -0.00154498 5.45472e-05 0.00154502 0.999999 -0.0103689 0.0672391 0.0117329
FixedParameters: 0 0 0

#Transform 198
Transform: AffineTransform_float_3_3
Parameters: 1 0.000294326 0.000283663 -0.000293675 1 -0.00114708 -0.000283337 0.00114692 1 -0.00571251 0.0264906 0.0430346
FixedParameters: 0 0 0

#Transform 199
Transform: AffineTransform_float_3_3
Parameters: 1 0.00044815 9.63037e-05 -0.000448849 0.999998 -0.00155404 -9.76976e-05 0.00155396 0.999999 -0.0135328 0.062381 0.05198
FixedParameters: 0 0 0

#Transform 200
Transform: AffineTransform_float_3_3
Parameters: 1 0.000495372 0.000231205 -0.000495628 0.999998 -0.00160611 -0.000231796 0.00160588 0.999998 -0.014998 0.0580984 0.0376434
FixedParameters: 0 0 0

#Transform 201
Transform: AffineTransform_float_3_3
Parameters: 1 0.000433383 0.000277402 -0.000432616 0.999999 -0.00138012 -0.000278597 0.00137988 0.999999 -0.0119326 0.0371825 0.038097
FixedParameters: 0 0 0

#Transform 202
Transform: AffineTransform_float_3_3
Parameters: 1 0.000294571 0.000326486 -0.000293429 0.999999 -0.0017461 -0.000327513 0.00174591 0.999999 -0.0127998 0.0806946 0.0492603
FixedParameters: 0 0 0

#Transform 203
Transform: AffineTransform_float_3_3
Parameters: 1 0.000476271 0.000168235 -0.000475728 0.999998 -0.00160608 -0.000169764 0.00160592 0.999998 -0.0134726 0.0612295 0.062863
FixedParameters: 0 0 0

#Transform 204
Transform: AffineTransform_float_3_3
Parameters: 1 0.000294343 0.000266622 -0.000293657 0.999999 -0.00128508 -0.000267378 0.00128492 0.999999 -0.00818107 0.0475304 0.0557442
FixedParameters: 0 0 0

#Transform 205
Transform: AffineTransform_float_3_3
Parameters: 1 0.000398405 0.000300463 -0.000397595 0.999999 -0.00134812 -0.000300536 0.00134788 0.999999 -0.0145863 0.0811429 0.0470048
FixedParameters: 0 0 0

#Transform 206
Transform: AffineTransform_float_3_3
Parameters: 1 0.000294292 0.000165481 -0.000293709 0.999999 -0.00176405 -0.000165518 0.00176395 0.999999 -0.0100828 0.0677061 0.0179191
FixedParameters: 0 0 0

#Transform 207
Transform: AffineTransform_float_3_3
Parameters: 1 0.000294326 0.000247613 -0.000293674 0.999999 -0.00131707 -0.000247387 0.00131693 0.999999 -0.00983401 0.0326708 0.0647657
FixedParameters: 0 0 0

#Transform 208
Transform: AffineTransform_float_3_3
Parameters: 1 0.000294065 4.05278e-05 -0.000293934 0.999998 -0.00160601 -4.14721e-05 0.00160599 0.999998 -0.0105052 0.0727005 0.0503813
FixedParameters: 0 0 0

#Transform 209
Transform: AffineTransform_float_3_3
Parameters: 1 0.000459097 6.02627e-05 -0.000458903 0.999998 -0.00160603 -6.0737e-05 0.00160597 0.999998 -0.0137883 0.0548514 0.0009094
FixedParameters: 0 0 0

#Transform 210
Transform: AffineTransform_float_3_3
Parameters: 1 0.000357232 0.000197581 -0.000357769 0.999999 -0.00117307 -0.00019742 0.00117293 1 -0.0038163 0.0297875 0.0416601
FixedParameters: 0 0 0

#Transform 211
Transform: AffineTransform_float_3_3
Parameters: 1 0.000383086 5.33848e-05 -0.000383913 0.999998 -0.00160602 -5.46166e-05 0.00160598 0.999998 -0.00896462 0.0731464 0.0527647
FixedParameters: 0 0 0

#Transform 212
Transform: AffineTransform_float_3_3
Parameters: 1 0.000293955 -2.6498e-05 -0.000294045 0.999998 -0.00169399 2.65019e-05 0.00169401 0.999998 -0.00513612 0.0604291 0.0511442
FixedParameters: 0 0 0

#Transform 213
Transform: AffineTransform_float_3_3
Parameters: 1 0.000294243 0.000216671 -0.000293757 1 -0.00112006 -0.000217329 0.00111994 1 -0.00290738 0.0455155 0.0309914
FixedParameters: 0 0 0

#Transform 214
Transform: AffineTransform_float_3_3
Parameters: 1 0.000293954 -2.65174e-05 -0.000294047 0.999999 -0.00175999 2.64825e-05 0.00176001 0.999999 -0.000406001 0.0798522 0.0354165
FixedParameters: 0 0 0

#Transform 215
Transform: AffineTransform_float_3_3
Parameters: 1 0.000294409 0.000254527 -0.00029359 0.999998 -0.00160607 -0.000255472 0.00160592 0.999998 -0.0106832 0.0573477 0.0583738
FixedParameters: 0 0 0

#Transform 216
Transform: AffineTransform_float_3_3
Parameters: 1 0.000294259 0.000214646 -0.000293741 0.999999 -0.00120506 -0.000215354 0.00120494 1 -0.00799592 0.0723561 0.0727116
FixedParameters: 0 0 0

#Transform 217
Transform: AffineTransform_float_3_3
Parameters: 1 0.00051643 0.000291238 -0.00051557 0.999999 -0.00147615 -0.000291761 0.00147585 0.999999 -0.0148145 0.072525 0.0615026
FixedParameters: 0 0 0

#Transform 218
Transform: AffineTransform_float_3_3
Parameters: 1 0.000394247 0.000223565 -0.000393752 1 -0.00110509 -0.000224435 0.00110491 1 -0.00962867 0.0328348 0.0331021
FixedParameters: 0 0 0

#Transform 219
Transform: AffineTransform_float_3_3
Parameters: 1 0.000294326 0.000181472 -0.000293673 0.999999 -0.00179405 -0.000182527 0.00179395 0.999999 -0.008319 0.073237 0.0518774
FixedParameters: 0 0 0

#Transform 220
Transform: AffineTransform_float_3_3
Parameters: 1 0.000349373 0.000222415 -0.000349628 0.999998 -0.00167408 -0.000222585 0.00167392 0.999998 -0.00661709 0.0380731 0.0592601
FixedParameters: 0 0 0

#Transform 221
Transform: AffineTransform_float_3_3
Parameters: 1 0.000348249 0.000185532 -0.000347751 0.999999 -0.00134306 -0.000185467 0.00134294 0.999999 -0.00839938 0.0488916 0.0882806
FixedParameters: 0 0 0

#Transform 222
Transform: AffineTransform_float_3_3
Parameters: 1 0.000424373 0.000226302 -0.000423628 0.999999 -0.0016451 -0.000226697 0.0016449 0.999998 -0.00665294 0.0619177 0.0656156
FixedParameters: 0 0 0

#Transform 223
Transform: AffineTransform_float_3_3
Parameters: 1 0.000293958 -2.64745e-05 -0.000294043 0.999998 -0.00161399 2.65254e-05 0.00161401 0.999998 -0.000598636 0.0514777 0.0466923
FixedParameters: 0 0 0

#Transform 224
Transform: AffineTransform_float_3_3
Parameters: 1 0.00029431 0.000238618 -0.000293691 0.999999 -0.00129807 -0.000238381 0.00129793 0.999999 0.000983573 0.0348312 0.079715
FixedParameters: 0 0 0

#Transform 225
Transform: AffineTransform_float_3_3
Parameters: 1 0.000352175 0.000101396 -0.000351826 0.999999 -0.00171504 -0.000101603 0.00171496 0.999998 -0.0049107 0.0835059 0.0441924
FixedParameters: 0 0 0

#Transform 226
Transform: AffineTransform_float_3_3
Parameters: 1 0.000294139 8.55245e-05 -0.000293862 0.999998 -0.00161702 -8.54753e-05 0.00161697 0.999998 -0.00548375 0.0586349 0.0628215
FixedParameters: 0 0 0

#Transform 227
Transform: AffineTransform_float_3_3
Parameters: 1 0.000293968 -2.63572e-05 -0.000294031 0.999999 -0.00121499 2.56428e-05 0.00121501 1 -0.00353359 0.0677629 0.0368738
FixedParameters: 0 0 0

#Transform 228
Transform: AffineTransform_float_3_3
Parameters: 1 0.000294331 0.000189486 -0.000293668 0.999999 -0.00174606 -0.000190513 0.00174595 0.999999 -0.00576802 0.0850824 0.0292878
FixedParameters: 0 0 0

#Transform 229
Transform: AffineTransform_float_3_3
Parameters: 1 0.000294355 0.000219524 -0.000293645 0.999998 -0.00161706 -0.000219475 0.00161693 0.999998 -0.00366828 0.0586455 0.036135
FixedParameters: 0 0 0

#Transform 230
Transform: AffineTransform_float_3_3
Parameters: 1 0.000294173 9.44633e-05 -0.000293828 0.999999 -0.00182503 -9.45364e-05 0.00182497 0.999999 -0.00553683 0.0663841 0.052761
FixedParameters: 0 0 0

#Transform 231
Transform: AffineTransform_float_3_3
Parameters: 1 0.000294271 0.000146458 -0.00029373 0.999999 -0.00184404 -0.000146542 0.00184396 0.999999 -0.00702034 0.0595541 0.0585653
FixedParameters: 0 0 0

#Transform 232
Transform: AffineTransform_float_3_3
Parameters: 1 0.000344313 0.000241555 -0.000344687 0.999999 -0.00129308 -0.000242446 0.00129292 0.999999 -0.00760037 0.035083 0.018118
FixedParameters: 0 0 0

#Transform 233
Transform: AffineTransform_float_3_3
Parameters: 1 0.000294398 0.000211447 -0.000293603 0.999998 -0.00187906 -0.000211552 0.00187894 0.999998 -0.00894549 0.0727526 0.037564
FixedParameters: 0 0 0

#Transform 234
Transform: AffineTransform_float_3_3
Parameters: 1 0.000378218 0.000134389 -0.000378783 0.999998 -0.00161705 -0.000134613 0.00161695 0.999998 -0.00769386 0.0480133 0.0600125
FixedParameters: 0 0 0

#Transform 235
Transform: AffineTransform_float_3_3
Parameters: 1 0.000294357 0.000278623 -0.000293643 0.999999 -0.00128208 -0.000278377 0.00128192 0.999999 -0.0019291 0.0465735 0.0684077
FixedParameters: 0 0 0

#Transform 236
Transform: AffineTransform_float_3_3
Parameters: 1 0.000489477 0.000239025 -0.000488523 0.999998 -0.00199212 -0.000239974 0.00199188 0.999998 -0.00604789 0.0911805 0.0459867
FixedParameters: 0 0 0

#Transform 237
Transform: AffineTransform_float_3_3
Parameters: 1 0.000294422 0.000277553 -0.000293577 0.999999 -0.00152008 -0.000278446 0.00151992 0.999999 0.00281949 0.0425392 0.055862
FixedParameters: 0 0 0

#Transform 238
Transform: AffineTransform_float_3_3
Parameters: 1 0.000294528 0.000269424 -0.000293471 0.999998 -0.00195708 -0.000270575 0.00195692 0.999998 -0.00621266 0.0962524 0.0590858
FixedParameters: 0 0 0

#Transform 239
Transform: AffineTransform_float_3_3
Parameters: 1 0.000294482 0.000359606 -0.000293517 0.999999 -0.00134011 -0.000360394 0.00134089 0.999999 -0.00722704 0.0424448 0.0888741
FixedParameters: 0 0 0

#Transform 240
Transform: AffineTransform_float_3_3
Parameters: 1 0.000404423 0.000298427 -0.000403577 0.999999 -0.00141812 -0.000298572 0.00141788 0.999999 -0.00892432 0.089279 0.0479192
FixedParameters: 0 0 0

#Transform 241
Transform: AffineTransform_float_3_3
Parameters: 1 0.000294521 0.000266425 -0.000293477 0.999998 -0.00195508 -0.000267574 0.00195492 0.999998 -0.00603979 0.0752136 0.0300407
FixedParameters: 0 0 0

#Transform 242
Transform: AffineTransform_float_3_3
Parameters: 1 0.000294496 0.000321546 -0.000293503 0.999999 -0.00154209 -0.000322453 0.0015419 0.999999 -0.0040781 0.0330332 0.0720858
FixedParameters: 0 0 0

#Transform 243
Transform: AffineTransform_float_3_3
Parameters: 1 0.00042321 0.000120263 -0.00042379 0.999999 -0.00174305 -0.000120739 0.00174295 0.999999 -0.00903735 0.0673957 0.0724036
FixedParameters: 0 0 0

#Transform 244
Transform: AffineTransform_float_3_3
Parameters: 1 0.000420345 0.000224355 -0.000419655 0.999998 -0.00153509 -0.000224644 0.00153491 0.999999 -0.0107833 0.0593648 0.0612451
FixedParameters: 0 0 0

#Transform 245
Transform: AffineTransform_float_3_3
Parameters: 1 0.000400339 0.000292536 -0.00039966 0.999999 -0.00115912 -0.000293463 0.00115888 1 -0.00580589 0.0570579 0.063543
FixedParameters: 0 0 0

#Transform 246
Transform: AffineTransform_float_3_3
Parameters: 1 0.000635475 0.000280928 -0.000635525 0.999999 -0.00168718 -0.000282072 0.00168682 0.999998 -0.0153327 0.0811281 0.0570376
FixedParameters: 0 0 0

#Transform 247
Transform: AffineTransform_float_3_3
Parameters: 1 0.000436352 0.000246377 -0.000436648 0.999999 -0.00142811 -0.000246624 0.00142789 0.999999 -0.00651839 0.0395019 0.0578294
FixedParameters: 0 0 0

#Transform 248
Transform: AffineTransform_float_3_3
Parameters: 1 0.00037342 0.000264407 -0.00037258 0.999998 -0.0015881 -0.000264592 0.0015879 0.999998 -0.00335407 0.0573601 0.0618735
FixedParameters: 0 0 0

#Transform 249
Transform: AffineTransform_float_3_3
Parameters: 1 0.00029447 0.000289523 -0.000293529 0.999998 -0.00162208 -0.000290476 0.00162191 0.999998 -0.00341961 0.0564268 0.0596258
FixedParameters: 0 0 0

#Transform 250
Transform: AffineTransform_float_3_3
Parameters: 1 0.000294541 0.000386588 -0.000293459 0.999999 -0.00140011 -0.000386411 0.00139989 0.999999 -0.0067232 0.0398696 0.0813477
FixedParameters: 0 0 0

#Transform 251
Transform: AffineTransform_float_3_3
Parameters: 1 0.000293968 -2.63548e-05 -0.000294031 0.999999 -0.00120699 2.56451e-05 0.00120701 1 -0.00499551 0.0738335 0.0638254
FixedParameters: 0 0 0

#Transform 252
Transform: AffineTransform_float_3_3
Parameters: 1 0.000294314 0.000226593 -0.000293686 0.999999 -0.00138407 -0.000227407 0.00138393 0.999999 0.00137165 0.0437613 0.0509257
FixedParameters: 0 0 0

#Transform 253
Transform: AffineTransform_float_3_3
Parameters: 1 0.00029448 0.000288511 -0.000293519 0.999998 -0.00166308 -0.000289488 0.00166291 0.999998 -0.00649034 0.0794802 0.0707927
FixedParameters: 0 0 0

#Transform 254
Transform: AffineTransform_float_3_3
Parameters: 1 0.000294302 0.000210578 -0.000293697 0.999999 -0.00143306 -0.000211421 0.00143294 0.999999 -0.00624605 0.0367989 0.0741345
FixedParameters: 0 0 0

#Transform 255
Transform: AffineTransform_float_3_3
Parameters: 1 0.000293971 -2.6326e-05 -0.000294029 1 -0.00110899 2.56739e-05 0.00110901 1 -0.00343731 0.0542777 0.0658695
FixedParameters: 0 0 0

#Transform 256
Transform: AffineTransform_float_3_3
Parameters: 1 0.00049641 0.000255202 -0.000496589 0.999998 -0.00160713 -0.000255798 0.00160687 0.999998 -0.0103432 0.0799397 0.0355824
FixedParameters: 0 0 0

#Transform 257
Transform: AffineTransform_float_3_3
Parameters: 1 0.000294347 0.000266617 -0.000293652 0.999999 -0.00130108 -0.000267382 0.00130092 0.999999 -0.00374851 0.0144702 0.0605352
FixedParameters: 0 0 0

#Transform 258
Transform: AffineTransform_float_3_3
Parameters: 1 0.000294352 0.000212512 -0.000293648 0.999998 -0.00165706 -0.000212487 0.00165694 0.999998 -0.00566921 0.0705621 0.0667416
FixedParameters: 0 0 0

#Transform 259
Transform: AffineTransform_float_3_3
Parameters: 1 0.000358283 0.000217534 -0.000357717 0.999999 -0.00130108 -0.000217466 0.00130092 0.999999 -0.00591795 0.0371941 0.0784495
FixedParameters: 0 0 0

#Transform 260
Transform: AffineTransform_float_3_3
Parameters: 1 0.000513586 0.00039023 -0.000512414 0.999998 -0.0015002 -0.000390769 0.0014998 0.999999 -0.00566453 0.0741694 0.0257354
FixedParameters: 0 0 0

#Transform 261
Transform: AffineTransform_float_3_3
Parameters: 1 0.000432441 0.000221139 -0.000431559 0.999998 -0.0019931 -0.00022186 0.0019929 0.999998 -0.00284272 0.0679549 0.0458516
FixedParameters: 0 0 0

#Transform 262
Transform: AffineTransform_float_3_3
Parameters: 1 0.000294413 0.00028257 -0.000293588 0.999999 -0.00146108 -0.000282429 0.00146092 0.999999 -0.000898985 0.0417693 0.0845428
FixedParameters: 0 0 0

#Transform 263
Transform: AffineTransform_float_3_3
Parameters: 1 0.000294863 0.000530521 -0.000293135 0.999998 -0.00162715 -0.000531477 0.00162684 0.999998 -0.00233301 0.0835233 0.0587555
FixedParameters: 0 0 0

#Transform 264
Transform: AffineTransform_float_3_3
Parameters: 1 0.000294459 0.000316574 -0.00029354 0.999999 -0.00144909 -0.000317426 0.00144891 0.999999 -0.000544989 0.0522311 0.0694936
FixedParameters: 0 0 0

#Transform 265
Transform: AffineTransform_float_3_3
Parameters: 1 0.000453429 0.000331413 -0.000453571 0.999999 -0.00129415 -0.000331587 0.00129385 0.999999 -0.00390156 0.0634725 0.0234201
FixedParameters: 0 0 0

#Transform 266
Transform: AffineTransform_float_3_3
Parameters: 1 0.000442712 0.000380172 -0.000441288 0.999998 -0.00187117 -0.000380826 0.00187083 0.999998 -0.00291324 0.0616242 0.0527598
FixedParameters: 0 0 0

#Transform 267
Transform: AffineTransform_float_3_3
Parameters: 1 0.000294599 0.00047563 -0.000293401 0.999999 -0.00125814 -0.000476369 0.00125786 0.999999 -0.000707675 0.0357853 0.0808306
FixedParameters: 0 0 0

#Transform 268
Transform: AffineTransform_float_3_3
Parameters: 1 0.000294684 0.000436539 -0.000293317 0.999998 -0.00156513 -0.00043646 0.00156587 0.999998 -0.000459474 0.0770649 0.0702807
FixedParameters: 0 0 0

#Transform 269
Transform: AffineTransform_float_3_3
Parameters: 1 0.000294494 0.000313536 -0.000293506 0.999998 -0.00157609 -0.000313463 0.00157591 0.999998 -0.0035445 0.0341099 0.0377682
FixedParameters: 0 0 0

#Transform 270
Transform: AffineTransform_float_3_3
Parameters: 1 0.00029473 0.000380436 -0.000293271 0.999998 -0.00191611 -0.000380563 0.00191689 0.999998 -0.00518267 0.0588853 0.0589076
FixedParameters: 0 0 0

#Transform 271
Transform: AffineTransform_float_3_3
Parameters: 1 0.00029464 0.000380505 -0.00029336 0.999998 -0.00168211 -0.000380494 0.00168189 0.999998 -0.000782887 0.0572879 0.0621932
FixedParameters: 0 0 0

#Transform 272
Transform: AffineTransform_float_3_3
Parameters: 1 0.000294518 0.0003806 -0.000293482 0.999999 -0.00136011 -0.0003814 0.00136089 0.999999 -0.000120749 0.0394164 0.0632206
FixedParameters: 0 0 0

#Transform 273
Transform: AffineTransform_float_3_3
Parameters: 1 0.00043162 0.000380297 -0.00043138 0.999998 -0.00162916 -0.000380703 0.00162883 0.999998 -0.00246375 0.0704107 0.0363641
FixedParameters: 0 0 0

#Transform 274
Transform: AffineTransform_float_3_3
Parameters: 1 0.000499704 0.000380076 -0.000498296 0.999998 -0.00185119 -0.000380923 0.00185081 0.999998 -0.00456096 0.0605998 0.0491194
FixedParameters: 0 0 0

#Transform 275
Transform: AffineTransform_float_3_3
Parameters: 1 0.000294486 0.00032456 -0.000293513 0.999999 -0.00149609 -0.000325439 0.0014959 0.999999 0.000662852 0.0403939 0.0768674
FixedParameters: 0 0 0

#Transform 276
Transform: AffineTransform_float_3_3
Parameters: 1 0.000294616 0.000380524 -0.000293385 0.999998 -0.00161811 -0.000380475 0.00161789 0.999998 -0.00499547 0.072093 0.0282346
FixedParameters: 0 0 0

#Transform 277
Transform: AffineTransform_float_3_3
Parameters: 1 0.000294525 0.000273436 -0.000293476 0.999998 -0.00191608 -0.000273563 0.00191692 0.999998 -0.00126552 0.0568382 0.0620311
FixedParameters: 0 0 0

#Transform 278
Transform: AffineTransform_float_3_3
Parameters: 1 0.000294371 0.000276606 -0.00029363 0.999999 -0.00133908 -0.000276393 0.00133892 0.999999 6.05146e-05 0.0276939 0.0743333
FixedParameters: 0 0 0

#Transform 279
Transform: AffineTransform_float_3_3
Parameters: 1 0.00041263 0.000380317 -0.00041137 0.999998 -0.00165516 -0.000380681 0.00165484 0.999998 -0.00426354 0.0688966 0.0671495
FixedParameters: 0 0 0

#Transform 280
Transform: AffineTransform_float_3_3
Parameters: 1 0.000395649 0.000380326 -0.000395351 0.999998 -0.00170515 -0.000380674 0.00170485 0.999998 -0.00408296 0.0586599 0.0502323
FixedParameters: 0 0 0

#Transform 281
Transform: AffineTransform_float_3_3
Parameters: 1 0.000294616 0.000380524 -0.000293385 0.999998 -0.00161811 -0.000380475 0.00161789 0.999998 -0.00174796 0.0422787 0.0840812
FixedParameters: 0 0 0

#Transform 282
Transform: AffineTransform_float_3_3
Parameters: 1 0.000294543 0.00038058 -0.000293458 0.999999 -0.00142611 -0.000380419 0.00142589 0.999999 -0.00212222 0.0605369 0.100795
FixedParameters: 0 0 0

#Transform 283
Transform: AffineTransform_float_3_3
Parameters: 1 0.00029454 0.000380582 -0.00029346 0.999999 -0.00141911 -0.000380417 0.00141889 0.999999 -0.0050596 0.0366105 0.0526469
FixedParameters: 0 0 0

#Transform 284
Transform: AffineTransform_float_3_3
Parameters: 1 0.000294562 0.000380566 -0.000293439 0.999999 -0.00147611 -0.000380433 0.00147589 0.999999 -0.00132778 0.0500573 0.0654381
FixedParameters: 0 0 0

#Transform 285
Transform: AffineTransform_float_3_3
Parameters: 1 0.000294628 0.000380514 -0.000293372 0.999998 -0.00165111 -0.000380485 0.00165089 0.999998 0.000623535 0.0626412 0.0749165
FixedParameters: 0 0 0

#Transform 286
Transform: AffineTransform_float_3_3
Parameters: 1 0.000294457 0.000322583 -0.000293544 0.999999 -0.00141609 -0.000322416 0.00141591 0.999999 -0.00622164 0.0574357 0.0613648
FixedParameters: 0 0 0

#Transform 287
Transform: AffineTransform_float_3_3
Parameters: 1 0.000294694 0.000380464 -0.000293307 0.999999 -0.00182211 -0.000380535 0.00182189 0.999999 0.000215166 0.0564801 0.0524568
FixedParameters: 0 0 0

#Transform 288
Transform: AffineTransform_float_3_3
Parameters: 1 0.000294505 0.000330551 -0.000293494 0.999999 -0.0015261 -0.000331448 0.0015259 0.999999 0.000212174 0.0279359 0.0753485
FixedParameters: 0 0 0

#Transform 289
Transform: AffineTransform_float_3_3
Parameters: 1 0.000294519 0.000321525 -0.00029348 0.999998 -0.00161209 -0.000322473 0.0016119 0.999998 -0.0019414 0.0606788 0.0769479
FixedParameters: 0 0 0

#Transform 290
Transform: AffineTransform_float_3_3
Parameters: 1 0.000294327 0.00021355 -0.000293672 0.999999 -0.00152906 -0.000214449 0.00152894 0.999999 -0.000597021 0.0604544 0.0593541
FixedParameters: 0 0 0

#Transform 291
Transform: AffineTransform_float_3_3
Parameters: 1 0.000294425 0.000325616 -0.000293574 0.999999 -0.0013061 -0.000326384 0.0013059 0.999999 -0.00287094 0.0596659 0.0455465
FixedParameters: 0 0 0

#Transform 292
Transform: AffineTransform_float_3_3
Parameters: 1 0.000294893 0.000396337 -0.000293108 0.999998 -0.00225112 -0.000396661 0.00225089 0.999998 -0.000109113 0.0864351 0.0432314
FixedParameters: 0 0 0

#Transform 293
Transform: AffineTransform_float_3_3
Parameters: 1 0.000294698 0.000413503 -0.000293301 0.999998 -0.00168812 -0.000414495 0.00168788 0.999998 -0.000319516 0.0372863 0.0550751
FixedParameters: 0 0 0

#Transform 294
Transform: AffineTransform_float_3_3
Parameters: 1 0.000294677 0.000392493 -0.000293324 0.999999 -0.00172412 -0.000392506 0.00172389 0.999999 -0.000605858 0.0708621 0.0780661
FixedParameters: 0 0 0

#Transform 295
Transform: AffineTransform_float_3_3
Parameters: 1 0.000294589 0.000427595 -0.00029341 0.999999 -0.00137713 -0.000428404 0.00137687 0.999999 -0.000411152 0.0243991 0.0456977
FixedParameters: 0 0 0

#Transform 296
Transform: AffineTransform_float_3_3
Parameters: 1 0.000294472 0.000325574 -0.000293527 0.999999 -0.0014491 -0.000326426 0.0014499 0.999999 -0.0007944 0.0413468 0.0545351
FixedParameters: 0 0 0

#Transform 297
Transform: AffineTransform_float_3_3
Parameters: 1 0.000294757 0.000404449 -0.000293244 0.999998 -0.00187112 -0.000404549 0.00187088 0.999998 -0.00287041 0.0663648 0.0651861
FixedParameters: 0 0 0

#Transform 298
Transform: AffineTransform_float_3_3
Parameters: 1 0.000294568 0.000399581 -0.000293431 0.999999 -0.00142212 -0.000400418 0.00142188 0.999999 -0.0018761 0.040653 0.0740462
FixedParameters: 0 0 0

#Transform 299
Transform: AffineTransform_float_3_3
Parameters: 1 0.00029448 0.000410656 -0.00029352 1 -0.00116812 -0.000411343 0.00116888 0.999999 -0.000339147 0.0455199 0.0602501
FixedParameters: 0 0 0

#Transform 300
Transform: AffineTransform_float_3_3
Parameters: 1 0.000294714 0.000393466 -0.000293285 0.999999 -0.00181312 -0.000394532 0.00181289 0.999999 -6.55216e-05 0.0743115 0.0465267
FixedParameters: 0 0 0

#Transform 301
Transform: AffineTransform_float_3_3
Parameters: 1 0.000370297 0.000254569 -0.000370704 1 -0.0011651 -0.000254432 0.00116491 1 -0.000870446 0.0382816 0.0280564
FixedParameters: 0 0 0

#Transform 302
Transform: AffineTransform_float_3_3
Parameters: 1 0.000293984 -8.55712e-06 -0.000294017 0.999998 -0.001895 8.44285e-06 0.001895 0.999998 -0.000198298 0.0698289 0.0437874
FixedParameters: 0 0 0

#Transform 303
Transform: AffineTransform_float_3_3
Parameters: 1 0.000385456 0.000264337 -0.000385545 0.999999 -0.0017211 -0.000264664 0.0017209 0.999999 -0.0060373 0.0383266 0.0642807
FixedParameters: 0 0 0

#Transform 304
Transform: AffineTransform_float_3_3
Parameters: 1 0.000294513 0.00040763 -0.000293488 0.999999 -0.00125712 -0.000407369 0.00125688 0.999999 0.000144206 0.0417319 0.0839263
FixedParameters: 0 0 0

#Transform 305
Transform: AffineTransform_float_3_3
Parameters: 1 0.0002946 0.000361512 -0.000293399 0.999998 -0.0016581 -0.000362487 0.00165789 0.999998 -0.000287007 0.0697799 0.0377153
FixedParameters: 0 0 0

#Transform 306
Transform: AffineTransform_float_3_3
Parameters: 1 0.00038966 0.000428401 -0.000389341 0.999998 -0.00153917 -0.000428599 0.00153883 0.999998 -0.0016248 0.0261219 0.0663803
FixedParameters: 0 0 0

#Transform 307
Transform: AffineTransform_float_3_3
Parameters: 1 0.000294627 0.000413554 -0.000293372 0.999999 -0.00151512 -0.000414445 0.00151488 0.999999 -0.00161452 0.0567968 0.0726169
FixedParameters: 0 0 0

#Transform 308
Transform: AffineTransform_float_3_3
Parameters: 1 0.000294467 0.000301545 -0.000293534 0.999999 -0.00154709 -0.000301454 0.00154691 0.999999 -0.00353859 0.0663335 0.0706879
FixedParameters: 0 0 0

#Transform 309
Transform: AffineTransform_float_3_3
Parameters: 1 0.000294361 0.000289634 -0.000293639 0.999999 -0.00124509 -0.000290366 0.00124492 0.999999 -0.000476869 0.0430126 0.0482021
FixedParameters: 0 0 0

#Transform 310
Transform: AffineTransform_float_3_3
Parameters: 1 0.000294414 0.00025953 -0.000293586 0.999998 -0.00159608 -0.000259469 0.00159592 0.999998 -0.000540174 0.0702372 0.0300081
FixedParameters: 0 0 0

#Transform 311
Transform: AffineTransform_float_3_3
Parameters: 1 0.000294409 0.000246512 -0.000293592 0.999998 -0.00165807 -0.000246487 0.00165793 0.999998 0.000881149 0.0508712 0.054831
FixedParameters: 0 0 0

#Transform 312
Transform: AffineTransform_float_3_3
Parameters: 1 0.000294487 0.000345586 -0.000293512 0.999999 -0.0014081 -0.000346414 0.0014079 0.999999 -0.00310312 0.040833 0.0774102
FixedParameters: 0 0 0

#Transform 313
Transform: AffineTransform_float_3_3
Parameters: 1 0.000294524 0.000373587 -0.000293475 0.999999 -0.00140211 -0.000374412 0.00140189 0.999999 -0.00130098 0.0646844 0.0778726
FixedParameters: 0 0 0

#Transform 314
Transform: AffineTransform_float_3_3
Parameters: 1 0.000385651 0.000419402 -0.000385349 0.999998 -0.00155216 -0.000419598 0.00155184 0.999998 -0.00545528 0.0502252 0.039174
FixedParameters: 0 0 0

#Transform 315
Transform: AffineTransform_float_3_3
Parameters: 1 0.000294594 0.000416581 -0.000293407 0.999999 -0.00142512 -0.000416418 0.00142488 0.999999 -0.0022108 0.0500554 0.0329786
FixedParameters: 0 0 0

#Transform 316
Transform: AffineTransform_float_3_3
Parameters: 1 0.000294442 0.000305575 -0.000293557 0.999999 -0.00144509 -0.000306424 0.00144491 0.999999 0.000926117 0.0663673 0.0828791
FixedParameters: 0 0 0

#Transform 317
Transform: AffineTransform_float_3_3
Parameters: 1 0.000294553 0.000432624 -0.000293447 0.999999 -0.00127613 -0.000433375 0.00127687 0.999999 -0.00244734 0.0634192 0.0589861
FixedParameters: 0 0 0

#Transform 318
Transform: AffineTransform_float_3_3
Parameters: 1 0.000294363 0.000389726 -0.000293637 0.999999 -0.000931114 -0.000390273 0.000930884 0.999999 -0.000356518 0.044039 0.0664601
FixedParameters: 0 0 0

#Transform 319
Transform: AffineTransform_float_3_3
Parameters: 1 0.000294628 0.000438579 -0.000293373 0.999999 -0.00143013 -0.00043842 0.00143087 0.999999 -0.0028474 0.0872278 0.0716642
FixedParameters: 0 0 0

#Transform 320
Transform: AffineTransform_float_3_3
Parameters: 1 0.000362392 0.0003546 -0.000362608 1 -0.00110513 -0.000355401 0.00110487 1 -0.00708381 0.0491025 0.0711227
FixedParameters: 0 0 0

#Transform 321
Transform: AffineTransform_float_3_3
Parameters: 1 0.000473765 0.000403103 -0.000472235 0.999998 -0.00189519 -0.000403896 0.00189581 0.999998 -0.00604615 0.0848907 0.0458401
FixedParameters: 0 0 0

#Transform 322
Transform: AffineTransform_float_3_3
Parameters: 1 0.000294572 0.000421601 -0.000293429 0.999999 -0.00135612 -0.000421398 0.00135588 0.999999 -0.00158822 0.0305665 0.0656449
FixedParameters: 0 0 0

#Transform 323
Transform: AffineTransform_float_3_3
Parameters: 1 0.000294556 0.000409601 -0.000293443 0.999999 -0.00135712 -0.000410399 0.00135788 0.999999 -0.00186144 0.0739851 0.0750641
FixedParameters: 0 0 0

#Transform 324
Transform: AffineTransform_float_3_3
Parameters: 1 0.000294513 0.00036759 -0.000293487 0.999999 -0.00139411 -0.000368409 0.00139389 0.999999 -0.00024265 0.0616168 0.0227804
FixedParameters: 0 0 0

#Transform 325
Transform: AffineTransform_float_3_3
Parameters: 1 0.000294569 0.000464639 -0.00029343 0.999999 -0.00122514 -0.00046536 0.00122486 0.999999 0.000233163 0.0448541 0.0667303
FixedParameters: 0 0 0

#Transform 326
Transform: AffineTransform_float_3_3
Parameters: 1 0.000294678 0.00046457 -0.000293321 0.999999 -0.00145914 -0.000465429 0.00145986 0.999999 -0.00255463 0.051532 0.0909033
FixedParameters: 0 0 0

#Transform 327
Transform: AffineTransform_float_3_3
Parameters: 1 0.000294682 0.000464568 -0.000293317 0.999999 -0.00146814 -0.000465431 0.00146786 0.999999 -0.000393179 0.061883 0.0810341
FixedParameters: 0 0 0

#Transform 328
Transform: AffineTransform_float_3_3
Parameters: 1 0.000294422 0.000464733 -0.000293577 0.999999 -0.000908137 -0.000465267 0.000907863 1 0.000105938 0.0536071 0.060713
FixedParameters: 0 0 0

#Transform 329
Transform: AffineTransform_float_3_3
Parameters: 1 0.000294274 0.000196591 -0.000293727 0.999999 -0.00139006 -0.000196408 0.00138994 0.999999 0.00255101 0.0802408 0.0371678
FixedParameters: 0 0 0

#Transform 330
Transform: AffineTransform_float_3_3
Parameters: 1 0.000294435 0.000246482 -0.000293564 0.999999 -0.00176207 -0.000247518 0.00176193 0.999999 0.00037163 0.0630868 0.062479
FixedParameters: 0 0 0

#Transform 331
Transform: AffineTransform_float_3_3
Parameters: 0.999999 0.000294919 0.000654586 -0.00029308 0.999999 -0.00140419 -0.000655412 0.00140381 0.999999 -0.000470503 0.0616042 0.083867
FixedParameters: 0 0 0

#Transform 332
Transform: AffineTransform_float_3_3
Parameters: 1 0.000294589 0.000383548 -0.000293412 0.999999 -0.00153411 -0.00038345 0.00153389 0.999998 0.000393602 0.0978376 0.0631486
FixedParameters: 0 0 0

#Transform 333
Transform: AffineTransform_float_3_3
Parameters: 1 0.000294609 0.000408562 -0.000293391 0.999999 -0.00148912 -0.000409437 0.00148888 0.999999 0.00105652 0.0560042 0.057921
FixedParameters: 0 0 0

#Transform 334
Transform: AffineTransform_float_3_3
Parameters: 1 0.000294472 0.000372628 -0.000293528 0.999999 -0.00126511 -0.000373372 0.00126589 0.999999 0.000493133 0.0516333 0.0851096
FixedParameters: 0 0 0

#Transform 335
Transform: AffineTransform_float_3_3
Parameters: 1 0.00029455 0.000372566 -0.000293449 0.999999 -0.00147611 -0.000373433 0.00147589 0.999999 -0.000943437 0.0758739 0.0805622
FixedParameters: 0 0 0

#Transform 336
Transform: AffineTransform_float_3_3
Parameters: 1 0.00029455 0.000372566 -0.000293449 0.999999 -0.00147611 -0.000373433 0.00147589 0.999999 -0.00197249 0.0543237 0.0598628
FixedParameters: 0 0 0

#Transform 337
Transform: AffineTransform_float_3_3
Parameters: 1 0.000294462 0.000372636 -0.000293538 0.999999 -0.00123811 -0.000373364 0.00123789 0.999999 0.00085568 0.0586646 0.0649506
FixedParameters: 0 0 0

#Transform 338
Transform: AffineTransform_float_3_3
Parameters: 0.999999 0.00041587 0.000597395 -0.00041513 0.999999 -0.00145625 -0.000597605 0.00145575 0.999999 -0.00345048 0.0670579 0.0892712
FixedParameters: 0 0 0

#Transform 339
Transform: AffineTransform_float_3_3
Parameters: 1 0.000294446 0.000372648 -0.000293553 0.999999 -0.00119711 -0.000373352 0.00119689 0.999999 0.00454716 0.0387255 0.0658726
FixedParameters: 0 0 0

#Transform 340
Transform: AffineTransform_float_3_3
Parameters: 1 0.000294655 0.000372483 -0.000293344 0.999999 -0.00175711 -0.000373516 0.00175689 0.999999 0.000795939 0.0807616 0.0589499
FixedParameters: 0 0 0

#Transform 341
Transform: AffineTransform_float_3_3
Parameters: 0.999999 0.000294896 0.000719633 -0.000293103 0.999999 -0.00124521 -0.000720365 0.00124479 0.999999 0.000585895 0.0387551 0.0853169
FixedParameters: 0 0 0

#Transform 342
Transform: AffineTransform_float_3_3
Parameters: 0.999999 0.000294819 0.000702657 -0.000293181 1 -0.00116521 -0.000703342 0.00116479 0.999999 -0.00146458 0.0570344 0.0568772
FixedParameters: 0 0 0

#Transform 343
Transform: AffineTransform_float_3_3
Parameters: 1 0.000294847 0.000550547 -0.000293152 0.999999 -0.00153816 -0.000551451 0.00153784 0.999998 0.00104879 0.0583365 0.0507766
FixedParameters: 0 0 0

#Transform 344
Transform: AffineTransform_float_3_3
Parameters: 0.999999 0.000171051 0.000743759 -0.000169948 0.999999 -0.00141313 -0.00074424 0.00141287 0.999998 0.0021695 0.0546744 0.0810818
FixedParameters: 0 0 0

#Transform 345
Transform: AffineTransform_float_3_3
Parameters: 1 0.000294998 0.00062553 -0.000294002 0.999998 -0.00159618 -0.00062547 0.00159581 0.999998 -0.00141567 0.0666063 0.0683076
FixedParameters: 0 0 0

#Transform 346
Transform: AffineTransform_float_3_3
Parameters: 1 0.000294894 0.000632584 -0.000293107 0.999999 -0.00141319 -0.000632414 0.00141281 0.999999 -0.000361995 0.0461558 0.0722699
FixedParameters: 0 0 0

#Transform 347
Transform: AffineTransform_float_3_3
Parameters: 0.999999 0.000294804 0.00074068 -0.000293196 1 -0.00108522 -0.000741318 0.00108478 0.999999 0.00136422 0.0355815 0.0358944
FixedParameters: 0 0 0

#Transform 348
Transform: AffineTransform_float_3_3
Parameters: 0.999999 0.0002956 0.00081342 -0.000293402 0.999998 -0.00196524 -0.000813578 0.00196576 0.999997 -0.000737009 0.0653032 0.0548358
FixedParameters: 0 0 0

#Transform 349
Transform: AffineTransform_float_3_3
Parameters: 0.999999 0.000119119 0.000791832 -0.000117881 0.999999 -0.00141309 -0.000792167 0.00141291 0.999998 0.00466227 0.0343567 0.0881317
FixedParameters: 0 0 0

#Transform 350
Transform: AffineTransform_float_3_3
Parameters: 0.999999 0.000169156 0.000762744 -0.000167843 0.999999 -0.00151613 -0.000763255 0.00151587 0.999998 0.00175774 0.101851 0.0888507
FixedParameters: 0 0 0

#Transform 351
Transform: AffineTransform_float_3_3
Parameters: 0.999999 0.000294898 0.00080167 -0.000293101 1 -0.00112024 -0.000802328 0.00111976 0.999999 -0.000348468 0.0477459 0.0478708
FixedParameters: 0 0 0

#Transform 352
Transform: AffineTransform_float_3_3
Parameters: 0.999999 0.000295254 0.000792534 -0.000293745 0.999998 -0.00158223 -0.000793466 0.00158177 0.999999 0.00389454 0.075752 0.0406134
FixedParameters: 0 0 0

#Transform 353
Transform: AffineTransform_float_3_3
Parameters: 0.999999 0.000295538 0.000794429 -0.00029346 0.999998 -0.00193623 -0.000795569 0.00193577 0.999998 0.00397086 0.0653132 0.0443467
FixedParameters: 0 0 0

#Transform 354
Transform: AffineTransform_float_3_3
Parameters: 0.999999 9.23852e-05 0.000804842 -9.16144e-05 0.999998 -0.00172107 -0.000805159 0.00172093 0.999998 0.00650921 0.0480143 0.063895
FixedParameters: 0 0 0

#Transform 355
Transform: AffineTransform_float_3_3
Parameters: 0.999999 0.000295584 0.000862458 -0.000293417 0.999999 -0.00183625 -0.00086254 0.00183575 0.999998 -7.591e-06 0.09335 0.0775501
FixedParameters: 0 0 0

#Transform 356
Transform: AffineTransform_float_3_3
Parameters: 0.999999 0.000181102 0.000814755 -0.000179899 0.999999 -0.00135215 -0.000814243 0.00135185 0.999999 0.00347649 0.0443159 0.045413
FixedParameters: 0 0 0

#Transform 357
Transform: AffineTransform_float_3_3
Parameters: 1 0.000125052 0.000679807 -0.000123947 0.999999 -0.00154808 -0.000680192 0.00154791 0.999998 0.00916938 0.0355498 0.0607865
FixedParameters: 0 0 0

#Transform 358
Transform: AffineTransform_float_3_3
Parameters: 1 0.000171362 0.000652644 -0.000169637 0.999998 -0.00208611 -0.000653355 0.00208589 0.999997 0.00387602 0.0585714 0.0493857
FixedParameters: 0 0 0

#Transform 359
Transform: AffineTransform_float_3_3
Parameters: 1 0.0001188 0.000641852 -0.000118201 0.999999 -0.00124508 -0.000642148 0.00124592 0.999999 0.00423412 0.0367213 0.0872828
FixedParameters: 0 0 0

#Transform 360
Transform: AffineTransform_float_3_3
Parameters: 0.999999 0.000295686 0.000912455 -0.000293313 0.999999 -0.00184727 -0.000913543 0.00184673 0.999998 -0.00126122 0.0860445 0.0535497
FixedParameters: 0 0 0

#Transform 361
Transform: AffineTransform_float_3_3
Parameters: 1 0.000295173 0.000623446 -0.000293826 0.999998 -0.00188118 -0.000624554 0.00188082 0.999998 -0.00573381 0.0671803 0.0172923
FixedParameters: 0 0 0

#Transform 362
Transform: AffineTransform_float_3_3
Parameters: 0.999999 0.000160006 0.000713775 -0.000158994 0.999999 -0.00140911 -0.000714224 0.00140889 0.999999 0.00449172 0.0370836 0.0468525
FixedParameters: 0 0 0

#Transform 363
Transform: AffineTransform_float_3_3
Parameters: 0.999999 0.000104631 0.00076978 -0.00010237 0.999997 -0.00211908 -0.000769219 0.00211892 0.999998 0.00655411 0.0875948 0.0615572
FixedParameters: 0 0 0

#Transform 364
Transform: AffineTransform_float_3_3
Parameters: 1 5.61886e-05 0.0006599 -5.48112e-05 0.999999 -0.00180104 -0.0006601 0.00180096 0.999998 0.00858393 0.0530908 0.0685246
FixedParameters: 0 0 0

#Transform 365
Transform: AffineTransform_float_3_3
Parameters: 1 0.000294995 0.000627533 -0.000294005 0.999998 -0.00158418 -0.000628466 0.00158481 0.999998 0.00941351 0.0525915 0.0680144
FixedParameters: 0 0 0

#Transform 366
Transform: AffineTransform_float_3_3
Parameters: 1 0.000294728 0.000372425 -0.000293271 0.999998 -0.00195311 -0.000373573 0.00195289 0.999998 0.00880407 0.0828375 0.0710838
FixedParameters: 0 0 0

#Transform 367
Transform: AffineTransform_float_3_3
Parameters: 1 0.000130048 0.000653793 -0.000128951 0.999998 -0.00160308 -0.000654208 0.00160292 0.999999 0.0142473 0.0317907 0.0383086
FixedParameters: 0 0 0

#Transform 368
Transform: AffineTransform_float_3_3
Parameters: 0.999999 0.000112873 0.000786733 -0.000111126 0.999997 -0.00238109 -0.000787266 0.00238091 0.999997 0.0116717 0.0723853 0.0704365
FixedParameters: 0 0 0

#Transform 369
Transform: AffineTransform_float_3_3
Parameters: 0.999999 0.000295824 0.00080333 -0.000293176 0.999998 -0.00227024 -0.000803667 0.00226976 0.999997 0.0116212 0.0628378 0.052549
FixedParameters: 0 0 0

#Transform 370
Transform: AffineTransform_float_3_3
Parameters: 0.999999 0.000122602 0.000867775 -0.000120399 0.999999 -0.00184611 -0.000867223 0.00184589 0.999998 0.0107251 0.0423991 0.0407245
FixedParameters: 0 0 0

#Transform 371
Transform: AffineTransform_float_3_3
Parameters: 0.999999 0.000295804 0.000784322 -0.000293197 0.999998 -0.00229823 -0.000784676 0.00229877 0.999997 0.0122391 0.0629866 0.052035
FixedParameters: 0 0 0

#Transform 372
Transform: AffineTransform_float_3_3
Parameters: 0.999999 3.8248e-05 0.000942911 -3.57518e-05 0.999997 -0.00238403 -0.000943087 0.00238396 0.999996 0.0121878 0.0417129 0.0574509
FixedParameters: 0 0 0

#Transform 373
Transform: AffineTransform_float_3_3
Parameters: 1 6.59134e-05 0.00101988 -6.40864e-05 0.999998 -0.00187607 -0.00102012 0.00187593 0.999997 0.0124913 0.0349634 0.081468
FixedParameters: 0 0 0

#Transform 374
Transform: AffineTransform_float_3_3
Parameters: 0.999999 4.40126e-05 0.00078489 -4.19871e-05 0.999996 -0.00256403 -0.00078511 0.00256397 0.999997 0.0229032 0.0869809 0.0688929
FixedParameters: 0 0 0

#Transform 375
Transform: AffineTransform_float_3_3
Parameters: 0.999999 -0.00045134 0.001202 0.000453661 0.999998 -0.00221446 -0.001201 0.00221454 0.999997 0.0444504 0.0519339 0.0311504
FixedParameters: 0 0 0

#Transform 376
Transform: AffineTransform_float_3_3
Parameters: 1 -0.000144471 0.00120143 0.000147528 0.999995 -0.00293782 -0.00120057 0.00293817 0.999995 0.0201199 0.0527831 0.0429242
FixedParameters: 0 0 0

#Transform 377
Transform: AffineTransform_float_3_3
Parameters: 1 -2.22568e-06 0.00120101 4.77431e-06 0.999998 -0.00231 -0.00120099 0.00231 0.999996 0.0120319 0.0267477 0.0499935
FixedParameters: 0 0 0

#Transform 378
Transform: AffineTransform_float_3_3
Parameters: 0.999999 3.93597e-05 0.00139691 -3.56401e-05 0.999997 -0.00240505 -0.00139709 0.00240495 0.999996 0.011076 0.0711766 0.0204826
FixedParameters: 0 0 0

#Transform 379
Transform: AffineTransform_float_3_3
Parameters: 1 8.27621e-05 0.00120081 -8.02375e-05 0.999998 -0.0023001 -0.00120119 0.0022999 0.999996 0.0103258 0.0592496 0.024352
FixedParameters: 0 0 0

#Transform 380
Transform: AffineTransform_float_3_3
Parameters: 1 -0.000145225 0.00120134 0.000147774 0.999998 -0.00230982 -0.00120066 0.00231018 0.999996 0.0175264 0.0531591 0.0366769
FixedParameters: 0 0 0

#Transform 381
Transform: AffineTransform_float_3_3
Parameters: 1 -6.64495e-05 0.0012012 7.05498e-05 0.999995 -0.00295592 -0.0012008 0.00295608 0.999995 0.0147469 0.07288 0.013202
FixedParameters: 0 0 0

#Transform 382
Transform: AffineTransform_float_3_3
Parameters: 0.999999 -1.01614e-05 0.000838024 1.18385e-05 0.999997 -0.00219399 -0.000837976 0.00219401 0.999997 0.00956949 0.0521832 0.0495429
FixedParameters: 0 0 0

#Transform 383
Transform: AffineTransform_float_3_3
Parameters: 0.999999 -0.000144742 0.00129137 0.000148258 0.999997 -0.00252381 -0.00129063 0.00252319 0.999996 0.0137721 0.0939163 0.00652797
FixedParameters: 0 0 0

#Transform 384
Transform: AffineTransform_float_3_3
Parameters: 1 -0.000145374 0.00110835 0.000147626 0.999997 -0.00236984 -0.00110765 0.00237016 0.999996 0.0159698 0.0365939 0.0284246
FixedParameters: 0 0 0

#Transform 385
Transform: AffineTransform_float_3_3
Parameters: 1 -0.000145576 0.0011853 0.000148423 0.999998 -0.00204483 -0.0011847 0.00204517 0.999997 0.0253752 0.0339021 0.0588435
FixedParameters: 0 0 0

#Transform 386
Transform: AffineTransform_float_3_3
Parameters: 1 -2.61381e-05 0.00120707 2.88617e-05 0.999997 -0.00237097 -0.00120694 0.00237103 0.999997 0.0152973 0.0731349 0.0537649
FixedParameters: 0 0 0

#Transform 387
Transform: AffineTransform_float_3_3
Parameters: 1 -7.41656e-05 0.00113519 7.68338e-05 0.999997 -0.00249691 -0.00113481 0.00249709 0.999996 0.0173923 0.032464 0.0208433
FixedParameters: 0 0 0

#Transform 388
Transform: AffineTransform_float_3_3
Parameters: 0.999999 -0.000145884 0.000863359 0.000148115 0.999997 -0.00245087 -0.000862639 0.00245113 0.999996 0.0266499 0.0577954 0.0453935
FixedParameters: 0 0 0

#Transform 389
Transform: AffineTransform_float_3_3
Parameters: 0.999999 -0.000144356 0.00127642 0.000147645 0.999996 -0.00285481 -0.00127658 0.00285519 0.999995 0.0126935 0.0778566 0.0340971
FixedParameters: 0 0 0

#Transform 390
Transform: AffineTransform_float_3_3
Parameters: 0.999999 -0.000145317 0.0013103 0.000147684 0.999998 -0.00204881 -0.0013097 0.00204819 0.999997 0.0133734 0.0422341 0.0506578
FixedParameters: 0 0 0

#Transform 391
Transform: AffineTransform_float_3_3
Parameters: 0.999999 -6.12119e-05 0.00131218 6.47874e-05 0.999996 -0.00288692 -0.00131182 0.00288708 0.999995 0.00969133 0.0963276 0.016713
FixedParameters: 0 0 0

#Transform 392
Transform: AffineTransform_float_3_3
Parameters: 0.999999 -5.40291e-05 0.00131812 5.69706e-05 0.999998 -0.00225393 -0.00131787 0.00225407 0.999996 0.0111232 0.0634127 0.0621868
FixedParameters: 0 0 0

#Transform 393
Transform: AffineTransform_float_3_3
Parameters: 0.999999 -0.000144492 0.00131839 0.000147509 0.999997 -0.00266081 -0.00131861 0.00266119 0.999995 0.0153824 0.0781155 0.0221805
FixedParameters: 0 0 0

#Transform 394
Transform: AffineTransform_float_3_3
Parameters: 0.999999 -0.000144425 0.0013184 0.000147577 0.999997 -0.00271181 -0.00131861 0.00271219 0.999996 0.0119453 0.0525482 0.0344587
FixedParameters: 0 0 0

#Transform 395
Transform: AffineTransform_float_3_3
Parameters: 0.999999 -0.000145702 0.00131826 0.000148297 0.999998 -0.0017428 -0.00131774 0.00174319 0.999997 0.0136785 0.0240626 0.0443235
FixedParameters: 0 0 0

#Transform 396
Transform: AffineTransform_float_3_3
Parameters: 0.999999 -0.000144895 0.00126036 0.000148107 0.999997 -0.00246382 -0.00126064 0.00246418 0.999996 0.0182815 0.0696967 0.037323
FixedParameters: 0 0 0

#Transform 397
Transform: AffineTransform_float_3_3
Parameters: 0.999999 -0.000144052 0.00131844 0.00014795 0.999995 -0.00299481 -0.00131856 0.00299519 0.999994 0.016438 0.071723 0.00751547
FixedParameters: 0 0 0

#Transform 398
Transform: AffineTransform_float_3_3
Parameters: 0.999999 -0.000144749 0.00131836 0.000148252 0.999997 -0.00246581 -0.00131864 0.00246619 0.999996 0.0163948 0.0390544 0.0423792
FixedParameters: 0 0 0

#Transform 399
Transform: AffineTransform_float_3_3
Parameters: 1 -5.41152e-05 0.00121113 5.68868e-05 0.999997 -0.00238193 -0.00121187 0.00238207 0.999997 0.0126152 0.0770531 0.0252163
FixedParameters: 0 0 0

#Transform 400
Transform: AffineTransform_float_3_3
Parameters: 1 -2.97669e-05 0.00116009 3.32328e-05 0.999996 -0.00278696 -0.00115991 0.00278704 0.999996 0.0103192 0.0786243 0.00555835
FixedParameters: 0 0 0

#Transform 401
Transform: AffineTransform_float_3_3
Parameters: 1 -5.51514e-05 0.00115614 5.78482e-05 0.999997 -0.00246394 -0.00115586 0.00246407 0.999997 0.0118011 0.0396339 0.0317043
FixedParameters: 0 0 0

#Transform 402
Transform: AffineTransform_float_3_3
Parameters: 0.999999 7.54984e-05 0.000956806 -7.25009e-05 0.999996 -0.00261107 -0.000957192 0.00261093 0.999996 0.0123261 0.0987161 0.0226324
FixedParameters: 0 0 0

#Transform 403
Transform: AffineTransform_float_3_3
Parameters: 1 4.16574e-05 0.00100689 -3.83424e-05 0.999997 -0.00263904 -0.00100711 0.00263896 0.999996 0.00938292 0.0543721 0.0163621
FixedParameters: 0 0 0

#Transform 404
Transform: AffineTransform_float_3_3
Parameters: 0.999999 4.53818e-05 0.00131789 -4.16178e-05 0.999996 -0.00256606 -0.00131811 0.00256594 0.999996 0.00723295 0.063754 0.0326583
FixedParameters: 0 0 0

#Transform 405
Transform: AffineTransform_float_3_3
Parameters: 1 8.84568e-05 0.00118575 -8.45424e-05 0.999995 -0.0029151 -0.00118625 0.0029149 0.999995 0.00659643 0.106817 0.0452031
FixedParameters: 0 0 0

#Transform 406
Transform: AffineTransform_float_3_3
Parameters: 0.999999 0.000102533 0.000975737 -0.000100466 0.999996 -0.0025961 -0.000976264 0.0025959 0.999996 0.0120195 0.0421852 0.00259863
FixedParameters: 0 0 0

#Transform 407
Transform: AffineTransform_float_3_3
Parameters: 0.999999 7.37695e-05 0.000945788 -7.12307e-05 0.999995 -0.00292707 -0.000946212 0.00292793 0.999996 0.00482309 0.0688426 0.0244485
FixedParameters: 0 0 0

#Transform 408
Transform: AffineTransform_float_3_3
Parameters: 1 0.000222967 0.00108339 -0.000220034 0.999996 -0.00273824 -0.00108361 0.00273776 0.999995 0.00166189 0.0436483 0.0519651
FixedParameters: 0 0 0

#Transform 409
Transform: AffineTransform_float_3_3
Parameters: 1 8.33574e-05 0.000983803 -8.16421e-05 0.999997 -0.00239608 -0.000984199 0.00239592 0.999996 0.00699745 0.047008 -0.00400585
FixedParameters: 0 0 0

#Transform 410
Transform: AffineTransform_float_3_3
Parameters: 0.999999 0.000101464 0.000899725 -9.85381e-05 0.999996 -0.00273809 -0.000899273 0.00273791 0.999996 0.005087 0.090187 0.024147
FixedParameters: 0 0 0

#Transform 411
Transform: AffineTransform_float_3_3
Parameters: 0.999999 0.00014065 0.000967618 -0.000138349 0.999996 -0.00273814 -0.000968382 0.00273787 0.999996 0.00633894 0.0738827 0.0240318
FixedParameters: 0 0 0

#Transform 412
Transform: AffineTransform_float_3_3
Parameters: 0.999999 8.52447e-05 0.000892789 -8.27546e-05 0.999997 -0.00251408 -0.000893211 0.00251393 0.999997 0.0106437 0.0499623 0.0205158
FixedParameters: 0 0 0

#Transform 413
Transform: AffineTransform_float_3_3
Parameters: 0.999999 0.000196373 0.000886477 -0.000193628 0.999997 -0.00267617 -0.000886521 0.00267583 0.999996 0.00898987 0.100821 0.0427572
FixedParameters: 0 0 0

#Transform 414
Transform: AffineTransform_float_3_3
Parameters: 0.999999 0.000105425 0.000885714 -0.000102574 0.999996 -0.00273809 -0.000886284 0.00273791 0.999996 0.0106663 0.0687497 0.0086337
FixedParameters: 0 0 0

#Transform 415
Transform: AffineTransform_float_3_3
Parameters: 1 2.37944e-05 0.00111594 -2.12055e-05 0.999997 -0.00250403 -0.00111606 0.00250398 0.999996 0.00725845 0.0419067 0.0289042
FixedParameters: 0 0 0

#Transform 416
Transform: AffineTransform_float_3_3
Parameters: 0.999999 3.68342e-06 0.000924993 -3.1656e-07 0.999996 -0.002901 -0.000925005 0.002901 0.999996 0.00674428 0.0981699 0.040035
FixedParameters: 0 0 0

#Transform 417
Transform: AffineTransform_float_3_3
Parameters: 0.999999 9.65021e-05 0.000913739 -9.34971e-05 0.999996 -0.00273809 -0.000914259 0.00273791 0.999996 0.00614551 0.0746789 0.015039
FixedParameters: 0 0 0

#Transform 418
Transform: AffineTransform_float_3_3
Parameters: 0.999999 3.84257e-05 0.000885898 -3.6574e-05 0.999997 -0.00273803 -0.000886103 0.00273797 0.999996 0.00856181 0.0427506 0.0275114
FixedParameters: 0 0 0

#Transform 419
Transform: AffineTransform_float_3_3
Parameters: 0.999999 2.4486e-05 0.000907936 -2.25138e-05 0.999997 -0.00273802 -0.000908065 0.00273798 0.999996 0.00604827 0.0854484 0.0223568
FixedParameters: 0 0 0

#Transform 420
Transform: AffineTransform_float_3_3
Parameters: 0.999999 0.000169561 0.00102258 -0.00016644 0.999997 -0.00250417 -0.00102242 0.00250383 0.999997 0.00146617 0.0692084 -0.00616729
FixedParameters: 0 0 0

#Transform 421
Transform: AffineTransform_float_3_3
Parameters: 1 -3.32506e-05 0.00112409 3.67492e-05 0.999997 -0.00244596 -0.00112391 0.00244604 0.999997 0.0126868 0.0633579 0.0418568
FixedParameters: 0 0 0

#Transform 422
Transform: AffineTransform_float_3_3
Parameters: 0.999999 6.87319e-05 0.00105883 -6.62675e-05 0.999996 -0.00258007 -0.00105917 0.00257993 0.999996 0.00638407 0.0989498 0.0317477
FixedParameters: 0 0 0

#Transform 423
Transform: AffineTransform_float_3_3
Parameters: 1 7.14333e-05 0.00112385 -6.85663e-05 0.999997 -0.00216508 -0.00112415 0.00216492 0.999997 0.0070538 0.064431 0.0325462
FixedParameters: 0 0 0

#Transform 424
Transform: AffineTransform_float_3_3
Parameters: 1 1.76155e-05 0.00112396 -1.43844e-05 0.999998 -0.00232702 -0.00112404 0.00232698 0.999996 0.0116925 0.0972728 0.0246513
FixedParameters: 0 0 0

#Transform 425
Transform: AffineTransform_float_3_3
Parameters: 0.999999 5.17122e-06 0.000792989 -2.82875e-06 0.999997 -0.002738 -0.00079301 0.002738 0.999996 0.0139445 0.0897641 0.0238144
FixedParameters: 0 0 0

#Transform 426
Transform: AffineTransform_float_3_3
Parameters: 1 7.40076e-06 0.00104699 -4.59921e-06 0.999998 -0.00229301 -0.00104701 0.00229299 0.999997 0.0158759 0.0630904 0.0400878
FixedParameters: 0 0 0

#Transform 427
Transform: AffineTransform_float_3_3
Parameters: 0.999999 0.000117737 0.000940661 -0.000115262 0.999996 -0.00290911 -0.000941339 0.00290889 0.999996 0.0102656 0.105497 0.0236853
FixedParameters: 0 0 0

#Transform 428
Transform: AffineTransform_float_3_3
Parameters: 1 8.54608e-05 0.0010248 -8.35387e-05 0.999997 -0.00240109 -0.0010252 0.00240091 0.999996 0.00985011 0.0512178 0.0428872
FixedParameters: 0 0 0

#Transform 429
Transform: AffineTransform_float_3_3
Parameters: 0.999999 5.39252e-06 0.00100399 -2.60745e-06 0.999997 -0.002383 -0.00100401 0.002383 0.999996 0.0132864 0.051768 0.0251648
FixedParameters: 0 0 0

#Transform 430
Transform: AffineTransform_float_3_3
Parameters: 1 0.000110023 0.00102268 -0.000106978 0.999995 -0.00295611 -0.00102232 0.00295589 0.999995 0.00806811 0.0917012 0.0138772
FixedParameters: 0 0 0

#Transform 431
Transform: AffineTransform_float_3_3
Parameters: 1 1.66182e-05 0.00099096 -1.33817e-05 0.999997 -0.00264202 -0.000991039 0.00264199 0.999996 0.0137839 0.0515145 0.0448943
FixedParameters: 0 0 0

#Transform 432
Transform: AffineTransform_float_3_3
Parameters: 1 1.98201e-05 0.00102995 -1.71798e-05 0.999997 -0.00273802 -0.00103005 0.00273798 0.999995 0.0112675 0.0852766 0.0427768
FixedParameters: 0 0 0

#Transform 433
Transform: AffineTransform_float_3_3
Parameters: 1 9.09746e-05 0.000991732 -8.80245e-05 0.999995 -0.00299909 -0.000992269 0.00299891 0.999995 0.0137611 0.0919932 0.0274346
FixedParameters: 0 0 0

#Transform 434
Transform: AffineTransform_float_3_3
Parameters: 0.999999 2.55545e-05 0.000988937 -2.24453e-05 0.999996 -0.00258302 -0.000989061 0.00258298 0.999996 0.0140311 0.0627442 0.0281356
FixedParameters: 0 0 0

#Transform 435
Transform: AffineTransform_float_3_3
Parameters: 1 6.24302e-05 0.00112381 -5.85693e-05 0.999996 -0.00305207 -0.00112418 0.00305193 0.999994 0.00910487 0.100501 0.0428353
FixedParameters: 0 0 0

#Transform 436
Transform: AffineTransform_float_3_3
Parameters: 1 7.0837e-06 0.00103098 -4.91624e-06 0.999995 -0.00299101 -0.00103102 0.00299099 0.999995 0.0144797 0.0640019 0.0145116
FixedParameters: 0 0 0

#Transform 437
Transform: AffineTransform_float_3_3
Parameters: 1 -3.10278e-05 0.00104109 3.39719e-05 0.999996 -0.00285497 -0.00104091 0.00285503 0.999996 0.0128264 0.0635464 0.0503729
FixedParameters: 0 0 0

#Transform 438
Transform: AffineTransform_float_3_3
Parameters: 1 6.99944e-05 0.0010088 -6.7006e-05 0.999995 -0.00296707 -0.0010092 0.00296793 0.999995 0.00721772 0.0757163 0.0424691
FixedParameters: 0 0 0

#Transform 439
Transform: AffineTransform_float_3_3
Parameters: 1 5.77087e-05 0.00112387 -5.5291e-05 0.999997 -0.00241007 -0.00112414 0.00240994 0.999997 0.00816966 0.0616076 0.0320891
FixedParameters: 0 0 0

#Transform 440
Transform: AffineTransform_float_3_3
Parameters: 1 0.000122231 0.00112365 -0.000119771 0.999996 -0.00287514 -0.00112335 0.00287486 0.999995 0.00777661 0.120282 0.0504005
FixedParameters: 0 0 0

#Transform 441
Transform: AffineTransform_float_3_3
Parameters: 1 9.67704e-05 0.00103475 -9.3229e-05 0.999997 -0.0026771 -0.00103525 0.0026769 0.999996 0.00903098 0.0549115 0.0239971
FixedParameters: 0 0 0

#Transform 442
Transform: AffineTransform_float_3_3
Parameters: 1 -2.19415e-05 0.00103507 2.50583e-05 0.999995 -0.00295497 -0.00103493 0.00295502 0.999995 0.0113902 0.0679332 0.0407837
FixedParameters: 0 0 0

#Transform 443
Transform: AffineTransform_float_3_3
Parameters: 1 0.000184082 0.0011235 -0.000180919 0.999996 -0.0027432 -0.0011235 0.00274279 0.999995 0.00490056 0.0726627 0.0686011
FixedParameters: 0 0 0

#Transform 444
Transform: AffineTransform_float_3_3
Parameters: 1 6.66379e-05 0.00112385 -6.43618e-05 0.999997 -0.00234707 -0.00112415 0.00234693 0.999996 0.0106089 0.0582569 0.0314488
FixedParameters: 0 0 0

#Transform 445
Transform: AffineTransform_float_3_3
Parameters: 1 -7.15543e-06 0.00103102 9.8445e-06 0.999996 -0.00275899 -0.00103098 0.00275901 0.999995 0.0113905 0.0865136 0.0391942
FixedParameters: 0 0 0

#Transform 446
Transform: AffineTransform_float_3_3
Parameters: 1 8.13896e-05 0.00112376 -7.86097e-05 0.999996 -0.00301609 -0.00112424 0.00301591 0.999995 0.00801728 0.0852849 0.00380448
FixedParameters: 0 0 0

#Transform 447
Transform: AffineTransform_float_3_3
Parameters: 1 4.73077e-05 0.00112387 -4.36918e-05 0.999995 -0.00294305 -0.00112413 0.00294295 0.999995 0.00327275 0.0869261 0.0303415
FixedParameters: 0 0 0

#Transform 448
Transform: AffineTransform_float_3_3
Parameters: 1 3.6626e-05 0.00104491 -3.43738e-05 0.999997 -0.00251304 -0.00104509 0.00251296 0.999997 0.00511151 0.0578773 0.0638382
FixedParameters: 0 0 0

#Transform 449
Transform: AffineTransform_float_3_3
Parameters: 1 6.59573e-05 0.00101581 -6.30421e-05 0.999996 -0.00291107 -0.00101619 0.00291093 0.999995 0.00768125 0.106093 0.0252538
FixedParameters: 0 0 0

#Transform 450
Transform: AffineTransform_float_3_3
Parameters: 1 0.000133856 0.00109766 -0.000131145 0.999996 -0.00260214 -0.00109735 0.00260185 0.999996 0.00513789 0.0749001 0.0501892
FixedParameters: 0 0 0

#Transform 451
Transform: AffineTransform_float_3_3
Parameters: 1 0.000117156 0.00104076 -0.000114844 0.999998 -0.00207112 -0.00104124 0.00207088 0.999998 0.00979229 0.0873418 0.0853805
FixedParameters: 0 0 0

#Transform 452
Transform: AffineTransform_float_3_3
Parameters: 1 0.000214107 0.0011074 -0.000210894 0.999996 -0.00280524 -0.0011076 0.00280477 0.999996 0.00785079 0.0862582 0.0208482
FixedParameters: 0 0 0

#Transform 453
Transform: AffineTransform_float_3_3
Parameters: 0.999999 2.18832e-06 0.000966997 1.88327e-07 0.999998 -0.002263 -0.000967002 0.002263 0.999997 0.0147853 0.0631579 0.0727979
FixedParameters: 0 0 0
