#Insight Transform File V1.0
#Transform 0
Transform: AffineTransform_float_3_3
Parameters: 1 -0.000556015 6.98788e-05 0.000555985 1 0.000218039 -7.01212e-05 -0.000217961 1 -0.00523104 -0.00248771 0.00421258
FixedParameters: 0 0 0

#Transform 1
Transform: AffineTransform_float_3_3
Parameters: 1 -0.000469 -1.05056e-07 0.000469 1 0.000224 -1.05056e-07 -0.000224 1 -0.00876949 0.0159763 0.0215564
FixedParameters: 0 0 0

#Transform 2
Transform: AffineTransform_float_3_3
Parameters: 1 -0.000245 -1.5925e-08 0.000245 1 6.5e-05 -1.5925e-08 -6.5e-05 1 -0.00672246 0.0222789 -0.00432645
FixedParameters: 0 0 0

#Transform 3
Transform: AffineTransform_float_3_3
Parameters: 1 -0.000549 0.000116 0.000549 1 6.3684e-08 -0.000116 6.3684e-08 1 -0.00467556 0.00406729 0.0163137
FixedParameters: 0 0 0

#Transform 4
Transform: AffineTransform_float_3_3
Parameters: 1 -0.000235 4.3005e-08 0.000235 1 -0.000183 4.3005e-08 0.000183 1 -0.00488263 0.0154713 0.00600583
FixedParameters: 0 0 0

#Transform 5
Transform: AffineTransform_float_3_3
Parameters: 1 -0.000420015 0.000166961 0.000419984 1 9.30701e-05 -0.000167039 -9.29298e-05 1 -0.00533224 0.0135525 0.0180733
FixedParameters: 0 0 0

#Transform 6
Transform: AffineTransform_float_3_3
Parameters: 1 -0.000264 0 0.000264 1 0 0 0 1 -0.0060179 0.0185718 0.014133
FixedParameters: 0 0 0

#Transform 7
Transform: AffineTransform_float_3_3
Parameters: 1 -0.000247 0 0.000247 1 0 0 0 1 -0.0112671 0.0164141 0.01631
FixedParameters: 0 0 0

#Transform 8
Transform: AffineTransform_float_3_3
Parameters: 1 -7.5e-05 4.2e-09 7.5e-05 1 -5.6e-05 4.2e-09 5.6e-05 1 -0.0152481 0.0142147 -0.0038712
FixedParameters: 0 0 0

#Transform 9
Transform: AffineTransform_float_3_3
Parameters: 1 -0.000238 -6.8306e-08 0.000238 1 0.000287 -6.8306e-08 -0.000287 1 -0.00876557 0.00658499 0.0153461
FixedParameters: 0 0 0

#Transform 10
Transform: AffineTransform_float_3_3
Parameters: 1 -0.000184 -3.2384e-08 0.000184 1 0.000176 -3.2384e-08 -0.000176 1 -0.0089841 0.000571108 0.0177969
FixedParameters: 0 0 0

#Transform 11
Transform: AffineTransform_float_3_3
Parameters: 1 -0.00017103 0.00010095 0.00017097 1 0.000293017 -0.00010105 -0.000292983 1 -0.00379911 0.00995163 0.00305695
FixedParameters: 0 0 0

#Transform 12
Transform: AffineTransform_float_3_3
Parameters: 1 -0.000289 -3.757e-08 0.000289 1 0.00013 -3.757e-08 -0.00013 1 0.000590328 -0.00804773 -0.000223953
FixedParameters: 0 0 0

#Transform 13
Transform: AffineTransform_float_3_3
Parameters: 1 -0.000246 -3.936e-08 0.000246 1 0.00016 -3.936e-08 -0.00016 1 0.00483146 0.010353 0.00843434
FixedParameters: 0 0 0

#Transform 14
Transform: AffineTransform_float_3_3
Parameters: 1 -7.8e-05 0.000104 7.8e-05 1 8.112e-09 -0.000104 8.112e-09 1 -0.00520526 0.00462088 -0.00271484
FixedParameters: 0 0 0

#Transform 15
Transform: AffineTransform_float_3_3
Parameters: 1 -0.000233 -7.0366e-08 0.000233 1 0.000302 -7.0366e-08 -0.000302 1 -0.00135574 0.0117614 0.0122345
FixedParameters: 0 0 0

#Transform 16
Transform: AffineTransform_float_3_3
Parameters: 1 -0.000185 0 0.000185 1 0 0 0 1 -0.00370002 0.00553184 -0.013895
FixedParameters: 0 0 0

#Transform 17
Transform: AffineTransform_float_3_3
Parameters: 1 -0.000307 -6.5698e-08 0.000307 1 0.000214 -6.5698e-08 -0.000214 1 0.00601984 0.0135594 0.0074361
FixedParameters: 0 0 0

#Transform 18
Transform: AffineTransform_float_3_3
Parameters: 1 -9.7e-05 7.6e-05 9.7e-05 1 7.372e-09 -7.6e-05 7.372e-09 1 -0.00769528 0.0056813 -0.00269846
FixedParameters: 0 0 0

#Transform 19
Transform: AffineTransform_float_3_3
Parameters: 1 -9.7e-05 0 9.7e-05 1 0 0 0 1 -0.00683431 0.0134694 6.6e-05
FixedParameters: 0 0 0

#Transform 20
Transform: AffineTransform_float_3_3
Parameters: 1 0.000239 0 -0.000239 1 0 0 0 1 -0.00473947 -0.00614082 0.00295
FixedParameters: 0 0 0

#Transform 21
Transform: AffineTransform_float_3_3
Parameters: 1 -7.9e-05 -2.3542e-08 7.9e-05 1 0.000298 -2.3542e-08 -0.000298 1 0.00151213 0.0109985 0.0126187
FixedParameters: 0 0 0

#Transform 22
Transform: AffineTransform_float_3_3
Parameters: 1 -6e-05 0 6e-05 1 0 0 0 1 0.00120324 -0.00395179 -0.002749
FixedParameters: 0 0 0

#Transform 23
Transform: AffineTransform_float_3_3
Parameters: 1 -0.000186 -8.5e-05 0.000186 1 -1.581e-08 8.5e-05 -1.581e-08 1 0.00673938 0.0222514 0.00841919
FixedParameters: 0 0 0

#Transform 24
Transform: AffineTransform_float_3_3
Parameters: 1 -6.3e-05 0 6.3e-05 1 0 0 0 1 0.00121034 0.0104851 0.019196
FixedParameters: 0 0 0

#Transform 25
Transform: AffineTransform_float_3_3
Parameters: 1 -1.1e-05 -6.2e-05 1.1e-05 1 -6.82e-10 6.2e-05 -6.82e-10 1 0.00087195 0.0185898 -0.00276757
FixedParameters: 0 0 0

#Transform 26
Transform: AffineTransform_float_3_3
Parameters: 1 -5.1e-05 -3.366e-09 5.1e-05 1 6.6e-05 -3.366e-09 -6.6e-05 1 0.00100079 0.00407418 0.00618173
FixedParameters: 0 0 0

#Transform 27
Transform: AffineTransform_float_3_3
Parameters: 1 1.2e-05 0 -1.2e-05 1 0 0 0 1 -0.000226777 0.0186286 0.004494
FixedParameters: 0 0 0

#Transform 28
Transform: AffineTransform_float_3_3
Parameters: 1 -0.000142 -1.5904e-08 0.000142 1 0.000112 -1.5904e-08 -0.000112 1 0.00282814 -0.000960543 0.0134721
FixedParameters: 0 0 0

#Transform 29
Transform: AffineTransform_float_3_3
Parameters: 1 2.50113e-05 -8.89968e-05 -2.49887e-05 1 0.000127002 8.90032e-05 -0.000126998 1 -0.00371651 0.0171132 0.0117496
FixedParameters: 0 0 0

#Transform 30
Transform: AffineTransform_float_3_3
Parameters: 1 -7.4e-05 0 7.4e-05 1 0 0 0 1 -0.00424081 0.0109905 0.006711
FixedParameters: 0 0 0

#Transform 31
Transform: AffineTransform_float_3_3
Parameters: 1 9.7e-05 0 -9.7e-05 1 0 0 0 1 -0.0092102 0.0185978 -0.044062
FixedParameters: 0 0 0

#Transform 32
Transform: AffineTransform_float_3_3
Parameters: 1 -0.000153 -5.4774e-08 0.000153 1 0.000358 -5.4774e-08 -0.000358 1 0.000361231 -0.0145737 0.00527022
FixedParameters: 0 0 0

#Transform 33
Transform: AffineTransform_float_3_3
Parameters: 1 -2.9797e-06 -0.000118001 3.0203e-06 1 0.000172 0.000117999 -0.000172 1 0.00150019 0.00758438 -0.00044108
FixedParameters: 0 0 0

#Transform 34
Transform: AffineTransform_float_3_3
Parameters: 1 -0.000188 -6.2792e-08 0.000188 1 0.000334 -6.2792e-08 -0.000334 1 -0.00219876 0.0146805 0.0168411
FixedParameters: 0 0 0

#Transform 35
Transform: AffineTransform_float_3_3
Parameters: 1 -3.89882e-05 -5.50084e-05 3.90118e-05 1 0.000214998 5.49916e-05 -0.000215002 1 -0.0103065 0.0135484 0.00293257
FixedParameters: 0 0 0

#Transform 36
Transform: AffineTransform_float_3_3
Parameters: 1 -0.000134 -3.9932e-08 0.000134 1 0.000298 -3.9932e-08 -0.000298 1 -0.00834003 0.0151609 0.00447248
FixedParameters: 0 0 0

#Transform 37
Transform: AffineTransform_float_3_3
Parameters: 1 4.30075e-05 -0.000104997 -4.29925e-05 1 7.10045e-05 0.000105003 -7.09955e-05 1 -0.00971936 0.00146811 5.18748e-05
FixedParameters: 0 0 0

#Transform 38
Transform: AffineTransform_float_3_3
Parameters: 1 2.01914e-06 -0.000104 -1.98086e-06 1 0.000184 0.000104 -0.000184 1 -0.00919415 0.0165002 0.00767339
FixedParameters: 0 0 0

#Transform 39
Transform: AffineTransform_float_3_3
Parameters: 1 7.8e-05 2.496e-09 -7.8e-05 1 3.2e-05 2.496e-09 -3.2e-05 1 -0.00158896 0.000561769 -0.00347702
FixedParameters: 0 0 0

#Transform 40
Transform: AffineTransform_float_3_3
Parameters: 1 0.000193004 -5.79882e-05 -0.000192996 1 6.10112e-05 5.80118e-05 -6.09888e-05 1 -0.011031 0.0202276 -0.000141969
FixedParameters: 0 0 0

#Transform 41
Transform: AffineTransform_float_3_3
Parameters: 1 -4.59544e-05 -0.000133016 4.50456e-05 1 0.000342994 0.000132985 -0.000343006 1 -0.00349614 0.00213329 0.0129271
FixedParameters: 0 0 0

#Transform 42
Transform: AffineTransform_float_3_3
Parameters: 1 0.000126 4.347e-08 -0.000126 1 0.000345 4.347e-08 -0.000345 1 -0.00956103 0.0235881 0.0164169
FixedParameters: 0 0 0

#Transform 43
Transform: AffineTransform_float_3_3
Parameters: 1 -1.4e-05 -4.956e-09 1.4e-05 1 0.000354 -4.956e-09 -0.000354 1 0.000233906 0.00672728 0.0143936
FixedParameters: 0 0 0

#Transform 44
Transform: AffineTransform_float_3_3
Parameters: 1 4.2e-05 1.3734e-08 -4.2e-05 1 0.000327 1.3734e-08 -0.000327 1 -0.000787137 0.0205623 0.00506428
FixedParameters: 0 0 0

#Transform 45
Transform: AffineTransform_float_3_3
Parameters: 1 -3.2e-05 -1.824e-09 3.2e-05 1 5.7e-05 -1.824e-09 -5.7e-05 1 -0.00590158 0.0179815 -0.000231025
FixedParameters: 0 0 0

#Transform 46
Transform: AffineTransform_float_3_3
Parameters: 1 -3.2e-05 -1.104e-08 3.2e-05 1 0.000345 -1.104e-08 -0.000345 1 0.000671533 0.0146149 0.00546396
FixedParameters: 0 0 0

#Transform 47
Transform: AffineTransform_float_3_3
Parameters: 1 0.000117 -2.6325e-08 -0.000117 1 -0.000225 -2.6325e-08 0.000225 1 -0.00810127 -0.0108488 -0.0223374
FixedParameters: 0 0 0

#Transform 48
Transform: AffineTransform_float_3_3
Parameters: 1 -3.2e-05 1.8496e-08 3.2e-05 1 -0.000578 1.8496e-08 0.000578 1 0.000678013 -0.000386848 0.00843477
FixedParameters: 0 0 0

#Transform 49
Transform: AffineTransform_float_3_3
Parameters: 1 4.8e-05 -4.2816e-08 -4.8e-05 0.999999 -0.000891999 -4.2816e-08 0.000891999 0.999999 -0.000884609 0.0289968 0.0218789
FixedParameters: 0 0 0

#Transform 50
Transform: AffineTransform_float_3_3
Parameters: 1 0.000266091 8.47159e-05 -0.000265909 1 -0.00106802 -8.52841e-05 0.00106798 1 -0.00973805 0.0384752 0.0112483
FixedParameters: 0 0 0

#Transform 51
Transform: AffineTransform_float_3_3
Parameters: 1 0.00015237 0.000304815 -0.00015163 1 -0.00121405 -0.000305184 0.00121395 0.999999 -0.00652155 0.0190849 -0.00449863
FixedParameters: 0 0 0

#Transform 52
Transform: AffineTransform_float_3_3
Parameters: 1 0.000185 -1.7982e-07 -0.000185 0.999999 -0.000971999 -1.7982e-07 0.000971999 0.999999 -0.00359347 0.0299083 -0.0244729
FixedParameters: 0 0 0

#Transform 53
Transform: AffineTransform_float_3_3
Parameters: 1 0.000196196 0.000197805 -0.000196804 0.999999 -0.000993038 -0.000197195 0.00099296 0.999999 -0.00615877 0.00401496 -0.0151098
FixedParameters: 0 0 0

#Transform 54
Transform: AffineTransform_float_3_3
Parameters: 1 -3.20687e-05 -7.69714e-05 3.19313e-05 0.999999 -0.000892002 7.70285e-05 0.000891997 0.999999 0.00155164 0.0197794 -0.0230336
FixedParameters: 0 0 0

#Transform 55
Transform: AffineTransform_float_3_3
Parameters: 1 -3.17565e-05 0.000370021 3.22434e-05 1 -0.000657988 -0.000369979 0.000658011 0.999999 0.00140198 0.00432919 0.0110373
FixedParameters: 0 0 0

#Transform 56
Transform: AffineTransform_float_3_3
Parameters: 1 -3.2e-05 2.4096e-08 3.2e-05 0.999999 -0.000753 2.4096e-08 0.000753 0.999999 0.000666544 0.0142674 0.00921674
FixedParameters: 0 0 0

#Transform 57
Transform: AffineTransform_float_3_3
Parameters: 1 -3.19353e-05 0.000157013 3.20647e-05 1 -0.000411995 -0.000156987 0.000412005 1 -0.00117214 0.0233838 0.0159446
FixedParameters: 0 0 0

#Transform 58
Transform: AffineTransform_float_3_3
Parameters: 1 -0.000301717 0.000317269 0.000301282 0.999999 -0.000891904 -0.000316731 0.000892095 0.999999 0.00733312 0.0289902 0.0238493
FixedParameters: 0 0 0

#Transform 59
Transform: AffineTransform_float_3_3
Parameters: 1 -3.2e-05 3.344e-08 3.2e-05 1 -0.001045 3.344e-08 0.001045 1 0.000663148 0.0266438 -0.0152961
FixedParameters: 0 0 0

#Transform 60
Transform: AffineTransform_float_3_3
Parameters: 1 0.000123 -1.09716e-07 -0.000123 0.999999 -0.000891999 -1.09716e-07 0.000891999 0.999999 -0.00237358 0.0196948 0.000344561
FixedParameters: 0 0 0

#Transform 61
Transform: AffineTransform_float_3_3
Parameters: 1 2.3e-05 -1.2673e-08 -2.3e-05 1 -0.000551 -1.2673e-08 0.000551 1 -0.000466426 0.0249659 0.00711275
FixedParameters: 0 0 0

#Transform 62
Transform: AffineTransform_float_3_3
Parameters: 1 0.000190891 0.000461633 -0.000190108 0.999998 -0.00192909 -0.000462368 0.00192891 0.999998 -0.00916114 -0.0115626 -0.0843462
FixedParameters: 0 0 0

#Transform 63
Transform: AffineTransform_float_3_3
Parameters: 1 -3.04019e-05 0.000648077 3.25979e-05 0.999997 -0.00246598 -0.000647921 0.00246602 0.999996 0.0119871 -0.0368999 -0.109831
FixedParameters: 0 0 0

#Transform 64
Transform: AffineTransform_float_3_3
Parameters: 1 -0.000395543 0.00115584 0.000397456 0.999997 -0.00212554 -0.00115516 0.00212646 0.999997 0.0226713 -0.0726402 -0.0873024
FixedParameters: 0 0 0

#Transform 65
Transform: AffineTransform_float_3_3
Parameters: 1 -5.25543e-05 0.00115516 5.64451e-05 0.999995 -0.00298294 -0.00115484 0.00298306 0.999995 0.0179079 0.0180914 -0.133611
FixedParameters: 0 0 0

#Transform 66
Transform: AffineTransform_float_3_3
Parameters: 0.999999 0.000480768 0.00115344 -0.000477229 0.999994 -0.00326555 -0.00115556 0.00326445 0.999994 0.00385182 0.0605261 -0.0755335
FixedParameters: 0 0 0

#Transform 67
Transform: AffineTransform_float_3_3
Parameters: 1 0.00036167 0.000495786 -0.000360329 0.999995 -0.00336418 -0.000497215 0.00336382 0.999994 0.00403979 0.0496892 -0.042789
FixedParameters: 0 0 0

#Transform 68
Transform: AffineTransform_float_3_3
Parameters: 1 0.000429018 0.000382862 -0.000427982 0.999997 -0.00265517 -0.000384138 0.00265484 0.999997 0.00241647 0.0389455 -0.0747038
FixedParameters: 0 0 0

#Transform 69
Transform: AffineTransform_float_3_3
Parameters: 1 0.000475651 0.000287927 -0.000475349 0.999998 -0.00225714 -0.000289074 0.00225686 0.999998 -0.011752 0.0109322 -0.0610073
FixedParameters: 0 0 0

#Transform 70
Transform: AffineTransform_float_3_3
Parameters: 1 0.000237583 0.000244435 -0.000237415 0.999997 -0.00238306 -0.000245566 0.00238294 0.999997 -0.00249719 0.0179224 -0.0506254
FixedParameters: 0 0 0

#Transform 71
Transform: AffineTransform_float_3_3
Parameters: 0.999999 0.000610803 0.00035964 -0.000610196 0.999998 -0.00222822 -0.00036136 0.00222778 0.999997 -0.0141436 0.00861343 -0.0626026
FixedParameters: 0 0 0

#Transform 72
Transform: AffineTransform_float_3_3
Parameters: 1 0.000270107 0.000487388 -0.000268892 0.999998 -0.00226913 -0.000488611 0.00226887 0.999998 0.00457634 0.00245525 -0.0557218
FixedParameters: 0 0 0

#Transform 73
Transform: AffineTransform_float_3_3
Parameters: 1 0.000369962 0.000487271 -0.000369036 0.999998 -0.00197318 -0.000488729 0.00197282 0.999998 -0.00415432 -0.000924083 -0.057076
FixedParameters: 0 0 0

#Transform 74
Transform: AffineTransform_float_3_3
Parameters: 1 0.000158943 0.000487694 -0.000158056 0.999998 -0.00193308 -0.000488306 0.00193292 0.999998 0.00907595 0.0319296 -0.0306678
FixedParameters: 0 0 0

#Transform 75
Transform: AffineTransform_float_3_3
Parameters: 1 0.000195782 0.000394613 -0.000195219 0.999998 -0.00198008 -0.000394387 0.00197992 0.999998 0.0048038 0.0274246 -0.0465605
FixedParameters: 0 0 0

#Transform 76
Transform: AffineTransform_float_3_3
Parameters: 1 0.000211683 0.000487704 -0.000210317 0.999999 -0.0014001 -0.000488295 0.0013999 0.999999 -0.0022344 0.035247 -0.00759564
FixedParameters: 0 0 0

#Transform 77
Transform: AffineTransform_float_3_3
Parameters: 1 2.979e-05 0.000487952 -2.92099e-05 0.999998 -0.00161901 -0.000488048 0.00161898 0.999998 0.00927473 0.0378333 -0.0394244
FixedParameters: 0 0 0

#Transform 78
Transform: AffineTransform_float_3_3
Parameters: 1 2.96705e-05 0.00048796 -2.93295e-05 0.999999 -0.00137401 -0.000488041 0.00137399 0.999999 0.00928646 0.0349684 -0.0152336
FixedParameters: 0 0 0

#Transform 79
Transform: AffineTransform_float_3_3
Parameters: 1 2.97049e-05 0.00041195 -2.9295e-05 0.999998 -0.00171101 -0.000412051 0.00171099 0.999999 0.00588677 0.0468846 -0.0315343
FixedParameters: 0 0 0

#Transform 80
Transform: AffineTransform_float_3_3
Parameters: 1 2.97422e-05 0.000487955 -2.92577e-05 0.999999 -0.00152101 -0.000488045 0.00152099 0.999998 0.00666944 0.0292088 -0.0374679
FixedParameters: 0 0 0

#Transform 81
Transform: AffineTransform_float_3_3
Parameters: 1 -9.01761e-05 0.000488153 9.08252e-05 0.999998 -0.00168796 -0.000488848 0.00168804 0.999999 0.0151903 0.00847978 -0.0406409
FixedParameters: 0 0 0

#Transform 82
Transform: AffineTransform_float_3_3
Parameters: 1 -0.000170374 0.000488219 0.000171627 0.999999 -0.00128192 -0.00048878 0.00128208 0.999999 0.0132809 0.0234754 -0.0326951
FixedParameters: 0 0 0

#Transform 83
Transform: AffineTransform_float_3_3
Parameters: 1 0.000112521 0.000385848 -0.00011148 0.999999 -0.00135104 -0.000385151 0.00135096 0.999999 0.0089636 0.0216751 -0.0269125
FixedParameters: 0 0 0

#Transform 84
Transform: AffineTransform_float_3_3
Parameters: 1 -0.00011155 0.000488103 0.000111451 0.999999 -0.000921946 -0.000488898 0.000922055 1 0.00531674 0.0405747 0.00288313
FixedParameters: 0 0 0

#Transform 85
Transform: AffineTransform_float_3_3
Parameters: 1 -0.000188591 0.000488158 0.000188409 0.999999 -0.000836907 -0.000488842 0.000837092 0.999999 0.0135762 0.0277014 -0.0151482
FixedParameters: 0 0 0

#Transform 86
Transform: AffineTransform_float_3_3
Parameters: 1 -0.000184947 5.91661e-05 0.000185053 0.999999 -0.000897988 -5.88338e-05 0.00089801 0.999999 0.012023 0.0402442 -0.0252181
FixedParameters: 0 0 0

#Transform 87
Transform: AffineTransform_float_3_3
Parameters: 1 -4.45605e-05 0.000351056 4.44407e-05 0.999999 -0.00125198 -0.000351945 0.00125202 0.999999 0.00053066 0.0373374 -0.0429584
FixedParameters: 0 0 0

#Transform 88
Transform: AffineTransform_float_3_3
Parameters: 1 -0.000315814 0.000273214 0.000316185 0.999999 -0.000678913 -0.000272785 0.000679086 0.999999 0.0187146 0.0377187 -0.0268435
FixedParameters: 0 0 0

#Transform 89
Transform: AffineTransform_float_3_3
Parameters: 1 -0.000404499 0.000488415 0.000405502 1 -0.0010258 -0.000488584 0.0010262 1 0.0178938 0.04179 -0.0228306
FixedParameters: 0 0 0

#Transform 90
Transform: AffineTransform_float_3_3
Parameters: 1 -0.00040461 0.000488323 0.00040539 0.999999 -0.000797802 -0.000488676 0.000798197 0.999999 0.0110752 0.0560267 -0.0143604
FixedParameters: 0 0 0

#Transform 91
Transform: AffineTransform_float_3_3
Parameters: 1 -0.000404605 0.000488327 0.000405395 0.999999 -0.000807802 -0.000488672 0.000808197 0.999999 0.0136262 0.0353061 -0.0273659
FixedParameters: 0 0 0

#Transform 92
Transform: AffineTransform_float_3_3
Parameters: 1 -0.000287658 0.000488201 0.000288342 0.999999 -0.000699859 -0.000488798 0.00070014 0.999999 0.01011 0.0304034 -0.0227674
FixedParameters: 0 0 0

#Transform 93
Transform: AffineTransform_float_3_3
Parameters: 1 -0.000201561 0.000488182 0.000202439 0.999999 -0.000898901 -0.000488818 0.000899099 1 0.0139065 0.0392442 -0.0295872
FixedParameters: 0 0 0

#Transform 94
Transform: AffineTransform_float_3_3
Parameters: 1 -0.000348759 0.000488172 0.000348241 1 -0.00049383 -0.000488828 0.00049417 1 0.00967207 0.0352425 -0.037931
FixedParameters: 0 0 0

#Transform 95
Transform: AffineTransform_float_3_3
Parameters: 1 -0.000192419 0.00048823 0.000192582 1 -0.00119091 -0.000488771 0.00119109 0.999999 0.00752918 0.0132486 -0.0781517
FixedParameters: 0 0 0

#Transform 96
Transform: AffineTransform_float_3_3
Parameters: 1 -5.13508e-05 0.000609055 5.16492e-05 1 -0.00106597 -0.000608945 0.00106603 0.999999 0.00948895 0.0203806 -0.0423661
FixedParameters: 0 0 0

#Transform 97
Transform: AffineTransform_float_3_3
Parameters: 1 2.16268e-05 0.000600978 -2.13731e-05 0.999999 -0.00104301 -0.000601023 0.00104299 1 0.00202209 0.0200526 -0.0347474
FixedParameters: 0 0 0

#Transform 98
Transform: AffineTransform_float_3_3
Parameters: 1 -0.000155447 0.000657131 0.000155552 0.999999 -0.000840898 -0.00065687 0.000841102 1 0.0110257 0.0356325 -0.027626
FixedParameters: 0 0 0

#Transform 99
Transform: AffineTransform_float_3_3
Parameters: 1 -0.000262482 0.000615221 0.000262518 0.999999 -0.000840839 -0.00061578 0.000841162 1 0.0181381 0.0261032 -0.0292866
FixedParameters: 0 0 0

#Transform 100
Transform: AffineTransform_float_3_3
Parameters: 1 -0.000404589 0.00048834 0.000405411 0.999999 -0.000840801 -0.000488659 0.000841197 0.999999 0.0178798 0.0382261 -0.0422083
FixedParameters: 0 0 0

#Transform 101
Transform: AffineTransform_float_3_3
Parameters: 1 -0.000279495 0.00048829 0.000280506 1 -0.00103486 -0.00048871 0.00103514 1 0.0154564 0.0195271 -0.0532271
FixedParameters: 0 0 0

#Transform 102
Transform: AffineTransform_float_3_3
Parameters: 1 -0.000308507 0.000488312 0.000309494 1 -0.00101085 -0.000488687 0.00101115 1 0.00922203 0.0310934 -0.0455768
FixedParameters: 0 0 0

#Transform 103
Transform: AffineTransform_float_3_3
Parameters: 0.999999 -0.000302261 0.000878254 0.000303738 0.999999 -0.000840733 -0.000877745 0.000841266 1 0.0114596 0.0196402 -0.0421801
FixedParameters: 0 0 0

#Transform 104
Transform: AffineTransform_float_3_3
Parameters: 0.999999 -0.000237379 0.0007382 0.00023762 0.999999 -0.000840825 -0.0007378 0.000841175 1 0.011742 0.0290556 -0.0421581
FixedParameters: 0 0 0

#Transform 105
Transform: AffineTransform_float_3_3
Parameters: 0.999999 -0.00040445 0.00065334 0.000405549 0.999999 -0.000840735 -0.000652659 0.000841264 1 0.0195391 0.017428 -0.0460714
FixedParameters: 0 0 0

#Transform 106
Transform: AffineTransform_float_3_3
Parameters: 1 -0.000404554 0.00048837 0.000405446 0.999999 -0.000912802 -0.00048863 0.000913198 1 0.0178855 0.0298191 -0.0457913
FixedParameters: 0 0 0

#Transform 107
Transform: AffineTransform_float_3_3
Parameters: 0.999999 -0.000404062 0.000916414 0.000404938 1 -0.00102363 -0.000915585 0.00102437 0.999999 0.0161482 0.0152633 -0.0331712
FixedParameters: 0 0 0

#Transform 108
Transform: AffineTransform_float_3_3
Parameters: 0.999999 -0.000206248 0.000894174 0.000206752 0.999999 -0.000840815 -0.000893826 0.000841185 0.999999 0.00594813 0.0456349 -0.0385994
FixedParameters: 0 0 0

#Transform 109
Transform: AffineTransform_float_3_3
Parameters: 0.999999 -0.000345229 0.000698381 0.000345771 1 -0.00110376 -0.000698619 0.00110424 0.999999 0.0142631 0.0323349 -0.046425
FixedParameters: 0 0 0

#Transform 110
Transform: AffineTransform_float_3_3
Parameters: 0.999999 -0.000350062 0.000857383 0.000350938 1 -0.0010937 -0.000857616 0.0010943 0.999999 0.0113661 0.036324 -0.0502372
FixedParameters: 0 0 0

#Transform 111
Transform: AffineTransform_float_3_3
Parameters: 1 -0.000574243 0.000901484 0.000574758 1 -0.000840483 -0.000900518 0.000840518 0.999999 0.0173849 0.0244301 -0.0311239
FixedParameters: 0 0 0

#Transform 112
Transform: AffineTransform_float_3_3
Parameters: 0.999999 -0.000404168 0.00080042 0.000404833 1 -0.00103968 -0.000800579 0.00104032 0.999999 0.0151025 0.0285804 -0.0461842
FixedParameters: 0 0 0

#Transform 113
Transform: AffineTransform_float_3_3
Parameters: 0.999999 -0.000404293 0.00084034 0.000404706 0.999999 -0.00084066 -0.00083966 0.00084134 1 0.0149151 0.0207766 -0.0342801
FixedParameters: 0 0 0

#Transform 114
Transform: AffineTransform_float_3_3
Parameters: 0.999999 -0.000403996 0.00086447 0.000405003 0.999999 -0.00116165 -0.000863529 0.00116235 0.999999 0.0125046 0.0371875 -0.0491865
FixedParameters: 0 0 0

#Transform 115
Transform: AffineTransform_float_3_3
Parameters: 1 -0.000617279 0.00077058 0.000617723 1 -0.000937525 -0.000770422 0.000937477 1 0.0197252 0.0162055 -0.0499763
FixedParameters: 0 0 0

#Transform 116
Transform: AffineTransform_float_3_3
Parameters: 0.999999 -0.000554147 0.000846559 0.000554853 1 -0.00100853 -0.000845441 0.00100847 0.999999 0.0178133 0.0282839 -0.0514373
FixedParameters: 0 0 0

#Transform 117
Transform: AffineTransform_float_3_3
Parameters: 1 -0.000755252 0.000890636 0.000755749 1 -0.000840328 -0.000890366 0.000840674 1 0.0280633 0.0316571 -0.030761
FixedParameters: 0 0 0

#Transform 118
Transform: AffineTransform_float_3_3
Parameters: 1 -0.000624006 0.00097164 0.000624995 1 -0.00102339 -0.000971361 0.00102361 0.999999 0.0254826 0.0470613 -0.0414073
FixedParameters: 0 0 0

#Transform 119
Transform: AffineTransform_float_3_3
Parameters: 1 -0.000625252 0.000890527 0.000625749 1 -0.000840444 -0.000890475 0.000840558 1 0.0263661 0.0283988 -0.0412722
FixedParameters: 0 0 0

#Transform 120
Transform: AffineTransform_float_3_3
Parameters: 1 -0.000814252 0.000890685 0.000815749 1 -0.000840275 -0.000890315 0.000840726 1 0.033957 0.0360382 -0.0384396
FixedParameters: 0 0 0

#Transform 121
Transform: AffineTransform_float_3_3
Parameters: 1 -0.000814305 0.000890637 0.000815697 1 -0.000781275 -0.000890363 0.000781726 1 0.0316825 0.0251643 -0.0299051
FixedParameters: 0 0 0

#Transform 122
Transform: AffineTransform_float_3_3
Parameters: 1 -0.000586122 0.000890579 0.000586879 1 -0.000986478 -0.000890422 0.000986523 0.999999 0.0177463 0.0357314 -0.0509382
FixedParameters: 0 0 0

#Transform 123
Transform: AffineTransform_float_3_3
Parameters: 1 -0.000677358 0.000890489 0.000678642 0.999999 -0.000720396 -0.000890511 0.000721604 1 0.0196123 0.0237222 -0.0384189
FixedParameters: 0 0 0

#Transform 124
Transform: AffineTransform_float_3_3
Parameters: 0.999999 -0.000307309 0.000890239 0.00030869 0.999999 -0.000775726 -0.000889761 0.000776274 1 0.0145997 0.0377667 -0.0512477
FixedParameters: 0 0 0

#Transform 125
Transform: AffineTransform_float_3_3
Parameters: 1 -0.000348445 0.000828235 0.000348555 0.999999 -0.000670712 -0.000827767 0.000670289 1 0.0138055 0.00757261 -0.0524739
FixedParameters: 0 0 0

#Transform 126
Transform: AffineTransform_float_3_3
Parameters: 0.999999 -0.000312309 0.000821263 0.000312691 0.999999 -0.000840743 -0.000821737 0.000841257 1 0.0183919 0.0294868 -0.0336302
FixedParameters: 0 0 0

#Transform 127
Transform: AffineTransform_float_3_3
Parameters: 0.999999 -0.000245677 0.000736107 0.000246322 1 -0.000437819 -0.000735892 0.000438181 0.999999 0.0129805 0.0400529 -0.00620663
FixedParameters: 0 0 0

#Transform 128
Transform: AffineTransform_float_3_3
Parameters: 0.999999 0.000113748 0.000889905 -0.000113251 0.999999 -0.000841101 -0.000890095 0.000840899 1 0.00405132 0.0448325 -0.0367449
FixedParameters: 0 0 0

#Transform 129
Transform: AffineTransform_float_3_3
Parameters: 0.999999 -0.000179165 0.000890168 0.000179835 0.999999 -0.00093784 -0.000889831 0.00093816 0.999999 0.00977669 0.0374927 -0.0443995
FixedParameters: 0 0 0

#Transform 130
Transform: AffineTransform_float_3_3
Parameters: 0.999999 -0.000238364 0.000812187 0.000238635 0.999999 -0.000782806 -0.000811813 0.000783194 1 0.019153 0.0308901 -0.046861
FixedParameters: 0 0 0

#Transform 131
Transform: AffineTransform_float_3_3
Parameters: 0.999999 -0.000397408 0.000793297 0.000398592 0.999999 -0.000746684 -0.000792703 0.000746315 1 0.0153472 0.0238556 -0.0366783
FixedParameters: 0 0 0

#Transform 132
Transform: AffineTransform_float_3_3
Parameters: 0.999999 -0.000182409 0.000812133 0.000183591 0.999999 -0.000727851 -0.000811867 0.000728148 1 0.016474 0.0434526 -0.0301624
FixedParameters: 0 0 0

#Transform 133
Transform: AffineTransform_float_3_3
Parameters: 0.999999 -0.00013252 0.000814078 0.000133479 1 -0.000588892 -0.000813922 0.000589108 1 0.00980077 0.0207666 -0.0257346
FixedParameters: 0 0 0

#Transform 134
Transform: AffineTransform_float_3_3
Parameters: 0.999999 -0.000153216 0.000828145 0.000153783 0.999999 -0.000945873 -0.000827855 0.000946127 0.999999 0.0120153 0.0460272 -0.050179
FixedParameters: 0 0 0

#Transform 135
Transform: AffineTransform_float_3_3
Parameters: 0.999999 -0.000380346 0.000890279 0.000381653 0.999999 -0.000733661 -0.00088972 0.000734339 1 0.0201148 0.0167395 -0.0311686
FixedParameters: 0 0 0

#Transform 136
Transform: AffineTransform_float_3_3
Parameters: 0.999999 -0.000147189 0.000787152 0.00014781 0.999999 -0.00102988 -0.000786848 0.00103012 0.999999 0.0103553 0.0398188 -0.0424953
FixedParameters: 0 0 0

#Transform 137
Transform: AffineTransform_float_3_3
Parameters: 1 -0.000391361 0.000890282 0.00039264 0.999999 -0.000718651 -0.000889719 0.000718349 1 0.0139783 0.0220053 -0.0299066
FixedParameters: 0 0 0

#Transform 138
Transform: AffineTransform_float_3_3
Parameters: 1 -0.000162314 0.000582192 0.000162685 1 -0.00117791 -0.000581809 0.0011781 0.999999 0.0131048 0.0238552 -0.0484878
FixedParameters: 0 0 0

#Transform 139
Transform: AffineTransform_float_3_3
Parameters: 0.999999 -0.000408408 0.000803301 0.000409591 0.999999 -0.000735671 -0.000803699 0.000736329 1 0.0153926 0.0314842 -0.0144529
FixedParameters: 0 0 0

#Transform 140
Transform: AffineTransform_float_3_3
Parameters: 1 -0.000574189 0.000890524 0.000574813 1 -0.000911489 -0.000890477 0.000911512 0.999999 0.0175048 0.0456749 -0.0297936
FixedParameters: 0 0 0

#Transform 141
Transform: AffineTransform_float_3_3
Parameters: 0.999999 -0.00051761 0.000828244 0.000518389 1 -0.000470571 -0.000827756 0.000470429 1 0.0172417 0.0404187 -0.0136718
FixedParameters: 0 0 0

#Transform 142
Transform: AffineTransform_float_3_3
Parameters: 0.999999 -0.000365272 0.000798333 0.000366727 0.999999 -0.000911707 -0.000797666 0.000912292 1 0.0176568 0.0455623 -0.0306645
FixedParameters: 0 0 0

#Transform 143
Transform: AffineTransform_float_3_3
Parameters: 0.999999 -0.000456439 0.000820312 0.000456561 0.999999 -0.000683626 -0.000820688 0.000684375 1 0.0199327 0.042973 -0.0101322
FixedParameters: 0 0 0

#Transform 144
Transform: AffineTransform_float_3_3
Parameters: 1 -0.000460252 0.000890388 0.000460749 0.999999 -0.00084059 -0.000890614 0.00084041 1 0.0219165 0.0377035 -0.0143044
FixedParameters: 0 0 0

#Transform 145
Transform: AffineTransform_float_3_3
Parameters: 1 -0.000606561 0.00105625 0.000606439 0.999999 -0.00041536 -0.00105575 0.000415641 1 0.0162626 0.039845 0.00360769
FixedParameters: 0 0 0

#Transform 146
Transform: AffineTransform_float_3_3
Parameters: 1 -0.0005175 0.000890292 0.000518501 0.999999 -0.000562539 -0.000889709 0.000562461 1 0.0164294 0.0461318 -0.00709162
FixedParameters: 0 0 0

#Transform 147
Transform: AffineTransform_float_3_3
Parameters: 0.999999 -0.000356539 0.000890184 0.00035746 1 -0.000516682 -0.000889815 0.000517318 1 0.0133381 0.0399058 -0.0287192
FixedParameters: 0 0 0

#Transform 148
Transform: AffineTransform_float_3_3
Parameters: 0.999999 -0.00036656 0.000778207 0.000367439 1 -0.000564714 -0.000777792 0.000565285 0.999999 0.0113171 0.0276126 -0.0348028
FixedParameters: 0 0 0

#Transform 149
Transform: AffineTransform_float_3_3
Parameters: 0.999999 -0.000433641 0.000829187 0.000433358 1 -0.000431641 -0.000828812 0.000432359 0.999999 0.0155348 0.0475334 -0.0248335
FixedParameters: 0 0 0

#Transform 150
Transform: AffineTransform_float_3_3
Parameters: 0.999999 -0.000290498 0.000890164 0.000291502 1 -0.000563741 -0.000889836 0.000564259 1 0.012093 0.0333906 -0.0182359
FixedParameters: 0 0 0

#Transform 151
Transform: AffineTransform_float_3_3
Parameters: 1 -0.000575646 0.000821249 0.000576355 0.999999 -0.000431527 -0.000820752 0.000431472 0.999999 0.018376 0.0574772 0.00210945
FixedParameters: 0 0 0

#Transform 152
Transform: AffineTransform_float_3_3
Parameters: 1 -0.000463252 0.00089039 0.000464749 0.999999 -0.000840586 -0.00089061 0.000840413 1 0.0154154 0.0409853 -0.0170189
FixedParameters: 0 0 0

#Transform 153
Transform: AffineTransform_float_3_3
Parameters: 1 -0.000498507 0.000890277 0.000499493 0.999999 -0.000553556 -0.000889724 0.000554444 1 0.0160761 0.0524701 -0.0183352
FixedParameters: 0 0 0

#Transform 154
Transform: AffineTransform_float_3_3
Parameters: 1 -0.000493379 0.000890345 0.00049362 0.999999 -0.000696561 -0.000889657 0.000697439 1 0.0159094 0.0348524 -0.0258298
FixedParameters: 0 0 0

#Transform 155
Transform: AffineTransform_float_3_3
Parameters: 1 -0.000653461 0.000998354 0.000654539 0.999999 -0.000540347 -0.000997647 0.000540652 1 0.0178934 0.0587956 -0.0252859
FixedParameters: 0 0 0

#Transform 156
Transform: AffineTransform_float_3_3
Parameters: 0.999999 -0.000516474 0.000890305 0.000516525 0.999999 -0.000590541 -0.000889695 0.00059046 1 0.0206914 0.0174965 -0.019718
FixedParameters: 0 0 0

#Transform 157
Transform: AffineTransform_float_3_3
Parameters: 1 -0.000634384 0.00089044 0.000634617 0.999999 -0.000692435 -0.000890562 0.000692565 1 0.0213697 0.0419035 -0.0217046
FixedParameters: 0 0 0

#Transform 158
Transform: AffineTransform_float_3_3
Parameters: 1 -0.000534363 0.000890383 0.000535638 0.999999 -0.000715523 -0.000890618 0.000715476 1 0.0167849 0.0316492 -0.0255849
FixedParameters: 0 0 0

#Transform 159
Transform: AffineTransform_float_3_3
Parameters: 1 -0.000659309 0.000823555 0.000659692 1 -0.000840458 -0.000822447 0.000840543 1 0.0179099 0.0548244 0.0238689
FixedParameters: 0 0 0

#Transform 160
Transform: AffineTransform_float_3_3
Parameters: 1 -0.000646202 0.00089058 0.000647799 1 -0.000896424 -0.00089042 0.000897576 0.999999 0.0157338 0.030275 0.10091
FixedParameters: 0 0 0

#Transform 161
Transform: AffineTransform_float_3_3
Parameters: 1 -0.000550169 0.000989463 0.000550832 1 -0.000840456 -0.000988538 0.000840545 0.999999 0.0159241 0.0836054 0.0589573
FixedParameters: 0 0 0

#Transform 162
Transform: AffineTransform_float_3_3
Parameters: 0.999999 -0.000421454 0.000890258 0.000421545 0.999999 -0.000612625 -0.000889742 0.000613375 1 0.0145592 0.0800329 0.0258862
FixedParameters: 0 0 0

#Transform 163
Transform: AffineTransform_float_3_3
Parameters: 0.999999 -0.000461614 0.000693257 0.000462386 0.999999 -0.000556679 -0.000692742 0.00055632 0.999999 0.0123555 0.0915462 -0.0227127
FixedParameters: 0 0 0

#Transform 164
Transform: AffineTransform_float_3_3
Parameters: 1 -0.00033446 0.00101118 0.000334541 1 -0.000534662 -0.00101082 0.000534338 1 0.0113971 0.0376507 -0.0196333
FixedParameters: 0 0 0

#Transform 165
Transform: AffineTransform_float_3_3
Parameters: 0.999999 -0.000516574 0.000761288 0.000516425 0.999999 -0.000558607 -0.000761711 0.000559393 0.999999 0.0212656 0.0558909 -0.0226957
FixedParameters: 0 0 0

#Transform 166
Transform: AffineTransform_float_3_3
Parameters: 1 -0.000683614 0.000890297 0.000684385 0.999999 -0.000432391 -0.000889704 0.000433609 1 0.0196923 0.0467638 -0.0092962
FixedParameters: 0 0 0

#Transform 167
Transform: AffineTransform_float_3_3
Parameters: 0.999999 -0.000578571 0.00070635 0.000579427 0.999999 -0.00060559 -0.000705648 0.000606408 0.999999 0.0198638 0.0522074 -0.0382114
FixedParameters: 0 0 0

#Transform 168
Transform: AffineTransform_float_3_3
Parameters: 0.999999 -0.000814573 0.00072148 0.000815425 0.999999 -0.000589411 -0.000721518 0.000590588 0.999999 0.0243851 0.0562095 -0.0173944
FixedParameters: 0 0 0

#Transform 169
Transform: AffineTransform_float_3_3
Parameters: 0.999999 -0.000516371 0.000890365 0.000516628 0.999999 -0.00070554 -0.000890635 0.00070646 1 0.0164467 0.0458414 -0.0332109
FixedParameters: 0 0 0

#Transform 170
Transform: AffineTransform_float_3_3
Parameters: 1 -0.00071849 0.000890412 0.00071951 0.999999 -0.00057236 -0.000890588 0.00057364 1 0.0265946 0.0559784 -0.0154332
FixedParameters: 0 0 0

#Transform 171
Transform: AffineTransform_float_3_3
Parameters: 1 -0.000814361 0.000890586 0.000815641 1 -0.000718275 -0.000890415 0.000718726 1 0.0306516 0.0544703 -0.0321498
FixedParameters: 0 0 0

#Transform 172
Transform: AffineTransform_float_3_3
Parameters: 0.999999 -0.000520666 0.000890194 0.000521333 1 -0.000374536 -0.000889804 0.000375463 0.999999 0.0216819 0.0579826 -0.0133205
FixedParameters: 0 0 0

#Transform 173
Transform: AffineTransform_float_3_3
Parameters: 0.999999 -0.000674435 0.00107136 0.000674565 0.999999 -0.000527278 -0.00107064 0.000527722 1 0.027966 0.0634172 -0.0118685
FixedParameters: 0 0 0

#Transform 174
Transform: AffineTransform_float_3_3
Parameters: 1 -0.000454584 0.000890213 0.000455416 1 -0.000466595 -0.000889788 0.000467405 1 0.0151584 0.0615659 -0.0226407
FixedParameters: 0 0 0

#Transform 175
Transform: AffineTransform_float_3_3
Parameters: 1 -0.000530485 0.00109725 0.000531516 0.999999 -0.000469417 -0.00109775 0.000469583 1 0.0225969 0.0502723 -0.0188689
FixedParameters: 0 0 0

#Transform 176
Transform: AffineTransform_float_3_3
Parameters: 1 -0.000456473 0.000890271 0.000456527 0.999999 -0.000591594 -0.000889731 0.000592407 1 0.0242942 0.0563165 -0.0277302
FixedParameters: 0 0 0

#Transform 177
Transform: AffineTransform_float_3_3
Parameters: 0.999999 -0.000677545 0.00123125 0.000678455 0.999999 -0.000369165 -0.00123075 0.000369834 0.999999 0.0281341 0.0535926 0.00299514
FixedParameters: 0 0 0

#Transform 178
Transform: AffineTransform_float_3_3
Parameters: 0.999999 -0.000815054 0.00118196 0.000814946 0.999999 4.59633e-05 -0.00118204 -4.50366e-05 1 0.0309023 0.0488744 -0.0177865
FixedParameters: 0 0 0

#Transform 179
Transform: AffineTransform_float_3_3
Parameters: 0.999999 -0.000815346 0.00119176 0.000815653 0.999999 0.000290972 -0.00119224 -0.000290028 0.999999 0.0289315 0.0420521 -0.00725259
FixedParameters: 0 0 0

#Transform 180
Transform: AffineTransform_float_3_3
Parameters: 1 -0.000564205 0.000889871 0.000563795 1 0.000230502 -0.000890131 -0.000230498 1 0.0172791 0.0466391 -0.00134206
FixedParameters: 0 0 0

#Transform 181
Transform: AffineTransform_float_3_3
Parameters: 0.999999 -0.000753668 0.00105853 0.000753333 1 0.000630798 -0.00105948 -0.000630203 0.999999 0.0191813 0.042094 0.0225886
FixedParameters: 0 0 0

#Transform 182
Transform: AffineTransform_float_3_3
Parameters: 1 -0.000448298 0.00088985 0.000447703 1 0.000334398 -0.00089015 -0.000334601 0.999999 0.0149933 0.0633198 -0.0122535
FixedParameters: 0 0 0

#Transform 183
Transform: AffineTransform_float_3_3
Parameters: 1 -0.000481605 0.000944693 0.000480395 0.999999 0.000640454 -0.000945308 -0.000639545 1 0.0149812 0.0573387 -0.00802082
FixedParameters: 0 0 0

#Transform 184
Transform: AffineTransform_float_3_3
Parameters: 1 -0.000298373 0.000962885 0.000297627 1 0.000387287 -0.000963116 -0.000386713 1 0.0111588 0.0698198 -0.0273239
FixedParameters: 0 0 0

#Transform 185
Transform: AffineTransform_float_3_3
Parameters: 1 -0.000484485 0.000889737 0.000483516 0.999999 0.000544431 -0.000890264 -0.000544569 1 0.0156835 0.0564839 -0.0165817
FixedParameters: 0 0 0

#Transform 186
Transform: AffineTransform_float_3_3
Parameters: 0.999999 -0.000272393 0.00088988 0.000272606 1 0.000442243 -0.000890121 -0.000441758 1 0.00684155 0.0662716 -0.0262643
FixedParameters: 0 0 0

#Transform 187
Transform: AffineTransform_float_3_3
Parameters: 1 -0.000433617 0.0008897 0.000432382 0.999999 0.000694385 -0.000890301 -0.000693614 1 0.00768607 0.0613662 -0.0212854
FixedParameters: 0 0 0

#Transform 188
Transform: AffineTransform_float_3_3
Parameters: 0.999999 -0.000338589 0.000838762 0.00033741 0.999999 0.000703283 -0.000839237 -0.000702716 1 0.00681199 0.0395089 -0.00351983
FixedParameters: 0 0 0

#Transform 189
Transform: AffineTransform_float_3_3
Parameters: 0.999999 -8.83933e-05 0.000889961 8.76065e-05 1 0.000442078 -0.000890039 -0.000441922 1 0.00108183 0.0614711 -0.0176551
FixedParameters: 0 0 0

#Transform 190
Transform: AffineTransform_float_3_3
Parameters: 0.999999 -0.000147252 0.000804953 0.000146748 1 0.000313118 -0.000805045 -0.000312881 0.999999 -0.00319407 0.0491063 -0.00129412
FixedParameters: 0 0 0

#Transform 191
Transform: AffineTransform_float_3_3
Parameters: 0.999999 -0.000268293 0.000889911 0.000268707 1 0.000329239 -0.000890088 -0.000328761 0.999999 0.00454638 0.061542 -0.0135762
FixedParameters: 0 0 0

#Transform 192
Transform: AffineTransform_float_3_3
Parameters: 0.999999 -0.000233289 0.000889923 0.000232711 1 0.000325207 -0.000890075 -0.000324792 0.999999 0.010901 0.0564867 -0.001967
FixedParameters: 0 0 0

#Transform 193
Transform: AffineTransform_float_3_3
Parameters: 0.999999 -0.000201447 0.000889899 0.000200553 1 0.000502179 -0.000890101 -0.000501821 1 0.0102842 0.066997 -0.0036657
FixedParameters: 0 0 0

#Transform 194
Transform: AffineTransform_float_3_3
Parameters: 0.999999 -0.000127344 0.000778943 0.000126656 1 0.000442099 -0.000779055 -0.000441901 0.999999 -0.00221759 0.0499902 0.0146534
FixedParameters: 0 0 0

#Transform 195
Transform: AffineTransform_float_3_3
Parameters: 0.999999 -0.000367263 0.000783876 0.000367737 1 0.000335288 -0.000784123 -0.000335712 0.999999 0.0148059 0.0678512 -0.0148827
FixedParameters: 0 0 0

#Transform 196
Transform: AffineTransform_float_3_3
Parameters: 0.999999 -0.000368393 0.000889837 0.000367606 1 0.000442327 -0.000890163 -0.000441672 1 0.0134754 0.0600074 -0.00160443
FixedParameters: 0 0 0

#Transform 197
Transform: AffineTransform_float_3_3
Parameters: 0.999999 -0.000392323 0.000889857 0.000391677 1 0.000363348 -0.000890141 -0.000362651 0.999999 0.0140047 0.0726407 -0.0200268
FixedParameters: 0 0 0

#Transform 198
Transform: AffineTransform_float_3_3
Parameters: 1 -0.000589456 0.000889699 0.000589544 0.999999 0.000512525 -0.000890303 -0.000512476 1 0.017867 0.0663225 -0.00175083
FixedParameters: 0 0 0

#Transform 199
Transform: AffineTransform_float_3_3
Parameters: 0.999999 -0.000307226 0.000807913 0.000307774 1 0.000280249 -0.000808086 -0.000279752 0.999999 0.013334 0.0514658 -0.0216924
FixedParameters: 0 0 0

#Transform 200
Transform: AffineTransform_float_3_3
Parameters: 1 -0.000202469 0.00106091 0.000202531 1 0.000442215 -0.00106109 -0.000441786 1 0.00827437 0.0568238 0.00254734
FixedParameters: 0 0 0

#Transform 201
Transform: AffineTransform_float_3_3
Parameters: 0.999999 -0.000324225 0.000889917 0.000323775 1 0.000253288 -0.000890081 -0.000252711 0.999999 0.0169918 0.0622432 -0.00446481
FixedParameters: 0 0 0

#Transform 202
Transform: AffineTransform_float_3_3
Parameters: 0.999999 -0.000400393 0.000889823 0.000399606 1 0.000442356 -0.000890177 -0.000441644 1 0.0141473 0.0745027 -0.00208143
FixedParameters: 0 0 0

#Transform 203
Transform: AffineTransform_float_3_3
Parameters: 0.999999 -0.000351652 0.000973764 0.000350347 0.999999 0.000670342 -0.000974235 -0.000669658 1 0.0122052 0.0514578 0.00363773
FixedParameters: 0 0 0

#Transform 204
Transform: AffineTransform_float_3_3
Parameters: 1 -0.000582767 0.000889498 0.000582233 1 0.000862519 -0.000890503 -0.000861482 0.999999 0.017668 0.0660876 0.0211734
FixedParameters: 0 0 0

#Transform 205
Transform: AffineTransform_float_3_3
Parameters: 1 -0.000576453 0.00102575 0.000576546 0.999999 0.000442592 -0.00102626 -0.000441409 1 0.0160081 0.0603836 0.0086878
FixedParameters: 0 0 0

#Transform 206
Transform: AffineTransform_float_3_3
Parameters: 1 -0.000459751 0.000889613 0.000459249 0.999999 0.000844409 -0.000890388 -0.000843591 0.999999 0.0152988 0.0698058 0.0149186
FixedParameters: 0 0 0

#Transform 207
Transform: AffineTransform_float_3_3
Parameters: 1 -0.000656691 0.00096453 0.000656308 0.999999 0.000716633 -0.000965471 -0.000716366 1 0.0183353 0.0526118 0.00390525
FixedParameters: 0 0 0

#Transform 208
Transform: AffineTransform_float_3_3
Parameters: 1 -0.000583505 0.00088967 0.000582495 0.999999 0.000567519 -0.000890332 -0.000567481 1 0.017682 0.080409 -0.00639832
FixedParameters: 0 0 0

#Transform 209
Transform: AffineTransform_float_3_3
Parameters: 1 -0.000485702 0.000889618 0.000484297 0.999999 0.000789431 -0.000890383 -0.000788568 1 0.0157202 0.0601218 0.00538167
FixedParameters: 0 0 0

#Transform 210
Transform: AffineTransform_float_3_3
Parameters: 1 -0.000474804 0.00106664 0.000474196 0.999999 0.000754506 -0.00106636 -0.000753494 0.999999 0.0172871 0.068094 -0.00374663
FixedParameters: 0 0 0

#Transform 211
Transform: AffineTransform_float_3_3
Parameters: 0.999999 -0.000669073 0.00127044 0.000667927 1 0.00084485 -0.00127156 -0.00084415 0.999999 0.0250007 0.0632593 0.018881
FixedParameters: 0 0 0

#Transform 212
Transform: AffineTransform_float_3_3
Parameters: 1 -0.000283373 0.0010249 0.000282627 1 0.00036429 -0.0010251 -0.00036371 1 0.020348 0.0733451 -0.012933
FixedParameters: 0 0 0

#Transform 213
Transform: AffineTransform_float_3_3
Parameters: 0.999999 -0.000501929 0.00119161 0.00050107 0.999999 0.000780597 -0.00119139 -0.000779402 0.999999 0.0273975 0.0579995 0.0084829
FixedParameters: 0 0 0

#Transform 214
Transform: AffineTransform_float_3_3
Parameters: 0.999999 -0.000245393 0.000889892 0.000245606 1 0.000442219 -0.000890109 -0.000441782 1 0.0160244 0.0584416 -0.015958
FixedParameters: 0 0 0

#Transform 215
Transform: AffineTransform_float_3_3
Parameters: 0.999999 -0.000190592 0.000889873 0.000190408 1 0.00066517 -0.000890127 -0.000664831 1 0.013663 0.0565406 -0.00590867
FixedParameters: 0 0 0

#Transform 216
Transform: AffineTransform_float_3_3
Parameters: 0.999999 -0.000225393 0.000889901 0.000224606 1 0.0004422 -0.000890099 -0.0004418 1 0.0167395 0.0626483 -0.0206825
FixedParameters: 0 0 0

#Transform 217
Transform: AffineTransform_float_3_3
Parameters: 1 -0.000277751 0.000889767 0.000276249 0.999999 0.000844246 -0.000890234 -0.000843753 0.999999 0.0188164 0.0521622 0.00363033
FixedParameters: 0 0 0

#Transform 218
Transform: AffineTransform_float_3_3
Parameters: 1 -0.000293542 0.000889823 0.000293459 1 0.000608262 -0.00089018 -0.000608739 1 0.0160695 0.0501192 -0.000466732
FixedParameters: 0 0 0

#Transform 219
Transform: AffineTransform_float_3_3
Parameters: 0.999999 -0.000258936 0.000889728 0.000258063 1 0.00105223 -0.000890272 -0.00105177 0.999999 0.0113531 0.0697886 0.0113956
FixedParameters: 0 0 0

#Transform 220
Transform: AffineTransform_float_3_3
Parameters: 0.999999 -0.000236549 0.000766831 0.000236451 0.999999 0.000716182 -0.00076617 -0.000715819 1 0.00554495 0.0703328 -0.0370358
FixedParameters: 0 0 0

#Transform 221
Transform: AffineTransform_float_3_3
Parameters: 0.999999 9.22451e-05 0.000890078 -9.27546e-05 0.999999 0.000847918 -0.000889922 -0.000848082 0.999999 -0.00456705 0.0567165 -0.065482
FixedParameters: 0 0 0

#Transform 222
Transform: AffineTransform_float_3_3
Parameters: 0.999999 8.14561e-05 0.000767058 -8.15437e-05 0.999999 0.000708938 -0.000766942 -0.000709063 1 -0.0072737 0.0542981 -0.0457637
FixedParameters: 0 0 0

#Transform 223
Transform: AffineTransform_float_3_3
Parameters: 1 2.89405e-05 0.000504003 -2.90595e-05 1 0.000117985 -0.000503996 -0.000118015 1 0.00274944 0.0459632 -0.0224068
FixedParameters: 0 0 0

#Transform 224
Transform: AffineTransform_float_3_3
Parameters: 0.999999 -0.000304987 0.000890004 0.000305013 1 -1.47285e-05 -0.000889995 1.42714e-05 0.999999 0.0212911 0.031145 -0.0767975
FixedParameters: 0 0 0

#Transform 225
Transform: AffineTransform_float_3_3
Parameters: 0.999999 -0.000304395 0.00135614 0.000304606 1 -0.000446587 -0.00135586 0.000446413 0.999999 0.0348662 0.103249 0.00953439
FixedParameters: 0 0 0

#Transform 226
Transform: AffineTransform_float_3_3
Parameters: 0.999999 -0.000305149 0.00135597 0.000304852 1 0.000109413 -0.00135603 -0.000109586 0.999999 0.0470479 0.0980459 -0.016242
FixedParameters: 0 0 0

#Transform 227
Transform: AffineTransform_float_3_3
Parameters: 0.999999 -0.000513508 0.00135581 0.000513492 1 0.000374697 -0.00135619 -0.000374304 0.999999 0.0435828 0.0885281 0.00104532
FixedParameters: 0 0 0

#Transform 228
Transform: AffineTransform_float_3_3
Parameters: 0.999999 -0.000448234 0.00135592 0.000448766 1 0.000172609 -0.00135608 -0.000172392 0.999999 0.0420876 0.0641345 -0.0113566
FixedParameters: 0 0 0

#Transform 229
Transform: AffineTransform_float_3_3
Parameters: 0.999999 -0.000305396 0.00135591 0.000304605 1 0.000291413 -0.00135609 -0.000291586 0.999999 0.0392773 0.0673559 -0.00803832
FixedParameters: 0 0 0

#Transform 230
Transform: AffineTransform_float_3_3
Parameters: 0.999999 -0.000305375 0.00135592 0.000304624 1 0.000277413 -0.00135608 -0.000276586 0.999999 0.0470757 0.0578111 -0.00036223
FixedParameters: 0 0 0

#Transform 231
Transform: AffineTransform_float_3_3
Parameters: 0.999999 -0.000475489 0.00135583 0.000474511 1 0.000360644 -0.00135617 -0.000360355 0.999999 0.0503913 0.0697829 -0.0216419
FixedParameters: 0 0 0

#Transform 232
Transform: AffineTransform_float_3_3
Parameters: 0.999998 -0.000739763 0.00151563 0.000739236 0.999999 0.000504121 -0.00151637 -0.000502879 0.999998 0.0459213 0.060203 -0.0107044
FixedParameters: 0 0 0

#Transform 233
Transform: AffineTransform_float_3_3
Parameters: 0.999998 -0.000555104 0.00152396 0.000555895 1 6.88472e-05 -0.00152404 -6.81541e-05 0.999999 0.0445874 0.0685459 -0.0182331
FixedParameters: 0 0 0

#Transform 234
Transform: AffineTransform_float_3_3
Parameters: 0.999999 -0.000501259 0.00173193 0.000501741 1 0.000149869 -0.00173208 -0.000149132 0.999999 0.0393589 0.0657957 -0.0108312
FixedParameters: 0 0 0

#Transform 235
Transform: AffineTransform_float_3_3
Parameters: 0.999999 -0.000739384 0.00135579 0.000739615 0.999999 0.000284003 -0.00135621 -0.000282998 0.999999 0.0484654 0.0611217 -0.00532346
FixedParameters: 0 0 0

#Transform 236
Transform: AffineTransform_float_3_3
Parameters: 0.999998 -0.000620577 0.00147376 0.000620423 0.999999 0.000391915 -0.00147424 -0.000391085 0.999999 0.0393059 0.0733563 0.00185588
FixedParameters: 0 0 0

#Transform 237
Transform: AffineTransform_float_3_3
Parameters: 0.999998 -0.000739733 0.00144762 0.000739266 0.999999 0.000507071 -0.00144737 -0.00050593 0.999999 0.0428108 0.0620375 -0.00145111
FixedParameters: 0 0 0

#Transform 238
Transform: AffineTransform_float_3_3
Parameters: 0.999999 -0.000581913 0.00129559 0.000581087 0.999999 0.000704753 -0.00129641 -0.000704246 0.999999 0.0366277 0.0782919 0.0219171
FixedParameters: 0 0 0

#Transform 239
Transform: AffineTransform_float_3_3
Parameters: 0.999999 -0.000378816 0.00135577 0.000377185 0.999999 0.000601512 -0.00135623 -0.000601487 0.999999 0.0237096 0.0797349 0.0206565
FixedParameters: 0 0 0

#Transform 240
Transform: AffineTransform_float_3_3
Parameters: 0.999999 -0.000739636 0.00125563 0.000739363 0.999999 0.000506929 -0.00125637 -0.000506071 0.999999 0.0402113 0.0864318 0.00686721
FixedParameters: 0 0 0

#Transform 241
Transform: AffineTransform_float_3_3
Parameters: 0.999999 -0.000347747 0.00135581 0.000347252 1 0.000551471 -0.00135619 -0.000550529 0.999999 0.0312809 0.0664474 0.0148606
FixedParameters: 0 0 0

#Transform 242
Transform: AffineTransform_float_3_3
Parameters: 0.999999 -0.000466639 0.00135578 0.000466359 1 0.000472633 -0.00135622 -0.000471368 0.999999 0.0252371 0.0649812 -0.0127863
FixedParameters: 0 0 0

#Transform 243
Transform: AffineTransform_float_3_3
Parameters: 0.999999 -0.000739742 0.00100746 0.000739259 1 0.000735746 -0.00100854 -0.000735255 0.999999 0.0315776 0.0673016 0.0246937
FixedParameters: 0 0 0

#Transform 244
Transform: AffineTransform_float_3_3
Parameters: 0.999999 -0.000655956 0.00135554 0.000655043 0.999999 0.000705888 -0.00135646 -0.000705111 0.999999 0.0262029 0.0596001 0.00972602
FixedParameters: 0 0 0

#Transform 245
Transform: AffineTransform_float_3_3
Parameters: 0.999999 -0.000609868 0.00135561 0.000609131 0.999999 0.000640826 -0.00135639 -0.000640173 0.999999 0.0283523 0.0758249 0.0189526
FixedParameters: 0 0 0

#Transform 246
Transform: AffineTransform_float_3_3
Parameters: 0.999999 -0.000739991 0.00135546 0.000739009 1 0.000731003 -0.00135654 -0.000729997 0.999999 0.0311372 0.0569374 0.0129378
FixedParameters: 0 0 0

#Transform 247
Transform: AffineTransform_float_3_3
Parameters: 0.999999 -0.000739981 0.00135546 0.000739019 1 0.000724003 -0.00135653 -0.000722997 0.999999 0.0307529 0.0821249 0.0116665
FixedParameters: 0 0 0

#Transform 248
Transform: AffineTransform_float_3_3
Parameters: 0.999999 -0.000739974 0.00135547 0.000739026 1 0.000719003 -0.00135653 -0.000717997 0.999999 0.0284433 0.0673036 0.0334127
FixedParameters: 0 0 0

#Transform 249
Transform: AffineTransform_float_3_3
Parameters: 0.999999 -0.000554398 0.00135584 0.000554601 1 0.000294752 -0.00135616 -0.000293248 0.999999 0.0192604 0.0869836 0.0160919
FixedParameters: 0 0 0

#Transform 250
Transform: AffineTransform_float_3_3
Parameters: 0.999999 -0.000739899 0.00125047 0.000739101 1 0.000718925 -0.00125153 -0.000718075 0.999999 0.0326408 0.0881192 0.0244535
FixedParameters: 0 0 0

#Transform 251
Transform: AffineTransform_float_3_3
Parameters: 0.999999 -0.000739769 0.00135558 0.00073923 0.999999 0.000568002 -0.00135642 -0.000566997 0.999999 0.0390332 0.0821488 0.014813
FixedParameters: 0 0 0

#Transform 252
Transform: AffineTransform_float_3_3
Parameters: 0.999999 -0.000740148 0.00135537 0.000738852 1 0.000847003 -0.00135663 -0.000845997 0.999998 0.0304812 0.0916227 0.0170767
FixedParameters: 0 0 0

#Transform 253
Transform: AffineTransform_float_3_3
Parameters: 1 -0.000658951 0.00102439 0.00065805 1 0.000928675 -0.00102461 -0.000927326 0.999999 0.0351216 0.0841337 -0.0244069
FixedParameters: 0 0 0

#Transform 254
Transform: AffineTransform_float_3_3
Parameters: 0.999999 -0.000431601 0.00135549 0.000430399 0.999999 0.00118059 -0.00135651 -0.00118042 0.999999 0.0212957 0.0870701 -0.0542582
FixedParameters: 0 0 0

#Transform 255
Transform: AffineTransform_float_3_3
Parameters: 0.999999 -0.000455288 0.00118551 0.000453713 1 0.00108554 -0.00118649 -0.00108546 0.999998 0.023336 0.0478368 -0.0864449
FixedParameters: 0 0 0

#Transform 256
Transform: AffineTransform_float_3_3
Parameters: 1 -0.000355631 0.0011635 0.000354369 0.999999 0.00140241 -0.0011635 -0.00140159 0.999999 0.0219008 0.0547723 -0.148015
FixedParameters: 0 0 0

#Transform 257
Transform: AffineTransform_float_3_3
Parameters: 1 -0.000577211 0.00101731 0.000576789 0.999999 0.00118959 -0.00101869 -0.00118941 0.999999 0.0261529 0.0201843 -0.0591748
FixedParameters: 0 0 0

#Transform 258
Transform: AffineTransform_float_3_3
Parameters: 1 -0.000247415 0.0011587 0.000245585 0.999999 0.00122129 -0.0011593 -0.00122071 0.999998 0.0148498 0.0477109 -0.0584989
FixedParameters: 0 0 0

#Transform 259
Transform: AffineTransform_float_3_3
Parameters: 1 -0.000629288 0.00100219 0.000627713 0.999999 0.00128463 -0.00100281 -0.00128437 0.999998 0.0194451 0.0548786 -0.0216923
FixedParameters: 0 0 0

#Transform 260
Transform: AffineTransform_float_3_3
Parameters: 0.999999 -0.00051012 0.00121853 0.000508882 1 0.000918621 -0.00121847 -0.000918379 0.999999 0.0228242 0.0804231 -0.0329277
FixedParameters: 0 0 0

#Transform 261
Transform: AffineTransform_float_3_3
Parameters: 0.999999 -0.000740257 0.00097805 0.000739743 0.999999 0.00128472 -0.000978951 -0.00128428 0.999998 0.0305959 0.0812818 -0.0128338
FixedParameters: 0 0 0

#Transform 262
Transform: AffineTransform_float_3_3
Parameters: 0.999999 -0.000617192 0.00121139 0.000615808 1 0.000983747 -0.00121261 -0.000983253 0.999999 0.0381893 0.0984749 -0.0322735
FixedParameters: 0 0 0

#Transform 263
Transform: AffineTransform_float_3_3
Parameters: 0.999999 -0.00056972 0.00144232 0.000568279 0.999999 0.00119382 -0.00144268 -0.00119218 0.999998 0.0301923 0.0959667 -0.0220426
FixedParameters: 0 0 0

#Transform 264
Transform: AffineTransform_float_3_3
Parameters: 0.999998 -0.000740833 0.00142705 0.000739166 0.999999 0.00128506 -0.00142795 -0.00128394 0.999998 0.0382086 0.0679535 -0.0345412
FixedParameters: 0 0 0

#Transform 265
Transform: AffineTransform_float_3_3
Parameters: 0.999999 -0.000741127 0.00165405 0.000738875 0.999999 0.00128522 -0.00165495 -0.00128478 0.999998 0.0355253 0.0705374 -0.0167523
FixedParameters: 0 0 0

#Transform 266
Transform: AffineTransform_float_3_3
Parameters: 0.999999 -0.000829784 0.00157906 0.000828216 0.999999 0.00113031 -0.00157994 -0.00112869 0.999998 0.0470108 0.0538801 -0.0217055
FixedParameters: 0 0 0

#Transform 267
Transform: AffineTransform_float_3_3
Parameters: 0.999999 -0.000612549 0.0013553 0.000611451 0.999999 0.00114283 -0.0013567 -0.00114217 0.999999 0.0364273 0.0706823 -0.0260306
FixedParameters: 0 0 0

#Transform 268
Transform: AffineTransform_float_3_3
Parameters: 0.999999 -0.000738741 0.00135505 0.000737259 0.999999 0.001285 -0.00135595 -0.001284 0.999999 0.038927 0.0506524 -0.0106336
FixedParameters: 0 0 0

#Transform 269
Transform: AffineTransform_float_3_3
Parameters: 0.999999 -0.000611642 0.00135526 0.000610357 0.999999 0.00121183 -0.00135674 -0.00121117 0.999999 0.0364366 0.0859754 -0.024113
FixedParameters: 0 0 0

#Transform 270
Transform: AffineTransform_float_3_3
Parameters: 0.999999 -0.000531224 0.00135513 0.000528776 0.999998 0.00164072 -0.00135587 -0.00164028 0.999997 0.0347483 0.0651043 -0.00442765
FixedParameters: 0 0 0

#Transform 271
Transform: AffineTransform_float_3_3
Parameters: 0.999999 -0.000399321 0.0013016 0.000397679 1 0.00101452 -0.0013024 -0.00101448 0.999998 0.0327526 0.0808209 -0.0347257
FixedParameters: 0 0 0

#Transform 272
Transform: AffineTransform_float_3_3
Parameters: 0.999999 -0.0003397 0.00135558 0.000338299 0.999999 0.00125446 -0.00135643 -0.00125354 0.999999 0.0363007 0.0869788 -0.0174897
FixedParameters: 0 0 0

#Transform 273
Transform: AffineTransform_float_3_3
Parameters: 0.999999 -0.000579243 0.00135547 0.000577757 1 0.000916784 -0.00135653 -0.000916215 0.999998 0.043192 0.0762176 -0.0204119
FixedParameters: 0 0 0

#Transform 274
Transform: AffineTransform_float_3_3
Parameters: 0.999998 -0.000364275 0.0016715 0.000361725 0.999999 0.00136161 -0.00167149 -0.00136039 0.999997 0.0430096 0.0700828 0.00474342
FixedParameters: 0 0 0

#Transform 275
Transform: AffineTransform_float_3_3
Parameters: 0.999999 -0.000454632 0.00135545 0.000453368 0.999999 0.00120362 -0.00135655 -0.00120339 0.999999 0.0449459 0.0803852 0.00406294
FixedParameters: 0 0 0

#Transform 276
Transform: AffineTransform_float_3_3
Parameters: 0.999999 -0.000495931 0.0013553 0.000494068 0.999999 0.00142467 -0.00135671 -0.00142433 0.999998 0.0341751 0.0932845 0.00989141
FixedParameters: 0 0 0

#Transform 277
Transform: AffineTransform_float_3_3
Parameters: 0.999999 -0.000462632 0.00135544 0.000461368 0.999999 0.00120363 -0.00135656 -0.00120337 0.999999 0.0443003 0.062962 0.00556279
FixedParameters: 0 0 0

#Transform 278
Transform: AffineTransform_float_3_3
Parameters: 0.999998 -0.000485306 0.0016073 0.000482694 0.999999 0.00143478 -0.00160769 -0.00143422 0.999997 0.0428552 0.0723918 0.0181456
FixedParameters: 0 0 0

#Transform 279
Transform: AffineTransform_float_3_3
Parameters: 0.999998 -0.000522526 0.00159618 0.000520473 0.999998 0.00158283 -0.00159683 -0.00158217 0.999998 0.0435267 0.0475025 0.0217885
FixedParameters: 0 0 0

#Transform 280
Transform: AffineTransform_float_3_3
Parameters: 0.999998 -0.000318912 0.00158862 0.000317088 0.999999 0.00120351 -0.00158938 -0.00120349 0.999998 0.0396344 0.0766758 0.0178722
FixedParameters: 0 0 0

#Transform 281
Transform: AffineTransform_float_3_3
Parameters: 0.999999 -0.000286954 0.00181354 0.000284046 0.999998 0.00162952 -0.00181347 -0.00162848 0.999997 0.0347421 0.065248 0.0376396
FixedParameters: 0 0 0

#Transform 282
Transform: AffineTransform_float_3_3
Parameters: 0.999999 -0.000175274 0.00147973 0.000172725 0.999999 0.00153726 -0.00148027 -0.00153674 0.999997 0.0365352 0.0788998 0.0175846
FixedParameters: 0 0 0

#Transform 283
Transform: AffineTransform_float_3_3
Parameters: 0.999999 -0.00032123 0.00136948 0.000318772 0.999998 0.00162744 -0.00136952 -0.00162756 0.999997 0.0382944 0.074509 0.0276799
FixedParameters: 0 0 0

#Transform 284
Transform: AffineTransform_float_3_3
Parameters: 0.999999 -0.000311737 0.00174351 0.000309264 0.999998 0.00156954 -0.00174349 -0.00156946 0.999997 0.0365243 0.0784189 0.0243724
FixedParameters: 0 0 0

#Transform 285
Transform: AffineTransform_float_3_3
Parameters: 0.999998 -0.000311656 0.0016635 0.000309343 0.999998 0.00159652 -0.0016645 -0.00159648 0.999998 0.043565 0.0935926 0.0475482
FixedParameters: 0 0 0

#Transform 286
Transform: AffineTransform_float_3_3
Parameters: 0.999999 -0.000474287 0.00171937 0.000472711 0.999999 0.00133081 -0.00172063 -0.00132919 0.999997 0.0483226 0.10062 0.0400195
FixedParameters: 0 0 0

#Transform 287
Transform: AffineTransform_float_3_3
Parameters: 0.999999 -0.000410393 0.00150535 0.000407606 0.999998 0.00158961 -0.00150665 -0.00158938 0.999997 0.0468953 0.0975354 0.0500872
FixedParameters: 0 0 0

#Transform 288
Transform: AffineTransform_float_3_3
Parameters: 0.999998 -0.000263704 0.00188963 0.000261295 0.999999 0.0014315 -0.00189038 -0.0014305 0.999997 0.0544798 0.0794028 0.0400577
FixedParameters: 0 0 0

#Transform 289
Transform: AffineTransform_float_3_3
Parameters: 0.999995 6.26357e-05 0.00298598 -6.23637e-05 1 -0.000213187 -0.00298601 0.000212814 0.999995 0.0835661 0.0946841 -0.0387578
FixedParameters: 0 0 0

#Transform 290
Transform: AffineTransform_float_3_3
Parameters: 0.999987 -0.00055585 0.00508013 0.000557151 1 -0.000225173 -0.00507987 0.000227827 0.999987 0.148135 0.0160116 0.019917
FixedParameters: 0 0 0

#Transform 291
Transform: AffineTransform_float_3_3
Parameters: 0.999992 -0.000319707 0.00404055 0.000314291 0.999999 0.00141328 -0.00404145 -0.00141172 0.999991 0.0980871 -0.0520285 -0.0268223
FixedParameters: 0 0 0

#Transform 292
Transform: AffineTransform_float_3_3
Parameters: 0.999994 -0.000576726 0.00321433 0.000572272 0.999999 0.00116085 -0.00321466 -0.00115815 0.999994 0.0801782 0.0148608 -0.0514456
FixedParameters: 0 0 0

#Transform 293
Transform: AffineTransform_float_3_3
Parameters: 0.999999 -2.30735e-05 0.001794 2.29264e-05 1 4.10412e-05 -0.001794 -4.09587e-05 0.999999 0.0421529 0.0928596 -0.046628
FixedParameters: 0 0 0

#Transform 294
Transform: AffineTransform_float_3_3
Parameters: 0.999998 -0.00020004 0.00210309 0.000201958 1 -0.000455576 -0.00210291 0.000456421 0.999997 0.0544438 0.0875806 -0.0287044
FixedParameters: 0 0 0

#Transform 295
Transform: AffineTransform_float_3_3
Parameters: 0.999998 -0.000266645 0.00229616 0.000268356 1 -0.000590385 -0.00229584 0.000590614 0.999997 0.0512917 0.0873519 -0.0290165
FixedParameters: 0 0 0

#Transform 296
Transform: AffineTransform_float_3_3
Parameters: 0.999997 -0.000654281 0.00229649 0.000655718 1 -0.000747497 -0.00229551 0.000749504 0.999997 0.065747 0.0653923 -0.0143143
FixedParameters: 0 0 0

#Transform 297
Transform: AffineTransform_float_3_3
Parameters: 0.999997 -0.000719614 0.00240641 0.000721386 0.999999 -0.000575266 -0.00240558 0.000576733 0.999997 0.0735793 0.0646344 -0.0251273
FixedParameters: 0 0 0

#Transform 298
Transform: AffineTransform_float_3_3
Parameters: 0.999997 -0.000720274 0.0026012 0.000720723 0.999999 -0.000277126 -0.0026008 0.000279874 0.999996 0.0716932 0.0390422 -0.0177037
FixedParameters: 0 0 0

#Transform 299
Transform: AffineTransform_float_3_3
Parameters: 0.999997 -0.000358186 0.00235712 0.000358815 1 -0.000345155 -0.00235688 0.000345845 0.999997 0.0626322 0.0440343 -0.0274655
FixedParameters: 0 0 0

#Transform 300
Transform: AffineTransform_float_3_3
Parameters: 0.999996 -0.000720798 0.00252506 0.000721202 0.999999 -7.91792e-05 -0.00252494 8.08202e-05 0.999997 0.0730117 0.0249461 -0.0223754
FixedParameters: 0 0 0

#Transform 301
Transform: AffineTransform_float_3_3
Parameters: 0.999996 -0.000585445 0.00271112 0.000586554 1 -0.000203411 -0.00271088 0.000205588 0.999997 0.076338 0.0188869 -0.0246633
FixedParameters: 0 0 0

#Transform 302
Transform: AffineTransform_float_3_3
Parameters: 0.999996 -0.000640892 0.00271103 0.000641109 1 -3.92621e-05 -0.00271098 4.07376e-05 0.999997 0.0769149 0.0455006 -0.0206359
FixedParameters: 0 0 0

#Transform 303
Transform: AffineTransform_float_3_3
Parameters: 0.999996 -0.000721144 0.00271096 0.000720856 0.999999 5.39544e-05 -0.00271104 -5.20452e-05 0.999997 0.0812762 0.02709 -0.031462
FixedParameters: 0 0 0

#Transform 304
Transform: AffineTransform_float_3_3
Parameters: 0.999996 -0.000901014 0.00245799 0.000900984 0.999999 7.21464e-06 -0.002458 -4.78532e-06 0.999997 0.0878444 0.066928 -0.022538
FixedParameters: 0 0 0

#Transform 305
Transform: AffineTransform_float_3_3
Parameters: 0.999996 -0.000981721 0.00271074 0.000980278 1 0.000267659 -0.00271126 -0.00026434 0.999997 0.0903607 0.0279867 -0.00695255
FixedParameters: 0 0 0

#Transform 306
Transform: AffineTransform_float_3_3
Parameters: 0.999996 -0.00084198 0.00271101 0.000842021 0.999999 -6.7173e-06 -0.00271099 8.28264e-06 0.999997 0.0875812 0.0600056 0.00800888
FixedParameters: 0 0 0

#Transform 307
Transform: AffineTransform_float_3_3
Parameters: 0.999996 -0.00109119 0.00262292 0.00109081 1 7.48614e-05 -0.00262308 -7.1138e-05 0.999996 0.0914127 0.0419311 0.00850451
FixedParameters: 0 0 0

#Transform 308
Transform: AffineTransform_float_3_3
Parameters: 0.999996 -0.0010639 0.00258904 0.0010641 0.999999 -3.72451e-05 -0.00258896 4.07545e-05 0.999996 0.0933577 0.0544931 -0.00943825
FixedParameters: 0 0 0

#Transform 309
Transform: AffineTransform_float_3_3
Parameters: 0.999997 -0.000763477 0.00256486 0.000762523 0.999999 0.000186956 -0.00256514 -0.000185042 0.999996 0.074776 0.0454287 0.017727
FixedParameters: 0 0 0

#Transform 310
Transform: AffineTransform_float_3_3
Parameters: 0.999997 -0.000780186 0.00254694 0.000779814 0.999999 7.39864e-05 -0.00254706 -7.2013e-05 0.999997 0.07454 0.0487543 -0.000223054
FixedParameters: 0 0 0

#Transform 311
Transform: AffineTransform_float_3_3
Parameters: 0.999997 -0.000843678 0.00229275 0.000843321 0.999999 0.000296934 -0.00229225 -0.000295067 0.999998 0.0813734 0.0455698 0.00703624
FixedParameters: 0 0 0

#Transform 312
Transform: AffineTransform_float_3_3
Parameters: 0.999995 -0.00119364 0.00271072 0.00119337 1 0.000235236 -0.00271128 -0.000232765 0.999997 0.0945941 0.0480018 0.00895818
FixedParameters: 0 0 0

#Transform 313
Transform: AffineTransform_float_3_3
Parameters: 0.999995 -0.00119439 0.00271039 0.00119261 0.999999 0.000513235 -0.00271061 -0.000509765 0.999996 0.0946013 0.0611538 0.0177889
FixedParameters: 0 0 0

#Transform 314
Transform: AffineTransform_float_3_3
Parameters: 0.999995 -0.00119459 0.0027103 0.00119342 0.999999 0.000586237 -0.0027107 -0.000583765 0.999996 0.0924518 0.035699 0.0167391
FixedParameters: 0 0 0

#Transform 315
Transform: AffineTransform_float_3_3
Parameters: 0.999996 -0.0011944 0.00264437 0.0011926 0.999999 0.000532156 -0.00264563 -0.000528843 0.999997 0.0953428 0.060947 0.0297163
FixedParameters: 0 0 0

#Transform 316
Transform: AffineTransform_float_3_3
Parameters: 0.999995 -0.0015436 0.00271009 0.0015414 0.999998 0.00059118 -0.00271091 -0.000586818 0.999996 0.0982351 0.0450305 0.0146538
FixedParameters: 0 0 0

#Transform 317
Transform: AffineTransform_float_3_3
Parameters: 0.999996 -0.00115184 0.00248861 0.00115116 1 0.000337866 -0.00248939 -0.000335134 0.999997 0.091587 0.0631618 0.00958003
FixedParameters: 0 0 0

#Transform 318
Transform: AffineTransform_float_3_3
Parameters: 0.999995 -0.0012423 0.0027104 0.0012407 0.999999 0.000482365 -0.0027106 -0.000478635 0.999996 0.0909087 0.0380934 0.0125199
FixedParameters: 0 0 0

#Transform 319
Transform: AffineTransform_float_3_3
Parameters: 0.999996 -0.00122718 0.00247991 0.00122682 0.999999 7.50427e-05 -0.00248009 -7.19568e-05 0.999997 0.0875413 0.0498667 0.00444005
FixedParameters: 0 0 0

#Transform 320
Transform: AffineTransform_float_3_3
Parameters: 0.999996 -0.000904176 0.00242393 0.000903822 0.999999 7.4191e-05 -0.00242407 -7.18084e-05 0.999997 0.0770636 0.0661277 0.0286319
FixedParameters: 0 0 0

#Transform 321
Transform: AffineTransform_float_3_3
Parameters: 0.999997 -0.000884181 0.00247894 0.000883819 0.999999 7.41912e-05 -0.00247807 -7.18092e-05 0.999997 0.0855039 0.0661279 0.0245754
FixedParameters: 0 0 0

#Transform 322
Transform: AffineTransform_float_3_3
Parameters: 0.999997 -0.00103924 0.00228344 0.00103776 1 0.000543372 -0.00228356 -0.000540629 0.999997 0.0809636 0.0607887 0.0290261
FixedParameters: 0 0 0

#Transform 323
Transform: AffineTransform_float_3_3
Parameters: 0.999997 -0.00103567 0.00218469 0.00103433 1 0.000306261 -0.00218432 -0.000304739 0.999998 0.0876131 0.046056 0.00897266
FixedParameters: 0 0 0

#Transform 324
Transform: AffineTransform_float_3_3
Parameters: 0.999997 -0.00107701 0.00210148 0.00107599 1 0.000480263 -0.00210252 -0.000477737 0.999997 0.0922029 0.0589447 0.00229275
FixedParameters: 0 0 0

#Transform 325
Transform: AffineTransform_float_3_3
Parameters: 0.999997 -0.000888128 0.00228656 0.000886873 1 0.00049403 -0.00228644 -0.000491971 0.999998 0.0934498 0.0317612 0.00501268
FixedParameters: 0 0 0

#Transform 326
Transform: AffineTransform_float_3_3
Parameters: 0.999996 -0.00109606 0.00251354 0.00109494 1 0.000421754 -0.00251446 -0.000419246 0.999997 0.0948426 0.0622185 0.00798317
FixedParameters: 0 0 0

#Transform 327
Transform: AffineTransform_float_3_3
Parameters: 0.999997 -0.00110064 0.00210167 0.00109937 1 0.000303311 -0.00210233 -0.000301687 0.999997 0.0928236 0.0772051 0.00711328
FixedParameters: 0 0 0

#Transform 328
Transform: AffineTransform_float_3_3
Parameters: 0.999996 -0.0012528 0.0025181 0.0012512 0.999999 0.000718153 -0.0025189 -0.000714847 0.999996 0.101961 0.0347367 0.0209397
FixedParameters: 0 0 0

#Transform 329
Transform: AffineTransform_float_3_3
Parameters: 0.999996 -0.000835694 0.00251877 0.000835304 0.999999 0.000277105 -0.00251923 -0.000274895 0.999997 0.0956602 0.0861584 0.028993
FixedParameters: 0 0 0

#Transform 330
Transform: AffineTransform_float_3_3
Parameters: 0.999996 -0.00109047 0.00251836 0.00108953 0.999999 0.000585746 -0.00251864 -0.000583256 0.999996 0.111691 0.0603641 0.0494439
FixedParameters: 0 0 0

#Transform 331
Transform: AffineTransform_float_3_3
Parameters: 0.999995 -0.000642652 0.00305886 0.000642348 1 0.000213966 -0.00305914 -0.000212035 0.999996 0.113616 0.0767449 0.0560078
FixedParameters: 0 0 0

#Transform 332
Transform: AffineTransform_float_3_3
Parameters: 0.999992 -0.000530567 0.0039096 0.000535433 0.999999 -0.00113292 -0.0039084 0.00113508 0.999991 0.160972 0.0704743 0.0599655
FixedParameters: 0 0 0

#Transform 333
Transform: AffineTransform_float_3_3
Parameters: 0.999995 -0.000300812 0.00337247 0.000306189 0.999999 -0.00153798 -0.00337253 0.00153902 0.999993 0.142781 0.0488171 0.0196408
FixedParameters: 0 0 0

#Transform 334
Transform: AffineTransform_float_3_3
Parameters: 0.999996 1.92203e-05 0.00305997 -1.47795e-05 0.999998 -0.00170605 -0.00306003 0.00170595 0.999994 0.123002 0.0376321 -0.00140827
FixedParameters: 0 0 0

#Transform 335
Transform: AffineTransform_float_3_3
Parameters: 0.999997 -0.000572515 0.00261533 0.000573483 0.999999 -0.000566502 -0.00261468 0.000568499 0.999997 0.0986191 0.0730523 0.00309489
FixedParameters: 0 0 0

#Transform 336
Transform: AffineTransform_float_3_3
Parameters: 0.999997 -0.000467166 0.00214396 0.000467834 1 7.80032e-05 -0.00214303 -7.6999e-05 0.999997 0.0713824 0.0584738 0.028739
FixedParameters: 0 0 0

#Transform 337
Transform: AffineTransform_float_3_3
Parameters: 0.999998 0.000100601 0.00159602 -0.000101399 1 0.000249838 -0.00159697 -0.000250161 0.999998 0.0539327 0.0835372 0.0242234
FixedParameters: 0 0 0

#Transform 338
Transform: AffineTransform_float_3_3
Parameters: 0.999999 -0.000234644 0.00181492 0.000234355 1 0.000355426 -0.00181508 -0.000354575 0.999999 0.0666187 0.058082 0.0373921
FixedParameters: 0 0 0

#Transform 339
Transform: AffineTransform_float_3_3
Parameters: 0.999998 -0.000106424 0.00159597 0.000105575 1 0.000266169 -0.00159603 -0.00026583 0.999998 0.0647108 0.0798226 0.0354786
FixedParameters: 0 0 0

#Transform 340
Transform: AffineTransform_float_3_3
Parameters: 0.999998 -2.96192e-05 0.00159599 2.83807e-05 1 0.000388046 -0.00159601 -0.000387953 0.999998 0.0664771 0.0621797 0.0339959
FixedParameters: 0 0 0

#Transform 341
Transform: AffineTransform_float_3_3
Parameters: 0.999999 -0.000455107 0.00178372 0.000453894 0.999999 0.000620811 -0.00178328 -0.000620189 0.999998 0.0777028 0.0536047 0.0491586
FixedParameters: 0 0 0

#Transform 342
Transform: AffineTransform_float_3_3
Parameters: 0.999998 -0.000485386 0.00200766 0.000483613 0.999999 0.000690972 -0.00200833 -0.000690026 0.999997 0.0825916 0.07019 0.0626568
FixedParameters: 0 0 0

#Transform 343
Transform: AffineTransform_float_3_3
Parameters: 0.999997 -0.000723398 0.0020195 0.000722602 0.999999 0.00069246 -0.0020205 -0.000691539 0.999997 0.0803367 0.0382434 0.067405
FixedParameters: 0 0 0

#Transform 344
Transform: AffineTransform_float_3_3
Parameters: 0.999999 -0.000499775 0.00170377 0.000499224 1 0.000455851 -0.00170423 -0.000454149 0.999999 0.0795055 0.0825585 0.0580353
FixedParameters: 0 0 0

#Transform 345
Transform: AffineTransform_float_3_3
Parameters: 0.999999 -0.000815113 0.00159543 0.000813887 1 0.0006983 -0.00159657 -0.0006967 0.999998 0.0733939 0.0599195 0.0566201
FixedParameters: 0 0 0

#Transform 346
Transform: AffineTransform_float_3_3
Parameters: 0.999998 -0.000309946 0.00159582 0.000309055 1 0.000592494 -0.00159618 -0.000592506 0.999998 0.055851 0.0878526 0.0542129
FixedParameters: 0 0 0

#Transform 347
Transform: AffineTransform_float_3_3
Parameters: 0.999998 -0.000592271 0.00159553 0.000590728 0.999999 0.000796944 -0.00159647 -0.000796056 0.999999 0.0664057 0.0601559 0.0617843
FixedParameters: 0 0 0

#Transform 348
Transform: AffineTransform_float_3_3
Parameters: 0.999999 -0.00039708 0.00148371 0.000395921 0.999999 0.000727588 -0.00148329 -0.000727411 0.999998 0.061149 0.0814128 0.0372721
FixedParameters: 0 0 0

#Transform 349
Transform: AffineTransform_float_3_3
Parameters: 0.999998 -0.000430456 0.00159561 0.000429544 1 0.000912687 -0.00159639 -0.000912315 0.999999 0.0632155 0.0502652 0.0410244
FixedParameters: 0 0 0

#Transform 350
Transform: AffineTransform_float_3_3
Parameters: 0.999998 -0.00066909 0.00159554 0.000668908 0.999999 0.000684068 -0.00159646 -0.000682932 0.999998 0.0679511 0.0737085 0.0556192
FixedParameters: 0 0 0

#Transform 351
Transform: AffineTransform_float_3_3
Parameters: 0.999998 -0.00108059 0.00159492 0.00107941 0.999999 0.000999724 -0.00159608 -0.000998277 0.999998 0.0759433 0.0690841 0.0704756
FixedParameters: 0 0 0

#Transform 352
Transform: AffineTransform_float_3_3
Parameters: 0.999998 -0.00066009 0.00159555 0.000658908 0.999999 0.000684052 -0.00159645 -0.000682947 0.999998 0.0677248 0.0867736 0.0528877
FixedParameters: 0 0 0

#Transform 353
Transform: AffineTransform_float_3_3
Parameters: 0.999998 -0.000852904 0.00184012 0.000851097 0.999999 0.00103457 -0.00184088 -0.00103343 0.999998 0.068668 0.0735789 0.0615507
FixedParameters: 0 0 0

#Transform 354
Transform: AffineTransform_float_3_3
Parameters: 0.999998 -0.000575424 0.00159549 0.000574575 1 0.000892919 -0.00159651 -0.000892083 0.999999 0.0694799 0.0843929 0.0405689
FixedParameters: 0 0 0

#Transform 355
Transform: AffineTransform_float_3_3
Parameters: 0.999999 -0.000740758 0.00159519 0.000739242 0.999999 0.00110218 -0.00159682 -0.00110082 0.999998 0.0756163 0.0710809 0.0447802
FixedParameters: 0 0 0

#Transform 356
Transform: AffineTransform_float_3_3
Parameters: 0.999998 -0.00063409 0.00159557 0.000632908 0.999999 0.00068401 -0.00159643 -0.000682988 0.999998 0.0711554 0.0670337 0.0364807
FixedParameters: 0 0 0

#Transform 357
Transform: AffineTransform_float_3_3
Parameters: 0.999998 -0.000470761 0.00159548 0.000469239 1 0.00110375 -0.00159652 -0.00110325 0.999998 0.0639358 0.077257 0.0447818
FixedParameters: 0 0 0

#Transform 358
Transform: AffineTransform_float_3_3
Parameters: 0.999998 -0.000684033 0.00159513 0.000681965 0.999999 0.00127509 -0.00159687 -0.00127391 0.999998 0.06818 0.0521109 0.0481849
FixedParameters: 0 0 0

#Transform 359
Transform: AffineTransform_float_3_3
Parameters: 0.999998 -0.000447731 0.00159551 0.000445267 1 0.00108571 -0.00159648 -0.00108429 0.999998 0.0634829 0.0822367 0.0444446
FixedParameters: 0 0 0

#Transform 360
Transform: AffineTransform_float_3_3
Parameters: 0.999999 -0.000765949 0.00159507 0.00076405 0.999999 0.00122222 -0.00159694 -0.00122078 0.999998 0.0696923 0.0526989 0.0471636
FixedParameters: 0 0 0

#Transform 361
Transform: AffineTransform_float_3_3
Parameters: 0.999998 -0.000469139 0.00166668 0.00046786 0.999999 0.000683781 -0.00166732 -0.000683219 0.999999 0.0631281 0.0867601 0.0364936
FixedParameters: 0 0 0

#Transform 362
Transform: AffineTransform_float_3_3
Parameters: 0.999999 -0.000587895 0.00168134 0.000586105 0.999999 0.00112699 -0.00168266 -0.00112601 0.999998 0.0729789 0.05385 0.0358505
FixedParameters: 0 0 0

#Transform 363
Transform: AffineTransform_float_3_3
Parameters: 0.999998 -0.000471578 0.00159553 0.000469422 1 0.000988751 -0.00159646 -0.000988249 0.999998 0.063948 0.0771199 0.0323528
FixedParameters: 0 0 0

#Transform 364
Transform: AffineTransform_float_3_3
Parameters: 0.999998 -0.000563734 0.00159539 0.000562266 1 0.0010869 -0.00159661 -0.0010861 0.999998 0.0743312 0.0674529 0.0354042
FixedParameters: 0 0 0

#Transform 365
Transform: AffineTransform_float_3_3
Parameters: 0.999998 -0.00056309 0.00159561 0.000561909 0.999999 0.000683897 -0.00159638 -0.000683101 0.999998 0.0722933 0.0821172 0.0274715
FixedParameters: 0 0 0

#Transform 366
Transform: AffineTransform_float_3_3
Parameters: 0.999999 -0.00079308 0.00159497 0.000790922 0.999999 0.00130326 -0.00159603 -0.00130274 0.999998 0.0853314 0.0580556 0.048893
FixedParameters: 0 0 0

#Transform 367
Transform: AffineTransform_float_3_3
Parameters: 0.999998 -0.000722398 0.00159537 0.000720601 1 0.000877152 -0.00159663 -0.000875849 0.999999 0.0689163 0.0706788 0.0348692
FixedParameters: 0 0 0

#Transform 368
Transform: AffineTransform_float_3_3
Parameters: 0.999998 -0.000632689 0.00159533 0.00063131 0.999999 0.00105901 -0.00159667 -0.00105799 0.999998 0.0729091 0.0716771 0.0430829
FixedParameters: 0 0 0

#Transform 369
Transform: AffineTransform_float_3_3
Parameters: 0.999998 -0.000417541 0.0015956 0.000415459 1 0.000965665 -0.0015964 -0.000965335 0.999999 0.0628329 0.0835933 0.0388801
FixedParameters: 0 0 0

#Transform 370
Transform: AffineTransform_float_3_3
Parameters: 0.999999 -0.00053904 0.00172036 0.00053696 0.999999 0.00118593 -0.00172164 -0.00118507 0.999998 0.0636963 0.0741326 0.0312322
FixedParameters: 0 0 0

#Transform 371
Transform: AffineTransform_float_3_3
Parameters: 0.999999 -0.000799769 0.00159512 0.00079823 0.999999 0.00110928 -0.00159689 -0.00110772 0.999998 0.0703655 0.081889 0.02292
FixedParameters: 0 0 0

#Transform 372
Transform: AffineTransform_float_3_3
Parameters: 0.999998 -0.000383768 0.00159558 0.000381231 1 0.00110861 -0.00159642 -0.00110739 0.999998 0.062193 0.0675536 0.033932
FixedParameters: 0 0 0

#Transform 373
Transform: AffineTransform_float_3_3
Parameters: 0.999998 -0.00058668 0.00151635 0.000585319 0.999999 0.00110889 -0.00151665 -0.00110711 0.999998 0.0615324 0.0573454 0.0296348
FixedParameters: 0 0 0

#Transform 374
Transform: AffineTransform_float_3_3
Parameters: 0.999999 -0.000345057 0.0017506 0.000342944 1 0.0011746 -0.0017514 -0.0011744 0.999998 0.0507513 0.0810698 0.0472661
FixedParameters: 0 0 0

#Transform 375
Transform: AffineTransform_float_3_3
Parameters: 0.999998 -0.000723768 0.0015952 0.00072123 0.999999 0.00110915 -0.0015968 -0.00110785 0.999998 0.0688635 0.0663182 0.0430947
FixedParameters: 0 0 0

#Transform 376
Transform: AffineTransform_float_3_3
Parameters: 0.999998 -0.000723643 0.0014822 0.000721357 0.999999 0.00110907 -0.0014828 -0.00110793 0.999999 0.070161 0.0818937 0.0291289
FixedParameters: 0 0 0

#Transform 377
Transform: AffineTransform_float_3_3
Parameters: 0.999999 -0.000724333 0.00159494 0.000721668 0.999998 0.00146215 -0.00159606 -0.00146185 0.999997 0.066351 0.0604139 0.0390546
FixedParameters: 0 0 0

#Transform 378
Transform: AffineTransform_float_3_3
Parameters: 0.999999 -0.000741174 0.00169605 0.000738826 0.999999 0.00128225 -0.00169695 -0.00128074 0.999997 0.0598707 0.0826194 0.0254408
FixedParameters: 0 0 0

#Transform 379
Transform: AffineTransform_float_3_3
Parameters: 0.999998 -0.00101524 0.00207542 0.00101176 0.999999 0.0015611 -0.00207758 -0.00155889 0.999996 0.0689581 0.0766 0.0486094
FixedParameters: 0 0 0

#Transform 380
Transform: AffineTransform_float_3_3
Parameters: 0.999997 -0.000658997 0.00207605 0.000656002 0.999998 0.00144436 -0.00207695 -0.00144263 0.999997 0.0516472 0.0922632 0.0340726
FixedParameters: 0 0 0

#Transform 381
Transform: AffineTransform_float_3_3
Parameters: 0.999998 -0.000708387 0.00197979 0.000704614 0.999999 0.0017104 -0.00198121 -0.0017096 0.999997 0.0458025 0.0831204 0.0491077
FixedParameters: 0 0 0

#Transform 382
Transform: AffineTransform_float_3_3
Parameters: 0.999997 -0.00114236 0.00207516 0.00113965 0.999998 0.00161737 -0.00207684 -0.00161563 0.999996 0.0647076 0.093952 0.0481565
FixedParameters: 0 0 0

#Transform 383
Transform: AffineTransform_float_3_3
Parameters: 0.999997 -0.00114247 0.0020751 0.00113954 0.999998 0.00167037 -0.00207691 -0.00166863 0.999997 0.0645185 0.0933407 0.041958
FixedParameters: 0 0 0

#Transform 384
Transform: AffineTransform_float_3_3
Parameters: 0.999996 -0.00133162 0.00247452 0.00132738 0.999998 0.00186729 -0.00247748 -0.00186371 0.999995 0.0743061 0.081789 0.0598657
FixedParameters: 0 0 0

#Transform 385
Transform: AffineTransform_float_3_3
Parameters: 0.999997 -0.00111778 0.00216805 0.00111421 0.999998 0.00174642 -0.00217095 -0.00174358 0.999996 0.0699474 0.0828018 0.0525404
FixedParameters: 0 0 0

#Transform 386
Transform: AffineTransform_float_3_3
Parameters: 0.999997 -0.00113824 0.0024746 0.00113276 0.999997 0.00211781 -0.0024774 -0.00211519 0.999994 0.0667012 0.0759944 0.0581363
FixedParameters: 0 0 0

#Transform 387
Transform: AffineTransform_float_3_3
Parameters: 0.999996 -0.00119347 0.00230569 0.00118953 0.999998 0.00193975 -0.00230731 -0.00193625 0.999996 0.0698996 0.0734818 0.0453959
FixedParameters: 0 0 0

#Transform 388
Transform: AffineTransform_float_3_3
Parameters: 0.999997 -0.00103323 0.00218401 0.00102877 0.999997 0.00193525 -0.00218599 -0.00193275 0.999995 0.0637032 0.0734945 0.053381
FixedParameters: 0 0 0

#Transform 389
Transform: AffineTransform_float_3_3
Parameters: 0.999997 -0.00111976 0.00207998 0.00111524 0.999997 0.00180732 -0.00208202 -0.00180467 0.999996 0.0709804 0.0714563 0.053932
FixedParameters: 0 0 0

#Transform 390
Transform: AffineTransform_float_3_3
Parameters: 0.999998 -0.00108085 0.002071 0.00107615 0.999997 0.00185723 -0.002073 -0.00185476 0.999996 0.0681304 0.0745316 0.0512038
FixedParameters: 0 0 0

#Transform 391
Transform: AffineTransform_float_3_3
Parameters: 0.999997 -0.0011597 0.00241775 0.0011553 0.999998 0.0019428 -0.00242025 -0.0019402 0.999995 0.0679048 0.0654183 0.0557443
FixedParameters: 0 0 0

#Transform 392
Transform: AffineTransform_float_3_3
Parameters: 0.999996 -0.00125851 0.00247471 0.00125449 0.999997 0.00182411 -0.00247729 -0.00182089 0.999996 0.0691636 0.0915688 0.0565381
FixedParameters: 0 0 0

#Transform 393
Transform: AffineTransform_float_3_3
Parameters: 0.999996 -0.00130511 0.00247431 0.00129989 0.999997 0.00206422 -0.00247769 -0.00206077 0.999995 0.0700857 0.0592003 0.0518057
FixedParameters: 0 0 0

#Transform 394
Transform: AffineTransform_float_3_3
Parameters: 0.999996 -0.0011921 0.00233291 0.0011889 0.999997 0.00175878 -0.00233509 -0.00175622 0.999995 0.0695821 0.0833849 0.0518531
FixedParameters: 0 0 0

#Transform 395
Transform: AffineTransform_float_3_3
Parameters: 0.999996 -0.00153524 0.00247375 0.00152976 0.999996 0.00211879 -0.00247724 -0.0021152 0.999994 0.0821605 0.0608714 0.0638747
FixedParameters: 0 0 0

#Transform 396
Transform: AffineTransform_float_3_3
Parameters: 0.999996 -0.00131813 0.00247427 0.00131287 0.999997 0.00207426 -0.00247773 -0.00207074 0.999995 0.0702519 0.0918298 0.055349
FixedParameters: 0 0 0

#Transform 397
Transform: AffineTransform_float_3_3
Parameters: 0.999996 -0.00144655 0.00247376 0.00144145 0.999997 0.00224458 -0.00247724 -0.00224043 0.999995 0.0729043 0.0632461 0.0654468
FixedParameters: 0 0 0

#Transform 398
Transform: AffineTransform_float_3_3
Parameters: 0.999997 -0.00119785 0.00216287 0.00119415 0.999997 0.00178059 -0.00216513 -0.00177741 0.999996 0.0675741 0.0715626 0.0388398
FixedParameters: 0 0 0

#Transform 399
Transform: AffineTransform_float_3_3
Parameters: 0.999997 -0.00136891 0.00234614 0.00136409 0.999997 0.00209221 -0.00234886 -0.00208979 0.999995 0.0728392 0.0662647 0.0538026
FixedParameters: 0 0 0

#Transform 400
Transform: AffineTransform_float_3_3
Parameters: 0.999997 -0.00118073 0.00218746 0.00117627 0.999997 0.00216058 -0.00219055 -0.00215842 0.999996 0.0709482 0.0726031 0.0462368
FixedParameters: 0 0 0

#Transform 401
Transform: AffineTransform_float_3_3
Parameters: 0.999997 -0.00126074 0.00218627 0.00125626 0.999997 0.00216775 -0.00218873 -0.00216525 0.999996 0.0725623 0.0875657 0.0484337
FixedParameters: 0 0 0

#Transform 402
Transform: AffineTransform_float_3_3
Parameters: 0.999997 -0.00108826 0.00223093 0.00108374 0.999997 0.00190742 -0.00223307 -0.00190557 0.999995 0.0685814 0.0810773 0.0351915
FixedParameters: 0 0 0

#Transform 403
Transform: AffineTransform_float_3_3
Parameters: 0.999997 -0.00125786 0.00234841 0.00125314 0.999997 0.00206795 -0.0023516 -0.00206505 0.999995 0.0676889 0.0761915 0.0557688
FixedParameters: 0 0 0

#Transform 404
Transform: AffineTransform_float_3_3
Parameters: 0.999996 -0.00107927 0.00232502 0.00107473 0.999997 0.0018365 -0.00232697 -0.00183349 0.999995 0.0600555 0.0743635 0.0381269
FixedParameters: 0 0 0

#Transform 405
Transform: AffineTransform_float_3_3
Parameters: 0.999997 -0.00102579 0.00214767 0.00102321 0.999998 0.0013002 -0.00214833 -0.0012978 0.999997 0.0479767 0.0976043 0.0482143
FixedParameters: 0 0 0

#Transform 406
Transform: AffineTransform_float_3_3
Parameters: 0.999998 -0.000980312 0.00180275 0.000977688 0.999998 0.00128277 -0.00180426 -0.00128123 0.999998 0.0544904 0.0925806 0.027132
FixedParameters: 0 0 0

#Transform 407
Transform: AffineTransform_float_3_3
Parameters: 0.999997 -0.000939079 0.00205405 0.00093692 0.999999 0.00101293 -0.00205495 -0.00101107 0.999998 0.0684252 0.106538 -0.0098169
FixedParameters: 0 0 0
