#Insight Transform File V1.0
#Transform 0
Transform: AffineTransform_float_3_3
Parameters: 1 0 0 0 1 0 0 0 1 0 -1.42109e-14 0
FixedParameters: 0 0 0

#Transform 1
Transform: AffineTransform_float_3_3
Parameters: 1 0 0 0 1 0.000694 0 -0.000694 1 0 -0.00612646 -0.00180853
FixedParameters: 0 0 0

#Transform 2
Transform: AffineTransform_float_3_3
Parameters: 1 -0.00011594 -5.71211e-05 0.000116059 1 0.00104399 5.68789e-05 -0.00104401 1 0.00299188 0.0512558 -0.0184685
FixedParameters: 0 0 0

#Transform 3
Transform: AffineTransform_float_3_3
Parameters: 1 0 0 0 1 0.00116 0 -0.00116 1 0.003153 -0.0188044 -0.016143
FixedParameters: 0 0 0

#Transform 4
Transform: AffineTransform_float_3_3
Parameters: 1 -0.000264 -2.70336e-07 0.000264 1 0.001024 -2.70336e-07 -0.001024 1 0.00574501 0.0533925 -0.0191283
FixedParameters: 0 0 0

#Transform 5
Transform: AffineTransform_float_3_3
Parameters: 1 -8.39999e-05 -1.09536e-07 8.39999e-05 0.999999 0.001304 -1.09536e-07 -0.001304 0.999999 0.00183009 -0.00340143 -0.0198011
FixedParameters: 0 0 0

#Transform 6
Transform: AffineTransform_float_3_3
Parameters: 1 0 0 0 0.999998 0.002042 0 -0.002042 0.999998 5e-06 0.0389763 -0.0136796
FixedParameters: 0 0 0

#Transform 7
Transform: AffineTransform_float_3_3
Parameters: 0.999992 0.00114891 0.00398889 -0.00120609 0.999897 0.0143393 -0.00397211 -0.0143437 0.999889 -0.00634488 0.256355 0.17307
FixedParameters: 0 0 0

#Transform 8
Transform: AffineTransform_float_3_3
Parameters: 1 0.000505948 0.00106779 -0.000518043 0.999936 0.0113165 -0.00106121 -0.0113175 0.999936 0.00754306 0.149778 0.171531
FixedParameters: 0 0 0

#Transform 9
Transform: AffineTransform_float_3_3
Parameters: 0.999996 0.00246944 -0.000793409 -0.00247957 0.999922 -0.0122891 0.000763584 0.0122909 0.999924 -0.06474 -0.182855 -0.228688
FixedParameters: 0 0 0

#Transform 10
Transform: AffineTransform_float_3_3
Parameters: 0.999999 0.00156504 -0.000211704 -0.00156496 0.999999 0.000189331 0.000212297 -0.000189668 1 -0.0170221 0.0700068 0.0844137
FixedParameters: 0 0 0

#Transform 11
Transform: AffineTransform_float_3_3
Parameters: 1 0.00106813 -0.000450324 -0.00106687 0.999997 0.00250648 0.000452676 -0.00250652 0.999997 -0.0037292 0.0263118 0.11958
FixedParameters: 0 0 0

#Transform 12
Transform: AffineTransform_float_3_3
Parameters: 0.999999 0.0011225 -0.000493593 -0.0011215 0.999995 0.00303756 0.000496408 -0.00303645 0.999996 -0.00559681 0.0494864 0.107923
FixedParameters: 0 0 0

#Transform 13
Transform: AffineTransform_float_3_3
Parameters: 1 0.00112237 -0.000385022 -0.00112163 0.999993 0.00354643 0.000388981 -0.00354656 0.999993 -0.00899733 0.0570231 0.111294
FixedParameters: 0 0 0

#Transform 14
Transform: AffineTransform_float_3_3
Parameters: 1 0.00112275 -0.000442594 -0.00112126 0.999991 0.0039275 0.000446407 -0.0039265 0.999992 -0.00537134 0.0535961 0.106842
FixedParameters: 0 0 0

#Transform 15
Transform: AffineTransform_float_3_3
Parameters: 1 0.00095251 -0.000443774 -0.000950493 0.999994 0.00339042 0.000446225 -0.00338958 0.999994 -0.00261859 0.0529176 0.0950478
FixedParameters: 0 0 0

#Transform 16
Transform: AffineTransform_float_3_3
Parameters: 1 0.000977167 -0.000531033 -0.000974834 0.999992 0.00406452 0.000534966 -0.00406348 0.999991 0.000466791 0.0717682 0.0999684
FixedParameters: 0 0 0

#Transform 17
Transform: AffineTransform_float_3_3
Parameters: 0.999999 0.000952893 -0.00044295 -0.000951107 0.999991 0.00425443 0.00044705 -0.00425358 0.999991 0.000732765 0.0782861 0.0909139
FixedParameters: 0 0 0

#Transform 18
Transform: AffineTransform_float_3_3
Parameters: 0.999999 0.00112372 -0.000588844 -0.00112128 0.999989 0.00459466 0.000594158 -0.00459434 0.99999 -0.00174254 0.0476347 0.0990423
FixedParameters: 0 0 0

#Transform 19
Transform: AffineTransform_float_3_3
Parameters: 0.999999 0.00112362 -0.000561787 -0.00112138 0.999988 0.00464563 0.000566216 -0.00464537 0.999989 -0.00246945 0.0727935 0.110436
FixedParameters: 0 0 0

#Transform 20
Transform: AffineTransform_float_3_3
Parameters: 1 0.00092932 -0.000692569 -0.000926679 0.999988 0.00477765 0.000697436 -0.00477736 0.999989 0.00307326 0.080933 0.10545
FixedParameters: 0 0 0

#Transform 21
Transform: AffineTransform_float_3_3
Parameters: 1 0.000978452 -0.000441609 -0.000975553 0.999985 0.00551643 0.000446389 -0.00551657 0.999984 -0.000575638 0.0752629 0.10847
FixedParameters: 0 0 0

#Transform 22
Transform: AffineTransform_float_3_3
Parameters: 1 0.00112088 2.26786e-05 -0.00112111 0.999981 0.00595798 -1.53207e-05 -0.00595802 0.999983 -0.00798136 0.0855356 0.100922
FixedParameters: 0 0 0

#Transform 23
Transform: AffineTransform_float_3_3
Parameters: 0.999999 -0.000223302 -0.0012366 0.0002327 0.999975 0.00703772 0.00123539 -0.00703829 0.999975 0.0236073 0.157505 0.131963
FixedParameters: 0 0 0

#Transform 24
Transform: AffineTransform_float_3_3
Parameters: 0.999999 0.000154297 -0.00135898 -0.000144702 0.999976 0.0068392 0.00136002 -0.00683879 0.999975 0.0104023 0.116397 0.111066
FixedParameters: 0 0 0

#Transform 25
Transform: AffineTransform_float_3_3
Parameters: 1 0.000153134 -0.00116296 -0.000144866 0.999975 0.00699117 0.00116404 -0.00699082 0.999975 0.00769062 0.0855846 0.102141
FixedParameters: 0 0 0

#Transform 26
Transform: AffineTransform_float_3_3
Parameters: 1 0.000151725 -0.00103604 -0.000144275 0.999979 0.00648816 0.00103696 -0.00648785 0.999979 0.0140134 0.131468 0.0949057
FixedParameters: 0 0 0

#Transform 27
Transform: AffineTransform_float_3_3
Parameters: 0.999999 0.000153631 -0.00132002 -0.000144369 0.999978 0.00653619 0.00132097 -0.0065358 0.999978 0.0165404 0.130961 0.0823763
FixedParameters: 0 0 0

#Transform 28
Transform: AffineTransform_float_3_3
Parameters: 0.999999 0.000154071 -0.00134199 -0.000144928 0.999977 0.0067572 0.00134301 -0.0067568 0.999977 0.0166768 0.100792 0.0764065
FixedParameters: 0 0 0

#Transform 29
Transform: AffineTransform_float_3_3
Parameters: 0.999999 0.000155733 -0.00152594 -0.000144267 0.999976 0.00703123 0.00152705 -0.00703077 0.999974 0.0130488 0.121617 0.0917623
FixedParameters: 0 0 0

#Transform 30
Transform: AffineTransform_float_3_3
Parameters: 0.999999 0.000154731 -0.00142297 -0.000144269 0.999976 0.00683621 0.00142402 -0.00683578 0.999975 0.017472 0.12835 0.0733275
FixedParameters: 0 0 0

#Transform 31
Transform: AffineTransform_float_3_3
Parameters: 0.999999 0.00028653 -0.00148519 -0.000277472 0.99998 0.00641242 0.00148681 -0.00641259 0.999979 0.0149714 0.084412 0.0782251
FixedParameters: 0 0 0

#Transform 32
Transform: AffineTransform_float_3_3
Parameters: 0.999998 0.00125148 -0.00160463 -0.00125052 0.999999 0.000299007 0.00160537 -0.000296991 0.999998 -0.00501193 0.0209912 0.00234245
FixedParameters: 0 0 0

#Transform 33
Transform: AffineTransform_float_3_3
Parameters: 0.999999 0.000797118 -0.00167062 -0.000789884 0.99999 0.00425732 0.00167338 -0.00425567 0.999989 0.000631945 0.116526 0.0931195
FixedParameters: 0 0 0

#Transform 34
Transform: AffineTransform_float_3_3
Parameters: 0.999999 0.000720207 -0.00167793 -0.000712792 0.99999 0.0042922 0.00168108 -0.0042908 0.99999 0.00260135 0.113256 0.0752287
FixedParameters: 0 0 0

#Transform 35
Transform: AffineTransform_float_3_3
Parameters: 0.999998 0.000711501 -0.00159668 -0.000703496 0.999988 0.00469413 0.00160032 -0.00469287 0.999987 -0.000762356 0.0796791 0.0632273
FixedParameters: 0 0 0

#Transform 36
Transform: AffineTransform_float_3_3
Parameters: 0.999998 0.000530477 -0.00188909 -0.000519524 0.999985 0.00554199 0.00189191 -0.00554101 0.999983 0.00361345 0.111368 0.0671871
FixedParameters: 0 0 0

#Transform 37
Transform: AffineTransform_float_3_3
Parameters: 0.999999 0.000569473 -0.00176097 -0.000560528 0.999986 0.005375 0.00176404 -0.00537401 0.999984 0.00374556 0.109879 0.038452
FixedParameters: 0 0 0

#Transform 38
Transform: AffineTransform_float_3_3
Parameters: 0.999998 0.000335591 -0.00156898 -0.00032641 0.999982 0.00610852 0.00157102 -0.00610848 0.99998 0.00437511 0.0856576 0.0541161
FixedParameters: 0 0 0

#Transform 39
Transform: AffineTransform_float_3_3
Parameters: 0.999999 0.000467535 -0.00146731 -0.000459467 0.999983 0.00581168 0.00146969 -0.00581132 0.999982 0.00335854 0.0893758 0.0599584
FixedParameters: 0 0 0

#Transform 40
Transform: AffineTransform_float_3_3
Parameters: 0.999999 0.000384423 -0.0015269 -0.000375577 0.999984 0.00551258 0.00152909 -0.00551242 0.999983 0.00637244 0.118285 0.0406462
FixedParameters: 0 0 0

#Transform 41
Transform: AffineTransform_float_3_3
Parameters: 0.999998 0.000321512 -0.00157208 -0.000311488 0.999981 0.0060475 0.00157391 -0.0060465 0.999981 -0.00125042 0.117499 0.0553089
FixedParameters: 0 0 0

#Transform 42
Transform: AffineTransform_float_3_3
Parameters: 0.999999 0.000512521 -0.00148675 -0.000502478 0.99998 0.00639676 0.00149024 -0.00639625 0.999979 -0.000379962 0.106743 0.0664389
FixedParameters: 0 0 0

#Transform 43
Transform: AffineTransform_float_3_3
Parameters: 0.999999 0.000465614 -0.00142321 -0.000457386 0.999982 0.00604766 0.00142579 -0.00604634 0.99998 0.000946194 0.111011 0.0552293
FixedParameters: 0 0 0

#Transform 44
Transform: AffineTransform_float_3_3
Parameters: 0.999999 0.000458978 -0.00148295 -0.000449022 0.999978 0.00672168 0.00148605 -0.00672133 0.999977 0.0112961 0.126701 0.0700661
FixedParameters: 0 0 0

#Transform 45
Transform: AffineTransform_float_3_3
Parameters: 0.999999 0.000389922 -0.00136248 -0.000381074 0.999978 0.00654252 0.00136552 -0.00654247 0.999977 0.00316428 0.135121 0.0505493
FixedParameters: 0 0 0

#Transform 46
Transform: AffineTransform_float_3_3
Parameters: 0.999999 0.000320717 -0.00142084 -0.000310283 0.999977 0.00683345 0.00142315 -0.00683355 0.999975 0.00840364 0.129996 0.0571943
FixedParameters: 0 0 0

#Transform 47
Transform: AffineTransform_float_3_3
Parameters: 0.999999 0.00044362 -0.00119584 -0.000434385 0.999974 0.00719953 0.00119816 -0.00719848 0.999974 0.00271821 0.124499 0.0671825
FixedParameters: 0 0 0

#Transform 48
Transform: AffineTransform_float_3_3
Parameters: 0.999999 0.000468236 -0.00130071 -0.000458762 0.999974 0.0070916 0.00130429 -0.00709139 0.999974 0.000994404 0.130116 0.0624042
FixedParameters: 0 0 0

#Transform 49
Transform: AffineTransform_float_3_3
Parameters: 0.999999 0.000368974 -0.00130221 -0.000359027 0.99997 0.00765147 0.00130478 -0.00765052 0.99997 0.00422412 0.16014 0.0745698
FixedParameters: 0 0 0

#Transform 50
Transform: AffineTransform_float_3_3
Parameters: 0.999999 0.00035297 -0.00138249 -0.000343035 0.999974 0.00720448 0.00138451 -0.00720452 0.999973 0.00440008 0.148504 0.0567009
FixedParameters: 0 0 0

#Transform 51
Transform: AffineTransform_float_3_3
Parameters: 0.999999 0.00037715 -0.00134419 -0.000366851 0.999972 0.0075435 0.0013468 -0.0075425 0.99997 0.00494073 0.140206 0.058607
FixedParameters: 0 0 0

#Transform 52
Transform: AffineTransform_float_3_3
Parameters: 0.999999 0.000357358 -0.00135431 -0.000346643 0.99997 0.00764147 0.00135669 -0.00764052 0.99997 0.00671127 0.137891 0.0593537
FixedParameters: 0 0 0

#Transform 53
Transform: AffineTransform_float_3_3
Parameters: 0.999999 0.000227602 -0.00141033 -0.0002164 0.999972 0.00751331 0.00141167 -0.00751268 0.999971 0.0157771 0.127122 0.0546607
FixedParameters: 0 0 0

#Transform 54
Transform: AffineTransform_float_3_3
Parameters: 0.999999 0.000295139 -0.00129673 -0.000284859 0.99997 0.00781238 0.00129926 -0.00781162 0.999968 -0.00236731 0.157389 0.0622623
FixedParameters: 0 0 0

#Transform 55
Transform: AffineTransform_float_3_3
Parameters: 0.999999 0.00021568 -0.00143529 -0.000204322 0.999967 0.0081333 0.00143671 -0.0081327 0.999966 0.016227 0.18665 0.04965
FixedParameters: 0 0 0

#Transform 56
Transform: AffineTransform_float_3_3
Parameters: 0.999999 0.000156802 -0.00139172 -0.000144196 0.999964 0.00847621 0.00139327 -0.00847579 0.999963 -0.00153505 0.151741 0.0573157
FixedParameters: 0 0 0

#Transform 57
Transform: AffineTransform_float_3_3
Parameters: 0.999999 0.000157211 -0.00139167 -0.000144786 0.999961 0.0087702 0.00139332 -0.00876978 0.99996 0.00695925 0.177991 0.0756325
FixedParameters: 0 0 0

#Transform 58
Transform: AffineTransform_float_3_3
Parameters: 0.999999 0.00015798 -0.00153072 -0.000145017 0.999964 0.00847623 0.00153228 -0.00847577 0.999963 0.0112005 0.18705 0.0546326
FixedParameters: 0 0 0

#Transform 59
Transform: AffineTransform_float_3_3
Parameters: 0.999998 0.000129606 0.00202304 -0.000144393 0.999971 0.00761072 -0.00202196 -0.00761128 0.999969 0.0176885 0.129619 0.00864147
FixedParameters: 0 0 0

#Transform 60
Transform: AffineTransform_float_3_3
Parameters: 0.999999 0.00144956 -0.00105873 -0.00145244 0.999993 -0.00325947 0.00105427 0.00326153 0.999994 -0.0317587 0.00166271 -0.0984308
FixedParameters: 0 0 0

#Transform 61
Transform: AffineTransform_float_3_3
Parameters: 0.999999 0.000922171 -0.000922831 -0.00092183 0.999999 0.00126885 0.00092317 -0.00126815 0.999999 -0.00717499 0.0495113 -0.0196875
FixedParameters: 0 0 0

#Transform 62
Transform: AffineTransform_float_3_3
Parameters: 0.999999 0.000935981 -0.000921994 -0.00093402 0.999998 0.00214586 0.000924007 -0.00214514 0.999998 -0.00464383 0.0935077 -0.0239304
FixedParameters: 0 0 0

#Transform 63
Transform: AffineTransform_float_3_3
Parameters: 0.999999 0.00089886 -0.00104956 -0.000896142 0.999996 0.00272194 0.00105144 -0.00272106 0.999995 -0.00430864 0.0981547 -0.0337448
FixedParameters: 0 0 0

#Transform 64
Transform: AffineTransform_float_3_3
Parameters: 1 0.00070403 -0.000921694 -0.000700973 0.999995 0.00328365 0.000923307 -0.00328235 0.999994 -0.00176434 0.102029 -0.0306515
FixedParameters: 0 0 0

#Transform 65
Transform: AffineTransform_float_3_3
Parameters: 0.999999 0.000760044 -0.00105109 -0.000755957 0.999993 0.0038418 0.00105391 -0.0038412 0.999992 -0.0077594 0.0862165 -0.0267339
FixedParameters: 0 0 0

#Transform 66
Transform: AffineTransform_float_3_3
Parameters: 0.999999 0.000899242 -0.000920846 -0.000895762 0.999994 0.00351483 0.000923154 -0.00351418 0.999994 -0.0130192 0.100624 -0.016542
FixedParameters: 0 0 0

#Transform 67
Transform: AffineTransform_float_3_3
Parameters: 0.999999 0.000900651 -0.0010962 -0.000896349 0.99999 0.00423599 0.00109981 -0.00423501 0.999991 -0.010555 0.114845 -0.024959
FixedParameters: 0 0 0

#Transform 68
Transform: AffineTransform_float_3_3
Parameters: 1 0.00060839 -0.000921117 -0.000603612 0.999989 0.00475756 0.000923883 -0.00475744 0.999989 0.00304373 0.111123 -0.0275872
FixedParameters: 0 0 0

#Transform 69
Transform: AffineTransform_float_3_3
Parameters: 1 0.000502852 -0.00106272 -0.000498147 0.999989 0.00456053 0.00106528 -0.00456047 0.999989 -0.00105415 0.121167 -0.0199379
FixedParameters: 0 0 0

#Transform 70
Transform: AffineTransform_float_3_3
Parameters: 0.999999 0.000520368 -0.00130047 -0.00051363 0.999988 0.00489167 0.00130353 -0.00489133 0.999987 0.0071699 0.124974 -0.0085649
FixedParameters: 0 0 0

#Transform 71
Transform: AffineTransform_float_3_3
Parameters: 1 0.000460419 -0.0011258 -0.000454581 0.999989 0.00480852 0.0011282 -0.00480848 0.999988 0.00521535 0.133072 -0.0165882
FixedParameters: 0 0 0

#Transform 72
Transform: AffineTransform_float_3_3
Parameters: 1 0.000344184 -0.00116519 -0.000337817 0.999986 0.0053034 0.00116681 -0.0053026 0.999986 0.010402 0.125083 -0.017898
FixedParameters: 0 0 0

#Transform 73
Transform: AffineTransform_float_3_3
Parameters: 1 0.000288332 -0.00118948 -0.000281665 0.999986 0.00532034 0.00119152 -0.00531966 0.999985 0.0119159 0.107123 -0.0149512
FixedParameters: 0 0 0

#Transform 74
Transform: AffineTransform_float_3_3
Parameters: 0.999999 0.000183378 -0.000922947 -0.000178621 0.999983 0.00582417 0.000924055 -0.00582383 0.999982 0.0118093 0.0978634 -0.00159013
FixedParameters: 0 0 0

#Transform 75
Transform: AffineTransform_float_3_3
Parameters: 1 0.000110435 -0.00113539 -0.000104567 0.999984 0.00566612 0.00113561 -0.00566588 0.999984 0.0152695 0.149017 0.00153167
FixedParameters: 0 0 0

#Transform 76
Transform: AffineTransform_float_3_3
Parameters: 0.999999 -4.72747e-05 -0.0013353 5.47235e-05 0.999984 0.00578594 0.00133471 -0.00578607 0.999983 0.0205901 0.139729 -0.0043529
FixedParameters: 0 0 0

#Transform 77
Transform: AffineTransform_float_3_3
Parameters: 0.999999 4.32732e-05 -0.00101875 -3.67323e-05 0.999981 0.00615604 0.00101824 -0.00615696 0.99998 0.0158543 0.125306 0.00272393
FixedParameters: 0 0 0

#Transform 78
Transform: AffineTransform_float_3_3
Parameters: 0.999999 4.53984e-05 -0.00126373 -3.65997e-05 0.999978 0.00664505 0.00126427 -0.00664495 0.999977 0.0208468 0.140609 0.0211383
FixedParameters: 0 0 0

#Transform 79
Transform: AffineTransform_float_3_3
Parameters: 0.999999 4.48842e-05 -0.00127275 -3.71141e-05 0.999981 0.00619405 0.00127325 -0.00619395 0.99998 0.0261682 0.160582 -0.000381528
FixedParameters: 0 0 0

#Transform 80
Transform: AffineTransform_float_3_3
Parameters: 0.999999 4.50099e-05 -0.00127674 -3.69885e-05 0.999981 0.00627306 0.00127726 -0.00627295 0.99998 0.0264838 0.143799 -0.00165737
FixedParameters: 0 0 0

#Transform 81
Transform: AffineTransform_float_3_3
Parameters: 1 -2.00197e-05 -0.00122216 2.79792e-05 0.999978 0.00652997 0.00122184 -0.00653003 0.999978 0.0243619 0.12949 -0.00525577
FixedParameters: 0 0 0

#Transform 82
Transform: AffineTransform_float_3_3
Parameters: 0.999999 4.53315e-05 -0.00127573 -3.66733e-05 0.999978 0.00653005 0.00127527 -0.00652994 0.999978 0.0254632 0.162484 0.0109836
FixedParameters: 0 0 0

#Transform 83
Transform: AffineTransform_float_3_3
Parameters: 0.999999 4.56883e-05 -0.00129972 -3.63164e-05 0.999977 0.00668405 0.00129927 -0.00668394 0.999977 0.0348199 0.169531 -0.00115097
FixedParameters: 0 0 0

#Transform 84
Transform: AffineTransform_float_3_3
Parameters: 0.999999 4.58996e-05 -0.00136273 -3.70986e-05 0.999978 0.00653005 0.00136327 -0.00652994 0.999978 0.0354215 0.158156 -0.00911725
FixedParameters: 0 0 0

#Transform 85
Transform: AffineTransform_float_3_3
Parameters: 0.999999 4.60747e-05 -0.0012767 -3.69232e-05 0.999974 0.00710705 0.00127729 -0.00710694 0.999974 0.0228652 0.162987 0.00565732
FixedParameters: 0 0 0

#Transform 86
Transform: AffineTransform_float_3_3
Parameters: 0.999999 0.000492815 -0.00124755 -0.000484183 0.999975 0.00705561 0.00125145 -0.00705539 0.999975 0.010441 0.15058 0.0233814
FixedParameters: 0 0 0

#Transform 87
Transform: AffineTransform_float_3_3
Parameters: 0.999999 0.000436807 -0.00177313 -0.000425192 0.999978 0.00665477 0.00177587 -0.00665324 0.999977 0.0183415 0.184369 0.00371783
FixedParameters: 0 0 0

#Transform 88
Transform: AffineTransform_float_3_3
Parameters: 0.999998 0.000548743 -0.00165615 -0.000537257 0.999975 0.0070829 0.00165985 -0.0070821 0.999973 0.0173677 0.164527 0.00110102
FixedParameters: 0 0 0

#Transform 89
Transform: AffineTransform_float_3_3
Parameters: 0.999998 0.000621484 -0.0015354 -0.000610518 0.999972 0.00746895 0.0015396 -0.00746805 0.999971 0.0153606 0.152184 0.00661888
FixedParameters: 0 0 0

#Transform 90
Transform: AffineTransform_float_3_3
Parameters: 0.999998 0.000376796 -0.00160928 -0.000365205 0.999973 0.0073246 0.00161172 -0.0073234 0.999972 0.0303102 0.176156 0.025086
FixedParameters: 0 0 0

#Transform 91
Transform: AffineTransform_float_3_3
Parameters: 0.999999 0.000380563 -0.00145728 -0.000369439 0.999973 0.00724154 0.00145971 -0.00724145 0.999972 0.0214585 0.175262 0.0221172
FixedParameters: 0 0 0

#Transform 92
Transform: AffineTransform_float_3_3
Parameters: 0.999999 0.000410023 -0.00148801 -0.000398975 0.999972 0.0074016 0.00149099 -0.0074004 0.999972 0.0226371 0.156364 0.0186528
FixedParameters: 0 0 0

#Transform 93
Transform: AffineTransform_float_3_3
Parameters: 0.999999 0.000332096 -0.0015116 -0.000320902 0.999973 0.00733449 0.00151439 -0.00733451 0.999972 0.030416 0.149438 0.00996667
FixedParameters: 0 0 0

#Transform 94
Transform: AffineTransform_float_3_3
Parameters: 0.999999 0.00037929 -0.00124721 -0.000369712 0.999973 0.00744047 0.00124978 -0.00743953 0.999971 0.0233066 0.162047 0.0180732
FixedParameters: 0 0 0

#Transform 95
Transform: AffineTransform_float_3_3
Parameters: 0.999999 0.000257308 -0.00154115 -0.000246687 0.999973 0.00733239 0.00154385 -0.00733261 0.999972 0.0323195 0.182303 0.0231331
FixedParameters: 0 0 0

#Transform 96
Transform: AffineTransform_float_3_3
Parameters: 0.999998 0.000407653 -0.00184103 -0.000394348 0.999973 0.00740974 0.00184397 -0.00740926 0.999971 0.0316717 0.162244 0.0162421
FixedParameters: 0 0 0

#Transform 97
Transform: AffineTransform_float_3_3
Parameters: 0.999999 0.000361578 -0.00133919 -0.000351422 0.999969 0.00789148 0.00134181 -0.00789052 0.999968 0.0281866 0.174333 0.0349858
FixedParameters: 0 0 0

#Transform 98
Transform: AffineTransform_float_3_3
Parameters: 0.999999 0.000410509 -0.0013676 -0.000398488 0.999964 0.00840455 0.0013714 -0.00840444 0.999963 0.0274367 0.150817 0.0464624
FixedParameters: 0 0 0

#Transform 99
Transform: AffineTransform_float_3_3
Parameters: 0.999999 0.000331679 -0.00146519 -0.000319322 0.999963 0.00864548 0.00146781 -0.00864452 0.999961 0.029944 0.215468 0.0368819
FixedParameters: 0 0 0

#Transform 100
Transform: AffineTransform_float_3_3
Parameters: 0.999998 0.00033528 -0.00156722 -0.000322723 0.999964 0.00846552 0.00156979 -0.00846548 0.999963 0.0308201 0.200565 0.0329636
FixedParameters: 0 0 0

#Transform 101
Transform: AffineTransform_float_3_3
Parameters: 0.999999 0.000313359 -0.00149246 -0.000300645 0.999965 0.00827345 0.00149454 -0.00827354 0.999964 0.0306734 0.173818 0.0235074
FixedParameters: 0 0 0

#Transform 102
Transform: AffineTransform_float_3_3
Parameters: 0.999999 0.000305238 -0.00150757 -0.000293768 0.999967 0.00811045 0.00150943 -0.00811055 0.999966 0.0267107 0.17553 0.0402878
FixedParameters: 0 0 0

#Transform 103
Transform: AffineTransform_float_3_3
Parameters: 0.999999 0.000251722 -0.00152996 -0.000239277 0.999966 0.00831038 0.00153204 -0.00830963 0.999965 0.0323585 0.192255 0.0278353
FixedParameters: 0 0 0

#Transform 104
Transform: AffineTransform_float_3_3
Parameters: 0.999999 4.93639e-05 -0.00150064 -3.66413e-05 0.999966 0.00823806 0.00150035 -0.00823794 0.999965 0.0365598 0.175072 0.0252874
FixedParameters: 0 0 0

#Transform 105
Transform: AffineTransform_float_3_3
Parameters: 0.999998 5.00295e-05 -0.00160265 -3.69756e-05 0.999967 0.00812907 0.00160235 -0.00812893 0.999965 0.037502 0.172965 0.0100346
FixedParameters: 0 0 0

#Transform 106
Transform: AffineTransform_float_3_3
Parameters: 0.999999 0.000191264 -0.00134745 -0.000180739 0.999965 0.00835525 0.00134856 -0.00835475 0.999964 0.0272072 0.17356 0.0137575
FixedParameters: 0 0 0

#Transform 107
Transform: AffineTransform_float_3_3
Parameters: 0.999998 0.000477048 -0.00155747 -0.000461947 0.999954 0.00964774 0.00156253 -0.00964727 0.999952 0.015826 0.189382 0.0636865
FixedParameters: 0 0 0

#Transform 108
Transform: AffineTransform_float_3_3
Parameters: 0.999999 0.000704939 -0.00156436 -0.000690066 0.999955 0.0095291 0.00157065 -0.00952791 0.999954 0.0178111 0.216633 0.0448014
FixedParameters: 0 0 0

#Transform 109
Transform: AffineTransform_float_3_3
Parameters: 0.999999 0.000394637 -0.00141053 -0.000381367 0.99996 0.00894855 0.00141347 -0.00894745 0.999959 0.0221921 0.188078 0.0181295
FixedParameters: 0 0 0

#Transform 110
Transform: AffineTransform_float_3_3
Parameters: 0.999999 0.000401228 -0.00151705 -0.000385773 0.999949 0.0100246 0.00152094 -0.0100244 0.999948 0.0288958 0.201259 0.0609447
FixedParameters: 0 0 0

#Transform 111
Transform: AffineTransform_float_3_3
Parameters: 0.999999 0.000573668 -0.00144264 -0.000559329 0.999955 0.00945682 0.00144835 -0.00945618 0.999954 0.0245779 0.201314 0.0631574
FixedParameters: 0 0 0

#Transform 112
Transform: AffineTransform_float_3_3
Parameters: 0.999999 0.000247929 -0.00148174 -0.000234068 0.999956 0.00939335 0.00148426 -0.00939264 0.999955 0.0257315 0.221223 0.0329232
FixedParameters: 0 0 0

#Transform 113
Transform: AffineTransform_float_3_3
Parameters: 0.999999 0.000194686 -0.00145411 -0.000179315 0.999949 0.0100933 0.00145588 -0.0100927 0.999948 0.0329543 0.223568 0.0457289
FixedParameters: 0 0 0

#Transform 114
Transform: AffineTransform_float_3_3
Parameters: 0.999999 0.000280862 -0.00131832 -0.000268141 0.999953 0.00974636 0.00132068 -0.00974564 0.999951 0.0298259 0.194129 0.0379516
FixedParameters: 0 0 0

#Transform 115
Transform: AffineTransform_float_3_3
Parameters: 0.999999 5.20318e-05 -0.00146754 -3.69634e-05 0.999947 0.0102411 0.00146846 -0.0102409 0.999947 0.0362612 0.250757 0.0552601
FixedParameters: 0 0 0

#Transform 116
Transform: AffineTransform_float_3_3
Parameters: 0.999998 0.000184436 -0.00157627 -0.000169567 0.999952 0.00978728 0.00157773 -0.00978672 0.999951 0.0342505 0.216633 0.0299394
FixedParameters: 0 0 0

#Transform 117
Transform: AffineTransform_float_3_3
Parameters: 0.999999 0.00026091 -0.00122733 -0.000248093 0.999945 0.0105073 0.00122967 -0.0105067 0.999944 0.0294822 0.193219 0.0449277
FixedParameters: 0 0 0

#Transform 118
Transform: AffineTransform_float_3_3
Parameters: 0.999999 0.000173818 -0.00149635 -0.000158176 0.999951 0.00989725 0.00149864 -0.00989675 0.99995 0.0338863 0.226815 0.0354806
FixedParameters: 0 0 0

#Transform 119
Transform: AffineTransform_float_3_3
Parameters: 0.999999 0.000112504 -0.00148004 -9.94961e-05 0.999959 0.00912116 0.00148097 -0.00912085 0.999958 0.0348781 0.232072 0.0694979
FixedParameters: 0 0 0

#Transform 120
Transform: AffineTransform_float_3_3
Parameters: 0.999999 4.96919e-05 -0.00145662 -3.63134e-05 0.999962 0.00871206 0.00145637 -0.00871194 0.999961 0.0293335 0.184637 0.0525879
FixedParameters: 0 0 0

#Transform 121
Transform: AffineTransform_float_3_3
Parameters: 1 4.75698e-05 -0.00109759 -3.64263e-05 0.999953 0.00962804 0.0010984 -0.00962795 0.999953 0.0329997 0.184453 0.0718099
FixedParameters: 0 0 0

#Transform 122
Transform: AffineTransform_float_3_3
Parameters: 0.999999 4.96846e-05 -0.00139661 -3.63118e-05 0.999959 0.00908106 0.00139739 -0.00908094 0.999958 0.0356444 0.236391 0.0415334
FixedParameters: 0 0 0

#Transform 123
Transform: AffineTransform_float_3_3
Parameters: 0.999999 5.32658e-05 -0.00154752 -3.67291e-05 0.999945 0.0105091 0.00154847 -0.0105089 0.999943 0.0369568 0.234629 0.0663387
FixedParameters: 0 0 0

#Transform 124
Transform: AffineTransform_float_3_3
Parameters: 0.999999 5.12737e-05 -0.00147157 -3.67318e-05 0.999953 0.00969806 0.00147143 -0.00969793 0.999952 0.0362718 0.218255 0.039336
FixedParameters: 0 0 0

#Transform 125
Transform: AffineTransform_float_3_3
Parameters: 1 4.92098e-05 -0.00118956 -3.67959e-05 0.999948 0.0102621 0.00118944 -0.0102619 0.999946 0.0337662 0.220059 0.0600314
FixedParameters: 0 0 0

#Transform 126
Transform: AffineTransform_float_3_3
Parameters: 0.999999 0.000174065 -0.00153526 -0.000157937 0.999946 0.0104583 0.00153674 -0.0104577 0.999944 0.0415118 0.261172 0.0649863
FixedParameters: 0 0 0

#Transform 127
Transform: AffineTransform_float_3_3
Parameters: 0.999998 0.000115139 -0.00163282 -9.68583e-05 0.999939 0.0111052 0.00163418 -0.0111048 0.999937 0.043361 0.244903 0.0672765
FixedParameters: 0 0 0

#Transform 128
Transform: AffineTransform_float_3_3
Parameters: 0.999999 5.37309e-05 -0.0015225 -3.6265e-05 0.999939 0.0109861 0.00152349 -0.0109869 0.999939 0.0459752 0.223224 0.0452191
FixedParameters: 0 0 0

#Transform 129
Transform: AffineTransform_float_3_3
Parameters: 0.999999 5.34666e-05 -0.00151751 -3.6528e-05 0.999941 0.0108491 0.00151849 -0.0108489 0.99994 0.0416231 0.249863 0.0633729
FixedParameters: 0 0 0

#Transform 130
Transform: AffineTransform_float_3_3
Parameters: 0.999999 5.33915e-05 -0.00150851 -3.66139e-05 0.999941 0.0108641 0.00150849 -0.0108639 0.99994 0.0465006 0.240538 0.0423541
FixedParameters: 0 0 0

#Transform 131
Transform: AffineTransform_float_3_3
Parameters: 0.999999 -0.000246977 -0.00132289 0.000262025 0.999936 0.0113687 0.00132011 -0.0113683 0.999934 0.0536672 0.248404 0.0389238
FixedParameters: 0 0 0

#Transform 132
Transform: AffineTransform_float_3_3
Parameters: 0.999999 -0.000348969 -0.00132034 0.000365026 0.999926 0.0121605 0.00131566 -0.0121615 0.999925 0.056211 0.234006 0.0461917
FixedParameters: 0 0 0

#Transform 133
Transform: AffineTransform_float_3_3
Parameters: 0.999999 -0.000295127 -0.00125659 0.000309877 0.999929 0.0118516 0.00125342 -0.0118524 0.999929 0.0587822 0.250853 0.0388576
FixedParameters: 0 0 0

#Transform 134
Transform: AffineTransform_float_3_3
Parameters: 0.999999 -0.000388579 -0.00121106 0.00040442 0.999918 0.0127595 0.00120594 -0.0127595 0.999918 0.0604523 0.275245 0.0411277
FixedParameters: 0 0 0

#Transform 135
Transform: AffineTransform_float_3_3
Parameters: 0.999999 -0.000431183 -0.00124459 0.000446808 0.999919 0.0127355 0.00123841 -0.0127365 0.999918 0.0589335 0.291863 0.0235099
FixedParameters: 0 0 0

#Transform 136
Transform: AffineTransform_float_3_3
Parameters: 0.999999 -0.000375221 -0.00125315 0.000391776 0.99991 0.0134155 0.00124786 -0.0134165 0.999909 0.0593769 0.287771 0.0235307
FixedParameters: 0 0 0

#Transform 137
Transform: AffineTransform_float_3_3
Parameters: 0.999999 -0.000375042 -0.00129204 0.000391957 0.999914 0.0131495 0.00128696 -0.0131505 0.999912 0.0597313 0.264662 0.0180874
FixedParameters: 0 0 0

#Transform 138
Transform: AffineTransform_float_3_3
Parameters: 0.999999 -0.000373121 -0.0013912 0.000391876 0.999907 0.0135945 0.0013858 -0.0135955 0.999906 0.0605494 0.267045 0.0231714
FixedParameters: 0 0 0

#Transform 139
Transform: AffineTransform_float_3_3
Parameters: 1 -0.000580256 -0.00100943 0.000592739 0.99992 0.0126704 0.00100157 -0.0126716 0.999919 0.0616616 0.288079 0.00646451
FixedParameters: 0 0 0

#Transform 140
Transform: AffineTransform_float_3_3
Parameters: 0.999999 -0.000379389 -0.00094516 0.000391609 0.999911 0.0133786 0.000939845 -0.0133784 0.99991 0.0576448 0.298622 0.0119543
FixedParameters: 0 0 0

#Transform 141
Transform: AffineTransform_float_3_3
Parameters: 1 -0.000651914 -0.000949122 0.000665085 0.999904 0.0138534 0.000939877 -0.0138536 0.999903 0.0698907 0.299112 -0.0015378
FixedParameters: 0 0 0

#Transform 142
Transform: AffineTransform_float_3_3
Parameters: 0.999999 -0.000723857 -0.00127745 0.000741137 0.999898 0.0142601 0.00126656 -0.0142609 0.999897 0.0744785 0.29599 -0.00669014
FixedParameters: 0 0 0

#Transform 143
Transform: AffineTransform_float_3_3
Parameters: 1 -0.000565392 -0.00108131 0.000581604 0.999895 0.0144894 0.00107269 -0.0144896 0.999895 0.0743476 0.293444 0.000501845
FixedParameters: 0 0 0

#Transform 144
Transform: AffineTransform_float_3_3
Parameters: 0.999999 -0.000752659 -0.00112709 0.00076934 0.999893 0.0145691 0.00111591 -0.0145699 0.999893 0.0844168 0.321882 -0.0090063
FixedParameters: 0 0 0

#Transform 145
Transform: AffineTransform_float_3_3
Parameters: 1 -0.000586932 -0.000948847 0.00060107 0.999889 0.0148944 0.000940151 -0.0148956 0.999888 0.0707014 0.303233 -0.00228547
FixedParameters: 0 0 0

#Transform 146
Transform: AffineTransform_float_3_3
Parameters: 0.999999 -0.00077963 -0.000951953 0.000794372 0.999885 0.0151903 0.000940042 -0.0151908 0.999884 0.0751762 0.324815 -0.0232395
FixedParameters: 0 0 0

#Transform 147
Transform: AffineTransform_float_3_3
Parameters: 1 -0.000688135 -0.000857485 0.000700873 0.999886 0.0150944 0.000847517 -0.0150956 0.999885 0.0741308 0.283917 -0.0136567
FixedParameters: 0 0 0

#Transform 148
Transform: AffineTransform_float_3_3
Parameters: 0.999999 -0.00079288 -0.000951941 0.000807122 0.999889 0.0149262 0.000940058 -0.0149268 0.999888 0.0836051 0.336837 -0.0150977
FixedParameters: 0 0 0

#Transform 149
Transform: AffineTransform_float_3_3
Parameters: 0.999999 -0.000790486 -0.00119545 0.000808506 0.999878 0.015566 0.00118256 -0.0155669 0.999878 0.0857746 0.332598 -0.00370265
FixedParameters: 0 0 0

#Transform 150
Transform: AffineTransform_float_3_3
Parameters: 0.999999 -0.000838092 -0.000953316 0.000852903 0.999875 0.0157472 0.000939685 -0.0157478 0.999875 0.0771607 0.321729 -0.00554393
FixedParameters: 0 0 0

#Transform 151
Transform: AffineTransform_float_3_3
Parameters: 0.999999 -0.000795309 -0.000952463 0.000809685 0.999879 0.0155252 0.000939543 -0.0155258 0.999879 0.0836879 0.320243 0.0222037
FixedParameters: 0 0 0

#Transform 152
Transform: AffineTransform_float_3_3
Parameters: 0.999999 -0.000828819 -0.00129811 0.00084918 0.999878 0.0156239 0.00128489 -0.0156251 0.999877 0.0825694 0.338414 0.000167761
FixedParameters: 0 0 0

#Transform 153
Transform: AffineTransform_float_3_3
Parameters: 0.999998 -0.000814 -0.00151415 0.000837998 0.999873 0.0159188 0.00150085 -0.0159192 0.999872 0.0892077 0.327829 -0.00112528
FixedParameters: 0 0 0

#Transform 154
Transform: AffineTransform_float_3_3
Parameters: 0.999999 -0.000823316 -0.000946969 0.000837685 0.999878 0.0156122 0.000934035 -0.0156128 0.999877 0.0843328 0.31256 -0.0213263
FixedParameters: 0 0 0

#Transform 155
Transform: AffineTransform_float_3_3
Parameters: 0.999999 -0.000820817 -0.00110003 0.000837183 0.999876 0.0157121 0.00108698 -0.0157129 0.999876 0.0856437 0.325788 -0.0187037
FixedParameters: 0 0 0

#Transform 156
Transform: AffineTransform_float_3_3
Parameters: 1 -0.00082403 -0.000900978 0.00083797 0.999877 0.0156162 0.000888022 -0.0156167 0.999877 0.0799831 0.343725 -0.0143384
FixedParameters: 0 0 0

#Transform 157
Transform: AffineTransform_float_3_3
Parameters: 0.999999 -0.000820986 -0.00109991 0.000838015 0.999878 0.0155581 0.00108709 -0.0155589 0.999879 0.0836361 0.336265 -0.013426
FixedParameters: 0 0 0

#Transform 158
Transform: AffineTransform_float_3_3
Parameters: 0.999999 -0.000819345 -0.00116238 0.00083765 0.99987 0.016141 0.00114863 -0.016142 0.999869 0.0861057 0.337891 -0.00311845
FixedParameters: 0 0 0

#Transform 159
Transform: AffineTransform_float_3_3
Parameters: 0.999999 -0.000820513 -0.00110026 0.000837498 0.999872 0.0159881 0.00108775 -0.0159889 0.999871 0.0791074 0.339452 -0.0345425
FixedParameters: 0 0 0

#Transform 160
Transform: AffineTransform_float_3_3
Parameters: 0.999999 -0.000819827 -0.00110077 0.000837176 0.999861 0.0166111 0.00108724 -0.0166119 0.999862 0.0779115 0.324482 -0.0350039
FixedParameters: 0 0 0

#Transform 161
Transform: AffineTransform_float_3_3
Parameters: 0.999999 -0.00105891 -0.000665967 0.00107009 0.999857 0.0168773 0.000648032 -0.0168777 0.999858 0.0869827 0.3466 -0.0406195
FixedParameters: 0 0 0

#Transform 162
Transform: AffineTransform_float_3_3
Parameters: 0.999999 -0.000970682 -0.00124393 0.000992318 0.99985 0.0172528 0.00122706 -0.0172542 0.999851 0.0902914 0.369223 -0.0224521
FixedParameters: 0 0 0

#Transform 163
Transform: AffineTransform_float_3_3
Parameters: 0.999999 -0.00113911 -0.00107822 0.00115689 0.999859 0.0167428 0.00105878 -0.0167442 0.999859 0.0900312 0.356293 -0.0444535
FixedParameters: 0 0 0

#Transform 164
Transform: AffineTransform_float_3_3
Parameters: 0.999999 -0.00114759 -0.000934257 0.00116342 0.999861 0.0166669 0.000915735 -0.0166681 0.99986 0.0913874 0.364591 -0.0275774
FixedParameters: 0 0 0

#Transform 165
Transform: AffineTransform_float_3_3
Parameters: 0.999999 -0.000822836 -0.00092078 0.000838169 0.999862 0.0165922 0.000907218 -0.0165928 0.999862 0.0840588 0.355551 -0.041106
FixedParameters: 0 0 0

#Transform 166
Transform: AffineTransform_float_3_3
Parameters: 1 -0.000823013 -0.00089108 0.000837987 0.999856 0.0169523 0.00087692 -0.0169527 0.999856 0.0838029 0.335334 -0.0264841
FixedParameters: 0 0 0

#Transform 167
Transform: AffineTransform_float_3_3
Parameters: 1 -0.000827112 -0.000661843 0.000837876 0.999862 0.0166255 0.00064716 -0.0166255 0.999861 0.0817743 0.367649 -0.0469113
FixedParameters: 0 0 0

#Transform 168
Transform: AffineTransform_float_3_3
Parameters: 0.999999 -0.000997688 -0.00146189 0.0010223 0.999859 0.0167245 0.0014441 -0.0167265 0.999859 0.0927218 0.367476 -0.0542645
FixedParameters: 0 0 0

#Transform 169
Transform: AffineTransform_float_3_3
Parameters: 0.999999 -0.000955798 -0.00111968 0.000975208 0.999851 0.0172769 0.00110332 -0.0172781 0.99985 0.0887953 0.354094 -0.0481217
FixedParameters: 0 0 0

#Transform 170
Transform: AffineTransform_float_3_3
Parameters: 0.999999 -0.00114255 -0.0010091 0.00115944 0.999847 0.0174598 0.000988906 -0.0174611 0.999847 0.0918876 0.344141 -0.0386756
FixedParameters: 0 0 0

#Transform 171
Transform: AffineTransform_float_3_3
Parameters: 0.999999 -0.00114129 -0.00135348 0.0011637 0.999856 0.0168984 0.00133353 -0.0168995 0.999857 0.094907 0.356857 -0.0424378
FixedParameters: 0 0 0

#Transform 172
Transform: AffineTransform_float_3_3
Parameters: 0.999998 -0.00114586 -0.00116908 0.00116614 0.999849 0.0173727 0.00114891 -0.0173744 0.999849 0.0934591 0.376627 -0.0462966
FixedParameters: 0 0 0

#Transform 173
Transform: AffineTransform_float_3_3
Parameters: 0.999998 -0.00115709 -0.00114645 0.0011779 0.999846 0.0175217 0.00112553 -0.0175233 0.999846 0.0971244 0.377655 -0.0574538
FixedParameters: 0 0 0

#Transform 174
Transform: AffineTransform_float_3_3
Parameters: 0.999998 -0.00108704 -0.00129266 0.00110995 0.999839 0.0178996 0.00127234 -0.0179004 0.999839 0.0932934 0.367695 -0.0588137
FixedParameters: 0 0 0

#Transform 175
Transform: AffineTransform_float_3_3
Parameters: 0.999999 -0.00116772 -0.00129439 0.00119027 0.999835 0.0181315 0.00127263 -0.0181335 0.999835 0.0949082 0.378373 -0.0471644
FixedParameters: 0 0 0

#Transform 176
Transform: AffineTransform_float_3_3
Parameters: 0.999998 -0.00129619 -0.0014171 0.00132181 0.999844 0.0176482 0.00139389 -0.0176499 0.999844 0.09899 0.384903 -0.0841167
FixedParameters: 0 0 0

#Transform 177
Transform: AffineTransform_float_3_3
Parameters: 0.999999 -0.00119837 -0.00127955 0.00122164 0.999825 0.0186285 0.00125746 -0.0186295 0.999825 0.0988607 0.378268 -0.0363066
FixedParameters: 0 0 0

#Transform 178
Transform: AffineTransform_float_3_3
Parameters: 0.999998 -0.00127363 -0.00139853 0.00129838 0.999832 0.0182892 0.00137548 -0.0182908 0.999832 0.100594 0.388979 -0.0702886
FixedParameters: 0 0 0

#Transform 179
Transform: AffineTransform_float_3_3
Parameters: 0.999998 -0.00132589 -0.00137663 0.00135112 0.999829 0.0184032 0.00135236 -0.0184048 0.999829 0.102856 0.389025 -0.0808007
FixedParameters: 0 0 0

#Transform 180
Transform: AffineTransform_float_3_3
Parameters: 0.999998 -0.0012853 -0.00116441 0.00130669 0.999822 0.0188315 0.00113959 -0.0188335 0.999822 0.102011 0.366868 -0.0970976
FixedParameters: 0 0 0

#Transform 181
Transform: AffineTransform_float_3_3
Parameters: 0.999999 -0.00129441 -0.00122237 0.0013166 0.999825 0.0186624 0.00119864 -0.0186636 0.999825 0.10466 0.391939 -0.0778174
FixedParameters: 0 0 0

#Transform 182
Transform: AffineTransform_float_3_3
Parameters: 0.999999 -0.00125205 -0.00137214 0.00127795 0.999817 0.0190783 0.00134786 -0.0190797 0.999817 0.113868 0.384542 -0.0913075
FixedParameters: 0 0 0

#Transform 183
Transform: AffineTransform_float_3_3
Parameters: 0.999999 -0.00122643 -0.000671484 0.00123956 0.999818 0.0190482 0.000647506 -0.0190488 0.999819 0.107001 0.376026 -0.0940606
FixedParameters: 0 0 0

#Transform 184
Transform: AffineTransform_float_3_3
Parameters: 0.999999 -0.00122208 -0.000883872 0.00123892 0.999811 0.0193969 0.00086013 -0.0193981 0.999812 0.0990849 0.395675 -0.0714331
FixedParameters: 0 0 0

#Transform 185
Transform: AffineTransform_float_3_3
Parameters: 0.999998 -0.00132357 -0.000920577 0.00134044 0.999815 0.0191958 0.000895433 -0.0191972 0.999816 0.103071 0.421231 -0.0996774
FixedParameters: 0 0 0

#Transform 186
Transform: AffineTransform_float_3_3
Parameters: 0.999998 -0.00146824 -0.00119063 0.00149077 0.999811 0.0193463 0.00116237 -0.0193487 0.999812 0.110047 0.412015 -0.0778822
FixedParameters: 0 0 0

#Transform 187
Transform: AffineTransform_float_3_3
Parameters: 0.999998 -0.00149994 -0.00125337 0.00152408 0.99981 0.0194241 0.00122463 -0.0194259 0.999811 0.108901 0.41781 -0.09198
FixedParameters: 0 0 0

#Transform 188
Transform: AffineTransform_float_3_3
Parameters: 0.999998 -0.00143034 -0.00122419 0.00145365 0.999808 0.0195473 0.00119581 -0.0195487 0.999808 0.116388 0.401048 -0.0983929
FixedParameters: 0 0 0

#Transform 189
Transform: AffineTransform_float_3_3
Parameters: 0.999998 -0.00158739 -0.00111249 0.0016086 0.999804 0.0196982 0.00108052 -0.0196998 0.999806 0.110953 0.399879 -0.0694931
FixedParameters: 0 0 0

#Transform 190
Transform: AffineTransform_float_3_3
Parameters: 0.999998 -0.00149406 -0.00114326 0.00151694 0.99981 0.0194403 0.00111372 -0.0194427 0.999811 0.10822 0.412113 -0.080053
FixedParameters: 0 0 0

#Transform 191
Transform: AffineTransform_float_3_3
Parameters: 0.999998 -0.00157493 -0.001299 0.00160007 0.999808 0.019526 0.001268 -0.019528 0.999808 0.120277 0.413028 -0.120376
FixedParameters: 0 0 0

#Transform 192
Transform: AffineTransform_float_3_3
Parameters: 0.999998 -0.00164282 -0.00115618 0.00166517 0.999809 0.0194511 0.00112382 -0.0194529 0.99981 0.115768 0.41445 -0.116197
FixedParameters: 0 0 0

#Transform 193
Transform: AffineTransform_float_3_3
Parameters: 0.999998 -0.00121503 -0.00123505 0.00123897 0.999807 0.0195975 0.00121095 -0.0195995 0.999807 0.111879 0.405093 -0.0980721
FixedParameters: 0 0 0

#Transform 194
Transform: AffineTransform_float_3_3
Parameters: 0.999998 -0.00154161 -0.00127435 0.00156638 0.999796 0.020166 0.00124266 -0.020168 0.999796 0.119244 0.400186 -0.0909583
FixedParameters: 0 0 0

#Transform 195
Transform: AffineTransform_float_3_3
Parameters: 0.999998 -0.0016268 -0.00118746 0.00164919 0.999803 0.0198061 0.00115456 -0.0198079 0.999803 0.120248 0.439046 -0.111329
FixedParameters: 0 0 0

#Transform 196
Transform: AffineTransform_float_3_3
Parameters: 0.999998 -0.00169137 -0.0012695 0.00171564 0.999806 0.0196589 0.00123651 -0.0196611 0.999806 0.122531 0.443319 -0.135594
FixedParameters: 0 0 0

#Transform 197
Transform: AffineTransform_float_3_3
Parameters: 0.999998 -0.00158294 -0.001015 0.00160307 0.999797 0.0200824 0.000983004 -0.0200836 0.999798 0.113778 0.398395 -0.130201
FixedParameters: 0 0 0

#Transform 198
Transform: AffineTransform_float_3_3
Parameters: 0.999998 -0.00157675 -0.00107388 0.00159825 0.999797 0.0200803 0.00104212 -0.0200817 0.999798 0.11822 0.408953 -0.12423
FixedParameters: 0 0 0

#Transform 199
Transform: AffineTransform_float_3_3
Parameters: 0.999997 -0.00163833 -0.0014059 0.00166665 0.999801 0.0199107 0.00137209 -0.0199123 0.999801 0.120008 0.427104 -0.116028
FixedParameters: 0 0 0

#Transform 200
Transform: AffineTransform_float_3_3
Parameters: 0.999998 -0.00154318 -0.00119896 0.00156582 0.999813 0.0192702 0.00116904 -0.0192718 0.999813 0.11611 0.404571 -0.123118
FixedParameters: 0 0 0

#Transform 201
Transform: AffineTransform_float_3_3
Parameters: 0.999998 -0.00159065 -0.00116709 0.00161335 0.999811 0.0194072 0.0011359 -0.0194089 0.999811 0.119379 0.431558 -0.130224
FixedParameters: 0 0 0

#Transform 202
Transform: AffineTransform_float_3_3
Parameters: 0.999998 -0.00161962 -0.00109046 0.00164138 0.999801 0.0199043 0.00105754 -0.0199058 0.999802 0.122529 0.414003 -0.138471
FixedParameters: 0 0 0

#Transform 203
Transform: AffineTransform_float_3_3
Parameters: 0.999998 -0.00178131 -0.00141849 0.0018087 0.999803 0.0197645 0.00138352 -0.0197665 0.999803 0.131839 0.41184 -0.149349
FixedParameters: 0 0 0

#Transform 204
Transform: AffineTransform_float_3_3
Parameters: 0.999998 -0.0016656 -0.00102879 0.00168541 0.999796 0.0201593 0.000995223 -0.0201617 0.999796 0.123527 0.410764 -0.119796
FixedParameters: 0 0 0

#Transform 205
Transform: AffineTransform_float_3_3
Parameters: 0.999998 -0.00162459 -0.001028 0.00164542 0.999795 0.0201803 0.000994997 -0.0201817 0.999796 0.123437 0.433994 -0.126719
FixedParameters: 0 0 0

#Transform 206
Transform: AffineTransform_float_3_3
Parameters: 0.999998 -0.00168533 -0.00109025 0.00170666 0.999794 0.0201882 0.00105576 -0.0201908 0.999795 0.126355 0.425343 -0.144147
FixedParameters: 0 0 0

#Transform 207
Transform: AffineTransform_float_3_3
Parameters: 0.999998 -0.00199669 -0.00110819 0.00201933 0.999787 0.0205128 0.0010678 -0.0205152 0.999789 0.135647 0.420187 -0.170608
FixedParameters: 0 0 0

#Transform 208
Transform: AffineTransform_float_3_3
Parameters: 0.999999 -0.00163105 -0.0007071 0.00164595 0.999794 0.0202049 0.00067388 -0.0202061 0.999795 0.127229 0.416071 -0.172457
FixedParameters: 0 0 0

#Transform 209
Transform: AffineTransform_float_3_3
Parameters: 0.999998 -0.00187925 -0.000868496 0.00189774 0.99978 0.0209154 0.000828486 -0.0209176 0.999781 0.139633 0.434727 -0.15488
FixedParameters: 0 0 0

#Transform 210
Transform: AffineTransform_float_3_3
Parameters: 0.999998 -0.00195359 -0.00080883 0.00196941 0.999782 0.0208095 0.000768183 -0.0208106 0.999783 0.135516 0.42946 -0.186691
FixedParameters: 0 0 0

#Transform 211
Transform: AffineTransform_float_3_3
Parameters: 0.999998 -0.00202629 -0.000992461 0.00204773 0.999771 0.021336 0.000949524 -0.021338 0.999772 0.138918 0.440488 -0.183522
FixedParameters: 0 0 0

#Transform 212
Transform: AffineTransform_float_3_3
Parameters: 0.999998 -0.0019661 -0.000583677 0.0019779 0.999775 0.0211309 0.000542325 -0.0211321 0.999776 0.139606 0.441994 -0.21554
FixedParameters: 0 0 0

#Transform 213
Transform: AffineTransform_float_3_3
Parameters: 0.999997 -0.00225624 -0.000922872 0.00227577 0.999756 0.022004 0.000873134 -0.0220061 0.999758 0.147708 0.443021 -0.176245
FixedParameters: 0 0 0

#Transform 214
Transform: AffineTransform_float_3_3
Parameters: 0.999997 -0.00206612 -0.000585653 0.00207789 0.999776 0.0210648 0.000542348 -0.0210662 0.999778 0.137444 0.44015 -0.195108
FixedParameters: 0 0 0

#Transform 215
Transform: AffineTransform_float_3_3
Parameters: 0.999997 -0.00221699 -0.000773503 0.00223302 0.999769 0.0213463 0.000726498 -0.0213477 0.999772 0.152701 0.451368 -0.214032
FixedParameters: 0 0 0

#Transform 216
Transform: AffineTransform_float_3_3
Parameters: 0.999997 -0.0020657 -0.000587133 0.00207729 0.99976 0.0217808 0.000541881 -0.0217822 0.999762 0.138335 0.442936 -0.211835
FixedParameters: 0 0 0

#Transform 217
Transform: AffineTransform_float_3_3
Parameters: 0.999997 -0.00206541 -0.000588162 0.00207759 0.999749 0.0222788 0.000541848 -0.0222792 0.999751 0.137246 0.433653 -0.210354
FixedParameters: 0 0 0

#Transform 218
Transform: AffineTransform_float_3_3
Parameters: 0.999997 -0.00208761 -0.000587902 0.00209939 0.999757 0.0219198 0.000542112 -0.0219202 0.999759 0.14255 0.448856 -0.202515
FixedParameters: 0 0 0

#Transform 219
Transform: AffineTransform_float_3_3
Parameters: 0.999999 -0.000810362 -0.000466719 0.000817627 0.999896 0.0144016 0.000454272 -0.0144014 0.999896 0.10881 0.305811 -0.262218
FixedParameters: 0 0 0

#Transform 220
Transform: AffineTransform_float_3_3
Parameters: 0.999999 0.00113448 -0.00101882 -0.00113753 0.999997 -0.00248085 0.00101618 0.00248216 0.999997 0.0379399 0.12935 -0.351582
FixedParameters: 0 0 0

#Transform 221
Transform: AffineTransform_float_3_3
Parameters: 1 0.000260099 -0.000510432 -0.000256903 0.999981 0.00606213 0.000511566 -0.00606186 0.999981 0.0566993 0.226852 -0.131579
FixedParameters: 0 0 0

#Transform 222
Transform: AffineTransform_float_3_3
Parameters: 0.999999 7.14875e-05 -0.0008464 -6.45071e-05 0.999961 0.00884305 0.000847603 -0.00884294 0.99996 0.0669067 0.308099 -0.0695512
FixedParameters: 0 0 0

#Transform 223
Transform: AffineTransform_float_3_3
Parameters: 1 -3.95888e-05 -0.00106539 4.94165e-05 0.999961 0.00883496 0.00106561 -0.00883505 0.999961 0.0628372 0.290911 -0.112261
FixedParameters: 0 0 0

#Transform 224
Transform: AffineTransform_float_3_3
Parameters: 0.999999 -5.58624e-05 -0.00079953 6.31417e-05 0.99996 0.00892995 0.000799468 -0.00893005 0.99996 0.062706 0.290178 -0.106833
FixedParameters: 0 0 0

#Transform 225
Transform: AffineTransform_float_3_3
Parameters: 0.999999 -5.61776e-05 -0.000750542 6.28174e-05 0.999958 0.00909296 0.00074946 -0.00909304 0.999959 0.0766847 0.259853 -0.102765
FixedParameters: 0 0 0

#Transform 226
Transform: AffineTransform_float_3_3
Parameters: 0.999999 -0.000202686 -0.0006849 0.000208315 0.999958 0.00923086 0.000683106 -0.00923115 0.999957 0.0729049 0.23769 -0.107513
FixedParameters: 0 0 0

#Transform 227
Transform: AffineTransform_float_3_3
Parameters: 0.999999 -0.000365829 -0.000632609 0.000372165 0.999952 0.00978277 0.000628389 -0.00978323 0.999952 0.0760117 0.289636 -0.113384
FixedParameters: 0 0 0

#Transform 228
Transform: AffineTransform_float_3_3
Parameters: 0.999999 -0.000466801 -0.00060285 0.000473199 0.999946 0.0103227 0.000598147 -0.0103233 0.999946 0.0859822 0.274491 -0.129357
FixedParameters: 0 0 0

#Transform 229
Transform: AffineTransform_float_3_3
Parameters: 0.999999 -0.00049931 -0.000688642 0.000506694 0.999937 0.0112127 0.000683361 -0.0112123 0.999937 0.0863386 0.301464 -0.129878
FixedParameters: 0 0 0

#Transform 230
Transform: AffineTransform_float_3_3
Parameters: 0.999999 -0.000718966 -0.00017555 0.000721027 0.999929 0.0118749 0.000166449 -0.0118751 0.999929 0.0888673 0.323075 -0.104689
FixedParameters: 0 0 0

#Transform 231
Transform: AffineTransform_float_3_3
Parameters: 0.999999 -0.000619355 -0.000385563 0.00062365 0.999926 0.0121648 0.000378441 -0.0121652 0.999926 0.0889248 0.310234 -0.116572
FixedParameters: 0 0 0

#Transform 232
Transform: AffineTransform_float_3_3
Parameters: 1 -0.000504903 -0.000173236 0.000507094 0.999924 0.0123239 0.000166763 -0.0123241 0.999924 0.0917426 0.325054 -0.0858874
FixedParameters: 0 0 0

#Transform 233
Transform: AffineTransform_float_3_3
Parameters: 1 -0.000504887 -0.000173283 0.000507109 0.999923 0.0124189 0.000166715 -0.0124191 0.999923 0.0917487 0.319013 -0.104248
FixedParameters: 0 0 0

#Transform 234
Transform: AffineTransform_float_3_3
Parameters: 1 -0.00080248 -0.00059331 0.000810517 0.999918 0.0127865 0.000582685 -0.0127865 0.999918 0.0978911 0.336411 -0.0937178
FixedParameters: 0 0 0

#Transform 235
Transform: AffineTransform_float_3_3
Parameters: 0.999999 -0.000856708 -0.000178381 0.000859285 0.999911 0.0132658 0.000166615 -0.0132661 0.999912 0.0995403 0.327507 -0.0985679
FixedParameters: 0 0 0

#Transform 236
Transform: AffineTransform_float_3_3
Parameters: 0.999999 -0.000853712 -0.000178324 0.000856282 0.999912 0.0132459 0.000166672 -0.0132461 0.999913 0.0972655 0.331473 -0.104712
FixedParameters: 0 0 0

#Transform 237
Transform: AffineTransform_float_3_3
Parameters: 0.999999 -0.000902377 -0.000368529 0.000907616 0.999919 0.0127437 0.000356462 -0.0127443 0.999918 0.102224 0.352992 -0.126574
FixedParameters: 0 0 0

#Transform 238
Transform: AffineTransform_float_3_3
Parameters: 1 -0.000436958 -6.62797e-05 0.000438054 0.999862 0.016639 5.97194e-05 -0.016639 0.999861 0.0800491 0.379312 -0.0378744
FixedParameters: 0 0 0

#Transform 239
Transform: AffineTransform_float_3_3
Parameters: 1 0.000587968 -0.000960645 -0.000569045 0.999807 0.0196276 0.000971356 -0.0196264 0.999807 0.0455686 0.434217 0.0119375
FixedParameters: 0 0 0

#Transform 240
Transform: AffineTransform_float_3_3
Parameters: 0.999999 -0.000179743 -0.00137155 0.000205266 0.99983 0.0184377 0.00136845 -0.0184373 0.999829 0.068624 0.393885 -0.00172941
FixedParameters: 0 0 0

#Transform 241
Transform: AffineTransform_float_3_3
Parameters: 0.999999 -0.000245603 -0.000837668 0.000260403 0.99983 0.0184298 0.000833342 -0.0184302 0.99983 0.0625868 0.371213 -0.0173742
FixedParameters: 0 0 0

#Transform 242
Transform: AffineTransform_float_3_3
Parameters: 0.999999 -0.00024853 -0.000837745 0.000263475 0.999829 0.0185168 0.000833264 -0.0185172 0.999828 0.0626079 0.384324 -0.0140779
FixedParameters: 0 0 0

#Transform 243
Transform: AffineTransform_float_3_3
Parameters: 0.999999 -0.000284512 -0.000838416 0.000300498 0.999828 0.0185308 0.000833574 -0.0185312 0.999828 0.0715855 0.422504 -0.0367551
FixedParameters: 0 0 0

#Transform 244
Transform: AffineTransform_float_3_3
Parameters: 1 -0.000253943 -0.00118395 0.000276057 0.999825 0.0186667 0.00117905 -0.0186673 0.999825 0.0723238 0.409225 -0.0392848
FixedParameters: 0 0 0

#Transform 245
Transform: AffineTransform_float_3_3
Parameters: 1 6.82977e-05 -0.00110994 -4.77011e-05 0.999833 0.0182771 0.00111106 -0.0182769 0.999833 0.0686941 0.396165 -0.0396942
FixedParameters: 0 0 0

#Transform 246
Transform: AffineTransform_float_3_3
Parameters: 0.999999 7.26647e-05 -0.00136091 -4.83334e-05 0.999836 0.0181151 0.0013621 -0.0181149 0.999835 0.0680491 0.409357 -0.0405656
FixedParameters: 0 0 0

#Transform 247
Transform: AffineTransform_float_3_3
Parameters: 0.999999 -0.000147464 -0.000937925 0.000165537 0.999824 0.0187239 0.000935064 -0.0187241 0.999825 0.0675502 0.392754 -0.0235407
FixedParameters: 0 0 0

#Transform 248
Transform: AffineTransform_float_3_3
Parameters: 0.999999 -0.000338013 -0.00137339 0.00036298 0.999833 0.0182345 0.00136661 -0.0182345 0.999833 0.0735477 0.425824 -0.0632619
FixedParameters: 0 0 0

#Transform 249
Transform: AffineTransform_float_3_3
Parameters: 0.999999 -0.000352332 -0.00122177 0.000375672 0.999827 0.0186026 0.00121522 -0.0186034 0.999826 0.0711089 0.418472 -0.0631605
FixedParameters: 0 0 0

#Transform 250
Transform: AffineTransform_float_3_3
Parameters: 0.999999 -0.000354872 -0.0013048 0.000379131 0.999828 0.0185375 0.0012982 -0.0185385 0.999828 0.0710622 0.38669 -0.0332309
FixedParameters: 0 0 0

#Transform 251
Transform: AffineTransform_float_3_3
Parameters: 0.999999 -0.000309642 -0.00137994 0.000335342 0.999831 0.0184146 0.00137306 -0.0184144 0.999829 0.0727986 0.410108 -0.0237747
FixedParameters: 0 0 0

#Transform 252
Transform: AffineTransform_float_3_3
Parameters: 0.999999 -0.00022208 -0.00125228 0.000244915 0.999832 0.0183327 0.00124772 -0.0183323 0.999831 0.0697578 0.395626 -0.0426674
FixedParameters: 0 0 0

#Transform 253
Transform: AffineTransform_float_3_3
Parameters: 0.999999 -0.000325406 -0.00151619 0.000352591 0.999833 0.0182355 0.00150982 -0.0182355 0.999832 0.0743658 0.416664 -0.0279703
FixedParameters: 0 0 0

#Transform 254
Transform: AffineTransform_float_3_3
Parameters: 0.999999 0.000235621 -0.00136498 -0.000211378 0.999838 0.0180103 0.00136903 -0.0180097 0.999837 0.0607691 0.361893 -0.0285343
FixedParameters: 0 0 0

#Transform 255
Transform: AffineTransform_float_3_3
Parameters: 0.999999 0.000249702 -0.000977412 -0.000231305 0.999818 0.0190882 0.000981594 -0.0190878 0.999818 0.0570509 0.445187 -0.0165052
FixedParameters: 0 0 0

#Transform 256
Transform: AffineTransform_float_3_3
Parameters: 1 6.6257e-05 -0.000924873 -4.77406e-05 0.999806 0.0197261 0.000926122 -0.019726 0.999805 0.0605245 0.40683 -0.0126319
FixedParameters: 0 0 0

#Transform 257
Transform: AffineTransform_float_3_3
Parameters: 1 -0.000269268 -0.000590492 0.000280722 0.999801 0.0199588 0.000584513 -0.0199591 0.9998 0.0647832 0.463096 -0.00985385
FixedParameters: 0 0 0

#Transform 258
Transform: AffineTransform_float_3_3
Parameters: 0.999999 -0.000244836 -0.000743813 0.000259167 0.999818 0.0191018 0.000739184 -0.0191022 0.999818 0.0656978 0.423651 -0.0554789
FixedParameters: 0 0 0

#Transform 259
Transform: AffineTransform_float_3_3
Parameters: 1 -0.000266629 -0.000472819 0.000275356 0.999841 0.0177929 0.000467174 -0.0177931 0.999841 0.0672684 0.379764 -0.0317115
FixedParameters: 0 0 0

#Transform 260
Transform: AffineTransform_float_3_3
Parameters: 1 -0.000312538 -0.000558979 0.000323462 0.999823 0.0188148 0.000553012 -0.0188152 0.999823 0.0687128 0.421768 -0.0265382
FixedParameters: 0 0 0

#Transform 261
Transform: AffineTransform_float_3_3
Parameters: 0.999999 -0.00039983 -0.000692769 0.000413174 0.999817 0.0191157 0.000685227 -0.0191163 0.999817 0.0707554 0.432073 -0.0403992
FixedParameters: 0 0 0

#Transform 262
Transform: AffineTransform_float_3_3
Parameters: 0.999999 -0.000425799 -0.000743317 0.000440194 0.999816 0.0192097 0.000734679 -0.0192103 0.999815 0.0697243 0.419633 -0.0516998
FixedParameters: 0 0 0

#Transform 263
Transform: AffineTransform_float_3_3
Parameters: 0.999999 -0.000327656 -0.000755385 0.000342337 0.999818 0.0190687 0.000748608 -0.0190683 0.999818 0.07331 0.417328 -0.0689324
FixedParameters: 0 0 0

#Transform 264
Transform: AffineTransform_float_3_3
Parameters: 0.999999 -0.000356118 -0.000771048 0.00037088 0.999812 0.0193867 0.000763953 -0.0193873 0.999812 0.070591 0.395039 -0.0493326
FixedParameters: 0 0 0

#Transform 265
Transform: AffineTransform_float_3_3
Parameters: 0.999999 -0.000378981 -0.000639279 0.000391014 0.999821 0.0189068 0.00063172 -0.0189062 0.999821 0.0676858 0.415767 -0.0387858
FixedParameters: 0 0 0

#Transform 266
Transform: AffineTransform_float_3_3
Parameters: 0.999999 -0.000450293 -0.000837635 0.000465695 0.999823 0.0188466 0.00082837 -0.0188474 0.999822 0.0710155 0.427072 -0.0620872
FixedParameters: 0 0 0

#Transform 267
Transform: AffineTransform_float_3_3
Parameters: 1 -0.000441572 -0.00110977 0.000463433 0.999812 0.0193835 0.00110122 -0.0193835 0.999811 0.0731968 0.426657 -0.05766
FixedParameters: 0 0 0

#Transform 268
Transform: AffineTransform_float_3_3
Parameters: 0.999999 6.42619e-05 -0.000845921 -4.77365e-05 0.999815 0.01921 0.000847073 -0.0192099 0.999815 0.0599079 0.406648 -0.0489272
FixedParameters: 0 0 0

#Transform 269
Transform: AffineTransform_float_3_3
Parameters: 1 7.06136e-05 -0.00116185 -4.83833e-05 0.999811 0.0194521 0.00116316 -0.0194519 0.99981 0.0625499 0.432757 -0.0480344
FixedParameters: 0 0 0

#Transform 270
Transform: AffineTransform_float_3_3
Parameters: 1 -0.00013003 -0.00120882 0.000153974 0.999803 0.0198508 0.00120618 -0.0198502 0.999802 0.0673734 0.462144 -0.0492147
FixedParameters: 0 0 0

#Transform 271
Transform: AffineTransform_float_3_3
Parameters: 1 -0.000233346 -0.00117196 0.000257655 0.999796 0.0202237 0.00116703 -0.0202243 0.999795 0.0693293 0.437148 -0.0398087
FixedParameters: 0 0 0

#Transform 272
Transform: AffineTransform_float_3_3
Parameters: 0.999999 -0.000170322 -0.00129364 0.000195685 0.999803 0.0198748 0.00129037 -0.0198752 0.999801 0.0662998 0.437435 -0.0301562
FixedParameters: 0 0 0

#Transform 273
Transform: AffineTransform_float_3_3
Parameters: 0.999999 -0.000344729 -0.00126516 0.000370269 0.9998 0.0200295 0.00125784 -0.0200294 0.999798 0.0726159 0.446535 -0.0573345
FixedParameters: 0 0 0

#Transform 274
Transform: AffineTransform_float_3_3
Parameters: 0.999999 -0.000324012 -0.00149979 0.000353972 0.999799 0.0200375 0.00149221 -0.0200385 0.999798 0.0741914 0.42945 -0.0560666
FixedParameters: 0 0 0

#Transform 275
Transform: AffineTransform_float_3_3
Parameters: 0.999999 -0.000336041 -0.00140325 0.000364975 0.999786 0.0206885 0.00139675 -0.0206885 0.999785 0.0736813 0.41697 -0.0676377
FixedParameters: 0 0 0

#Transform 276
Transform: AffineTransform_float_3_3
Parameters: 0.999999 -0.000354674 -0.00175894 0.000391326 0.999774 0.0212653 0.00175108 -0.0212667 0.999773 0.0738551 0.433029 -0.0391189
FixedParameters: 0 0 0

#Transform 277
Transform: AffineTransform_float_3_3
Parameters: 0.999999 -0.000351686 -0.00146362 0.000382302 0.999785 0.0207635 0.00145538 -0.0207635 0.999784 0.0704572 0.437441 -0.0576687
FixedParameters: 0 0 0

#Transform 278
Transform: AffineTransform_float_3_3
Parameters: 0.999999 -0.000456314 -0.00151292 0.000487688 0.999779 0.0210103 0.00150309 -0.0210107 0.999778 0.073988 0.444533 -0.0608543
FixedParameters: 0 0 0

#Transform 279
Transform: AffineTransform_float_3_3
Parameters: 0.999998 -0.000516778 -0.00163322 0.000551217 0.999779 0.0210231 0.00162177 -0.0210239 0.999777 0.0797448 0.45097 -0.0603382
FixedParameters: 0 0 0

#Transform 280
Transform: AffineTransform_float_3_3
Parameters: 0.999998 -0.000546388 -0.00162108 0.000581631 0.99977 0.0214281 0.00160991 -0.0214289 0.999769 0.0802499 0.441986 -0.0622617
FixedParameters: 0 0 0

#Transform 281
Transform: AffineTransform_float_3_3
Parameters: 0.999999 -0.000357505 -0.00171999 0.000393495 0.999774 0.0212644 0.00171202 -0.0212656 0.999773 0.0768803 0.436003 -0.0545189
FixedParameters: 0 0 0

#Transform 282
Transform: AffineTransform_float_3_3
Parameters: 0.999998 -0.000530276 -0.00158667 0.000563731 0.999773 0.0213301 0.00157533 -0.0213309 0.999771 0.0795141 0.455143 -0.0485262
FixedParameters: 0 0 0

#Transform 283
Transform: AffineTransform_float_3_3
Parameters: 0.999999 -0.000577161 -0.00164502 0.000612839 0.99976 0.02187 0.00163199 -0.021871 0.99976 0.0809685 0.468405 -0.0844674
FixedParameters: 0 0 0

#Transform 284
Transform: AffineTransform_float_3_3
Parameters: 0.999998 -0.000358613 -0.00157746 0.0003934 0.999747 0.0224904 0.00156955 -0.0224906 0.999746 0.0757461 0.453221 -0.0819075
FixedParameters: 0 0 0

#Transform 285
Transform: AffineTransform_float_3_3
Parameters: 1 -0.000369023 -0.00113443 0.000393968 0.999756 0.0220966 0.00112557 -0.0220964 0.999755 0.0718615 0.424857 -0.0725457
FixedParameters: 0 0 0

#Transform 286
Transform: AffineTransform_float_3_3
Parameters: 0.999999 -0.000362809 -0.00139847 0.000393203 0.999749 0.0223685 0.00139055 -0.0223685 0.999749 0.0741589 0.465108 -0.068123
FixedParameters: 0 0 0

#Transform 287
Transform: AffineTransform_float_3_3
Parameters: 0.999999 -0.000362911 -0.00133981 0.000394094 0.999729 0.0232775 0.00133119 -0.0232775 0.999728 0.0736435 0.456658 -0.0649218
FixedParameters: 0 0 0

#Transform 288
Transform: AffineTransform_float_3_3
Parameters: 1 -0.000367646 -0.00113488 0.000393357 0.999728 0.0233096 0.00112614 -0.0233104 0.999727 0.0718568 0.443259 -0.0712727
FixedParameters: 0 0 0

#Transform 289
Transform: AffineTransform_float_3_3
Parameters: 0.999999 -0.000366228 -0.00118991 0.000393775 0.999725 0.0234245 0.0011811 -0.0234244 0.999725 0.0723405 0.46333 -0.0712174
FixedParameters: 0 0 0

#Transform 290
Transform: AffineTransform_float_3_3
Parameters: 0.999998 -0.00035873 -0.00154163 0.000393279 0.999737 0.0229394 0.00153338 -0.0229396 0.999735 0.068584 0.462256 -0.0520204
FixedParameters: 0 0 0

#Transform 291
Transform: AffineTransform_float_3_3
Parameters: 0.999998 -0.000357095 -0.00159869 0.000393911 0.999732 0.0231434 0.00159031 -0.0231446 0.999731 0.0727973 0.487995 -0.0559796
FixedParameters: 0 0 0

#Transform 292
Transform: AffineTransform_float_3_3
Parameters: 0.999999 -0.000361793 -0.00134508 0.000393205 0.999712 0.0240215 0.00133594 -0.0240225 0.99971 0.0736896 0.474753 -0.0642514
FixedParameters: 0 0 0

#Transform 293
Transform: AffineTransform_float_3_3
Parameters: 0.999999 -0.000304285 -0.00147482 0.000340694 0.999705 0.0242765 0.00146616 -0.0242775 0.999704 0.0736665 0.470604 -0.0458527
FixedParameters: 0 0 0

#Transform 294
Transform: AffineTransform_float_3_3
Parameters: 0.999999 -0.000361731 -0.00133616 0.000393266 0.999707 0.0242305 0.00132686 -0.0242305 0.999706 0.0735927 0.48491 -0.0598478
FixedParameters: 0 0 0

#Transform 295
Transform: AffineTransform_float_3_3
Parameters: 0.999998 -0.000559481 -0.00180739 0.00060451 0.999694 0.0247259 0.0017926 -0.024727 0.999692 0.0796644 0.504599 -0.0696532
FixedParameters: 0 0 0

#Transform 296
Transform: AffineTransform_float_3_3
Parameters: 0.999998 -0.000466998 -0.00163397 0.000507002 0.999698 0.0245672 0.00162203 -0.0245678 0.999697 0.0787286 0.456466 -0.078413
FixedParameters: 0 0 0

#Transform 297
Transform: AffineTransform_float_3_3
Parameters: 0.999999 -0.000351076 -0.00174718 0.000393918 0.999696 0.0246273 0.00173783 -0.0246286 0.999695 0.0690952 0.462491 -0.0532167
FixedParameters: 0 0 0

#Transform 298
Transform: AffineTransform_float_3_3
Parameters: 0.999999 -0.000548756 -0.001684 0.000590245 0.999698 0.0245901 0.00166999 -0.024591 0.999696 0.0717975 0.504049 -0.0722411
FixedParameters: 0 0 0

#Transform 299
Transform: AffineTransform_float_3_3
Parameters: 0.999999 -0.000515427 -0.00170347 0.000558587 0.999685 0.0250871 0.00169052 -0.0250879 0.999684 0.0696179 0.470808 -0.0804858
FixedParameters: 0 0 0

#Transform 300
Transform: AffineTransform_float_3_3
Parameters: 0.999999 -0.000446186 -0.00175771 0.000489822 0.999687 0.0250062 0.0017463 -0.0250068 0.999686 0.0655997 0.474941 -0.0324737
FixedParameters: 0 0 0

#Transform 301
Transform: AffineTransform_float_3_3
Parameters: 0.999999 -0.000356149 -0.00168246 0.000393841 0.999745 0.0225514 0.00167355 -0.0225516 0.999745 0.063066 0.494809 -0.0724869
FixedParameters: 0 0 0

#Transform 302
Transform: AffineTransform_float_3_3
Parameters: 0.999998 -0.00035783 -0.00155974 0.000393151 0.999729 0.0232504 0.00155028 -0.0232516 0.999729 0.0665713 0.467685 -0.0885551
FixedParameters: 0 0 0

#Transform 303
Transform: AffineTransform_float_3_3
Parameters: 0.999999 -0.000271308 -0.00184379 0.000313698 0.999731 0.0231945 0.00183722 -0.0231945 0.99973 0.0681646 0.458977 -0.0547207
FixedParameters: 0 0 0

#Transform 304
Transform: AffineTransform_float_3_3
Parameters: 0.999999 -0.000358081 -0.00153681 0.000393922 0.999726 0.0234354 0.00152819 -0.0234366 0.999724 0.0698062 0.47454 -0.0507536
FixedParameters: 0 0 0

#Transform 305
Transform: AffineTransform_float_3_3
Parameters: 0.999999 -0.000267303 -0.00173875 0.000308702 0.999725 0.0234475 0.00173224 -0.0234485 0.999723 0.0752437 0.49207 -0.0812134
FixedParameters: 0 0 0

#Transform 306
Transform: AffineTransform_float_3_3
Parameters: 0.999998 -0.00035006 -0.00187673 0.000393947 0.999724 0.0234643 0.00186827 -0.0234647 0.999723 0.0782012 0.489389 -0.0793719
FixedParameters: 0 0 0

#Transform 307
Transform: AffineTransform_float_3_3
Parameters: 0.999999 -0.00028529 -0.00176127 0.000327702 0.999718 0.0237264 0.00175372 -0.0237275 0.999717 0.0704419 0.448565 -0.0679414
FixedParameters: 0 0 0

#Transform 308
Transform: AffineTransform_float_3_3
Parameters: 0.999999 -0.000351732 -0.00179679 0.000393248 0.999722 0.0235773 0.00178723 -0.0235787 0.999721 0.0691808 0.490967 -0.0555416
FixedParameters: 0 0 0

#Transform 309
Transform: AffineTransform_float_3_3
Parameters: 0.999998 -0.000344959 -0.00203194 0.000394042 0.999707 0.0241842 0.00202306 -0.0241847 0.999706 0.0698448 0.470993 -0.0774828
FixedParameters: 0 0 0

#Transform 310
Transform: AffineTransform_float_3_3
Parameters: 0.999998 -0.00034765 -0.00192694 0.000393353 0.99971 0.0241063 0.00191807 -0.0241067 0.999707 0.0696212 0.479458 -0.0846322
FixedParameters: 0 0 0

#Transform 311
Transform: AffineTransform_float_3_3
Parameters: 0.999998 -0.000349084 -0.00185601 0.000393916 0.999705 0.0242553 0.00184699 -0.0242557 0.999704 0.0780336 0.475073 -0.080351
FixedParameters: 0 0 0

#Transform 312
Transform: AffineTransform_float_3_3
Parameters: 0.999998 -0.000349062 -0.00188289 0.000393941 0.999714 0.0239193 0.00187411 -0.0239197 0.999712 0.0693331 0.459737 -0.0669606
FixedParameters: 0 0 0

#Transform 313
Transform: AffineTransform_float_3_3
Parameters: 0.999998 -0.000344023 -0.00204404 0.000393976 0.999699 0.0245002 0.00203496 -0.0245007 0.999697 0.069418 0.500235 -0.0769361
FixedParameters: 0 0 0

#Transform 314
Transform: AffineTransform_float_3_3
Parameters: 0.999998 -0.000115446 -0.001992 0.000158553 0.99976 0.0218777 0.00198901 -0.0218783 0.999758 0.0741557 0.462091 -0.0767584
FixedParameters: 0 0 0

#Transform 315
Transform: AffineTransform_float_3_3
Parameters: 0.999998 -0.00015397 -0.001597 0.000191029 0.99973 0.0232127 0.00159299 -0.0232133 0.99973 0.062561 0.447774 -0.0655537
FixedParameters: 0 0 0

#Transform 316
Transform: AffineTransform_float_3_3
Parameters: 0.999999 -0.000176791 -0.0017696 0.00021722 0.999728 0.0233146 0.00176542 -0.0233143 0.999726 0.0662817 0.482436 -0.0570531
FixedParameters: 0 0 0

#Transform 317
Transform: AffineTransform_float_3_3
Parameters: 0.999999 -0.000351379 -0.00181278 0.000393627 0.999722 0.0235653 0.00180422 -0.0235657 0.99972 0.066104 0.489482 -0.065059
FixedParameters: 0 0 0

#Transform 318
Transform: AffineTransform_float_3_3
Parameters: 0.999999 -0.000353221 -0.00174575 0.000393785 0.999726 0.0234144 0.00173726 -0.0234147 0.999725 0.0646537 0.474132 -0.0764035
FixedParameters: 0 0 0

#Transform 319
Transform: AffineTransform_float_3_3
Parameters: 0.999999 -0.000270796 -0.00176997 0.000313204 0.999714 0.0238875 0.00176302 -0.0238885 0.999713 0.0537266 0.476097 -0.0573656
FixedParameters: 0 0 0

#Transform 320
Transform: AffineTransform_float_3_3
Parameters: 0.999999 -0.000267478 -0.00181478 0.000310502 0.999724 0.0234705 0.00180721 -0.0234715 0.999723 0.0542723 0.461046 -0.0591241
FixedParameters: 0 0 0

#Transform 321
Transform: AffineTransform_float_3_3
Parameters: 0.999999 -0.000352472 -0.00180063 0.000393514 0.999732 0.0231153 0.00179138 -0.0231157 0.999731 0.0639368 0.487622 -0.0627179
FixedParameters: 0 0 0

#Transform 322
Transform: AffineTransform_float_3_3
Parameters: 0.999998 -0.000348222 -0.00194874 0.000393782 0.999723 0.0235393 0.00194027 -0.0235407 0.999721 0.0677645 0.454326 -0.0614389
FixedParameters: 0 0 0

#Transform 323
Transform: AffineTransform_float_3_3
Parameters: 0.999999 -0.000210357 -0.00185746 0.000253655 0.999723 0.0235266 0.00185255 -0.0235274 0.999722 0.0615037 0.445632 -0.0635457
FixedParameters: 0 0 0

#Transform 324
Transform: AffineTransform_float_3_3
Parameters: 0.999998 -0.000277389 -0.00196116 0.000324606 0.999716 0.0238064 0.00195383 -0.0238076 0.999714 0.0664592 0.475289 -0.0701929
FixedParameters: 0 0 0

#Transform 325
Transform: AffineTransform_float_3_3
Parameters: 0.999998 -0.000341453 -0.00221375 0.000393554 0.999717 0.0237802 0.00220527 -0.0237808 0.999715 0.0700327 0.496423 -0.0915562
FixedParameters: 0 0 0

#Transform 326
Transform: AffineTransform_float_3_3
Parameters: 0.999997 -0.000237547 -0.0021862 0.000289449 0.999723 0.0235654 0.00217978 -0.0235656 0.99972 0.0676648 0.464605 -0.0743486
FixedParameters: 0 0 0

#Transform 327
Transform: AffineTransform_float_3_3
Parameters: 0.999998 -0.00022131 -0.0020547 0.000269698 0.99973 0.0232395 0.00204929 -0.0232395 0.999728 0.0661013 0.472313 -0.0661395
FixedParameters: 0 0 0

#Transform 328
Transform: AffineTransform_float_3_3
Parameters: 0.999997 -0.000338148 -0.00236367 0.000393837 0.99972 0.0236691 0.00235434 -0.0236699 0.999717 0.0547391 0.499505 -0.0706707
FixedParameters: 0 0 0

#Transform 329
Transform: AffineTransform_float_3_3
Parameters: 0.999997 -0.000342596 -0.00214982 0.000393382 0.999713 0.0239552 0.00214019 -0.0239568 0.99971 0.0623465 0.453142 -0.0441623
FixedParameters: 0 0 0

#Transform 330
Transform: AffineTransform_float_3_3
Parameters: 0.999998 -0.000338304 -0.00231582 0.000393698 0.999709 0.0240911 0.00230719 -0.0240928 0.999707 0.0662191 0.472911 -0.0795948
FixedParameters: 0 0 0

#Transform 331
Transform: AffineTransform_float_3_3
Parameters: 0.999998 -0.000344672 -0.00203895 0.00039333 0.999706 0.0242423 0.00203006 -0.0242428 0.999704 0.0732667 0.483969 -0.0811324
FixedParameters: 0 0 0

#Transform 332
Transform: AffineTransform_float_3_3
Parameters: 0.999998 -0.000340185 -0.00223187 0.000393819 0.999708 0.0241562 0.00222314 -0.0241568 0.999705 0.0748269 0.49095 -0.0710573
FixedParameters: 0 0 0

#Transform 333
Transform: AffineTransform_float_3_3
Parameters: 0.999999 -0.000288558 -0.00180947 0.000332455 0.99971 0.0240544 0.00180253 -0.0240546 0.999709 0.0646226 0.462849 -0.0750253
FixedParameters: 0 0 0

#Transform 334
Transform: AffineTransform_float_3_3
Parameters: 0.999997 -0.000394995 -0.00237101 0.000451005 0.99972 0.023667 0.00236099 -0.023668 0.999717 0.0693419 0.528527 -0.0858975
FixedParameters: 0 0 0

#Transform 335
Transform: AffineTransform_float_3_3
Parameters: 0.999998 -0.000346929 -0.00203957 0.000394058 0.999732 0.0231242 0.00203043 -0.0231247 0.99973 0.0689434 0.449455 -0.0933483
FixedParameters: 0 0 0

#Transform 336
Transform: AffineTransform_float_3_3
Parameters: 0.999998 -0.00024725 -0.00210345 0.000296739 0.999719 0.0236844 0.00209656 -0.0236846 0.999718 0.0590569 0.496411 -0.0792483
FixedParameters: 0 0 0

#Transform 337
Transform: AffineTransform_float_3_3
Parameters: 0.999999 -0.000174708 -0.00179674 0.0002183 0.999709 0.0241237 0.00179226 -0.0241234 0.999708 0.0537085 0.467016 -0.0758123
FixedParameters: 0 0 0

#Transform 338
Transform: AffineTransform_float_3_3
Parameters: 0.999998 -0.000340454 -0.0022139 0.000393549 0.999707 0.0242312 0.00220511 -0.0242318 0.999704 0.0633204 0.503505 -0.0904119
FixedParameters: 0 0 0

#Transform 339
Transform: AffineTransform_float_3_3
Parameters: 0.999997 -0.000340531 -0.00220492 0.000393471 0.999705 0.0242952 0.00219609 -0.0242958 0.999703 0.0635403 0.479631 -0.0933315
FixedParameters: 0 0 0

#Transform 340
Transform: AffineTransform_float_3_3
Parameters: 0.999998 -0.000345027 -0.00200604 0.000393973 0.9997 0.0244642 0.00199696 -0.0244647 0.999698 0.059875 0.478958 -0.0903007
FixedParameters: 0 0 0

#Transform 341
Transform: AffineTransform_float_3_3
Parameters: 0.999998 -0.000345641 -0.00198005 0.000393359 0.999701 0.0244753 0.00197096 -0.0244758 0.999699 0.0604516 0.491204 -0.0856672
FixedParameters: 0 0 0

#Transform 342
Transform: AffineTransform_float_3_3
Parameters: 0.999999 -0.000349833 -0.00180114 0.000393164 0.999698 0.0245803 0.00179188 -0.0245807 0.999696 0.0586889 0.493606 -0.0724333
FixedParameters: 0 0 0

#Transform 343
Transform: AffineTransform_float_3_3
Parameters: 0.999997 -0.000294412 -0.00220382 0.000348566 0.999704 0.0243543 0.00219516 -0.0243557 0.999701 0.0552306 0.502303 -0.0966369
FixedParameters: 0 0 0

#Transform 344
Transform: AffineTransform_float_3_3
Parameters: 0.999999 -0.000348636 -0.00176114 0.000392362 0.999695 0.0246833 0.00175185 -0.0246837 0.999694 0.0620307 0.491011 -0.108223
FixedParameters: 0 0 0

#Transform 345
Transform: AffineTransform_float_3_3
Parameters: 0.999998 -0.00045911 -0.00193499 0.00050689 0.999692 0.0248221 0.00192301 -0.0248229 0.99969 0.0671159 0.491073 -0.106136
FixedParameters: 0 0 0

#Transform 346
Transform: AffineTransform_float_3_3
Parameters: 0.999999 -0.000441381 -0.00176377 0.000485601 0.999678 0.0253782 0.00175124 -0.0253788 0.999677 0.0618638 0.499002 -0.0650214
FixedParameters: 0 0 0

#Transform 347
Transform: AffineTransform_float_3_3
Parameters: 0.999998 -0.000533419 -0.00204842 0.000586596 0.999668 0.0257549 0.00203457 -0.0257562 0.999666 0.0645581 0.492506 -0.0763757
FixedParameters: 0 0 0

#Transform 348
Transform: AffineTransform_float_3_3
Parameters: 0.999998 -0.000409099 -0.00228156 0.000468913 0.999653 0.026316 0.00227045 -0.026317 0.999651 0.0625906 0.508223 -0.0685347
FixedParameters: 0 0 0

#Transform 349
Transform: AffineTransform_float_3_3
Parameters: 0.999997 -0.00061193 -0.00228692 0.000672071 0.999653 0.0263585 0.00227007 -0.0263605 0.99965 0.0687865 0.541921 -0.106775
FixedParameters: 0 0 0

#Transform 350
Transform: AffineTransform_float_3_3
Parameters: 0.999998 -0.000500348 -0.00228389 0.000559654 0.999657 0.0261928 0.00227012 -0.0261942 0.999655 0.0668768 0.50687 -0.121487
FixedParameters: 0 0 0

#Transform 351
Transform: AffineTransform_float_3_3
Parameters: 0.999997 -0.000689077 -0.0022889 0.000748925 0.999655 0.0262824 0.0022701 -0.0262846 0.999652 0.0710498 0.509867 -0.119958
FixedParameters: 0 0 0

#Transform 352
Transform: AffineTransform_float_3_3
Parameters: 0.999997 -0.000486902 -0.00207445 0.000540086 0.999657 0.0261579 0.00206058 -0.026159 0.999655 0.0693838 0.501634 -0.0833823
FixedParameters: 0 0 0

#Transform 353
Transform: AffineTransform_float_3_3
Parameters: 0.999998 -0.000431322 -0.00228188 0.000489681 0.999667 0.0257769 0.00227013 -0.025778 0.999665 0.0568524 0.528595 -0.131775
FixedParameters: 0 0 0

#Transform 354
Transform: AffineTransform_float_3_3
Parameters: 0.999998 -0.000419477 -0.00219854 0.000475509 0.999667 0.025772 0.00218647 -0.025773 0.999666 0.0621895 0.503618 -0.126441
FixedParameters: 0 0 0

#Transform 355
Transform: AffineTransform_float_3_3
Parameters: 0.999998 -0.000357685 -0.0022801 0.000417339 0.99966 0.0260671 0.00227089 -0.0260679 0.999657 0.0559246 0.495838 -0.092944
FixedParameters: 0 0 0

#Transform 356
Transform: AffineTransform_float_3_3
Parameters: 0.999998 -0.000448291 -0.00218762 0.000505695 0.99965 0.026452 0.00217438 -0.026452 0.999647 0.0605609 0.528019 -0.0855419
FixedParameters: 0 0 0

#Transform 357
Transform: AffineTransform_float_3_3
Parameters: 0.999997 -0.000665451 -0.00228817 0.000724571 0.999658 0.0261234 0.00227085 -0.0261246 0.999656 0.0689248 0.543844 -0.11061
FixedParameters: 0 0 0

#Transform 358
Transform: AffineTransform_float_3_3
Parameters: 0.999997 -0.000655151 -0.00228799 0.000714851 0.999655 0.0262564 0.00227001 -0.0262576 0.999652 0.0644331 0.515513 -0.115755
FixedParameters: 0 0 0

#Transform 359
Transform: AffineTransform_float_3_3
Parameters: 0.999997 -0.000706902 -0.00238628 0.000769091 0.999659 0.0261233 0.00236672 -0.0261248 0.999656 0.0715619 0.536238 -0.132723
FixedParameters: 0 0 0

#Transform 360
Transform: AffineTransform_float_3_3
Parameters: 0.999997 -0.000654729 -0.0024081 0.000718267 0.999652 0.0263674 0.00238989 -0.0263697 0.99965 0.0698888 0.498899 -0.113969
FixedParameters: 0 0 0

#Transform 361
Transform: AffineTransform_float_3_3
Parameters: 0.999997 -0.00060096 -0.0024069 0.000664042 0.999644 0.0266945 0.00239012 -0.0266965 0.99964 0.0685428 0.519617 -0.116108
FixedParameters: 0 0 0

#Transform 362
Transform: AffineTransform_float_3_3
Parameters: 0.999997 -0.000657646 -0.0024085 0.000721342 0.99964 0.0268174 0.00238952 -0.0268187 0.999638 0.0708399 0.53817 -0.121191
FixedParameters: 0 0 0

#Transform 363
Transform: AffineTransform_float_3_3
Parameters: 0.999997 -0.000478208 -0.00240358 0.000542777 0.999645 0.0266108 0.0023894 -0.0266112 0.999643 0.068368 0.51159 -0.129166
FixedParameters: 0 0 0

#Transform 364
Transform: AffineTransform_float_3_3
Parameters: 0.999997 -0.000594391 -0.00240661 0.000658594 0.999648 0.0265175 0.00238938 -0.0265185 0.999646 0.0675832 0.506347 -0.135654
FixedParameters: 0 0 0

#Transform 365
Transform: AffineTransform_float_3_3
Parameters: 0.999997 -0.000425922 -0.00240204 0.000489077 0.999654 0.0263209 0.00238995 -0.0263221 0.99965 0.0663829 0.524291 -0.116132
FixedParameters: 0 0 0

#Transform 366
Transform: AffineTransform_float_3_3
Parameters: 0.999997 -0.000469574 -0.00248327 0.000535418 0.999651 0.0264118 0.00246972 -0.0264132 0.999648 0.0665302 0.541399 -0.147008
FixedParameters: 0 0 0

#Transform 367
Transform: AffineTransform_float_3_3
Parameters: 0.999997 -0.000466478 -0.0025063 0.000532513 0.999646 0.0266067 0.00249271 -0.0266082 0.999643 0.0641036 0.519203 -0.138619
FixedParameters: 0 0 0

#Transform 368
Transform: AffineTransform_float_3_3
Parameters: 0.999995 -0.000571945 -0.00292634 0.000650046 0.999642 0.0267422 0.00290966 -0.0267438 0.999638 0.0681255 0.517858 -0.145139
FixedParameters: 0 0 0

#Transform 369
Transform: AffineTransform_float_3_3
Parameters: 0.999996 -0.000555425 -0.00252283 0.000622578 0.999639 0.0268635 0.00250718 -0.0268655 0.999636 0.0647962 0.514832 -0.123361
FixedParameters: 0 0 0

#Transform 370
Transform: AffineTransform_float_3_3
Parameters: 0.999996 -0.000516463 -0.00274884 0.000590514 0.99964 0.0268185 0.00273314 -0.0268205 0.999636 0.0672284 0.538933 -0.139835
FixedParameters: 0 0 0

#Transform 371
Transform: AffineTransform_float_3_3
Parameters: 0.999996 -0.000494742 -0.00258323 0.000564253 0.999638 0.0268796 0.00256876 -0.0268804 0.999636 0.065725 0.52897 -0.150788
FixedParameters: 0 0 0

#Transform 372
Transform: AffineTransform_float_3_3
Parameters: 0.999997 -0.000511437 -0.00258298 0.000581565 0.999624 0.0273926 0.00256804 -0.0273934 0.999622 0.0682922 0.522784 -0.133332
FixedParameters: 0 0 0

#Transform 373
Transform: AffineTransform_float_3_3
Parameters: 0.999996 -0.000627132 -0.00281225 0.000703861 0.999624 0.0274161 0.00279375 -0.0274179 0.99962 0.0743723 0.529762 -0.121128
FixedParameters: 0 0 0

#Transform 374
Transform: AffineTransform_float_3_3
Parameters: 0.999996 -0.000523724 -0.0030061 0.000604271 0.999641 0.0267653 0.0029909 -0.0267677 0.999637 0.0691422 0.541417 -0.144402
FixedParameters: 0 0 0

#Transform 375
Transform: AffineTransform_float_3_3
Parameters: 0.999997 -0.000703784 -0.00261124 0.00077521 0.999625 0.0273731 0.00259075 -0.0273749 0.999622 0.0700767 0.547124 -0.15406
FixedParameters: 0 0 0

#Transform 376
Transform: AffineTransform_float_3_3
Parameters: 0.999996 -0.000522066 -0.00277757 0.000598945 0.999614 0.0277694 0.00276243 -0.0277715 0.99961 0.0677823 0.529791 -0.143671
FixedParameters: 0 0 0

#Transform 377
Transform: AffineTransform_float_3_3
Parameters: 0.999996 -0.000500061 -0.00277576 0.000575944 0.999623 0.0274245 0.00276124 -0.0274265 0.99962 0.0642573 0.547842 -0.145159
FixedParameters: 0 0 0

#Transform 378
Transform: AffineTransform_float_3_3
Parameters: 0.999995 -0.000665864 -0.00290204 0.000744134 0.999635 0.027007 0.00288295 -0.027009 0.999631 0.0698297 0.566011 -0.173622
FixedParameters: 0 0 0

#Transform 379
Transform: AffineTransform_float_3_3
Parameters: 0.999996 -0.000519925 -0.00300655 0.000603086 0.999616 0.0276963 0.00299144 -0.0276987 0.999612 0.0710726 0.52143 -0.160321
FixedParameters: 0 0 0

#Transform 380
Transform: AffineTransform_float_3_3
Parameters: 0.999996 -0.000483384 -0.00300546 0.000565633 0.999621 0.0275494 0.00299155 -0.0275506 0.999616 0.0696244 0.552347 -0.141567
FixedParameters: 0 0 0

#Transform 381
Transform: AffineTransform_float_3_3
Parameters: 0.999995 -0.00074397 -0.00301273 0.00082704 0.999617 0.0276536 0.00299127 -0.0276554 0.999613 0.0779581 0.550368 -0.17852
FixedParameters: 0 0 0

#Transform 382
Transform: AffineTransform_float_3_3
Parameters: 0.999996 -0.000621235 -0.0027465 0.000697779 0.999606 0.0280382 0.00272851 -0.0280398 0.999603 0.0740074 0.538971 -0.160655
FixedParameters: 0 0 0

#Transform 383
Transform: AffineTransform_float_3_3
Parameters: 0.999996 -0.000519583 -0.00258661 0.000591398 0.999605 0.0280746 0.00257041 -0.0280764 0.999603 0.0679213 0.525354 -0.140559
FixedParameters: 0 0 0

#Transform 384
Transform: AffineTransform_float_3_3
Parameters: 0.999996 -0.000736349 -0.00295555 0.000817664 0.999616 0.0277207 0.00293446 -0.0277233 0.999612 0.0742589 0.584183 -0.161143
FixedParameters: 0 0 0

#Transform 385
Transform: AffineTransform_float_3_3
Parameters: 0.999995 -0.000708513 -0.00288072 0.000788494 0.999617 0.0276858 0.00286026 -0.0276881 0.999612 0.0731126 0.536972 -0.166639
FixedParameters: 0 0 0

#Transform 386
Transform: AffineTransform_float_3_3
Parameters: 0.999996 -0.000496622 -0.00277136 0.000571396 0.999638 0.0269025 0.00275763 -0.0269035 0.999634 0.0547176 0.515494 -0.135495
FixedParameters: 0 0 0

#Transform 387
Transform: AffineTransform_float_3_3
Parameters: 0.999995 -0.000607986 -0.0031074 0.000691003 0.999641 0.026784 0.0030896 -0.026786 0.999637 0.0674454 0.575626 -0.161739
FixedParameters: 0 0 0

#Transform 388
Transform: AffineTransform_float_3_3
Parameters: 0.999996 -0.000458279 -0.00300443 0.000538736 0.999638 0.0269215 0.00299158 -0.0269235 0.999633 0.0699265 0.549278 -0.150686
FixedParameters: 0 0 0

#Transform 389
Transform: AffineTransform_float_3_3
Parameters: 0.999997 -0.000301545 -0.0026941 0.000374452 0.999637 0.0269341 0.00268489 -0.0269349 0.999633 0.0637826 0.536526 -0.15134
FixedParameters: 0 0 0

#Transform 390
Transform: AffineTransform_float_3_3
Parameters: 0.999996 -0.000503479 -0.0030056 0.000584531 0.99964 0.0268494 0.00299138 -0.0268516 0.999635 0.0620957 0.53737 -0.127188
FixedParameters: 0 0 0

#Transform 391
Transform: AffineTransform_float_3_3
Parameters: 0.999995 -0.00047643 -0.00305484 0.000558573 0.999642 0.0267564 0.00304114 -0.0267586 0.999638 0.0627927 0.568386 -0.15842
FixedParameters: 0 0 0

#Transform 392
Transform: AffineTransform_float_3_3
Parameters: 0.999995 -0.000533723 -0.00304656 0.00061626 0.999634 0.0270693 0.00303043 -0.0270718 0.999629 0.0550821 0.516776 -0.159708
FixedParameters: 0 0 0

#Transform 393
Transform: AffineTransform_float_3_3
Parameters: 0.999996 -0.000414313 -0.00276224 0.00048868 0.999633 0.0270928 0.00274977 -0.0270942 0.999629 0.0564861 0.510298 -0.140923
FixedParameters: 0 0 0

#Transform 394
Transform: AffineTransform_float_3_3
Parameters: 0.999996 -0.000365322 -0.00304207 0.000448678 0.99963 0.0272228 0.00303091 -0.0272232 0.999625 0.0543826 0.576108 -0.153732
FixedParameters: 0 0 0

#Transform 395
Transform: AffineTransform_float_3_3
Parameters: 0.999995 -0.000592203 -0.00304848 0.000676784 0.99962 0.0275611 0.0030305 -0.0275629 0.999615 0.0611745 0.537204 -0.164907
FixedParameters: 0 0 0

#Transform 396
Transform: AffineTransform_float_3_3
Parameters: 0.999996 -0.000340981 -0.00304118 0.000422014 0.999644 0.0266799 0.00303082 -0.0266812 0.99964 0.0565075 0.53607 -0.160346
FixedParameters: 0 0 0

#Transform 397
Transform: AffineTransform_float_3_3
Parameters: 0.999996 -0.000354069 -0.00304166 0.00043594 0.999636 0.0269778 0.00303134 -0.0269792 0.999632 0.056251 0.542648 -0.164825
FixedParameters: 0 0 0

#Transform 398
Transform: AffineTransform_float_3_3
Parameters: 0.999995 -0.000539504 -0.00304656 0.000621479 0.999641 0.0268122 0.00303043 -0.0268148 0.999636 0.0518196 0.556184 -0.16882
FixedParameters: 0 0 0

#Transform 399
Transform: AffineTransform_float_3_3
Parameters: 0.999995 -0.000450816 -0.00288829 0.000529178 0.999632 0.0271266 0.0028747 -0.0271274 0.999628 0.0525317 0.502503 -0.14857
FixedParameters: 0 0 0

#Transform 400
Transform: AffineTransform_float_3_3
Parameters: 0.999996 -0.000495872 -0.00298224 0.00057515 0.999646 0.0265914 0.00296876 -0.0265926 0.999642 0.0566976 0.565593 -0.151184
FixedParameters: 0 0 0

#Transform 401
Transform: AffineTransform_float_3_3
Parameters: 0.999995 -0.000309442 -0.00309936 0.000391578 0.999644 0.0266729 0.00309066 -0.0266731 0.99964 0.049829 0.511932 -0.156869
FixedParameters: 0 0 0

#Transform 402
Transform: AffineTransform_float_3_3
Parameters: 0.999995 -0.00045841 -0.00328044 0.000546607 0.999642 0.0267503 0.00326755 -0.0267516 0.999637 0.0514509 0.518067 -0.152569
FixedParameters: 0 0 0

#Transform 403
Transform: AffineTransform_float_3_3
Parameters: 0.999994 -0.000244298 -0.00325168 0.000330711 0.999643 0.0266901 0.00324433 -0.0266909 0.999639 0.0434741 0.513901 -0.128213
FixedParameters: 0 0 0

#Transform 404
Transform: AffineTransform_float_3_3
Parameters: 0.999994 -0.000116481 -0.00326623 0.000203514 0.999649 0.0265015 0.00326175 -0.0265015 0.999644 0.0378683 0.522166 -0.108977
FixedParameters: 0 0 0

#Transform 405
Transform: AffineTransform_float_3_3
Parameters: 0.999995 -0.000247103 -0.00322821 0.000327917 0.999686 0.0250831 0.00322179 -0.0250839 0.99968 0.0414372 0.532317 -0.134924
FixedParameters: 0 0 0

#Transform 406
Transform: AffineTransform_float_3_3
Parameters: 0.999995 -0.000108449 -0.0030867 0.000186532 0.999684 0.0251346 0.00308229 -0.0251355 0.99968 0.0372531 0.522574 -0.148842
FixedParameters: 0 0 0

#Transform 407
Transform: AffineTransform_float_3_3
Parameters: 0.999995 -0.000128243 -0.00314027 0.000207752 0.999677 0.0254115 0.00313573 -0.0254115 0.999672 0.0380587 0.493732 -0.138621
FixedParameters: 0 0 0

#Transform 408
Transform: AffineTransform_float_3_3
Parameters: 0.999994 -0.000147397 -0.00328282 0.000230606 0.999676 0.0254804 0.00327819 -0.0254816 0.99967 0.039889 0.540716 -0.146687
FixedParameters: 0 0 0

#Transform 409
Transform: AffineTransform_float_3_3
Parameters: 0.999995 -9.49058e-05 -0.00338462 0.000183103 0.999661 0.0260365 0.00338138 -0.0260375 0.999656 0.0452454 0.515619 -0.145306
FixedParameters: 0 0 0

#Transform 410
Transform: AffineTransform_float_3_3
Parameters: 0.999995 3.6579e-05 -0.00337516 4.95748e-05 0.999678 0.025352 0.00337483 -0.025352 0.999673 0.0429264 0.502006 -0.146278
FixedParameters: 0 0 0

#Transform 411
Transform: AffineTransform_float_3_3
Parameters: 0.999994 -2.97233e-05 -0.00341684 0.00011628 0.999681 0.0252528 0.00341515 -0.0252533 0.999676 0.047655 0.52793 -0.153258
FixedParameters: 0 0 0

#Transform 412
Transform: AffineTransform_float_3_3
Parameters: 0.999993 -0.000106043 -0.00356293 0.000197961 0.999666 0.0258195 0.00355908 -0.0258195 0.999661 0.041665 0.518515 -0.153856
FixedParameters: 0 0 0

#Transform 413
Transform: AffineTransform_float_3_3
Parameters: 0.999993 -9.63081e-05 -0.00356261 0.000186704 0.999675 0.0254655 0.0035594 -0.0254655 0.99967 0.0457156 0.51775 -0.173143
FixedParameters: 0 0 0

#Transform 414
Transform: AffineTransform_float_3_3
Parameters: 0.999994 -0.000109375 -0.003461 0.000198627 0.999665 0.0259065 0.00345702 -0.0259066 0.999659 0.0407049 0.517535 -0.151109
FixedParameters: 0 0 0

#Transform 415
Transform: AffineTransform_float_3_3
Parameters: 0.999993 -0.000133611 -0.0035636 0.0002254 0.999671 0.0256574 0.00355939 -0.0256576 0.999665 0.0423359 0.552738 -0.179075
FixedParameters: 0 0 0

#Transform 416
Transform: AffineTransform_float_3_3
Parameters: 0.999994 -7.83104e-05 -0.00349326 0.000169681 0.999656 0.0262546 0.00348975 -0.0262554 0.999649 0.0404021 0.508925 -0.173396
FixedParameters: 0 0 0

#Transform 417
Transform: AffineTransform_float_3_3
Parameters: 0.999993 -3.00375e-05 -0.00356103 0.000123961 0.999651 0.0263887 0.00355897 -0.0263893 0.999646 0.0399495 0.502172 -0.15043
FixedParameters: 0 0 0

#Transform 418
Transform: AffineTransform_float_3_3
Parameters: 0.999993 -0.000107317 -0.00356305 0.000200683 0.999654 0.0263034 0.00355895 -0.0263035 0.999647 0.0451536 0.52297 -0.146452
FixedParameters: 0 0 0

#Transform 419
Transform: AffineTransform_float_3_3
Parameters: 0.999995 -9.32683e-05 -0.0033436 0.000180714 0.999655 0.0262475 0.00333941 -0.0262484 0.99965 0.0464234 0.528585 -0.184659
FixedParameters: 0 0 0

#Transform 420
Transform: AffineTransform_float_3_3
Parameters: 0.999995 -0.000124401 -0.00310634 0.000206591 0.999654 0.0262825 0.00310164 -0.0262825 0.999649 0.0465157 0.512666 -0.191684
FixedParameters: 0 0 0

#Transform 421
Transform: AffineTransform_float_3_3
Parameters: 0.999995 -0.000158159 -0.00308529 0.000239861 0.999647 0.0265444 0.00308072 -0.0265446 0.999643 0.0488118 0.497448 -0.166102
FixedParameters: 0 0 0

#Transform 422
Transform: AffineTransform_float_3_3
Parameters: 0.999995 -0.000243364 -0.00315946 0.000325624 0.999657 0.0261811 0.00315156 -0.0261819 0.999652 0.0478433 0.544828 -0.191115
FixedParameters: 0 0 0

#Transform 423
Transform: AffineTransform_float_3_3
Parameters: 0.999996 -0.000190588 -0.00286202 0.000265413 0.999652 0.0263724 0.00285599 -0.0263727 0.999648 0.054633 0.524656 -0.196595
FixedParameters: 0 0 0

#Transform 424
Transform: AffineTransform_float_3_3
Parameters: 0.999996 -0.000174231 -0.00281671 0.000249775 0.999637 0.0269214 0.00281129 -0.0269226 0.999633 0.0537925 0.503491 -0.175548
FixedParameters: 0 0 0

#Transform 425
Transform: AffineTransform_float_3_3
Parameters: 0.999995 -0.000169176 -0.00310654 0.000250812 0.999653 0.0263584 0.00310047 -0.0263587 0.999647 0.0563282 0.550348 -0.184599
FixedParameters: 0 0 0

#Transform 426
Transform: AffineTransform_float_3_3
Parameters: 0.999995 -0.000239162 -0.00310849 0.000321826 0.999644 0.0266761 0.00310052 -0.0266769 0.99964 0.0579178 0.522791 -0.209595
FixedParameters: 0 0 0

#Transform 427
Transform: AffineTransform_float_3_3
Parameters: 0.999997 -0.000123943 -0.00269122 0.00019505 0.999651 0.0264186 0.00268679 -0.0264194 0.999648 0.0516601 0.507354 -0.214514
FixedParameters: 0 0 0

#Transform 428
Transform: AffineTransform_float_3_3
Parameters: 0.999995 -0.000178666 -0.00310675 0.000259315 0.999656 0.0261993 0.00310027 -0.0261997 0.999652 0.0564898 0.509596 -0.188693
FixedParameters: 0 0 0

#Transform 429
Transform: AffineTransform_float_3_3
Parameters: 0.999995 -0.000228683 -0.00318019 0.000312312 0.999648 0.0265381 0.00317283 -0.0265388 0.999642 0.0583905 0.550666 -0.218535
FixedParameters: 0 0 0

#Transform 430
Transform: AffineTransform_float_3_3
Parameters: 0.999995 -0.000124883 -0.00292538 0.000203135 0.999643 0.0267185 0.00292161 -0.0267185 0.999638 0.0495426 0.499324 -0.210322
FixedParameters: 0 0 0

#Transform 431
Transform: AffineTransform_float_3_3
Parameters: 0.999995 -0.000175674 -0.00333283 0.000264328 0.999649 0.0265193 0.00332716 -0.0265207 0.999642 0.0586292 0.509509 -0.190694
FixedParameters: 0 0 0

#Transform 432
Transform: AffineTransform_float_3_3
Parameters: 0.999995 -0.000113336 -0.00317209 0.000197659 0.999652 0.0263865 0.00316789 -0.0263875 0.999647 0.055946 0.549621 -0.211237
FixedParameters: 0 0 0

#Transform 433
Transform: AffineTransform_float_3_3
Parameters: 0.999995 -0.000174516 -0.00316279 0.00025949 0.999642 0.0267313 0.00315719 -0.0267317 0.999637 0.0571745 0.520565 -0.211281
FixedParameters: 0 0 0

#Transform 434
Transform: AffineTransform_float_3_3
Parameters: 0.999996 -0.000116635 -0.00283018 0.000193385 0.999636 0.0269966 0.00282681 -0.0269974 0.999631 0.0528227 0.519914 -0.191
FixedParameters: 0 0 0

#Transform 435
Transform: AffineTransform_float_3_3
Parameters: 0.999996 0.00125142 -0.00246984 -0.00121957 0.999913 0.0130861 0.00248617 -0.0130829 0.999912 0.0410402 0.28633 -0.10586
FixedParameters: 0 0 0

#Transform 436
Transform: AffineTransform_float_3_3
Parameters: 0.999988 0.00408755 -0.00274702 -0.00401546 0.999656 0.0259144 0.002852 -0.0259037 0.999661 -0.0258901 0.368907 0.746608
FixedParameters: 0 0 0

#Transform 437
Transform: AffineTransform_float_3_3
Parameters: 0.999992 0.00318362 -0.0021569 -0.00312537 0.999639 0.0266609 0.00224111 -0.0266531 0.999642 -0.031826 0.547284 0.560868
FixedParameters: 0 0 0

#Transform 438
Transform: AffineTransform_float_3_3
Parameters: 0.999999 0.001754 9.47599e-05 -0.00175499 0.999929 0.0118319 -7.324e-05 -0.0118322 0.99993 0.0205383 0.263403 0.233666
FixedParameters: 0 0 0

#Transform 439
Transform: AffineTransform_float_3_3
Parameters: 0.999999 0.000687458 0.000471727 -0.000689538 0.999985 0.00541068 -0.000467276 -0.00541033 0.999986 0.0334392 0.22706 0.0459807
FixedParameters: 0 0 0

#Transform 440
Transform: AffineTransform_float_3_3
Parameters: 1 0.00103103 -0.000611607 -0.00102598 0.999966 0.00816063 0.000619392 -0.00815936 0.999966 0.0240295 0.31316 0.0993225
FixedParameters: 0 0 0

#Transform 441
Transform: AffineTransform_float_3_3
Parameters: 0.999998 0.00113825 -0.00123261 -0.00112775 0.999965 0.0082854 0.00124138 -0.0082836 0.999965 0.0168373 0.24004 0.0793907
FixedParameters: 0 0 0
