#Insight Transform File V1.0
#Transform 0
Transform: AffineTransform_float_3_3
Parameters: 1 0.000817426 -0.000805568 -0.000817574 0.999999 0.000528658 0.000805432 -0.000528341 0.999999 0.000505909 0.0115968 0.0779566
FixedParameters: 0 0 0

#Transform 1
Transform: AffineTransform_float_3_3
Parameters: 0.999984 -0.000480091 0.00561956 0.000497909 0.999995 -0.00318625 -0.00561744 0.00318875 0.999979 0.0010914 -0.0129396 -0.0366217
FixedParameters: 0 0 0

#Transform 2
Transform: AffineTransform_float_3_3
Parameters: 0.999998 -0.000132985 0.00228436 0.000139013 0.999996 -0.00263269 -0.00228364 0.00263331 0.999994 -0.00391105 0.0491569 -0.011942
FixedParameters: 0 0 0

#Transform 3
Transform: AffineTransform_float_3_3
Parameters: 0.999998 -0.000210408 0.00200249 0.000215594 0.999998 -0.00229357 -0.00200251 0.00229343 0.999996 0.00683622 -0.0263241 -0.0182059
FixedParameters: 0 0 0

#Transform 4
Transform: AffineTransform_float_3_3
Parameters: 0.999998 -0.00021121 0.00186143 0.000215788 0.999998 -0.0020356 -0.00186057 0.0020364 0.999996 0.00812216 0.019433 -0.0119628
FixedParameters: 0 0 0

#Transform 5
Transform: AffineTransform_float_3_3
Parameters: 0.999999 2.89808e-05 0.00172795 -2.60191e-05 0.999999 -0.00172505 -0.00172805 0.00172495 0.999997 -0.001181 -0.0216315 -0.031708
FixedParameters: 0 0 0

#Transform 6
Transform: AffineTransform_float_3_3
Parameters: 0.999998 9.92838e-07 0.001616 1.99283e-06 0.999999 -0.001852 -0.001616 0.001852 0.999997 0.00563733 -0.0174871 -0.0185614
FixedParameters: 0 0 0

#Transform 7
Transform: AffineTransform_float_3_3
Parameters: 0.999999 8.27044e-05 0.00142785 -8.02951e-05 0.999998 -0.00189412 -0.00142815 0.00189388 0.999997 -0.00140988 0.0155257 -0.010038
FixedParameters: 0 0 0

#Transform 8
Transform: AffineTransform_float_3_3
Parameters: 0.999999 0.000114236 0.00130481 -0.000111763 0.999998 -0.00171415 -0.00130519 0.00171385 0.999997 -0.00379233 -0.0276197 -0.00561817
FixedParameters: 0 0 0

#Transform 9
Transform: AffineTransform_float_3_3
Parameters: 0.999999 -3.58007e-05 0.00135506 3.81991e-05 0.999998 -0.00162295 -0.00135494 0.00162305 0.999998 0.00875951 0.0161929 -0.00372685
FixedParameters: 0 0 0

#Transform 10
Transform: AffineTransform_float_3_3
Parameters: 1 -8.63465e-05 0.000446323 8.7656e-05 0.999993 -0.00370596 -0.000446678 0.00370604 0.999993 0.000718889 0.00111427 -0.00803167
FixedParameters: 0 0 0

#Transform 11
Transform: AffineTransform_float_3_3
Parameters: 1 -5.58417e-06 0.000334007 5.41583e-06 0.999999 -0.001245 -0.000333994 0.001245 0.999999 0.00972438 -0.0109395 0.0179432
FixedParameters: 0 0 0

#Transform 12
Transform: AffineTransform_float_3_3
Parameters: 1 0.000178991 -7.23377e-06 -0.000179009 0.999999 -0.001306 6.76622e-06 0.001306 0.999999 0.00587525 0.0370997 0.00300443
FixedParameters: 0 0 0

#Transform 13
Transform: AffineTransform_float_3_3
Parameters: 1 0.000155889 -0.000126137 -0.000156111 0.999999 -0.00087798 0.000125863 0.000878019 0.999999 0.0121642 0.00810385 0.0106759
FixedParameters: 0 0 0

#Transform 14
Transform: AffineTransform_float_3_3
Parameters: 1 0.00011403 5.09327e-05 -0.00011397 1 -0.000590006 -5.10672e-05 0.000589994 1 0.00590302 -0.00548438 0.0164076
FixedParameters: 0 0 0

#Transform 15
Transform: AffineTransform_float_3_3
Parameters: 1 6.57278e-05 -0.000310058 -6.62721e-05 0.999999 -0.000877979 0.000309942 0.00087802 0.999999 0.00876101 0.0471942 -0.0112877
FixedParameters: 0 0 0

#Transform 16
Transform: AffineTransform_float_3_3
Parameters: 1 -2.10247e-05 -0.000105995 2.09753e-05 1 -0.000233002 0.000106005 0.000232998 1 0.0126187 -0.00127194 0.00233158
FixedParameters: 0 0 0

#Transform 17
Transform: AffineTransform_float_3_3
Parameters: 1 -0.000215022 8.49432e-05 0.000214978 1 0.000264018 -8.50567e-05 -0.000263982 1 0.0102489 -0.00691243 0.0173414
FixedParameters: 0 0 0

#Transform 18
Transform: AffineTransform_float_3_3
Parameters: 1 -0.000214996 2.00387e-05 0.000215004 1 -0.000179996 -1.99613e-05 0.000180004 1 0.00970087 0.0304165 0.0031226
FixedParameters: 0 0 0

#Transform 19
Transform: AffineTransform_float_3_3
Parameters: 1 -4.19946e-05 -9.40024e-05 4.20054e-05 1 5.69961e-05 9.39976e-05 -5.70039e-05 1 0.00476467 0.00264757 -0.0086205
FixedParameters: 0 0 0

#Transform 20
Transform: AffineTransform_float_3_3
Parameters: 1 -0.000214998 -8.70045e-05 0.000215002 1 2.09813e-05 8.69955e-05 -2.10187e-05 1 0.00984417 -0.0041091 0.00240075
FixedParameters: 0 0 0

#Transform 21
Transform: AffineTransform_float_3_3
Parameters: 1 -0.000214969 -0.000321021 0.000215031 1 9.7931e-05 0.000320979 -9.8069e-05 1 0.0135533 0.0397487 0.00362828
FixedParameters: 0 0 0

#Transform 22
Transform: AffineTransform_float_3_3
Parameters: 0.999984 -0.00140006 0.00559703 0.00141994 0.999992 -0.00356011 -0.00559198 0.00356789 0.999978 0.0534645 -0.0328294 -0.131217
FixedParameters: 0 0 0

#Transform 23
Transform: AffineTransform_float_3_3
Parameters: 0.999996 -0.00141301 0.00246901 0.00141999 0.999995 -0.00283051 -0.00246499 0.00283349 0.999993 0.0338819 0.0542197 -0.0888348
FixedParameters: 0 0 0

#Transform 24
Transform: AffineTransform_float_3_3
Parameters: 0.999998 -0.00108924 0.00168978 0.00109276 0.999998 -0.00163516 -0.00168821 0.00163684 0.999997 0.0297796 0.00198408 -0.0654578
FixedParameters: 0 0 0

#Transform 25
Transform: AffineTransform_float_3_3
Parameters: 0.999998 -0.000855768 0.00169563 0.00085923 0.999998 -0.00190555 -0.00169336 0.00190745 0.999996 0.0296554 -0.000459425 -0.0568037
FixedParameters: 0 0 0

#Transform 26
Transform: AffineTransform_float_3_3
Parameters: 0.999999 -0.000832463 0.00121106 0.000833536 0.999999 -0.00126899 -0.00120994 0.00127001 0.999999 0.0268985 0.0266691 -0.0613732
FixedParameters: 0 0 0

#Transform 27
Transform: AffineTransform_float_3_3
Parameters: 0.999999 -0.000802134 0.0012532 0.000803867 0.999998 -0.00148899 -0.0012528 0.00149001 0.999998 0.026397 -0.0441314 -0.0651305
FixedParameters: 0 0 0

#Transform 28
Transform: AffineTransform_float_3_3
Parameters: 0.999999 -0.000704109 0.00125306 0.000705892 0.999998 -0.00150912 -0.00125294 0.00150988 0.999998 0.0258039 0.0110167 -0.0592846
FixedParameters: 0 0 0

#Transform 29
Transform: AffineTransform_float_3_3
Parameters: 0.999999 -0.000776973 0.00125326 0.000779029 0.999999 -0.00161803 -0.00125274 0.00161898 0.999998 0.025688 -0.0116767 -0.0726319
FixedParameters: 0 0 0

#Transform 30
Transform: AffineTransform_float_3_3
Parameters: 0.999999 -0.000776834 0.00125334 0.000779168 0.999998 -0.00172903 -0.00125265 0.00172997 0.999997 0.0239064 -0.0318815 -0.0649435
FixedParameters: 0 0 0

#Transform 31
Transform: AffineTransform_float_3_3
Parameters: 0.999999 -0.000880118 0.00125332 0.000882883 0.999999 -0.0015019 -0.00125267 0.00150311 0.999998 0.023945 0.036712 -0.0699821
FixedParameters: 0 0 0

#Transform 32
Transform: AffineTransform_float_3_3
Parameters: 0.999999 -0.000777786 0.00125275 0.000779215 0.999999 -0.000969025 -0.00125224 0.000969975 0.999998 0.0223374 -0.00699891 -0.0582209
FixedParameters: 0 0 0

#Transform 33
Transform: AffineTransform_float_3_3
Parameters: 0.999999 -0.000777123 0.00125317 0.000778878 0.999998 -0.00149803 -0.00125283 0.00149897 0.999998 0.0246882 0.0195499 -0.0642756
FixedParameters: 0 0 0

#Transform 34
Transform: AffineTransform_float_3_3
Parameters: 0.999999 -0.000777562 0.00112499 0.000779438 0.999999 -0.00127812 -0.001124 0.00127887 0.999998 0.0234966 0.0656087 -0.0646079
FixedParameters: 0 0 0

#Transform 35
Transform: AffineTransform_float_3_3
Parameters: 0.999999 -0.000778477 0.00120034 0.000779522 0.999999 -0.000435065 -0.00119966 0.000435934 0.999999 0.0266711 -0.02102 -0.0462374
FixedParameters: 0 0 0

#Transform 36
Transform: AffineTransform_float_3_3
Parameters: 0.999999 -0.000777732 0.00118483 0.000779268 0.999999 -0.00107008 -0.00118417 0.00107092 0.999998 0.020199 0.0495026 -0.0601375
FixedParameters: 0 0 0

#Transform 37
Transform: AffineTransform_float_3_3
Parameters: 0.999999 -0.000685339 0.00109441 0.000686661 0.999999 -0.000604249 -0.00109359 0.00060475 0.999999 0.0182151 0.0102049 -0.0658338
FixedParameters: 0 0 0

#Transform 38
Transform: AffineTransform_float_3_3
Parameters: 0.999999 -0.000778322 0.00112147 0.000779677 0.999999 -0.000604126 -0.00112053 0.000604873 0.999999 0.0208682 -0.00808945 -0.059693
FixedParameters: 0 0 0

#Transform 39
Transform: AffineTransform_float_3_3
Parameters: 1 -0.000778671 0.000791323 0.000779328 0.999999 -0.000414383 -0.000791676 0.000415616 0.999999 0.029263 0.0414084 -0.0599953
FixedParameters: 0 0 0

#Transform 40
Transform: AffineTransform_float_3_3
Parameters: 0.999999 -0.000693844 0.00102111 0.000694156 0.999999 -0.000152291 -0.00102089 0.000152708 0.999999 0.0245237 0.0166727 -0.0626382
FixedParameters: 0 0 0

#Transform 41
Transform: AffineTransform_float_3_3
Parameters: 0.999999 -0.000778832 0.00110012 0.000779168 0.999999 -0.000152143 -0.00109988 0.000152857 1 0.0237498 -0.00778682 -0.0713852
FixedParameters: 0 0 0

#Transform 42
Transform: AffineTransform_float_3_3
Parameters: 0.999999 -0.000778778 0.000989174 0.000779221 0.999999 -0.000223229 -0.000988825 0.00022477 0.999999 0.0258361 0.0419805 -0.0679572
FixedParameters: 0 0 0

#Transform 43
Transform: AffineTransform_float_3_3
Parameters: 1 -0.000629055 0.00102597 0.000628944 1 5.46453e-05 -0.00102603 -5.33546e-05 0.999999 0.0203748 0.0140229 -0.0666202
FixedParameters: 0 0 0

#Transform 44
Transform: AffineTransform_float_3_3
Parameters: 0.999999 -0.000779002 0.000982999 0.000778999 0.999999 1.76575e-06 -0.000983001 -1.23424e-06 0.999999 0.0243458 0.014989 -0.0625819
FixedParameters: 0 0 0

#Transform 45
Transform: AffineTransform_float_3_3
Parameters: 1 -0.000779135 0.000799869 0.000778866 0.999999 0.000168623 -0.000799131 -0.000168377 0.999999 0.0276782 0.0531432 -0.0634123
FixedParameters: 0 0 0

#Transform 46
Transform: AffineTransform_float_3_3
Parameters: 1 -0.000779113 0.000699874 0.000778887 0.999999 0.000161545 -0.000700126 -0.000161455 0.999999 0.0277446 0.0326189 -0.0632473
FixedParameters: 0 0 0

#Transform 47
Transform: AffineTransform_float_3_3
Parameters: 1 -0.000779234 0.00082878 0.000779766 0.999999 0.000282646 -0.00082922 -0.000282354 0.999999 0.0204209 0.0314382 -0.0654036
FixedParameters: 0 0 0

#Transform 48
Transform: AffineTransform_float_3_3
Parameters: 1 -0.000954193 0.000679731 0.000954809 1 0.000282649 -0.00068027 -0.000282351 0.999999 0.0254284 0.06696 -0.0727777
FixedParameters: 0 0 0

#Transform 49
Transform: AffineTransform_float_3_3
Parameters: 1 -0.000779239 0.00071374 0.000779762 0.999999 0.000334557 -0.000713261 -0.000334444 0.999999 0.018774 0.0341251 -0.0594168
FixedParameters: 0 0 0

#Transform 50
Transform: AffineTransform_float_3_3
Parameters: 1 -0.000779189 0.00067078 0.000779811 0.999999 0.000282523 -0.00067122 -0.000281477 0.999999 0.0266686 0.0101365 -0.0603455
FixedParameters: 0 0 0

#Transform 51
Transform: AffineTransform_float_3_3
Parameters: 0.999999 -0.000779118 0.000564835 0.00077888 0.999999 0.00021144 -0.000564164 -0.00021056 1 0.0258355 0.0332489 -0.0741544
FixedParameters: 0 0 0

#Transform 52
Transform: AffineTransform_float_3_3
Parameters: 0.999999 -0.000779075 0.000565896 0.000778924 0.999999 0.000133441 -0.000566103 -0.000132559 1 0.0295371 0.0220685 -0.0633777
FixedParameters: 0 0 0

#Transform 53
Transform: AffineTransform_float_3_3
Parameters: 1 -0.000778926 0.00071308 0.000779073 0.999999 -0.000102444 -0.00071292 0.000103555 0.999999 0.0187766 0.0241795 -0.0599654
FixedParameters: 0 0 0

#Transform 54
Transform: AffineTransform_float_3_3
Parameters: 0.999999 -0.000723124 0.000439796 0.000723875 0.999999 0.000282318 -0.000440204 -0.000281682 1 0.0226657 0.0642694 -0.0568238
FixedParameters: 0 0 0

#Transform 55
Transform: AffineTransform_float_3_3
Parameters: 1 -0.000779642 0.000918456 0.000779359 1 0.000698717 -0.000918545 -0.000698285 1 0.0290735 0.0217026 -0.0520201
FixedParameters: 0 0 0

#Transform 56
Transform: AffineTransform_float_3_3
Parameters: 1 -0.000779398 0.000818621 0.000779602 0.999999 0.000486638 -0.000819379 -0.000485361 0.999999 0.0216259 0.0532247 -0.0682213
FixedParameters: 0 0 0

#Transform 57
Transform: AffineTransform_float_3_3
Parameters: 0.999999 -0.000974682 0.000918277 0.000974319 0.999999 0.000742896 -0.000918724 -0.000742106 1 0.0242388 0.0411302 -0.0704896
FixedParameters: 0 0 0

#Transform 58
Transform: AffineTransform_float_3_3
Parameters: 1 -0.000779876 0.000918257 0.000779125 0.999999 0.000953716 -0.000918743 -0.000952285 0.999999 0.0262273 0.032974 -0.0480857
FixedParameters: 0 0 0

#Transform 59
Transform: AffineTransform_float_3_3
Parameters: 1 -0.000779807 0.000858268 0.000779194 1 0.00093967 -0.000858733 -0.000939331 0.999999 0.0294822 0.077212 -0.0646394
FixedParameters: 0 0 0

#Transform 60
Transform: AffineTransform_float_3_3
Parameters: 0.999999 -0.00109218 0.000836459 0.00109082 0.999999 0.00141191 -0.00083854 -0.00141109 0.999998 0.0343905 0.0434951 -0.0658148
FixedParameters: 0 0 0

#Transform 61
Transform: AffineTransform_float_3_3
Parameters: 0.999999 -0.00077969 0.00056004 0.00077931 0.999999 0.00123144 -0.00056096 -0.00123156 0.999999 0.0284725 0.0354652 -0.065669
FixedParameters: 0 0 0

#Transform 62
Transform: AffineTransform_float_3_3
Parameters: 1 -0.000948111 0.000766629 0.00094689 0.999999 0.00144673 -0.000768371 -0.00144627 0.999998 0.0297121 0.0514864 -0.0431872
FixedParameters: 0 0 0

#Transform 63
Transform: AffineTransform_float_3_3
Parameters: 0.999999 -0.000780085 0.000639678 0.000778915 0.999999 0.0016955 -0.000640321 -0.0016945 0.999999 0.0283123 0.0758558 -0.0572464
FixedParameters: 0 0 0

#Transform 64
Transform: AffineTransform_float_3_3
Parameters: 1 -0.000780008 0.000764973 0.000778992 0.999999 0.0013176 -0.000766027 -0.0013164 0.999999 0.027052 0.0437955 -0.0726531
FixedParameters: 0 0 0

#Transform 65
Transform: AffineTransform_float_3_3
Parameters: 1 -0.00078016 0.000732768 0.000778841 0.999999 0.00158157 -0.000734233 -0.00158043 0.999999 0.024192 0.0415099 -0.0524833
FixedParameters: 0 0 0

#Transform 66
Transform: AffineTransform_float_3_3
Parameters: 1 -0.000881362 0.000802507 0.000880638 0.999998 0.00169571 -0.000804495 -0.00169529 0.999998 0.0305427 0.0597897 -0.0620124
FixedParameters: 0 0 0

#Transform 67
Transform: AffineTransform_float_3_3
Parameters: 1 -0.000780471 0.000765504 0.000779529 0.999998 0.0019196 -0.000767498 -0.0019194 0.999998 0.020171 0.0389705 -0.049874
FixedParameters: 0 0 0

#Transform 68
Transform: AffineTransform_float_3_3
Parameters: 0.999999 -0.00120473 0.000916732 0.00120327 0.999998 0.00188411 -0.000918268 -0.0018829 0.999998 0.0240321 0.068608 -0.071679
FixedParameters: 0 0 0

#Transform 69
Transform: AffineTransform_float_3_3
Parameters: 0.999998 -0.00150744 0.00116013 0.00150556 0.999998 0.00124175 -0.00116187 -0.00124025 0.999998 0.0234203 0.0869655 -0.128651
FixedParameters: 0 0 0

#Transform 70
Transform: AffineTransform_float_3_3
Parameters: 0.999998 -0.00120136 0.00107348 0.00120064 0.999999 0.00126729 -0.00107552 -0.00126571 0.999998 0.0253725 0.0551462 -0.12405
FixedParameters: 0 0 0

#Transform 71
Transform: AffineTransform_float_3_3
Parameters: 0.999998 -0.0012021 0.00113278 0.0011999 0.999997 0.00185236 -0.00113522 -0.00185064 0.999997 0.0263309 0.0498884 -0.10277
FixedParameters: 0 0 0

#Transform 72
Transform: AffineTransform_float_3_3
Parameters: 0.999999 -0.00120193 0.000916476 0.00120007 0.999997 0.0021021 -0.000918525 -0.0021019 0.999998 0.0312658 0.078838 -0.108439
FixedParameters: 0 0 0

#Transform 73
Transform: AffineTransform_float_3_3
Parameters: 0.999999 -0.0012015 0.000917036 0.0012005 0.999998 0.0016361 -0.000918965 -0.0016349 0.999998 0.0271088 0.0460469 -0.0772427
FixedParameters: 0 0 0

#Transform 74
Transform: AffineTransform_float_3_3
Parameters: 0.999999 -0.00120163 0.000821614 0.00120037 0.999998 0.00198699 -0.000824386 -0.00198601 0.999997 0.0349006 0.0464224 -0.0509152
FixedParameters: 0 0 0

#Transform 75
Transform: AffineTransform_float_3_3
Parameters: 0.999999 -0.00120123 0.000630658 0.00119977 0.999998 0.00195076 -0.000633341 -0.00195024 0.999998 0.0302479 0.0829103 -0.067124
FixedParameters: 0 0 0

#Transform 76
Transform: AffineTransform_float_3_3
Parameters: 0.999999 -0.00120078 0.000367478 0.00120022 0.999997 0.00210144 -0.000370523 -0.00210156 0.999997 0.0300583 0.0595958 -0.0708468
FixedParameters: 0 0 0

#Transform 77
Transform: AffineTransform_float_3_3
Parameters: 0.999999 -0.0012024 0.000915853 0.0012006 0.999996 0.0026201 -0.000918148 -0.0026189 0.999996 0.0342131 0.0549258 -0.0555176
FixedParameters: 0 0 0

#Transform 78
Transform: AffineTransform_float_3_3
Parameters: 0.999999 -0.00120185 0.000769111 0.00120015 0.999997 0.00240593 -0.000771889 -0.00240508 0.999997 0.0340229 0.109541 -0.0599742
FixedParameters: 0 0 0

#Transform 79
Transform: AffineTransform_float_3_3
Parameters: 0.999999 -0.00120222 0.000916091 0.00119978 0.999997 0.0024221 -0.000918907 -0.0024209 0.999996 0.0242628 0.0651163 -0.0698196
FixedParameters: 0 0 0

#Transform 80
Transform: AffineTransform_float_3_3
Parameters: 0.999999 -0.00120187 0.000737965 0.00120013 0.999996 0.00252789 -0.000741036 -0.00252711 0.999997 0.0257652 0.0905488 -0.069833
FixedParameters: 0 0 0

#Transform 81
Transform: AffineTransform_float_3_3
Parameters: 0.999999 -0.00120139 0.000561043 0.00120062 0.999996 0.00246268 -0.000563958 -0.00246232 0.999997 0.0268812 0.0970615 -0.0749609
FixedParameters: 0 0 0

#Transform 82
Transform: AffineTransform_float_3_3
Parameters: 0.999999 -0.00120219 0.000728398 0.00119981 0.999995 0.00299988 -0.000732602 -0.00299912 0.999995 0.0289476 0.0490922 -0.0744632
FixedParameters: 0 0 0

#Transform 83
Transform: AffineTransform_float_3_3
Parameters: 0.999999 -0.00120248 0.000915752 0.00120052 0.999995 0.0027041 -0.000918249 -0.0027029 0.999996 0.0244971 0.065824 -0.069576
FixedParameters: 0 0 0

#Transform 84
Transform: AffineTransform_float_3_3
Parameters: 0.999999 -0.00129676 0.000616319 0.00129524 0.999995 0.0028408 -0.000620682 -0.0028402 0.999996 0.0392339 0.0862183 -0.0678897
FixedParameters: 0 0 0

#Transform 85
Transform: AffineTransform_float_3_3
Parameters: 0.999999 -0.0012017 0.00057848 0.0012003 0.999995 0.0029317 -0.00058152 -0.0029303 0.999995 0.0319119 0.0774494 -0.0776942
FixedParameters: 0 0 0

#Transform 86
Transform: AffineTransform_float_3_3
Parameters: 0.999999 -0.00120181 0.000659724 0.0012002 0.999996 0.0027288 -0.000663277 -0.00272821 0.999996 0.0375407 0.0629795 -0.0721562
FixedParameters: 0 0 0

#Transform 87
Transform: AffineTransform_float_3_3
Parameters: 0.999999 -0.00120182 0.000660704 0.00120018 0.999995 0.00274479 -0.000664297 -0.0027442 0.999996 0.0374307 0.0865846 -0.0728437
FixedParameters: 0 0 0

#Transform 88
Transform: AffineTransform_float_3_3
Parameters: 0.999999 -0.00120151 0.00056982 0.00120049 0.999996 0.00264869 -0.000573182 -0.00264831 0.999997 0.0383631 0.0995103 -0.0697659
FixedParameters: 0 0 0

#Transform 89
Transform: AffineTransform_float_3_3
Parameters: 0.999999 -0.00120148 0.000592005 0.00120052 0.999996 0.00249471 -0.000594997 -0.00249429 0.999996 0.0297309 0.0777196 -0.0820497
FixedParameters: 0 0 0

#Transform 90
Transform: AffineTransform_float_3_3
Parameters: 0.999999 -0.00120169 0.000632798 0.00120031 0.999995 0.00266676 -0.000636202 -0.00266524 0.999996 0.0371961 0.0619049 -0.0535222
FixedParameters: 0 0 0

#Transform 91
Transform: AffineTransform_float_3_3
Parameters: 0.999999 -0.00120156 0.000558647 0.00120043 0.999995 0.00279267 -0.000562355 -0.00279232 0.999996 0.0317599 0.113302 -0.0683936
FixedParameters: 0 0 0

#Transform 92
Transform: AffineTransform_float_3_3
Parameters: 0.999999 -0.00136461 0.000530882 0.00136339 0.999995 0.00301973 -0.000534118 -0.00301828 0.999996 0.0425388 0.0828856 -0.0829331
FixedParameters: 0 0 0

#Transform 93
Transform: AffineTransform_float_3_3
Parameters: 0.999999 -0.00120169 0.000602636 0.00120031 0.999996 0.00280173 -0.000606365 -0.00280127 0.999996 0.02882 0.0575173 -0.0713509
FixedParameters: 0 0 0

#Transform 94
Transform: AffineTransform_float_3_3
Parameters: 0.999999 -0.00120185 0.000618422 0.00120015 0.999995 0.00297975 -0.000622579 -0.00297926 0.999996 0.0284672 0.0901661 -0.0742921
FixedParameters: 0 0 0

#Transform 95
Transform: AffineTransform_float_3_3
Parameters: 0.999999 -0.00120189 0.000622372 0.00120011 0.999994 0.00302175 -0.000625629 -0.00302125 0.999995 0.0368003 0.0772291 -0.0799481
FixedParameters: 0 0 0

#Transform 96
Transform: AffineTransform_float_3_3
Parameters: 0.999999 -0.00120233 0.000770371 0.00120066 0.999994 0.00302193 -0.000774631 -0.00302107 0.999995 0.0328463 0.0658907 -0.0813355
FixedParameters: 0 0 0

#Transform 97
Transform: AffineTransform_float_3_3
Parameters: 0.999999 -0.00138 0.000665867 0.001378 0.999994 0.00299792 -0.000670132 -0.00299608 0.999996 0.0308346 0.0796759 -0.0794435
FixedParameters: 0 0 0

#Transform 98
Transform: AffineTransform_float_3_3
Parameters: 0.999999 -0.001202 0.000644285 0.0012 0.999995 0.00309378 -0.000647714 -0.00309223 0.999995 0.037608 0.102579 -0.0761656
FixedParameters: 0 0 0

#Transform 99
Transform: AffineTransform_float_3_3
Parameters: 0.999999 -0.00120222 0.000696182 0.00119978 0.999994 0.00317884 -0.000699817 -0.00317816 0.999994 0.0313532 0.0813282 -0.0833853
FixedParameters: 0 0 0

#Transform 100
Transform: AffineTransform_float_3_3
Parameters: 0.999999 -0.00136806 0.000699984 0.00136594 0.999995 0.00293796 -0.000704015 -0.00293704 0.999995 0.0381216 0.0817404 -0.0757065
FixedParameters: 0 0 0

#Transform 101
Transform: AffineTransform_float_3_3
Parameters: 0.999999 -0.00135583 0.000582769 0.00135417 0.999994 0.00312279 -0.000587231 -0.00312221 0.999995 0.0373692 0.100118 -0.0712745
FixedParameters: 0 0 0

#Transform 102
Transform: AffineTransform_float_3_3
Parameters: 0.999996 -0.000680663 0.00254302 0.000677335 0.999998 0.00144173 -0.00254398 -0.00143927 0.999995 0.0021674 0.0930283 -0.0869996
FixedParameters: 0 0 0

#Transform 103
Transform: AffineTransform_float_3_3
Parameters: 0.999997 -0.000140452 0.00254387 0.000137547 0.999999 0.000964353 -0.00254413 -0.000963646 0.999997 -0.0027806 0.0496569 -0.0901515
FixedParameters: 0 0 0

#Transform 104
Transform: AffineTransform_float_3_3
Parameters: 1 -0.000901216 0.00062537 0.000909793 0.99992 -0.0125614 -0.000614621 0.0125616 0.999921 -0.0126668 -0.125333 -0.203194
FixedParameters: 0 0 0

#Transform 105
Transform: AffineTransform_float_3_3
Parameters: 0.999999 -0.000416821 0.000982783 0.000421179 0.999991 -0.00425559 -0.000981216 0.00425641 0.999991 0.00442504 0.0658818 -0.0661323
FixedParameters: 0 0 0

#Transform 106
Transform: AffineTransform_float_3_3
Parameters: 0.999999 -0.000790008 0.000467679 0.000790991 0.999998 -0.00212463 -0.00046532 0.00212537 0.999997 0.00956142 0.0298926 -0.0295758
FixedParameters: 0 0 0

#Transform 107
Transform: AffineTransform_float_3_3
Parameters: 1 -0.00104521 0.000545515 0.00104579 0.999999 -0.00144843 -0.000543485 0.00144957 0.999999 0.0148343 0.0245662 -0.0346297
FixedParameters: 0 0 0

#Transform 108
Transform: AffineTransform_float_3_3
Parameters: 1 -0.00105936 0.000545241 0.00105964 0.999999 -0.00117042 -0.000543761 0.00117058 0.999999 0.0189853 0.0364306 -0.0427338
FixedParameters: 0 0 0

#Transform 109
Transform: AffineTransform_float_3_3
Parameters: 1 -0.00100943 0.000545053 0.00100957 0.999999 -0.00104245 -0.000543948 0.00104255 1 0.0249456 0.0464017 -0.046495
FixedParameters: 0 0 0

#Transform 110
Transform: AffineTransform_float_3_3
Parameters: 1 -0.00105972 0.000413708 0.00106028 0.999999 -0.000667562 -0.000412292 0.000668437 0.999999 0.0281238 0.00445846 -0.0377625
FixedParameters: 0 0 0

#Transform 111
Transform: AffineTransform_float_3_3
Parameters: 1 -0.00105974 0.0005445 0.00106026 1 -0.000471423 -0.0005435 0.000471576 0.999999 0.0241012 0.0172115 -0.038061
FixedParameters: 0 0 0

#Transform 112
Transform: AffineTransform_float_3_3
Parameters: 1 -0.0010598 0.000544399 0.00106021 1 -0.000376423 -0.000543601 0.000376576 1 0.0218244 0.0493179 -0.0449956
FixedParameters: 0 0 0

#Transform 113
Transform: AffineTransform_float_3_3
Parameters: 0.999999 -0.00105996 0.000158235 0.00106003 1 -0.000221832 -0.000157764 0.000222167 1 0.0340583 0.0404666 -0.0517094
FixedParameters: 0 0 0

#Transform 114
Transform: AffineTransform_float_3_3
Parameters: 0.999999 -0.00116794 0.000544127 0.00116806 1 -0.000108365 -0.000543872 0.000109635 1 0.0217612 0.0398343 -0.0470222
FixedParameters: 0 0 0

#Transform 115
Transform: AffineTransform_float_3_3
Parameters: 1 -0.00105995 0.000439115 0.00106005 1 -0.000108535 -0.000438884 0.000109465 1 0.0197811 0.055775 -0.0290644
FixedParameters: 0 0 0

#Transform 116
Transform: AffineTransform_float_3_3
Parameters: 1 -0.00105998 0.000544037 0.00106002 1 -3.44233e-05 -0.000543963 3.55766e-05 1 0.0248147 0.0738923 -0.0553149
FixedParameters: 0 0 0

#Transform 117
Transform: AffineTransform_float_3_3
Parameters: 1 -0.00106016 0.00026135 0.00105984 1 0.000613277 -0.000261651 -0.000613723 1 0.0330107 0.0492733 -0.0471488
FixedParameters: 0 0 0

#Transform 118
Transform: AffineTransform_float_3_3
Parameters: 1 -0.00106028 0.000336123 0.00105972 0.999999 0.000827356 -0.000336877 -0.000827643 0.999999 0.0323736 0.0317918 -0.0355498
FixedParameters: 0 0 0

#Transform 119
Transform: AffineTransform_float_3_3
Parameters: 1 -0.00105994 -9.86497e-05 0.00106006 1 0.000612896 9.73502e-05 -0.000613104 1 0.0319099 0.07383 -0.0522406
FixedParameters: 0 0 0

#Transform 120
Transform: AffineTransform_float_3_3
Parameters: 0.999999 -0.00106004 3.90194e-05 0.00105996 0.999999 0.000925041 -3.99804e-05 -0.000924958 0.999999 0.0351072 0.0427493 -0.0433964
FixedParameters: 0 0 0

#Transform 121
Transform: AffineTransform_float_3_3
Parameters: 1 -0.00106019 0.00018292 0.00105981 0.999999 0.00101919 -0.00018408 -0.00101881 1 0.0251455 0.0439854 -0.0474814
FixedParameters: 0 0 0

#Transform 122
Transform: AffineTransform_float_3_3
Parameters: 1 -0.00106006 6.09198e-05 0.00105994 0.999999 0.00101907 -6.20801e-05 -0.00101894 1 0.0347469 0.0939339 -0.0472522
FixedParameters: 0 0 0

#Transform 123
Transform: AffineTransform_float_3_3
Parameters: 0.999999 -0.00127505 4.65171e-05 0.00127495 0.999998 0.00116306 -4.74841e-05 -0.00116394 1 0.0309918 0.0411851 -0.0589574
FixedParameters: 0 0 0

#Transform 124
Transform: AffineTransform_float_3_3
Parameters: 1 -0.00120113 0.000129776 0.00120087 0.999999 0.00101916 -0.000131224 -0.00101884 1 0.0268305 0.0521435 -0.0305767
FixedParameters: 0 0 0

#Transform 125
Transform: AffineTransform_float_3_3
Parameters: 0.999999 -0.00138894 -6.13667e-05 0.00138906 0.999998 0.000983916 5.96332e-05 -0.000984084 1 0.0334563 0.0641026 -0.0307812
FixedParameters: 0 0 0

#Transform 126
Transform: AffineTransform_float_3_3
Parameters: 1 -0.00116597 -3.31205e-05 0.00116603 0.999999 0.000960961 3.18794e-05 -0.000961037 0.999999 0.0380529 0.0401469 -0.0213742
FixedParameters: 0 0 0

#Transform 127
Transform: AffineTransform_float_3_3
Parameters: 0.999999 -0.00125505 5.90286e-05 0.00125495 0.999999 0.000774074 -5.99713e-05 -0.000773925 0.999999 0.0291656 0.0614768 -0.040028
FixedParameters: 0 0 0

#Transform 128
Transform: AffineTransform_float_3_3
Parameters: 0.999999 -0.00121664 -0.000268646 0.00121736 0.999999 0.00135267 0.000267353 -0.00135333 0.999999 0.0345147 0.076491 -0.0296167
FixedParameters: 0 0 0

#Transform 129
Transform: AffineTransform_float_3_3
Parameters: 0.999999 -0.0012728 -0.000208204 0.0012732 0.999998 0.000945736 0.000206796 -0.000946264 1 0.0419481 0.0802027 -0.052231
FixedParameters: 0 0 0

#Transform 130
Transform: AffineTransform_float_3_3
Parameters: 0.999999 -0.00132296 -3.75148e-05 0.00132304 0.999999 0.00114495 3.64851e-05 -0.00114505 1 0.0341566 0.0507731 -0.0376402
FixedParameters: 0 0 0

#Transform 131
Transform: AffineTransform_float_3_3
Parameters: 0.999999 -0.00134569 -0.00019811 0.00134631 0.999998 0.00156773 0.000196889 -0.00156827 0.999999 0.0336826 0.0604111 -0.0221363
FixedParameters: 0 0 0

#Transform 132
Transform: AffineTransform_float_3_3
Parameters: 0.999999 -0.0014909 -8.28383e-05 0.0014911 0.999998 0.00123288 8.11615e-05 -0.00123312 0.999999 0.0456969 0.0816633 -0.0542174
FixedParameters: 0 0 0

#Transform 133
Transform: AffineTransform_float_3_3
Parameters: 0.999998 -0.00159643 0.0003098 0.00159557 0.999998 0.0013785 -0.000312198 -0.0013775 0.999999 0.0295462 0.0174221 -0.0353409
FixedParameters: 0 0 0

#Transform 134
Transform: AffineTransform_float_3_3
Parameters: 0.999998 -0.00168773 -0.000216135 0.00168827 0.999998 0.00126464 0.000213864 -0.00126536 0.999999 0.0367557 0.135698 -0.0429351
FixedParameters: 0 0 0

#Transform 135
Transform: AffineTransform_float_3_3
Parameters: 0.999999 -0.00149109 5.3656e-05 0.00149091 0.999997 0.00157208 -5.53437e-05 -0.00157192 0.999999 0.0302627 -0.00220003 -0.0328482
FixedParameters: 0 0 0

#Transform 136
Transform: AffineTransform_float_3_3
Parameters: 0.999999 -0.00142385 -9.62383e-05 0.00142415 0.999998 0.00157186 9.37627e-05 -0.00157113 0.999999 0.03136 0.0791103 -0.0264069
FixedParameters: 0 0 0

#Transform 137
Transform: AffineTransform_float_3_3
Parameters: 0.999999 -0.00141541 -0.000313657 0.00141659 0.999997 0.00187656 0.000310343 -0.00187644 0.999998 0.0378193 0.0698649 -0.0246605
FixedParameters: 0 0 0

#Transform 138
Transform: AffineTransform_float_3_3
Parameters: 1 -0.00105321 -0.000491704 0.0010538 0.999998 0.00161748 0.000490295 -0.00161852 0.999998 0.025141 0.0647711 -0.037366
FixedParameters: 0 0 0

#Transform 139
Transform: AffineTransform_float_3_3
Parameters: 0.999999 -0.000807144 -0.000656053 0.000808855 0.999999 0.00130447 0.000654945 -0.00130453 0.999999 0.0187971 0.0719306 -0.0413299
FixedParameters: 0 0 0

#Transform 140
Transform: AffineTransform_float_3_3
Parameters: 0.999999 -0.00118222 -0.000577601 0.00118278 0.999999 0.00135332 0.0005764 -0.00135368 0.999999 0.0298125 0.0962689 -0.0425772
FixedParameters: 0 0 0

#Transform 141
Transform: AffineTransform_float_3_3
Parameters: 0.999999 -0.00114321 -0.000452006 0.00114379 0.999998 0.00175348 0.000449996 -0.00175352 0.999999 0.0260297 0.0585288 -0.0364933
FixedParameters: 0 0 0

#Transform 142
Transform: AffineTransform_float_3_3
Parameters: 0.999999 -0.00135943 -0.000421853 0.00136057 0.999998 0.00136243 0.000420146 -0.00136357 0.999999 0.0368232 0.0957307 -0.0443297
FixedParameters: 0 0 0

#Transform 143
Transform: AffineTransform_float_3_3
Parameters: 0.999999 -0.00131947 -0.000525342 0.00131953 0.999998 0.00101631 0.000524658 -0.00101769 1 0.0372816 0.0834549 -0.0374309
FixedParameters: 0 0 0

#Transform 144
Transform: AffineTransform_float_3_3
Parameters: 0.999999 -0.00114313 -0.00051693 0.00114387 0.999998 0.00168741 0.000515071 -0.00168759 0.999999 0.0255791 0.0726679 -0.0224849
FixedParameters: 0 0 0

#Transform 145
Transform: AffineTransform_float_3_3
Parameters: 0.999999 -0.00114283 -0.000707888 0.00114417 0.999998 0.00165019 0.000706112 -0.00165181 0.999999 0.0298108 0.0644133 -0.0329096
FixedParameters: 0 0 0

#Transform 146
Transform: AffineTransform_float_3_3
Parameters: 0.999999 -0.00131399 -0.00070788 0.00131501 0.999998 0.00143007 0.000706119 -0.00143093 0.999998 0.034586 0.0875786 -0.0437073
FixedParameters: 0 0 0

#Transform 147
Transform: AffineTransform_float_3_3
Parameters: 0.999999 -0.00114299 -0.000540144 0.00114401 0.999997 0.00187438 0.000537857 -0.00187462 0.999998 0.0308491 0.0404723 -0.0392486
FixedParameters: 0 0 0

#Transform 148
Transform: AffineTransform_float_3_3
Parameters: 0.999999 -0.00114316 -0.000482006 0.00114384 0.999998 0.00175345 0.000479996 -0.00175355 0.999999 0.0301819 0.0879478 -0.0323366
FixedParameters: 0 0 0

#Transform 149
Transform: AffineTransform_float_3_3
Parameters: 0.999999 -0.00134783 -0.000630498 0.00134917 0.999998 0.00185215 0.000627502 -0.00185285 0.999998 0.0370062 0.0560421 -0.0184108
FixedParameters: 0 0 0

#Transform 150
Transform: AffineTransform_float_3_3
Parameters: 0.999999 -0.00120609 -0.000623756 0.00120691 0.999998 0.00145525 0.000622243 -0.00145675 0.999998 0.0327793 0.0930825 -0.0273977
FixedParameters: 0 0 0

#Transform 151
Transform: AffineTransform_float_3_3
Parameters: 0.999999 -0.00132487 -0.00058756 0.00132513 0.999998 0.00193122 0.000584442 -0.00193178 0.999998 0.0321923 0.0486704 -0.0274063
FixedParameters: 0 0 0

#Transform 152
Transform: AffineTransform_float_3_3
Parameters: 0.999999 -0.0012529 -0.00062023 0.0012541 0.999997 0.00177822 0.000617771 -0.00177878 0.999998 0.0314468 0.0969836 -0.0202112
FixedParameters: 0 0 0

#Transform 153
Transform: AffineTransform_float_3_3
Parameters: 0.999999 -0.00114309 -0.000603729 0.00114391 0.999998 0.00151131 0.000602272 -0.00151169 0.999998 0.0275827 0.0990116 -0.0488335
FixedParameters: 0 0 0

#Transform 154
Transform: AffineTransform_float_3_3
Parameters: 1 -0.00114357 -0.00029566 0.00114343 0.999999 0.00145066 0.000294341 -0.00145134 0.999999 0.0309301 0.0726617 -0.0339409
FixedParameters: 0 0 0

#Transform 155
Transform: AffineTransform_float_3_3
Parameters: 0.999999 -0.00124646 -0.000296285 0.00124654 0.999997 0.00183263 0.000294715 -0.00183337 0.999999 0.026126 0.0443359 -0.0200414
FixedParameters: 0 0 0

#Transform 156
Transform: AffineTransform_float_3_3
Parameters: 0.999999 -0.00132911 -0.000626893 0.00132989 0.999998 0.00142317 0.000625107 -0.00142383 0.999999 0.032308 0.116553 -0.047418
FixedParameters: 0 0 0

#Transform 157
Transform: AffineTransform_float_3_3
Parameters: 1 -0.00114351 -0.000295896 0.00114349 0.999998 0.00165766 0.000294104 -0.00165834 0.999998 0.028552 0.0208972 -0.0396768
FixedParameters: 0 0 0

#Transform 158
Transform: AffineTransform_float_3_3
Parameters: 0.999999 -0.00145926 -0.000460343 0.00145974 0.999997 0.00160533 0.000457657 -0.00160567 0.999998 0.0333119 0.11312 -0.0600451
FixedParameters: 0 0 0

#Transform 159
Transform: AffineTransform_float_3_3
Parameters: 0.999999 -0.00173941 0.000248163 0.00173959 0.999997 0.00163143 -0.000250839 -0.00163157 0.999998 0.0220883 0.0823947 -0.0486683
FixedParameters: 0 0 0

#Transform 160
Transform: AffineTransform_float_3_3
Parameters: 0.999999 -0.0017395 0.000247521 0.0017395 0.999997 0.00200043 -0.000251479 -0.00199957 0.999998 0.0288906 0.0791446 -0.0501909
FixedParameters: 0 0 0

#Transform 161
Transform: AffineTransform_float_3_3
Parameters: 0.999998 -0.00194806 8.75778e-05 0.00194794 0.999998 0.000730172 -8.94218e-05 -0.000729827 0.999999 0.030689 0.0304279 -0.0811061
FixedParameters: 0 0 0

#Transform 162
Transform: AffineTransform_float_3_3
Parameters: 0.999998 -0.00190599 -1.76086e-05 0.00190601 0.999998 0.000843968 1.53913e-05 -0.00084403 0.999999 0.0259535 0.0871511 -0.0753743
FixedParameters: 0 0 0

#Transform 163
Transform: AffineTransform_float_3_3
Parameters: 0.999997 -0.00216497 -2.84507e-05 0.00216503 0.999997 0.00113194 2.65491e-05 -0.00113206 1 0.028597 0.0846889 -0.0854315
FixedParameters: 0 0 0

#Transform 164
Transform: AffineTransform_float_3_3
Parameters: 0.999998 -0.00173904 2.09775e-05 0.00173896 0.999997 0.00173804 -2.40223e-05 -0.00173796 0.999998 0.0214026 0.0385076 -0.0830497
FixedParameters: 0 0 0

#Transform 165
Transform: AffineTransform_float_3_3
Parameters: 0.999999 -0.0018649 -6.20304e-05 0.0018651 0.999997 0.00162489 5.89692e-05 -0.00162511 0.999998 0.0271939 0.096721 -0.0687596
FixedParameters: 0 0 0

#Transform 166
Transform: AffineTransform_float_3_3
Parameters: 0.999999 -0.00173889 -0.000315617 0.00173911 0.999999 0.000354452 0.000314384 -0.000354547 1 0.0260367 0.0627363 -0.0959982
FixedParameters: 0 0 0

#Transform 167
Transform: AffineTransform_float_3_3
Parameters: 0.999998 -0.00173891 -8.76883e-05 0.00173908 0.999998 0.000970849 8.53112e-05 -0.000971149 0.999999 0.0297035 0.05881 -0.0763468
FixedParameters: 0 0 0

#Transform 168
Transform: AffineTransform_float_3_3
Parameters: 0.999998 -0.00196763 -0.00038191 0.00196837 0.999997 0.00097025 0.00038009 -0.00097075 1 0.039226 0.101336 -0.0805131
FixedParameters: 0 0 0

#Transform 169
Transform: AffineTransform_float_3_3
Parameters: 0.999998 -0.00200767 -0.00038272 0.00200733 0.999997 0.000856233 0.000381281 -0.000856767 0.999999 0.035118 0.0706386 -0.0566259
FixedParameters: 0 0 0

#Transform 170
Transform: AffineTransform_float_3_3
Parameters: 0.999998 -0.0019728 -0.000380057 0.0019722 0.999998 0.000535251 0.000378942 -0.000536748 1 0.0346579 0.0876486 -0.0637439
FixedParameters: 0 0 0

#Transform 171
Transform: AffineTransform_float_3_3
Parameters: 0.999997 -0.00211773 -0.000326772 0.00211827 0.999998 0.00083631 0.000325228 -0.000836691 0.999999 0.0377523 0.0617251 -0.073652
FixedParameters: 0 0 0

#Transform 172
Transform: AffineTransform_float_3_3
Parameters: 0.999998 -0.0020748 -0.000182238 0.0020742 0.999998 0.00107863 0.000180764 -0.00107838 1 0.03326 0.0716044 -0.0522708
FixedParameters: 0 0 0

#Transform 173
Transform: AffineTransform_float_3_3
Parameters: 0.999998 -0.00207772 -0.000259287 0.00207729 0.999997 0.00110046 0.000257713 -0.00110154 1 0.041515 0.0829329 -0.067681
FixedParameters: 0 0 0

#Transform 174
Transform: AffineTransform_float_3_3
Parameters: 0.999998 -0.00204167 -0.000311158 0.00204133 0.999998 0.00105637 0.000309844 -0.00105664 1 0.0375331 0.0832514 -0.0805149
FixedParameters: 0 0 0

#Transform 175
Transform: AffineTransform_float_3_3
Parameters: 0.999998 -0.00204466 -0.00033411 0.00204534 0.999998 0.00103132 0.000331889 -0.00103268 1 0.0370076 0.0656998 -0.0864239
FixedParameters: 0 0 0

#Transform 176
Transform: AffineTransform_float_3_3
Parameters: 0.999998 -0.00203663 -0.000333295 0.00203738 0.999998 0.00112632 0.000331703 -0.00112768 1 0.0420229 0.0785471 -0.0671842
FixedParameters: 0 0 0

#Transform 177
Transform: AffineTransform_float_3_3
Parameters: 0.999998 -0.0022175 -0.000445499 0.0022185 0.999997 0.00112601 0.000443501 -0.00112699 1 0.0474715 0.086706 -0.0777087
FixedParameters: 0 0 0

#Transform 178
Transform: AffineTransform_float_3_3
Parameters: 0.999998 -0.00204075 -0.00023614 0.00204125 0.999998 0.00104852 0.000233858 -0.00104948 1 0.0393547 0.0669183 -0.0764563
FixedParameters: 0 0 0

#Transform 179
Transform: AffineTransform_float_3_3
Parameters: 0.999997 -0.00215272 -0.000272206 0.00215328 0.999997 0.00102442 0.000269792 -0.00102558 1 0.0343569 0.0756865 -0.0603347
FixedParameters: 0 0 0

#Transform 180
Transform: AffineTransform_float_3_3
Parameters: 0.999997 -0.00219572 -0.000295098 0.00219628 0.999997 0.000955354 0.000292902 -0.000955645 0.999999 0.0372337 0.0933179 -0.0773806
FixedParameters: 0 0 0

#Transform 181
Transform: AffineTransform_float_3_3
Parameters: 0.999998 -0.00204654 -0.000412306 0.00204746 0.999998 0.00112616 0.000410692 -0.00112784 1 0.03591 0.0638418 -0.0763569
FixedParameters: 0 0 0

#Transform 182
Transform: AffineTransform_float_3_3
Parameters: 0.999997 -0.00209982 -0.000301251 0.00210018 0.999997 0.000595368 0.000299748 -0.00059663 1 0.0339233 0.0677305 -0.0800727
FixedParameters: 0 0 0

#Transform 183
Transform: AffineTransform_float_3_3
Parameters: 0.999997 -0.0021188 -0.000314372 0.0021182 0.999998 0.000647336 0.000313629 -0.000647666 0.999999 0.0327522 0.0929134 -0.0866055
FixedParameters: 0 0 0

#Transform 184
Transform: AffineTransform_float_3_3
Parameters: 0.999997 -0.00216867 -0.000348083 0.00216933 0.999997 0.000960247 0.000345916 -0.000960752 0.999999 0.0331645 0.0677747 -0.0892462
FixedParameters: 0 0 0

#Transform 185
Transform: AffineTransform_float_3_3
Parameters: 0.999997 -0.00210463 -0.000355216 0.00210437 0.999997 0.00105226 0.000353786 -0.00105275 1 0.032339 0.0667986 -0.0835244
FixedParameters: 0 0 0

#Transform 186
Transform: AffineTransform_float_3_3
Parameters: 0.999998 -0.00209262 -0.000340358 0.00209338 0.999997 0.00112629 0.00033764 -0.00112771 1 0.0333751 0.094984 -0.0885787
FixedParameters: 0 0 0

#Transform 187
Transform: AffineTransform_float_3_3
Parameters: 0.999998 -0.00204905 6.22971e-05 0.00204895 0.999997 0.000831129 -6.47025e-05 -0.000830869 0.999999 0.0278266 0.0658143 -0.102932
FixedParameters: 0 0 0

#Transform 188
Transform: AffineTransform_float_3_3
Parameters: 0.999998 -0.00204688 -0.000184326 0.00204712 0.999997 0.000647624 0.000182673 -0.000648375 1 0.0398585 0.0832804 -0.0818756
FixedParameters: 0 0 0

#Transform 189
Transform: AffineTransform_float_3_3
Parameters: 0.999997 -0.00216289 -0.000161427 0.00216311 0.999998 0.000659653 0.000159572 -0.000660347 1 0.0342725 0.0914455 -0.0829304
FixedParameters: 0 0 0

#Transform 190
Transform: AffineTransform_float_3_3
Parameters: 0.999998 -0.00208292 -9.17349e-05 0.00208308 0.999998 0.000832811 8.92646e-05 -0.000833188 0.999999 0.0291378 0.0568883 -0.090224
FixedParameters: 0 0 0

#Transform 191
Transform: AffineTransform_float_3_3
Parameters: 0.999998 -0.00210799 -3.76745e-05 0.00210801 0.999997 0.000319921 3.73253e-05 -0.000320079 1 0.03796 0.0786124 -0.102639
FixedParameters: 0 0 0

#Transform 192
Transform: AffineTransform_float_3_3
Parameters: 0.999998 -0.00227789 -0.000155583 0.00227811 0.999997 0.000694647 0.000153416 -0.000695351 0.999999 0.0435213 0.0870431 -0.0974378
FixedParameters: 0 0 0

#Transform 193
Transform: AffineTransform_float_3_3
Parameters: 0.999997 -0.00218099 -2.04176e-05 0.00218101 0.999998 0.000649957 1.85823e-05 -0.000650042 1 0.0410734 0.0415302 -0.106231
FixedParameters: 0 0 0

#Transform 194
Transform: AffineTransform_float_3_3
Parameters: 0.999997 -0.00218101 5.43325e-05 0.00218098 0.999997 0.000306119 -5.46672e-05 -0.000305881 1 0.0427679 0.0608272 -0.100275
FixedParameters: 0 0 0

#Transform 195
Transform: AffineTransform_float_3_3
Parameters: 0.999997 -0.00218096 -6.43956e-05 0.00218104 0.999998 0.000639861 6.2604e-05 -0.000640138 1 0.0361418 0.0904638 -0.0975773
FixedParameters: 0 0 0

#Transform 196
Transform: AffineTransform_float_3_3
Parameters: 0.999997 -0.00218089 -0.000143651 0.00218111 0.999998 0.000756689 0.000142349 -0.000757312 0.999999 0.0363894 0.0615919 -0.0779772
FixedParameters: 0 0 0

#Transform 197
Transform: AffineTransform_float_3_3
Parameters: 0.999997 -0.00218077 -0.000274833 0.00218123 0.999998 0.000840402 0.000272165 -0.000841595 0.999999 0.0402014 0.0607666 -0.107269
FixedParameters: 0 0 0

#Transform 198
Transform: AffineTransform_float_3_3
Parameters: 0.999997 -0.00218087 -0.00010465 0.00218112 0.999997 0.00121477 0.00010235 -0.00121523 1 0.0404919 0.0359207 -0.0985289
FixedParameters: 0 0 0

#Transform 199
Transform: AffineTransform_float_3_3
Parameters: 0.999997 -0.00218093 -6.05756e-05 0.00218107 0.999997 0.00118087 5.8424e-05 -0.00118113 1 0.0405224 0.0986359 -0.109437
FixedParameters: 0 0 0

#Transform 200
Transform: AffineTransform_float_3_3
Parameters: 0.999997 -0.00218075 -0.000200719 0.00218125 0.999997 0.00124657 0.00019828 -0.00124744 0.999999 0.0401389 0.0765227 -0.117078
FixedParameters: 0 0 0

#Transform 201
Transform: AffineTransform_float_3_3
Parameters: 0.999998 -0.00208283 -0.00012976 0.00208317 0.999997 0.00132473 0.00012724 -0.00132527 0.999999 0.0386912 0.081725 -0.104556
FixedParameters: 0 0 0

#Transform 202
Transform: AffineTransform_float_3_3
Parameters: 0.999997 -0.00218085 -0.000128584 0.00218115 0.999997 0.00118472 0.000125415 -0.00118528 1 0.0414001 0.101654 -0.101427
FixedParameters: 0 0 0

#Transform 203
Transform: AffineTransform_float_3_3
Parameters: 0.999998 -0.00209355 -0.000337773 0.00209445 0.999997 0.0013243 0.000335226 -0.0013247 0.999999 0.0425515 0.0810305 -0.133889
FixedParameters: 0 0 0

#Transform 204
Transform: AffineTransform_float_3_3
Parameters: 0.999998 -0.00192118 -0.000679493 0.00192082 0.999998 -0.000264306 0.000679506 0.000262695 0.999999 0.0371502 0.0400065 -0.119179
FixedParameters: 0 0 0

#Transform 205
Transform: AffineTransform_float_3_3
Parameters: 0.999999 -0.00157152 -0.000985839 0.00156748 0.999989 -0.00456456 0.000993165 0.00456345 0.999989 0.0348554 0.0214942 -0.136639
FixedParameters: 0 0 0

#Transform 206
Transform: AffineTransform_float_3_3
Parameters: 0.999998 -0.00178138 -0.000656265 0.00177962 0.999996 -0.00209817 0.000660734 0.00209683 0.999997 0.0328165 0.0647259 -0.098186
FixedParameters: 0 0 0

#Transform 207
Transform: AffineTransform_float_3_3
Parameters: 0.999998 -0.00189496 -0.000677308 0.00189404 0.999997 -0.00142129 0.000679691 0.00141971 0.999999 0.0397622 0.0589435 -0.106858
FixedParameters: 0 0 0

#Transform 208
Transform: AffineTransform_float_3_3
Parameters: 0.999998 -0.00189451 -0.000497069 0.00189449 0.999997 -0.00101994 0.000498932 0.00101906 1 0.032708 0.00391815 -0.0847837
FixedParameters: 0 0 0

#Transform 209
Transform: AffineTransform_float_3_3
Parameters: 0.999998 -0.00194883 -0.000659557 0.00194817 0.999998 -0.00125429 0.000662444 0.00125371 0.999999 0.0404387 0.0773511 -0.09751
FixedParameters: 0 0 0

#Transform 210
Transform: AffineTransform_float_3_3
Parameters: 0.999998 -0.00189416 -0.000579487 0.00189384 0.999998 -0.000271098 0.000580512 0.000269901 1 0.0343457 0.0130978 -0.0798682
FixedParameters: 0 0 0

#Transform 211
Transform: AffineTransform_float_3_3
Parameters: 0.999998 -0.00189423 -0.000498109 0.00189377 0.999998 -0.000470944 0.000498891 0.000470056 1 0.0336177 0.125624 -0.103159
FixedParameters: 0 0 0

#Transform 212
Transform: AffineTransform_float_3_3
Parameters: 0.999998 -0.00189398 -0.000499092 0.00189402 0.999998 4.80548e-05 0.000498908 -4.8945e-05 1 0.0308059 0.0188653 -0.0832259
FixedParameters: 0 0 0

#Transform 213
Transform: AffineTransform_float_3_3
Parameters: 0.999998 -0.00189394 -0.000499236 0.00189406 0.999998 0.000124055 0.000498764 -0.000124945 1 0.0398084 0.0806796 -0.0863341
FixedParameters: 0 0 0

#Transform 214
Transform: AffineTransform_float_3_3
Parameters: 0.999998 -0.0021751 -0.00062767 0.00217491 0.999997 -0.000152365 0.000627329 0.000150636 1 0.0353995 0.107504 -0.095488
FixedParameters: 0 0 0

#Transform 215
Transform: AffineTransform_float_3_3
Parameters: 0.999998 -0.00189394 -0.000499211 0.00189406 0.999998 0.000111055 0.000498789 -0.000111945 1 0.0303806 0.0203551 -0.0842186
FixedParameters: 0 0 0

#Transform 216
Transform: AffineTransform_float_3_3
Parameters: 0.999998 -0.00189393 -0.000584232 0.00189407 0.999998 0.000121894 0.000583768 -0.000123106 1 0.0308312 0.0779713 -0.101194
FixedParameters: 0 0 0

#Transform 217
Transform: AffineTransform_float_3_3
Parameters: 0.999998 -0.00194861 -0.000500501 0.00194939 0.999998 0.000770025 0.000499498 -0.000770974 0.999999 0.0324775 0.072272 -0.0918177
FixedParameters: 0 0 0

#Transform 218
Transform: AffineTransform_float_3_3
Parameters: 0.999998 -0.00223555 -0.000553832 0.00223545 0.999997 0.000818764 0.000552168 -0.000820236 0.999999 0.0378392 0.0891306 -0.089052
FixedParameters: 0 0 0

#Transform 219
Transform: AffineTransform_float_3_3
Parameters: 0.999998 -0.00217478 -0.000499984 0.00217423 0.999998 0.000451914 0.000499016 -0.000453087 1 0.0448627 0.0569392 -0.0978919
FixedParameters: 0 0 0

#Transform 220
Transform: AffineTransform_float_3_3
Parameters: 0.999998 -0.00221959 -0.000500819 0.00222041 0.999997 0.000818891 0.000499181 -0.000820111 1 0.0388145 0.0672937 -0.0879577
FixedParameters: 0 0 0

#Transform 221
Transform: AffineTransform_float_3_3
Parameters: 0.999997 -0.0023364 -0.000726914 0.00233659 0.999997 0.000818304 0.000725085 -0.000820697 1 0.048528 0.115941 -0.0928328
FixedParameters: 0 0 0

#Transform 222
Transform: AffineTransform_float_3_3
Parameters: 0.999997 -0.00232091 -0.000731454 0.00232209 0.999996 0.00148731 0.000728546 -0.0014887 0.999998 0.0433549 0.0545888 -0.0846572
FixedParameters: 0 0 0

#Transform 223
Transform: AffineTransform_float_3_3
Parameters: 0.999997 -0.00229549 -0.00075759 0.00229751 0.999996 0.00199827 0.000752409 -0.00199973 0.999997 0.049148 0.0647324 -0.0728041
FixedParameters: 0 0 0

#Transform 224
Transform: AffineTransform_float_3_3
Parameters: 0.999996 -0.00243938 -0.000890441 0.00244162 0.999996 0.00181883 0.000886557 -0.00182117 0.999998 0.0475563 0.121637 -0.0810264
FixedParameters: 0 0 0

#Transform 225
Transform: AffineTransform_float_3_3
Parameters: 0.999997 -0.00230867 -0.000788908 0.00231033 0.999996 0.00169118 0.000785092 -0.00169282 0.999999 0.0500755 0.0819086 -0.103476
FixedParameters: 0 0 0

#Transform 226
Transform: AffineTransform_float_3_3
Parameters: 0.999997 -0.00224764 -0.000837654 0.00224936 0.999996 0.00162412 0.000834344 -0.00162688 0.999999 0.049947 0.0865222 -0.0893607
FixedParameters: 0 0 0

#Transform 227
Transform: AffineTransform_float_3_3
Parameters: 0.999997 -0.00242692 -0.0011285 0.00242909 0.999996 0.00185127 0.0011245 -0.00185374 0.999997 0.0500503 0.119044 -0.0978143
FixedParameters: 0 0 0

#Transform 228
Transform: AffineTransform_float_3_3
Parameters: 0.999997 -0.0023206 -0.00103638 0.00232339 0.999994 0.0023156 0.00103162 -0.0023184 0.999997 0.0472783 0.0759549 -0.0973032
FixedParameters: 0 0 0

#Transform 229
Transform: AffineTransform_float_3_3
Parameters: 0.999997 -0.00230681 -0.000996082 0.00230919 0.999995 0.00220071 0.000990917 -0.00220329 0.999997 0.0518308 0.0900656 -0.0828291
FixedParameters: 0 0 0

#Transform 230
Transform: AffineTransform_float_3_3
Parameters: 0.999996 -0.00236807 -0.00120478 0.00237093 0.999994 0.00243715 0.00119922 -0.00244085 0.999997 0.0522185 0.106042 -0.0941467
FixedParameters: 0 0 0

#Transform 231
Transform: AffineTransform_float_3_3
Parameters: 0.999996 -0.00230529 -0.00116735 0.0023087 0.999993 0.00318332 0.00115965 -0.00318569 0.999995 0.0519806 0.0812572 -0.0891936
FixedParameters: 0 0 0

#Transform 232
Transform: AffineTransform_float_3_3
Parameters: 0.999997 -0.00230626 -0.0010411 0.00230874 0.999994 0.0026416 0.0010349 -0.00264439 0.999996 0.053756 0.113518 -0.110461
FixedParameters: 0 0 0

#Transform 233
Transform: AffineTransform_float_3_3
Parameters: 0.999996 -0.00252498 -0.00129387 0.00252902 0.999992 0.00311274 0.00128613 -0.00311626 0.999995 0.0536099 0.0959823 -0.114636
FixedParameters: 0 0 0

#Transform 234
Transform: AffineTransform_float_3_3
Parameters: 0.999995 -0.00273629 -0.00104476 0.00273971 0.99999 0.00356415 0.00103524 -0.00356685 0.999993 0.0590196 0.0925806 -0.106201
FixedParameters: 0 0 0

#Transform 235
Transform: AffineTransform_float_3_3
Parameters: 0.999995 -0.00272529 -0.00104472 0.00272971 0.99999 0.00356416 0.00103527 -0.00356684 0.999993 0.065595 0.127525 -0.124178
FixedParameters: 0 0 0

#Transform 236
Transform: AffineTransform_float_3_3
Parameters: 0.999996 -0.00265335 -0.00120331 0.00265865 0.999989 0.00388082 0.00119269 -0.00388418 0.999991 0.064611 0.119176 -0.120882
FixedParameters: 0 0 0

#Transform 237
Transform: AffineTransform_float_3_3
Parameters: 0.999996 -0.0026547 -0.000894852 0.0026583 0.999989 0.00370763 0.000885146 -0.00371036 0.999992 0.0616226 0.103897 -0.131773
FixedParameters: 0 0 0

#Transform 238
Transform: AffineTransform_float_3_3
Parameters: 0.999995 -0.00280641 -0.00097638 0.00280959 0.999989 0.00369527 0.000965621 -0.00369773 0.999992 0.0641526 0.135276 -0.128241
FixedParameters: 0 0 0

#Transform 239
Transform: AffineTransform_float_3_3
Parameters: 0.999996 -0.00275461 -0.000930117 0.0027574 0.99999 0.00366945 0.000919885 -0.00367155 0.999993 0.0563618 0.136648 -0.138287
FixedParameters: 0 0 0

#Transform 240
Transform: AffineTransform_float_3_3
Parameters: 0.999996 -0.00275485 -0.000883873 0.00275714 0.99999 0.00358058 0.000873132 -0.00358242 0.999993 0.0604165 0.0924256 -0.138795
FixedParameters: 0 0 0

#Transform 241
Transform: AffineTransform_float_3_3
Parameters: 0.999996 -0.0027559 -0.000614504 0.0027581 0.999991 0.00344632 0.000604497 -0.00344768 0.999994 0.0593138 0.100406 -0.123465
FixedParameters: 0 0 0

#Transform 242
Transform: AffineTransform_float_3_3
Parameters: 0.999995 -0.00275509 -0.000966332 0.00275791 0.999991 0.00302135 0.000957669 -0.00302365 0.999995 0.0648868 0.133302 -0.150164
FixedParameters: 0 0 0

#Transform 243
Transform: AffineTransform_float_3_3
Parameters: 0.999995 -0.00301497 -0.00110307 0.00301902 0.999988 0.00366669 0.00109193 -0.00367031 0.999992 0.071989 0.116626 -0.14256
FixedParameters: 0 0 0

#Transform 244
Transform: AffineTransform_float_3_3
Parameters: 0.999996 -0.00275339 -0.00119072 0.00275761 0.999988 0.00388773 0.00117929 -0.00389026 0.999991 0.0662896 0.107033 -0.1381
FixedParameters: 0 0 0

#Transform 245
Transform: AffineTransform_float_3_3
Parameters: 0.999995 -0.00275372 -0.00114733 0.00275728 0.999989 0.00374586 0.00113667 -0.00374915 0.999993 0.0688257 0.154623 -0.14679
FixedParameters: 0 0 0

#Transform 246
Transform: AffineTransform_float_3_3
Parameters: 0.999996 -0.00280408 -0.00114167 0.00280792 0.99999 0.00344581 0.00113233 -0.00344919 0.999994 0.0660605 0.112299 -0.146004
FixedParameters: 0 0 0

#Transform 247
Transform: AffineTransform_float_3_3
Parameters: 0.999995 -0.00305055 -0.0010392 0.00305345 0.99999 0.00333884 0.00102881 -0.00334115 0.999994 0.0690784 0.129031 -0.132058
FixedParameters: 0 0 0

#Transform 248
Transform: AffineTransform_float_3_3
Parameters: 0.999994 -0.00304685 -0.00127992 0.00305115 0.99999 0.00325311 0.00127007 -0.00325689 0.999994 0.0741884 0.141542 -0.133378
FixedParameters: 0 0 0

#Transform 249
Transform: AffineTransform_float_3_3
Parameters: 0.999999 -0.000767919 -0.00104176 0.000758078 0.999954 -0.0094888 0.00104924 0.0094882 0.999955 0.0149206 -0.161821 -0.416942
FixedParameters: 0 0 0

#Transform 250
Transform: AffineTransform_float_3_3
Parameters: 0.999995 0.000389755 -0.00320235 -0.000466235 0.999708 -0.0241556 0.00319167 0.0241574 0.999703 -0.0386749 -0.27704 -0.587735
FixedParameters: 0 0 0

#Transform 251
Transform: AffineTransform_float_3_3
Parameters: 0.999998 -0.00109315 -0.00161119 0.00107085 0.999906 -0.0136867 0.00162581 0.0136852 0.999905 0.00918147 -0.0494777 -0.384459
FixedParameters: 0 0 0

#Transform 252
Transform: AffineTransform_float_3_3
Parameters: 0.999998 -0.00121512 -0.0015757 0.00119888 0.999948 -0.0101929 0.0015873 0.0101911 0.999947 0.0162038 -0.0723443 -0.295604
FixedParameters: 0 0 0

#Transform 253
Transform: AffineTransform_float_3_3
Parameters: 0.999996 -0.00100065 -0.00266344 0.000961359 0.99989 -0.0148456 0.00267757 0.0148434 0.999886 0.0107165 -0.0871727 -0.356377
FixedParameters: 0 0 0

#Transform 254
Transform: AffineTransform_float_3_3
Parameters: 0.999996 -0.00140579 -0.00219507 0.00137921 0.999925 -0.0121581 0.00221193 0.0121549 0.999923 0.0170213 -0.0546982 -0.289051
FixedParameters: 0 0 0

#Transform 255
Transform: AffineTransform_float_3_3
Parameters: 0.999997 -0.00155356 -0.00197857 0.00153444 0.999955 -0.00934807 0.00199343 0.00934494 0.999955 0.0199059 -0.0610462 -0.248272
FixedParameters: 0 0 0

#Transform 256
Transform: AffineTransform_float_3_3
Parameters: 0.999997 -0.00154273 -0.00177919 0.00152927 0.99997 -0.00769074 0.00179181 0.00768726 0.999969 0.0221908 -0.0532993 -0.234009
FixedParameters: 0 0 0

#Transform 257
Transform: AffineTransform_float_3_3
Parameters: 0.999996 -0.00161673 -0.0020688 0.00160027 0.99997 -0.00758334 0.00208119 0.00757966 0.999969 0.0256456 -0.0294716 -0.220856
FixedParameters: 0 0 0

#Transform 258
Transform: AffineTransform_float_3_3
Parameters: 0.999997 -0.0013937 -0.00198074 0.0013793 0.999971 -0.00740375 0.00199026 0.00740024 0.99997 0.0205722 -0.0279648 -0.23632
FixedParameters: 0 0 0

#Transform 259
Transform: AffineTransform_float_3_3
Parameters: 0.999997 -0.00167159 -0.00178019 0.00166041 0.999977 -0.00648997 0.00179181 0.00648702 0.999978 0.0329396 -0.0570538 -0.223316
FixedParameters: 0 0 0

#Transform 260
Transform: AffineTransform_float_3_3
Parameters: 0.999997 -0.00139093 -0.00191841 0.00137907 0.99998 -0.00620566 0.00192659 0.00620334 0.999979 0.0205176 -0.0144511 -0.209042
FixedParameters: 0 0 0

#Transform 261
Transform: AffineTransform_float_3_3
Parameters: 0.999997 -0.00139058 -0.00203614 0.00137942 0.999983 -0.00567782 0.00204386 0.00567517 0.999982 0.0187363 0.0316878 -0.224758
FixedParameters: 0 0 0

#Transform 262
Transform: AffineTransform_float_3_3
Parameters: 0.999996 -0.00157578 -0.00201539 0.00156523 0.999987 -0.00484317 0.0020226 0.00484083 0.999986 0.0169363 -0.00368903 -0.20729
FixedParameters: 0 0 0

#Transform 263
Transform: AffineTransform_float_3_3
Parameters: 0.999996 -0.00169893 -0.00191624 0.00168907 0.999985 -0.00517125 0.00192476 0.00516775 0.999985 0.0267261 0.0183561 -0.198077
FixedParameters: 0 0 0

#Transform 264
Transform: AffineTransform_float_3_3
Parameters: 0.999997 -0.00180996 -0.00197191 0.00180004 0.999985 -0.00503857 0.00198109 0.00503543 0.999986 0.0309772 0.0166172 -0.210508
FixedParameters: 0 0 0

#Transform 265
Transform: AffineTransform_float_3_3
Parameters: 0.999996 -0.00180928 -0.00205787 0.00179972 0.999988 -0.00450472 0.00206512 0.00450028 0.999987 0.0266422 0.000925877 -0.200014
FixedParameters: 0 0 0

#Transform 266
Transform: AffineTransform_float_3_3
Parameters: 0.999997 -0.00169832 -0.00211555 0.00168968 0.999989 -0.00440059 0.00212345 0.00439641 0.999988 0.0253239 -0.0053839 -0.207568
FixedParameters: 0 0 0

#Transform 267
Transform: AffineTransform_float_3_3
Parameters: 0.999997 -0.00181022 -0.00201687 0.00179978 0.999985 -0.00505965 0.00202613 0.00505535 0.999985 0.026206 0.00643031 -0.207958
FixedParameters: 0 0 0

#Transform 268
Transform: AffineTransform_float_3_3
Parameters: 0.999996 -0.00181211 -0.00242701 0.00179989 0.999986 -0.00498239 0.00243599 0.00497761 0.999984 0.0308581 0.0179948 -0.223698
FixedParameters: 0 0 0

#Transform 269
Transform: AffineTransform_float_3_3
Parameters: 0.999996 -0.00174795 -0.00227639 0.00173805 0.999989 -0.00436497 0.0022836 0.00436103 0.999988 0.0278054 -0.0133025 -0.185967
FixedParameters: 0 0 0

#Transform 270
Transform: AffineTransform_float_3_3
Parameters: 0.999996 -0.00180935 -0.0022445 0.00179966 0.999989 -0.00415905 0.0022515 0.00415494 0.999989 0.0289316 0.0216349 -0.187419
FixedParameters: 0 0 0

#Transform 271
Transform: AffineTransform_float_3_3
Parameters: 0.999996 -0.00174348 -0.00233621 0.00173252 0.999988 -0.00448207 0.00234379 0.00447793 0.999987 0.0308212 0.0242433 -0.188171
FixedParameters: 0 0 0

#Transform 272
Transform: AffineTransform_float_3_3
Parameters: 0.999996 -0.00180916 -0.00224967 0.00179985 0.99999 -0.00406407 0.00225633 0.00406094 0.999989 0.0290208 0.0166263 -0.195134
FixedParameters: 0 0 0

#Transform 273
Transform: AffineTransform_float_3_3
Parameters: 0.999996 -0.00181149 -0.00245155 0.00180051 0.999988 -0.00468044 0.00246045 0.00467657 0.999986 0.0312651 0.0677245 -0.194928
FixedParameters: 0 0 0

#Transform 274
Transform: AffineTransform_float_3_3
Parameters: 0.999995 -0.0018096 -0.00235264 0.0018004 0.99999 -0.00407725 0.00236036 0.00407375 0.999989 0.0366954 -0.00692222 -0.199207
FixedParameters: 0 0 0

#Transform 275
Transform: AffineTransform_float_3_3
Parameters: 0.999995 -0.00181063 -0.00233881 0.00180037 0.999988 -0.00453923 0.00234719 0.00453477 0.999987 0.0313135 0.0138281 -0.189883
FixedParameters: 0 0 0

#Transform 276
Transform: AffineTransform_float_3_3
Parameters: 0.999995 -0.00181047 -0.00241619 0.00180053 0.999989 -0.00432937 0.00242381 0.00432463 0.999987 0.0318117 0.0207991 -0.206715
FixedParameters: 0 0 0

#Transform 277
Transform: AffineTransform_float_3_3
Parameters: 0.999995 -0.00180919 -0.00238405 0.00179981 0.999991 -0.00385231 0.00239094 0.00384769 0.999989 0.0314965 0.00808604 -0.204209
FixedParameters: 0 0 0

#Transform 278
Transform: AffineTransform_float_3_3
Parameters: 0.999996 -0.00180939 -0.00243605 0.00179961 0.999991 -0.0038524 0.00244295 0.0038476 0.999989 0.0328897 0.00835709 -0.198109
FixedParameters: 0 0 0

#Transform 279
Transform: AffineTransform_float_3_3
Parameters: 0.999995 -0.00192534 -0.00275712 0.00191367 0.999989 -0.0041073 0.00276488 0.0041027 0.999988 0.0398037 0.0321478 -0.215239
FixedParameters: 0 0 0

#Transform 280
Transform: AffineTransform_float_3_3
Parameters: 0.999995 -0.00180956 -0.00266253 0.00180044 0.999992 -0.00358881 0.00266947 0.00358319 0.99999 0.0345888 0.00129328 -0.190387
FixedParameters: 0 0 0

#Transform 281
Transform: AffineTransform_float_3_3
Parameters: 0.999995 -0.00180862 -0.00249778 0.00180038 0.999993 -0.00344951 0.00250422 0.00344449 0.999991 0.0332333 0.0108234 -0.198202
FixedParameters: 0 0 0

#Transform 282
Transform: AffineTransform_float_3_3
Parameters: 0.999995 -0.00169732 -0.00271958 0.00168767 0.999992 -0.00379461 0.00272642 0.00378939 0.999989 0.0317465 0.0299942 -0.190462
FixedParameters: 0 0 0

#Transform 283
Transform: AffineTransform_float_3_3
Parameters: 0.999995 -0.00181142 -0.00283374 0.00179958 0.999991 -0.00402612 0.00284126 0.00402088 0.999988 0.0344297 0.0391795 -0.214729
FixedParameters: 0 0 0

#Transform 284
Transform: AffineTransform_float_3_3
Parameters: 0.999995 -0.00172171 -0.00285757 0.00171129 0.999991 -0.00374691 0.00286343 0.00374209 0.999989 0.0326158 0.0170006 -0.200736
FixedParameters: 0 0 0

#Transform 285
Transform: AffineTransform_float_3_3
Parameters: 0.999994 -0.0018104 -0.00289853 0.00179959 0.999992 -0.00358824 0.00290547 0.00358276 0.99999 0.0355556 0.0111717 -0.19149
FixedParameters: 0 0 0

#Transform 286
Transform: AffineTransform_float_3_3
Parameters: 0.999995 -0.00175317 -0.00282232 0.00174383 0.999993 -0.00324894 0.00282768 0.00324406 0.99999 0.0333909 0.0447712 -0.189568
FixedParameters: 0 0 0

#Transform 287
Transform: AffineTransform_float_3_3
Parameters: 0.999993 -0.00181033 -0.00312504 0.00179967 0.999993 -0.00330364 0.00313096 0.00329835 0.999989 0.0402191 0.0338911 -0.20551
FixedParameters: 0 0 0

#Transform 288
Transform: AffineTransform_float_3_3
Parameters: 0.999994 -0.00172814 -0.00293063 0.00171886 0.999993 -0.00311805 0.00293637 0.00311294 0.999991 0.0343636 0.0111411 -0.204627
FixedParameters: 0 0 0

#Transform 289
Transform: AffineTransform_float_3_3
Parameters: 0.999993 -0.00180984 -0.00308926 0.00180016 0.999994 -0.00318358 0.00309574 0.00317842 0.99999 0.0342347 0.0424013 -0.190045
FixedParameters: 0 0 0

#Transform 290
Transform: AffineTransform_float_3_3
Parameters: 0.999994 -0.00171388 -0.00305648 0.00170412 0.999994 -0.00323123 0.00306252 0.00322577 0.99999 0.0320147 0.0359887 -0.208684
FixedParameters: 0 0 0

#Transform 291
Transform: AffineTransform_float_3_3
Parameters: 0.999993 -0.00172522 -0.00309432 0.00171477 0.999993 -0.00330333 0.00310068 0.00329867 0.99999 0.0343557 0.0193769 -0.217054
FixedParameters: 0 0 0

#Transform 292
Transform: AffineTransform_float_3_3
Parameters: 0.999993 -0.001809 -0.00307672 0.0018 0.999994 -0.00292556 0.00308227 0.00292044 0.999991 0.0340476 0.0242199 -0.204866
FixedParameters: 0 0 0

#Transform 293
Transform: AffineTransform_float_3_3
Parameters: 0.999995 -0.00167426 -0.00289667 0.00166474 0.999994 -0.00319784 0.00290133 0.00319216 0.99999 0.0312497 0.0270402 -0.194628
FixedParameters: 0 0 0

#Transform 294
Transform: AffineTransform_float_3_3
Parameters: 0.999993 -0.00173976 -0.00310355 0.00173024 0.999993 -0.00314339 0.00310945 0.00313861 0.99999 0.0349483 0.0548728 -0.204112
FixedParameters: 0 0 0

#Transform 295
Transform: AffineTransform_float_3_3
Parameters: 0.999995 -0.00116811 -0.00289915 0.00116189 0.999997 -0.00245238 0.00290186 0.00244862 0.999993 0.016457 0.0436177 -0.165158
FixedParameters: 0 0 0

#Transform 296
Transform: AffineTransform_float_3_3
Parameters: 0.999995 -0.0013667 -0.00283735 0.0013573 0.999993 -0.00341787 0.00284165 0.00341413 0.99999 0.0142269 0.0177419 -0.207584
FixedParameters: 0 0 0

#Transform 297
Transform: AffineTransform_float_3_3
Parameters: 0.999994 -0.00151972 -0.00289692 0.00151028 0.999993 -0.00335339 0.00290208 0.00334861 0.99999 0.0199567 0.0218404 -0.197975
FixedParameters: 0 0 0

#Transform 298
Transform: AffineTransform_float_3_3
Parameters: 0.999995 -0.00120929 -0.00289814 0.00119972 0.999994 -0.00320349 0.00290186 0.00320051 0.99999 0.017019 0.0245971 -0.21938
FixedParameters: 0 0 0

#Transform 299
Transform: AffineTransform_float_3_3
Parameters: 0.999995 -0.00140516 -0.00302877 0.00139585 0.999994 -0.00302224 0.00303323 0.00301875 0.999991 0.0232819 0.0186023 -0.200846
FixedParameters: 0 0 0

#Transform 300
Transform: AffineTransform_float_3_3
Parameters: 0.999995 -0.00135976 -0.00289791 0.00135124 0.999994 -0.00302193 0.00290109 0.00301807 0.999991 0.0201461 0.0237735 -0.21586
FixedParameters: 0 0 0

#Transform 301
Transform: AffineTransform_float_3_3
Parameters: 0.999994 -0.00149005 -0.00305111 0.00147995 0.999993 -0.00329353 0.00305589 0.00328846 0.99999 0.027351 0.0599032 -0.219379
FixedParameters: 0 0 0

#Transform 302
Transform: AffineTransform_float_3_3
Parameters: 0.999994 -0.00147776 -0.00289755 0.00146924 0.999995 -0.00302227 0.00290145 0.00301873 0.999991 0.0227801 0.0289424 -0.226588
FixedParameters: 0 0 0

#Transform 303
Transform: AffineTransform_float_3_3
Parameters: 0.999994 8.15807e-05 -0.00366954 -0.000134428 0.999898 -0.0142876 0.00366846 0.0142874 0.999891 0.00097327 -0.15519 -0.357997
FixedParameters: 0 0 0

#Transform 304
Transform: AffineTransform_float_3_3
Parameters: 0.999993 -0.00112262 -0.0033903 0.00109637 0.999968 -0.00784576 0.0033997 0.00784123 0.999963 0.0188294 0.0438469 -0.25104
FixedParameters: 0 0 0

#Transform 305
Transform: AffineTransform_float_3_3
Parameters: 0.999994 3.70213e-05 -0.00329864 -0.000136989 0.999541 -0.0303137 0.00329636 0.0303143 0.999535 -0.0136628 -0.455436 -0.783994
FixedParameters: 0 0 0

#Transform 306
Transform: AffineTransform_float_3_3
Parameters: 0.999992 -0.0019685 -0.003647 0.0018635 0.999586 -0.0287081 0.00370202 0.028701 0.999581 0.00586213 -0.292351 -0.941055
FixedParameters: 0 0 0

#Transform 307
Transform: AffineTransform_float_3_3
Parameters: 0.999994 -0.00131165 -0.00314753 0.00123634 0.999713 -0.023917 0.00317848 0.023913 0.999709 0.00178159 -0.261694 -0.716938
FixedParameters: 0 0 0

#Transform 308
Transform: AffineTransform_float_3_3
Parameters: 0.999996 -0.00178317 -0.0024502 0.00174984 0.999907 -0.0134723 0.0024738 0.0134677 0.999906 0.00600905 -0.0895762 -0.6314
FixedParameters: 0 0 0

#Transform 309
Transform: AffineTransform_float_3_3
Parameters: 0.999995 -0.00145937 -0.00260741 0.00143262 0.999948 -0.0100868 0.00262258 0.0100822 0.999945 -0.014082 -0.145324 -0.571867
FixedParameters: 0 0 0

#Transform 310
Transform: AffineTransform_float_3_3
Parameters: 0.999994 0.00083672 -0.00357363 -0.000946291 0.99952 -0.0309698 0.00354639 0.0309732 0.999514 -0.0861087 -0.509442 -1.06888
FixedParameters: 0 0 0

#Transform 311
Transform: AffineTransform_float_3_3
Parameters: 0.999995 0.00178942 -0.0028723 -0.00197556 0.99782 -0.0659637 0.00274766 0.0659693 0.997818 -0.0781216 -0.741108 -1.28158
FixedParameters: 0 0 0

#Transform 312
Transform: AffineTransform_float_3_3
Parameters: 0.999999 0.000360461 -0.00144612 -0.000412536 0.999333 -0.0364974 0.0014319 0.0364975 0.999332 -0.017009 -0.455849 -0.573704
FixedParameters: 0 0 0

#Transform 313
Transform: AffineTransform_float_3_3
Parameters: 0.999998 -6.16739e-05 -0.00203508 -5.6717e-06 0.999447 -0.0332371 0.00203594 0.0332369 0.999446 -0.015591 -0.410532 -0.58882
FixedParameters: 0 0 0

#Transform 314
Transform: AffineTransform_float_3_3
Parameters: 0.999997 -0.000312621 -0.00247853 0.000236394 0.999524 -0.0308547 0.00248648 0.0308533 0.999521 -0.00954174 -0.37011 -0.599946
FixedParameters: 0 0 0

#Transform 315
Transform: AffineTransform_float_3_3
Parameters: 0.999997 -0.000544362 -0.00266869 0.000462628 0.999538 -0.0303944 0.0026843 0.0303927 0.999535 0.00326833 -0.411738 -0.539262
FixedParameters: 0 0 0

#Transform 316
Transform: AffineTransform_float_3_3
Parameters: 0.999998 -0.000119968 -0.00169905 6.60335e-05 0.999496 -0.0317281 0.00170195 0.0317278 0.999495 0.00881669 -0.386885 -0.426863
FixedParameters: 0 0 0

#Transform 317
Transform: AffineTransform_float_3_3
Parameters: 0.999998 -0.000636374 -0.00187566 0.000585644 0.999643 -0.0267362 0.00189133 0.0267349 0.999641 0.00928023 -0.360291 -0.398324
FixedParameters: 0 0 0

#Transform 318
Transform: AffineTransform_float_3_3
Parameters: 0.999997 -0.000551581 -0.00246763 0.000492409 0.999719 -0.0236783 0.00248035 0.0236767 0.999716 0.0146497 -0.294885 -0.347207
FixedParameters: 0 0 0

#Transform 319
Transform: AffineTransform_float_3_3
Parameters: 0.999997 -0.000467067 -0.0026339 0.000405931 0.999732 -0.0231382 0.0026441 0.0231368 0.999729 0.00702732 -0.291391 -0.354802
FixedParameters: 0 0 0

#Transform 320
Transform: AffineTransform_float_3_3
Parameters: 0.999996 -0.000542417 -0.00274794 0.000483583 0.999767 -0.0215764 0.00275908 0.0215756 0.999764 0.0116933 -0.319242 -0.319887
FixedParameters: 0 0 0

#Transform 321
Transform: AffineTransform_float_3_3
Parameters: 0.999996 -0.000589522 -0.00298014 0.000525482 0.999773 -0.0212707 0.00299186 0.0212693 0.99977 0.019293 -0.265021 -0.316629
FixedParameters: 0 0 0

#Transform 322
Transform: AffineTransform_float_3_3
Parameters: 0.999995 -0.000558718 -0.00308699 0.000493283 0.999781 -0.0209256 0.003098 0.0209244 0.999777 0.0186013 -0.263723 -0.342034
FixedParameters: 0 0 0

#Transform 323
Transform: AffineTransform_float_3_3
Parameters: 0.999995 -0.000610227 -0.00313452 0.000548763 0.999803 -0.0198148 0.00314649 0.0198132 0.999799 0.0217405 -0.265174 -0.312606
FixedParameters: 0 0 0

#Transform 324
Transform: AffineTransform_float_3_3
Parameters: 0.999994 -0.000773544 -0.00317463 0.000712466 0.999812 -0.0193424 0.00318837 0.0193396 0.999808 0.0221285 -0.243316 -0.297367
FixedParameters: 0 0 0

#Transform 325
Transform: AffineTransform_float_3_3
Parameters: 0.999994 -0.00061492 -0.00337045 0.000554088 0.999837 -0.018046 0.00338055 0.018044 0.999832 0.0219657 -0.195529 -0.293857
FixedParameters: 0 0 0

#Transform 326
Transform: AffineTransform_float_3_3
Parameters: 0.999994 -0.00031921 -0.00325189 0.000262788 0.999846 -0.017578 0.00325712 0.0175771 0.99984 0.00381448 -0.24922 -0.2925
FixedParameters: 0 0 0

#Transform 327
Transform: AffineTransform_float_3_3
Parameters: 0.999995 -0.000501675 -0.00324862 0.000444338 0.999842 -0.0177295 0.00325639 0.0177285 0.999838 0.00893171 -0.204642 -0.304198
FixedParameters: 0 0 0

#Transform 328
Transform: AffineTransform_float_3_3
Parameters: 0.999995 -0.000609965 -0.00324699 0.000554036 0.999852 -0.0172089 0.00325702 0.0172071 0.999846 0.0129462 -0.177334 -0.303983
FixedParameters: 0 0 0

#Transform 329
Transform: AffineTransform_float_3_3
Parameters: 0.999994 -0.000330757 -0.00325181 0.00027524 0.999853 -0.017132 0.00325719 0.017131 0.999848 0.0138516 -0.249086 -0.284337
FixedParameters: 0 0 0

#Transform 330
Transform: AffineTransform_float_3_3
Parameters: 0.999994 -0.00060959 -0.00334434 0.000554416 0.999862 -0.0165979 0.00335366 0.016596 0.999856 0.0215485 -0.192936 -0.274939
FixedParameters: 0 0 0

#Transform 331
Transform: AffineTransform_float_3_3
Parameters: 0.999994 -0.000739283 -0.00359871 0.000681714 0.999873 -0.0158926 0.00361029 0.0158904 0.999867 0.0184873 -0.185293 -0.258309
FixedParameters: 0 0 0

#Transform 332
Transform: AffineTransform_float_3_3
Parameters: 0.999994 -0.000612046 -0.00358457 0.000553963 0.999869 -0.0161721 0.00359343 0.0161699 0.999863 0.0256429 -0.212803 -0.284762
FixedParameters: 0 0 0

#Transform 333
Transform: AffineTransform_float_3_3
Parameters: 0.999994 -0.000604307 -0.00324804 0.000553694 0.99988 -0.0154669 0.00325695 0.0154651 0.999875 0.0161539 -0.195198 -0.270019
FixedParameters: 0 0 0

#Transform 334
Transform: AffineTransform_float_3_3
Parameters: 0.999992 -0.000891665 -0.00388077 0.000832346 0.999882 -0.0153493 0.00389323 0.0153456 0.999874 0.0248502 -0.114998 -0.297575
FixedParameters: 0 0 0

#Transform 335
Transform: AffineTransform_float_3_3
Parameters: 0.999993 -0.000613912 -0.0038409 0.000554086 0.999879 -0.0155803 0.0038501 0.0155778 0.999871 0.0174813 -0.224298 -0.273727
FixedParameters: 0 0 0

#Transform 336
Transform: AffineTransform_float_3_3
Parameters: 0.999999 -0.000564431 -0.00112081 0.000554568 0.999956 -0.00928463 0.0011262 0.00928437 0.999957 0.0474455 -0.121443 -0.138451
FixedParameters: 0 0 0

#Transform 337
Transform: AffineTransform_float_3_3
Parameters: 1 -0.000383847 -0.000417399 0.000381155 0.999977 -0.00680116 0.000419602 0.00680084 0.999977 0.0270097 -0.0397113 -0.0684239
FixedParameters: 0 0 0

#Transform 338
Transform: AffineTransform_float_3_3
Parameters: 0.999999 -0.000558678 -0.000630887 0.00055432 0.999972 -0.00739135 0.000635114 0.00739164 0.999972 0.0328327 -0.112163 -0.0891895
FixedParameters: 0 0 0

#Transform 339
Transform: AffineTransform_float_3_3
Parameters: 1 -0.000562112 -0.00106978 0.000553887 0.999971 -0.0075676 0.00107422 0.0075674 0.999971 0.0263392 -0.0775148 -0.105538
FixedParameters: 0 0 0

#Transform 340
Transform: AffineTransform_float_3_3
Parameters: 0.999999 -0.00056502 -0.00145677 0.000553979 0.999972 -0.00755382 0.00146123 0.00755319 0.999971 0.0282913 -0.0561229 -0.119967
FixedParameters: 0 0 0

#Transform 341
Transform: AffineTransform_float_3_3
Parameters: 0.999999 -0.000564032 -0.00135085 0.000553968 0.999973 -0.00741476 0.00135514 0.00741424 0.999971 0.0283397 -0.115562 -0.108981
FixedParameters: 0 0 0

#Transform 342
Transform: AffineTransform_float_3_3
Parameters: 0.999999 -0.000643995 -0.00129407 0.000634006 0.99997 -0.00770883 0.00129893 0.00770818 0.99997 0.0263847 -0.0742602 -0.0693433
FixedParameters: 0 0 0

#Transform 343
Transform: AffineTransform_float_3_3
Parameters: 0.999999 -0.000565885 -0.00160386 0.000554115 0.999973 -0.00740091 0.00160815 0.00740011 0.999972 0.0246635 -0.0682307 -0.0923871
FixedParameters: 0 0 0

#Transform 344
Transform: AffineTransform_float_3_3
Parameters: 0.999998 -0.000687438 -0.00155342 0.000677564 0.999978 -0.00671007 0.00155758 0.00670894 0.999977 0.0274576 -0.103569 -0.0774771
FixedParameters: 0 0 0

#Transform 345
Transform: AffineTransform_float_3_3
Parameters: 0.999998 -0.000649182 -0.00161154 0.00063782 0.999976 -0.00693003 0.00161546 0.00692896 0.999974 0.0310283 -0.0408771 -0.0981466
FixedParameters: 0 0 0

#Transform 346
Transform: AffineTransform_float_3_3
Parameters: 0.999999 -0.000839219 -0.00160169 0.000828779 0.99998 -0.00637034 0.00160731 0.00636867 0.999979 0.0305508 -0.0777281 -0.0923021
FixedParameters: 0 0 0

#Transform 347
Transform: AffineTransform_float_3_3
Parameters: 0.999998 -0.000931287 -0.00163117 0.000920713 0.99998 -0.00629651 0.00163683 0.00629448 0.999979 0.0324296 -0.0514571 -0.0935421
FixedParameters: 0 0 0

#Transform 348
Transform: AffineTransform_float_3_3
Parameters: 0.999998 -0.000965914 -0.00181323 0.000955089 0.999982 -0.00600975 0.00181877 0.00600826 0.999981 0.0353249 -0.0527523 -0.086756
FixedParameters: 0 0 0

#Transform 349
Transform: AffineTransform_float_3_3
Parameters: 0.999997 -0.000966663 -0.00191215 0.000955338 0.999981 -0.00609084 0.00191785 0.00608916 0.999979 0.0360394 -0.0618562 -0.0832889
FixedParameters: 0 0 0

#Transform 350
Transform: AffineTransform_float_3_3
Parameters: 0.999998 -0.000967758 -0.00204401 0.000955244 0.99998 -0.00623297 0.00204999 0.00623104 0.999979 0.0415451 -0.0657614 -0.0804254
FixedParameters: 0 0 0

#Transform 351
Transform: AffineTransform_float_3_3
Parameters: 0.999997 -0.000894423 -0.00198545 0.000882578 0.99998 -0.00624976 0.00199055 0.00624723 0.999978 0.0318866 -0.0704071 -0.0945396
FixedParameters: 0 0 0

#Transform 352
Transform: AffineTransform_float_3_3
Parameters: 0.999998 -0.000967735 -0.00206408 0.000955265 0.99998 -0.00616198 0.00206993 0.00616001 0.999979 0.0327503 -0.0738003 -0.0875748
FixedParameters: 0 0 0

#Transform 353
Transform: AffineTransform_float_3_3
Parameters: 0.999997 -0.000968886 -0.00223804 0.000955115 0.999981 -0.00619716 0.00224396 0.00619485 0.999979 0.0331973 -0.0393551 -0.0923581
FixedParameters: 0 0 0

#Transform 354
Transform: AffineTransform_float_3_3
Parameters: 0.999997 -0.000967992 -0.00231862 0.000955005 0.999984 -0.00559823 0.00232438 0.00559576 0.999981 0.0344518 -0.057558 -0.0742558
FixedParameters: 0 0 0

#Transform 355
Transform: AffineTransform_float_3_3
Parameters: 0.999998 -0.000892324 -0.00216496 0.000879675 0.999983 -0.00568692 0.00217004 0.00568508 0.999982 0.0313934 -0.0579029 -0.0988197
FixedParameters: 0 0 0

#Transform 356
Transform: AffineTransform_float_3_3
Parameters: 0.999996 -0.000968367 -0.00238562 0.000954635 0.999984 -0.0055983 0.00239038 0.00559571 0.999982 0.0350788 -0.0581754 -0.0908712
FixedParameters: 0 0 0

#Transform 357
Transform: AffineTransform_float_3_3
Parameters: 0.999996 -0.000968848 -0.00238241 0.000955147 0.999982 -0.00580729 0.00238859 0.0058047 0.999981 0.0329624 -0.0420162 -0.0891078
FixedParameters: 0 0 0

#Transform 358
Transform: AffineTransform_float_3_3
Parameters: 0.999996 -0.000969836 -0.00244617 0.00095516 0.999981 -0.00605836 0.00245283 0.00605664 0.999978 0.0357216 -0.0482573 -0.0945175
FixedParameters: 0 0 0

#Transform 359
Transform: AffineTransform_float_3_3
Parameters: 0.999996 -0.000970716 -0.00242076 0.00095529 0.999979 -0.00648434 0.00242624 0.00648267 0.999976 0.0293314 -0.0925742 -0.0981633
FixedParameters: 0 0 0

#Transform 360
Transform: AffineTransform_float_3_3
Parameters: 0.999996 -0.000971858 -0.00259675 0.000955143 0.999979 -0.00648451 0.00260325 0.0064825 0.999975 0.0325055 -0.043445 -0.0869625
FixedParameters: 0 0 0

#Transform 361
Transform: AffineTransform_float_3_3
Parameters: 0.999996 -0.000972004 -0.00265383 0.000954994 0.999979 -0.00640156 0.00266017 0.00639844 0.999976 0.0375575 -0.0440255 -0.105141
FixedParameters: 0 0 0

#Transform 362
Transform: AffineTransform_float_3_3
Parameters: 0.999995 -0.000972516 -0.00279396 0.000954483 0.99998 -0.0062637 0.00280003 0.00626131 0.999977 0.0388577 -0.065994 -0.100894
FixedParameters: 0 0 0

#Transform 363
Transform: AffineTransform_float_3_3
Parameters: 0.999996 -0.000974361 -0.00288955 0.000954644 0.999977 -0.00669379 0.00289546 0.00669121 0.999974 0.0396642 -0.0653027 -0.100671
FixedParameters: 0 0 0

#Transform 364
Transform: AffineTransform_float_3_3
Parameters: 0.999996 -0.000974633 -0.00288945 0.000955372 0.999977 -0.00678779 0.00289555 0.00678521 0.999973 0.0397066 -0.0688086 -0.110377
FixedParameters: 0 0 0

#Transform 365
Transform: AffineTransform_float_3_3
Parameters: 0.999995 -0.000975777 -0.00320074 0.000955226 0.999979 -0.0064851 0.00320726 0.00648291 0.999974 0.0341508 -0.0611889 -0.0999734
FixedParameters: 0 0 0

#Transform 366
Transform: AffineTransform_float_3_3
Parameters: 0.999993 -0.000209097 -0.00378736 0.00015391 0.999894 -0.0145417 0.00378964 0.0145413 0.999887 0.0104136 -0.208272 -0.235476
FixedParameters: 0 0 0

#Transform 367
Transform: AffineTransform_float_3_3
Parameters: 0.999994 -0.000773161 -0.0035527 0.000733837 0.999939 -0.0110107 0.0035613 0.0110083 0.999933 0.0249846 -0.0841738 -0.166866
FixedParameters: 0 0 0

#Transform 368
Transform: AffineTransform_float_3_3
Parameters: 0.999999 -0.000474338 -0.00177718 0.000475662 1 0.000372155 0.00177682 -0.000372844 0.999999 0.00761068 0.131449 -0.146139
FixedParameters: 0 0 0

#Transform 369
Transform: AffineTransform_float_3_3
Parameters: 0.999998 -5.56333e-05 -0.0019851 5.93684e-05 0.999999 0.00169689 0.0019849 -0.00169611 0.999996 -0.00919309 0.175483 -0.193624
FixedParameters: 0 0 0

#Transform 370
Transform: AffineTransform_float_3_3
Parameters: 0.999999 0.00165159 -0.000837727 -0.00162943 0.999683 0.0251514 0.000878259 -0.0251496 0.999684 -0.0235253 0.443857 -0.0932668
FixedParameters: 0 0 0

#Transform 371
Transform: AffineTransform_float_3_3
Parameters: 0.999999 0.00041639 -0.00133304 -0.000389591 0.999805 0.0197365 0.00134195 -0.0197355 0.999805 0.00554103 0.401997 -0.127189
FixedParameters: 0 0 0

#Transform 372
Transform: AffineTransform_float_3_3
Parameters: 0.999999 0.000219416 -0.00154486 -0.000195583 0.999886 0.0151403 0.00154814 -0.0151407 0.999884 0.0136758 0.198092 -0.0694432
FixedParameters: 0 0 0

#Transform 373
Transform: AffineTransform_float_3_3
Parameters: 0.999998 0.000116541 -0.00194245 -8.64509e-05 0.999885 0.0152012 0.00194454 -0.0152008 0.999882 0.0150978 0.270036 -0.0780529
FixedParameters: 0 0 0

#Transform 374
Transform: AffineTransform_float_3_3
Parameters: 0.999998 9.46926e-05 -0.0019738 -6.53191e-05 0.999887 0.0150382 0.00197421 -0.0150378 0.999885 0.0133923 0.271902 -0.0862783
FixedParameters: 0 0 0

#Transform 375
Transform: AffineTransform_float_3_3
Parameters: 0.999997 0.000297363 -0.00262484 -0.00025765 0.999887 0.0149837 0.00262816 -0.0149833 0.999885 -0.00656381 0.289156 -0.089437
FixedParameters: 0 0 0

#Transform 376
Transform: AffineTransform_float_3_3
Parameters: 0.999997 0.000564496 -0.00265992 -0.000525502 0.99989 0.0148264 0.00266808 -0.0148245 0.999886 -0.00669936 0.326362 -0.0667615
FixedParameters: 0 0 0

#Transform 377
Transform: AffineTransform_float_3_3
Parameters: 0.999996 0.000491164 -0.00272122 -0.000451838 0.999896 0.0143743 0.00272778 -0.0143727 0.999893 -0.00369483 0.342743 -0.0775366
FixedParameters: 0 0 0

#Transform 378
Transform: AffineTransform_float_3_3
Parameters: 0.999997 0.00044222 -0.00269416 -0.000404771 0.999904 0.0137991 0.00270084 -0.0137989 0.999901 0.00324322 0.338761 -0.0454855
FixedParameters: 0 0 0

#Transform 379
Transform: AffineTransform_float_3_3
Parameters: 0.999996 0.000233604 -0.0027811 -0.000195385 0.999908 0.0135136 0.00278489 -0.0135134 0.999905 0.00636783 0.362958 -0.0629644
FixedParameters: 0 0 0

#Transform 380
Transform: AffineTransform_float_3_3
Parameters: 0.999996 0.000306247 -0.0028162 -0.000268756 0.999912 0.0132168 0.0028198 -0.0132162 0.999908 0.00709521 0.317715 -0.0668476
FixedParameters: 0 0 0

#Transform 381
Transform: AffineTransform_float_3_3
Parameters: 0.999996 0.000235641 -0.00302317 -0.000195362 0.999914 0.0131056 0.00302582 -0.0131053 0.999909 0.00979071 0.275032 -0.0449415
FixedParameters: 0 0 0

#Transform 382
Transform: AffineTransform_float_3_3
Parameters: 0.999995 0.000346079 -0.00290582 -0.000308916 0.999918 0.012752 0.00291018 -0.01275 0.999915 0.00450127 0.288043 -0.0649162
FixedParameters: 0 0 0

#Transform 383
Transform: AffineTransform_float_3_3
Parameters: 0.999996 0.000404688 -0.00302007 -0.000365312 0.999918 0.0128002 0.00302492 -0.0127988 0.999913 -0.00549472 0.276535 -0.0554438
FixedParameters: 0 0 0

#Transform 384
Transform: AffineTransform_float_3_3
Parameters: 0.999996 0.000408099 -0.00287811 -0.00037189 0.999922 0.0125321 0.00288389 -0.0125309 0.999918 -0.00768943 0.235709 -0.0359909
FixedParameters: 0 0 0

#Transform 385
Transform: AffineTransform_float_3_3
Parameters: 0.999995 0.000235392 -0.00318233 -0.00019561 0.999924 0.0123737 0.00318466 -0.0123723 0.999919 0.00995334 0.295998 -0.0471051
FixedParameters: 0 0 0

#Transform 386
Transform: AffineTransform_float_3_3
Parameters: 0.999987 0.00167162 0.00494348 -0.00173139 0.999926 0.0120316 -0.00492352 -0.0120404 0.999916 -0.0281683 0.273987 -0.111449
FixedParameters: 0 0 0

#Transform 387
Transform: AffineTransform_float_3_3
Parameters: 0.999997 -4.68056e-05 0.00240377 3.31929e-05 0.999984 0.0057431 -0.00240423 -0.0057429 0.99998 -0.0109606 0.18021 0.0545171
FixedParameters: 0 0 0

#Transform 388
Transform: AffineTransform_float_3_3
Parameters: 0.999999 -4.19246e-05 0.00126774 3.30805e-05 0.999975 0.00703905 -0.00126727 -0.00703896 0.999975 -0.000300099 0.2796 0.0615575
FixedParameters: 0 0 0

#Transform 389
Transform: AffineTransform_float_3_3
Parameters: 0.999999 -0.000174926 0.000819964 0.000170073 0.999982 0.00600414 -0.000821035 -0.00600386 0.999981 -0.00311788 0.152205 0.0259773
FixedParameters: 0 0 0

#Transform 390
Transform: AffineTransform_float_3_3
Parameters: 1 -0.000188574 0.000671005 0.000185425 0.999986 0.00532312 -0.000671996 -0.00532287 0.999985 0.00134847 0.222613 0.00594446
FixedParameters: 0 0 0

#Transform 391
Transform: AffineTransform_float_3_3
Parameters: 1 -0.000230342 0.000447803 0.000227662 0.999987 0.00522311 -0.000448195 -0.0052229 0.999987 -0.000721226 0.234697 -0.00627139
FixedParameters: 0 0 0

#Transform 392
Transform: AffineTransform_float_3_3
Parameters: 1 -3.01461e-05 -0.000481187 3.38528e-05 0.999983 0.00593199 0.000480808 -0.00593202 0.999983 -0.0116062 0.180643 -0.066623
FixedParameters: 0 0 0

#Transform 393
Transform: AffineTransform_float_3_3
Parameters: 0.999999 4.47642e-05 -0.00072072 -4.02339e-05 0.999978 0.00660903 0.000721281 -0.00660897 0.999978 -0.0277619 0.231874 -0.189435
FixedParameters: 0 0 0

#Transform 394
Transform: AffineTransform_float_3_3
Parameters: 1 -3.66289e-05 0.000639802 3.33699e-05 0.999984 0.00567102 -0.000640199 -0.00567098 0.999983 -0.0189462 0.241112 -0.1052
FixedParameters: 0 0 0

#Transform 395
Transform: AffineTransform_float_3_3
Parameters: 1 -0.000298949 -1.05556e-05 0.000299053 0.999987 0.005203 9.44416e-06 -0.00520301 0.999987 -0.00385781 0.222708 -0.107976
FixedParameters: 0 0 0

#Transform 396
Transform: AffineTransform_float_3_3
Parameters: 1 -0.000335852 -0.000238625 0.000336145 0.999989 0.00482892 0.00023638 -0.00482808 0.999989 -0.00104206 0.163405 -0.113902
FixedParameters: 0 0 0

#Transform 397
Transform: AffineTransform_float_3_3
Parameters: 1 -0.000354376 -0.000120845 0.000354625 0.999987 0.00520296 0.000119157 -0.00520305 0.999987 -0.00429155 0.190798 -0.105431
FixedParameters: 0 0 0

#Transform 398
Transform: AffineTransform_float_3_3
Parameters: 1 -0.000408885 -0.000225037 0.000410114 0.999987 0.0049749 0.000222962 -0.00497509 0.999987 0.00432504 0.185688 -0.105252
FixedParameters: 0 0 0

#Transform 399
Transform: AffineTransform_float_3_3
Parameters: 0.999994 0.000536782 -0.00341786 -0.000523218 0.999991 0.00403181 0.00342014 -0.00403019 0.999986 -0.0597351 0.143162 -0.131236
FixedParameters: 0 0 0

#Transform 400
Transform: AffineTransform_float_3_3
Parameters: 0.999998 0.000627731 -0.00186675 -0.000621272 0.999994 0.00360417 0.00186825 -0.00360283 0.999992 -0.0737546 0.238226 -0.140265
FixedParameters: 0 0 0

#Transform 401
Transform: AffineTransform_float_3_3
Parameters: 1 0.000160043 0.000211726 -0.000160958 0.999989 0.00452596 -0.000211274 -0.00452603 0.999989 -0.0318843 0.192137 -0.139592
FixedParameters: 0 0 0

#Transform 402
Transform: AffineTransform_float_3_3
Parameters: 1 -2.88696e-05 -0.000241138 3.01297e-05 0.999989 0.00468899 0.000240861 -0.00468901 0.999989 -0.0301569 0.232551 -0.13375
FixedParameters: 0 0 0

#Transform 403
Transform: AffineTransform_float_3_3
Parameters: 1 0.000164337 -0.000670191 -0.000160659 0.999987 0.00497611 0.000671808 -0.00497589 0.999988 -0.024851 0.207186 -0.134203
FixedParameters: 0 0 0

#Transform 404
Transform: AffineTransform_float_3_3
Parameters: 0.999999 0.000164905 -0.000794199 -0.000160091 0.999988 0.00491413 0.000795796 -0.00491387 0.999987 -0.0244945 0.190987 -0.119956
FixedParameters: 0 0 0

#Transform 405
Transform: AffineTransform_float_3_3
Parameters: 1 -4.95366e-05 -0.000685259 5.3462e-05 0.999987 0.00505497 0.000684738 -0.00505504 0.999987 -0.0208446 0.190446 -0.11958
FixedParameters: 0 0 0

#Transform 406
Transform: AffineTransform_float_3_3
Parameters: 0.999999 -8.76066e-05 -0.000909433 9.13961e-05 0.999989 0.00483192 0.000909569 -0.00483208 0.999988 -0.0161951 0.20124 -0.119351
FixedParameters: 0 0 0

#Transform 407
Transform: AffineTransform_float_3_3
Parameters: 0.999999 -4.9683e-05 -0.000851262 5.33156e-05 0.999987 0.00507196 0.00085074 -0.00507204 0.999987 -0.0174899 0.183646 -0.119985
FixedParameters: 0 0 0

#Transform 408
Transform: AffineTransform_float_3_3
Parameters: 0.999999 0.000164643 -0.000698151 -0.000160358 0.999987 0.00521512 0.000698846 -0.00521489 0.999986 -0.0238362 0.188405 -0.102151
FixedParameters: 0 0 0

#Transform 409
Transform: AffineTransform_float_3_3
Parameters: 0.999999 -8.58927e-05 -0.000988457 9.11047e-05 0.999986 0.00516791 0.000987542 -0.00516809 0.999986 -0.0145203 0.189534 -0.111498
FixedParameters: 0 0 0

#Transform 410
Transform: AffineTransform_float_3_3
Parameters: 0.999999 -3.08249e-05 -0.000820167 3.51742e-05 0.999987 0.00509097 0.000819831 -0.00509103 0.999986 -0.0165772 0.204601 -0.113847
FixedParameters: 0 0 0

#Transform 411
Transform: AffineTransform_float_3_3
Parameters: 0.999999 -3.21151e-05 -0.000763173 3.6884e-05 0.999987 0.00509097 0.000762822 -0.00509102 0.999986 -0.0173976 0.185871 -0.138672
FixedParameters: 0 0 0

#Transform 412
Transform: AffineTransform_float_3_3
Parameters: 0.999999 -0.000113308 -0.00073258 0.000116689 0.999988 0.00504092 0.000731421 -0.00504109 0.999987 -0.0219521 0.232883 -0.115341
FixedParameters: 0 0 0

#Transform 413
Transform: AffineTransform_float_3_3
Parameters: 0.999999 0.000165054 -0.000778151 -0.000160947 0.999987 0.00520713 0.000778848 -0.00520688 0.999986 -0.0243218 0.202513 -0.111394
FixedParameters: 0 0 0

#Transform 414
Transform: AffineTransform_float_3_3
Parameters: 1 0.000166725 -0.00113417 -0.000160277 0.999988 0.00504518 0.00113482 -0.00504581 0.999986 -0.0190371 0.199066 -0.116583
FixedParameters: 0 0 0

#Transform 415
Transform: AffineTransform_float_3_3
Parameters: 1 -1.70703e-05 -0.0011321 2.29292e-05 0.999987 0.00523798 0.0011319 -0.00523802 0.999985 -0.0191757 0.213785 -0.0835949
FixedParameters: 0 0 0

#Transform 416
Transform: AffineTransform_float_3_3
Parameters: 1 -2.48365e-06 -0.00106003 7.51622e-06 0.999987 0.005204 0.00105998 -0.00520401 0.999986 -0.0155865 0.198248 -0.110539
FixedParameters: 0 0 0

#Transform 417
Transform: AffineTransform_float_3_3
Parameters: 0.999999 4.63588e-05 -0.00123078 -4.06412e-05 0.999986 0.00516505 0.00123123 -0.00516594 0.999986 -0.0189755 0.20798 -0.110999
FixedParameters: 0 0 0

#Transform 418
Transform: AffineTransform_float_3_3
Parameters: 0.999999 6.53441e-05 -0.00128465 -5.86538e-05 0.999983 0.00571608 0.00128536 -0.00571592 0.999983 -0.0205771 0.180974 -0.109503
FixedParameters: 0 0 0

#Transform 419
Transform: AffineTransform_float_3_3
Parameters: 1 -5.43391e-05 -0.00118832 6.06591e-05 0.999985 0.00560593 0.00118768 -0.00560607 0.999983 -0.0131284 0.194832 -0.101231
FixedParameters: 0 0 0

#Transform 420
Transform: AffineTransform_float_3_3
Parameters: 0.999999 0.00011454 -0.00140741 -0.000107457 0.999985 0.00535615 0.0014086 -0.00535584 0.999984 -0.0154524 0.209557 -0.111041
FixedParameters: 0 0 0

#Transform 421
Transform: AffineTransform_float_3_3
Parameters: 0.999999 -7.04704e-06 -0.00137906 1.49526e-05 0.999984 0.00576699 0.00137894 -0.00576702 0.999983 -0.0143366 0.193074 -0.123026
FixedParameters: 0 0 0

#Transform 422
Transform: AffineTransform_float_3_3
Parameters: 0.999999 1.27242e-05 -0.00138895 -4.27542e-06 0.999981 0.00628102 0.00138905 -0.00628099 0.99998 -0.0161507 0.215011 -0.101848
FixedParameters: 0 0 0

#Transform 423
Transform: AffineTransform_float_3_3
Parameters: 0.999999 -9.19443e-05 -0.00148359 0.000101058 0.999982 0.00610486 0.00148341 -0.00610515 0.999981 -0.00937452 0.23918 -0.10847
FixedParameters: 0 0 0

#Transform 424
Transform: AffineTransform_float_3_3
Parameters: 0.999999 -0.000124888 -0.00133378 0.000133115 0.999982 0.00608483 0.00133321 -0.00608417 0.99998 -0.0108575 0.2325 -0.107908
FixedParameters: 0 0 0

#Transform 425
Transform: AffineTransform_float_3_3
Parameters: 0.999999 -6.24482e-05 -0.00126939 7.05494e-05 0.999983 0.00594991 0.0012686 -0.00595008 0.999981 -0.0131971 0.222304 -0.121389
FixedParameters: 0 0 0

#Transform 426
Transform: AffineTransform_float_3_3
Parameters: 0.999999 -0.000117044 -0.00130574 0.000124958 0.999982 0.00609484 0.00130526 -0.00609516 0.99998 -0.0161791 0.192098 -0.108259
FixedParameters: 0 0 0

#Transform 427
Transform: AffineTransform_float_3_3
Parameters: 0.999999 -0.000127433 -0.00128177 0.000134569 0.999982 0.00590583 0.00128123 -0.00590516 0.999981 -0.0184825 0.244191 -0.112895
FixedParameters: 0 0 0

#Transform 428
Transform: AffineTransform_float_3_3
Parameters: 0.999999 -0.000174682 -0.00141105 0.000183317 0.999982 0.00589674 0.00140994 -0.00589725 0.999981 -0.00892907 0.212683 -0.114592
FixedParameters: 0 0 0

#Transform 429
Transform: AffineTransform_float_3_3
Parameters: 1 4.2517e-05 -0.00121976 -3.44815e-05 0.999981 0.00616205 0.00122024 -0.00616195 0.999981 -0.0172412 0.187488 -0.114229
FixedParameters: 0 0 0

#Transform 430
Transform: AffineTransform_float_3_3
Parameters: 0.999999 -0.000159463 -0.00133492 0.000166537 0.999984 0.00564778 0.00133408 -0.00564822 0.999983 -0.0149672 0.202547 -0.120263
FixedParameters: 0 0 0

#Transform 431
Transform: AffineTransform_float_3_3
Parameters: 0.999999 -0.000188572 -0.00136919 0.000197428 0.999981 0.00615874 0.00136781 -0.00615826 0.99998 -0.0167307 0.215151 -0.108796
FixedParameters: 0 0 0

#Transform 432
Transform: AffineTransform_float_3_3
Parameters: 0.999999 -0.000165742 -0.0013729 0.000173258 0.999986 0.00528777 0.0013721 -0.00528823 0.999985 -0.0163488 0.210884 -0.109038
FixedParameters: 0 0 0

#Transform 433
Transform: AffineTransform_float_3_3
Parameters: 0.999999 2.25101e-05 -0.00131289 -1.54892e-05 0.999983 0.00572002 0.00131311 -0.00571997 0.999983 -0.0149207 0.22343 -0.118857
FixedParameters: 0 0 0

#Transform 434
Transform: AffineTransform_float_3_3
Parameters: 1 0.000108407 -0.00121136 -0.000101595 0.999982 0.00611313 0.00121164 -0.00611287 0.99998 -0.0162519 0.191098 -0.110191
FixedParameters: 0 0 0

#Transform 435
Transform: AffineTransform_float_3_3
Parameters: 0.999999 -0.000177086 -0.0014671 0.000185913 0.999981 0.00607773 0.0014659 -0.00607827 0.999981 -0.0157188 0.238756 -0.110469
FixedParameters: 0 0 0

#Transform 436
Transform: AffineTransform_float_3_3
Parameters: 0.999999 -0.000182308 -0.00146211 0.000190697 0.999983 0.00594673 0.00146189 -0.00594728 0.999981 -0.0143578 0.227381 -0.133297
FixedParameters: 0 0 0

#Transform 437
Transform: AffineTransform_float_3_3
Parameters: 0.999998 -0.000277219 -0.00158674 0.000286781 0.999981 0.00616655 0.00158526 -0.00616745 0.999979 -0.00499079 0.230564 -0.115529
FixedParameters: 0 0 0

#Transform 438
Transform: AffineTransform_float_3_3
Parameters: 0.999998 -8.0788e-05 -0.00161554 9.12083e-05 0.99998 0.00632186 0.00161445 -0.00632214 0.999978 -0.00835452 0.191222 -0.103422
FixedParameters: 0 0 0

#Transform 439
Transform: AffineTransform_float_3_3
Parameters: 1 0.000168232 -0.00114396 -0.000160768 0.99998 0.00631919 0.00114504 -0.00631881 0.99998 -0.0186158 0.188415 -0.0949742
FixedParameters: 0 0 0

#Transform 440
Transform: AffineTransform_float_3_3
Parameters: 1 0.000124927 -0.000607205 -0.000121068 0.999979 0.00646307 0.000608795 -0.00646293 0.999979 -0.0138372 0.232897 -0.103416
FixedParameters: 0 0 0

#Transform 441
Transform: AffineTransform_float_3_3
Parameters: 1 9.72108e-05 -0.00067941 -9.27924e-05 0.999981 0.00619406 0.000679587 -0.00619493 0.99998 -0.0201637 0.193389 -0.113803
FixedParameters: 0 0 0

#Transform 442
Transform: AffineTransform_float_3_3
Parameters: 0.999999 7.23117e-07 -0.000933012 4.72304e-06 0.999981 0.006134 0.000932988 -0.006134 0.999981 -0.0145882 0.277865 -0.108987
FixedParameters: 0 0 0

#Transform 443
Transform: AffineTransform_float_3_3
Parameters: 0.999999 4.75973e-05 -0.000714709 -4.34008e-05 0.99998 0.00643104 0.000715294 -0.00643097 0.999979 -0.0219753 0.170475 -0.0986496
FixedParameters: 0 0 0

#Transform 444
Transform: AffineTransform_float_3_3
Parameters: 1 -5.72743e-05 -0.00106538 6.37233e-05 0.99998 0.00631394 0.00106462 -0.00631407 0.99998 -0.0141149 0.281869 -0.109095
FixedParameters: 0 0 0

#Transform 445
Transform: AffineTransform_float_3_3
Parameters: 0.999999 2.05447e-05 -0.000853884 -1.44545e-05 0.999979 0.00649301 0.000854111 -0.00649298 0.999978 -0.0153454 0.183608 -0.0891505
FixedParameters: 0 0 0

#Transform 446
Transform: AffineTransform_float_3_3
Parameters: 1 -2.03851e-05 -0.00102215 2.6614e-05 0.999979 0.00647197 0.00102185 -0.00647202 0.999978 -0.0195677 0.253592 -0.10564
FixedParameters: 0 0 0

#Transform 447
Transform: AffineTransform_float_3_3
Parameters: 1 3.37608e-06 -0.001076 3.37608e-06 0.999976 0.006855 0.001076 -0.006855 0.999976 -0.0159803 0.192501 -0.0977833
FixedParameters: 0 0 0

#Transform 448
Transform: AffineTransform_float_3_3
Parameters: 1 1.20657e-05 -0.00117895 -4.93403e-06 0.999982 0.00599301 0.00117905 -0.00599299 0.999982 -0.0166944 0.263917 -0.114285
FixedParameters: 0 0 0

#Transform 449
Transform: AffineTransform_float_3_3
Parameters: 0.999999 5.69071e-06 -0.000901981 -3.09162e-07 0.99998 0.006309 0.000902019 -0.006309 0.999979 -0.0142889 0.181376 -0.0782358
FixedParameters: 0 0 0
