#Insight Transform File V1.0
#Transform 0
Transform: AffineTransform_float_3_3
Parameters: 1 -0.000114 -5.4606e-08 0.000114 1 0.000479 -5.4606e-08 -0.000479 1 0.00256963 0.0216567 0.0268393
FixedParameters: 0 0 0

#Transform 1
Transform: AffineTransform_float_3_3
Parameters: 1 -0.000173 -2.2144e-08 0.000173 1 0.000128 -2.2144e-08 -0.000128 1 0.00375143 0.0818981 0.0104118
FixedParameters: 0 0 0

#Transform 2
Transform: AffineTransform_float_3_3
Parameters: 1 -0.000239 -2.6768e-08 0.000239 1 0.000112 -2.6768e-08 -0.000112 1 0.00528095 -0.0010152 -0.00522125
FixedParameters: 0 0 0

#Transform 3
Transform: AffineTransform_float_3_3
Parameters: 1 -0.000262 -8.8032e-08 0.000262 1 0.000336 -8.8032e-08 -0.000336 1 0.00573101 0.00367419 -5.732e-05
FixedParameters: 0 0 0

#Transform 4
Transform: AffineTransform_float_3_3
Parameters: 1 -0.000362 7.602e-09 0.000362 1 -2.1e-05 7.602e-09 2.1e-05 1 0.00795671 0.0611998 0.00462548
FixedParameters: 0 0 0

#Transform 5
Transform: AffineTransform_float_3_3
Parameters: 1 -0.000288979 -5.51084e-05 0.000289021 1 0.000374984 5.58916e-05 -0.000375016 1 0.00728038 -0.0247598 0.0050692
FixedParameters: 0 0 0

#Transform 6
Transform: AffineTransform_float_3_3
Parameters: 1 -0.000258 -2.8122e-08 0.000258 1 0.000109 -2.8122e-08 -0.000109 1 0.00775966 0.0712975 -0.00079782
FixedParameters: 0 0 0

#Transform 7
Transform: AffineTransform_float_3_3
Parameters: 1 -0.00026698 -5.30985e-05 0.00026702 1 0.000368986 5.29015e-05 -0.000369014 1 0.00679351 -0.00541336 0.00496064
FixedParameters: 0 0 0

#Transform 8
Transform: AffineTransform_float_3_3
Parameters: 1 -0.000284 -5.4812e-08 0.000284 1 0.000193 -5.4812e-08 -0.000193 1 0.0061863 0.0764578 0.000959424
FixedParameters: 0 0 0

#Transform 9
Transform: AffineTransform_float_3_3
Parameters: 1 -0.000436 -1.60012e-07 0.000436 1 0.000367 -1.60012e-07 -0.000367 1 0.00966665 -0.00193325 0.00483272
FixedParameters: 0 0 0

#Transform 10
Transform: AffineTransform_float_3_3
Parameters: 1 -0.000218 -3.6624e-08 0.000218 1 0.000168 -3.6624e-08 -0.000168 1 0.0027069 0.0734129 0.000443124
FixedParameters: 0 0 0

#Transform 11
Transform: AffineTransform_float_3_3
Parameters: 1 -0.000129 -6.1017e-08 0.000129 1 0.000473 -6.1017e-08 -0.000473 1 0.00289324 -0.020984 0.0197432
FixedParameters: 0 0 0

#Transform 12
Transform: AffineTransform_float_3_3
Parameters: 1 -0.000215 7.74e-09 0.000215 1 -3.6e-05 7.74e-09 3.6e-05 1 0.00469159 0.0819676 0.00186871
FixedParameters: 0 0 0

#Transform 13
Transform: AffineTransform_float_3_3
Parameters: 1 -0.000213951 -0.000109096 0.000214049 1 0.000447977 0.000108904 -0.000448023 1 0.00655936 0.00479254 0.0066226
FixedParameters: 0 0 0

#Transform 14
Transform: AffineTransform_float_3_3
Parameters: 1 -0.000285 -4.3035e-08 0.000285 1 0.000151 -4.3035e-08 -0.000151 1 0.00621577 0.0577882 8.18398e-05
FixedParameters: 0 0 0

#Transform 15
Transform: AffineTransform_float_3_3
Parameters: 1 -0.000191 9.168e-09 0.000191 1 -4.8e-05 9.168e-09 4.8e-05 1 0.00413317 0.0238114 -0.000690845
FixedParameters: 0 0 0

#Transform 16
Transform: AffineTransform_float_3_3
Parameters: 1 -0.000307 1.02231e-07 0.000307 1 -0.000333 1.02231e-07 0.000333 1 0.00666368 0.0475525 -0.0108154
FixedParameters: 0 0 0

#Transform 17
Transform: AffineTransform_float_3_3
Parameters: 1 -0.000442 8.398e-08 0.000442 1 -0.00019 8.398e-08 0.00019 1 0.0096587 0.0486015 -0.00727026
FixedParameters: 0 0 0

#Transform 18
Transform: AffineTransform_float_3_3
Parameters: 1 2.3088e-08 -0.000104 2.3088e-08 1 0.000222 0.000104 -0.000222 1 0.00170813 0.00138579 0.00134807
FixedParameters: 0 0 0

#Transform 19
Transform: AffineTransform_float_3_3
Parameters: 1 -0.00016 3.92e-08 0.00016 1 -0.000245 3.92e-08 0.000245 1 0.00571789 0.0796073 -0.00280958
FixedParameters: 0 0 0

#Transform 20
Transform: AffineTransform_float_3_3
Parameters: 1 4.048e-08 0.000115 4.048e-08 1 -0.000352 -0.000115 0.000352 1 -0.00189515 -0.00210051 -0.00536929
FixedParameters: 0 0 0

#Transform 21
Transform: AffineTransform_float_3_3
Parameters: 1 1.77e-08 0.000118 1.77e-08 1 -0.00015 -0.000118 0.00015 1 -0.00197536 0.0754416 -0.000970835
FixedParameters: 0 0 0

#Transform 22
Transform: AffineTransform_float_3_3
Parameters: 1 0 0 0 1 0.00035 0 -0.00035 1 9e-06 -0.00784092 0.0101079
FixedParameters: 0 0 0

#Transform 23
Transform: AffineTransform_float_3_3
Parameters: 1 -9.70009e-05 0.000146999 9.69991e-05 1 6.01426e-06 -0.000147001 -5.98574e-06 1 -0.000301425 0.0743386 0.00240297
FixedParameters: 0 0 0

#Transform 24
Transform: AffineTransform_float_3_3
Parameters: 1 1.07206e-07 0.000242 1.07206e-07 1 -0.000443 -0.000242 0.000443 1 -0.00400973 -0.00483621 -0.00752139
FixedParameters: 0 0 0

#Transform 25
Transform: AffineTransform_float_3_3
Parameters: 1 -0.000134974 0.000134026 0.000135026 1 -0.000191982 -0.000133974 0.000192018 1 0.000790466 0.0802274 -0.00181061
FixedParameters: 0 0 0

#Transform 26
Transform: AffineTransform_float_3_3
Parameters: 1 -0.000124 -2.1452e-08 0.000124 1 0.000173 -2.1452e-08 -0.000173 1 0.000460624 -0.00998969 0.00622833
FixedParameters: 0 0 0

#Transform 27
Transform: AffineTransform_float_3_3
Parameters: 1 -0.0004 1.096e-07 0.0004 1 -0.000274 1.096e-07 0.000274 1 0.00878222 0.0883582 -0.00353451
FixedParameters: 0 0 0

#Transform 28
Transform: AffineTransform_float_3_3
Parameters: 1 -0.0004 3.6e-08 0.0004 1 -9e-05 3.6e-08 9e-05 1 0.0088033 0.0356589 0.0169356
FixedParameters: 0 0 0

#Transform 29
Transform: AffineTransform_float_3_3
Parameters: 1 -0.000243 1.00602e-07 0.000243 1 -0.000414 1.00602e-07 0.000414 1 0.00534442 0.0666964 0.00544484
FixedParameters: 0 0 0

#Transform 30
Transform: AffineTransform_float_3_3
Parameters: 1 -0.00015 7.065e-08 0.00015 1 -0.000471 7.065e-08 0.000471 1 0.00331549 0.0790094 0.000673396
FixedParameters: 0 0 0

#Transform 31
Transform: AffineTransform_float_3_3
Parameters: 1 -6e-05 1.896e-08 6e-05 1 -0.000316 1.896e-08 0.000316 1 0.00384599 0.029036 -0.0143342
FixedParameters: 0 0 0

#Transform 32
Transform: AffineTransform_float_3_3
Parameters: 1 -3.2e-05 1.7312e-08 3.2e-05 1 -0.000541 1.7312e-08 0.000541 1 0.00620913 0.0999341 -0.0124778
FixedParameters: 0 0 0

#Transform 33
Transform: AffineTransform_float_3_3
Parameters: 1 -0.000203 -1.8879e-08 0.000203 1 9.3e-05 -1.8879e-08 -9.3e-05 1 0.00438899 0.00235733 0.0190771
FixedParameters: 0 0 0

#Transform 34
Transform: AffineTransform_float_3_3
Parameters: 1 -0.000106 -1.8338e-08 0.000106 1 0.000173 -1.8338e-08 -0.000173 1 0.00496211 0.0580655 0.00556956
FixedParameters: 0 0 0

#Transform 35
Transform: AffineTransform_float_3_3
Parameters: 1 -0.000106 -4.0492e-08 0.000106 1 0.000382 -4.0492e-08 -0.000382 1 0.00232748 -0.0115038 -0.00254516
FixedParameters: 0 0 0

#Transform 36
Transform: AffineTransform_float_3_3
Parameters: 1 -1.90489e-05 0.000134993 1.89511e-05 1 0.000362003 -0.000135007 -0.000361997 1 -0.00183404 0.0569027 -0.0101911
FixedParameters: 0 0 0

#Transform 37
Transform: AffineTransform_float_3_3
Parameters: 1 1.7e-05 5.644e-09 -1.7e-05 1 0.000332 5.644e-09 -0.000332 1 -0.000407421 0.027685 -0.00980419
FixedParameters: 0 0 0

#Transform 38
Transform: AffineTransform_float_3_3
Parameters: 1 0.000155 7.0525e-08 -0.000155 1 0.000455 7.0525e-08 -0.000455 1 -0.00342299 0.0418978 -0.0143299
FixedParameters: 0 0 0

#Transform 39
Transform: AffineTransform_float_3_3
Parameters: 1 0.000155 2.635e-09 -0.000155 1 1.7e-05 2.635e-09 -1.7e-05 1 -0.00341017 0.124595 -0.0240642
FixedParameters: 0 0 0

#Transform 40
Transform: AffineTransform_float_3_3
Parameters: 1 0.000155 6.293e-08 -0.000155 1 0.000406 6.293e-08 -0.000406 1 -0.00341565 0.0375959 -0.0154813
FixedParameters: 0 0 0

#Transform 41
Transform: AffineTransform_float_3_3
Parameters: 1 0.000219921 0.000295058 -0.000220078 1 0.000265935 -0.000294941 -0.000266065 1 -0.00977317 0.12348 -0.00630469
FixedParameters: 0 0 0

#Transform 42
Transform: AffineTransform_float_3_3
Parameters: 1 0.000154879 0.000167113 -0.000154121 0.999999 0.000726974 -0.000166888 -0.000727025 0.999999 -0.00618494 0.0379276 0.0169495
FixedParameters: 0 0 0

#Transform 43
Transform: AffineTransform_float_3_3
Parameters: 1 0.00034679 0.000339215 -0.00034721 0.999999 0.000618882 -0.000338785 -0.000619117 1 -0.0132756 0.101357 0.0172506
FixedParameters: 0 0 0

#Transform 44
Transform: AffineTransform_float_3_3
Parameters: 1 0.000400716 0.000340334 -0.000401284 1 0.000833864 -0.000340665 -0.000834137 0.999999 -0.0145302 0.0208208 0.0176094
FixedParameters: 0 0 0

#Transform 45
Transform: AffineTransform_float_3_3
Parameters: 1 0.000154804 0.000343088 -0.000154195 1 0.000569947 -0.000342912 -0.000570053 1 -0.00907835 0.0929822 0.0122103
FixedParameters: 0 0 0

#Transform 46
Transform: AffineTransform_float_3_3
Parameters: 1 0.000447664 0.000422356 -0.000448336 0.999999 0.00079581 -0.000422643 -0.000796189 0.999999 -0.0169311 0.0172336 0.0100748
FixedParameters: 0 0 0

#Transform 47
Transform: AffineTransform_float_3_3
Parameters: 1 0.00045482 0.000422194 -0.00045418 1 0.000425808 -0.000421806 -0.000426192 1 -0.0170099 0.110537 -0.00832863
FixedParameters: 0 0 0

#Transform 48
Transform: AffineTransform_float_3_3
Parameters: 1 0.000481828 0.000270306 -0.000482171 0.999999 0.000634869 -0.000269694 -0.00063513 1 -0.0106097 0.0319061 0.000394821
FixedParameters: 0 0 0

#Transform 49
Transform: AffineTransform_float_3_3
Parameters: 1 0.000356875 0.000304147 -0.000357125 1 0.000410891 -0.000303853 -0.000411108 1 -0.012927 0.116228 0.00152705
FixedParameters: 0 0 0

#Transform 50
Transform: AffineTransform_float_3_3
Parameters: 1 0.000508727 0.000422329 -0.000509273 0.999999 0.000646785 -0.00042267 -0.000647215 0.999999 -0.0183005 0.0479563 0.011981
FixedParameters: 0 0 0

#Transform 51
Transform: AffineTransform_float_3_3
Parameters: 1 0.000517901 0.000288178 -0.000518099 1 0.000342851 -0.000287822 -0.000343149 1 -0.0161963 0.133675 -0.00286395
FixedParameters: 0 0 0

#Transform 52
Transform: AffineTransform_float_3_3
Parameters: 1 0.000612854 0.00022939 -0.000612146 0.999999 0.000635859 -0.000229611 -0.00063514 1 -0.0137276 0.0615558 -0.00672095
FixedParameters: 0 0 0

#Transform 53
Transform: AffineTransform_float_3_3
Parameters: 1 0.000443905 0.00035212 -0.000444095 1 0.000269844 -0.00035188 -0.000270156 1 -0.012271 0.111189 0.0051752
FixedParameters: 0 0 0

#Transform 54
Transform: AffineTransform_float_3_3
Parameters: 1 0.000363637 0.000422312 -0.000364363 0.999999 0.000858845 -0.000422687 -0.000859153 0.999999 -0.0151184 0.0437311 0.0319556
FixedParameters: 0 0 0

#Transform 55
Transform: AffineTransform_float_3_3
Parameters: 1 0.00029882 0.000422127 -0.00029918 1 0.000426874 -0.000421872 -0.000427126 1 -0.0114688 0.0918487 0.00864113
FixedParameters: 0 0 0

#Transform 56
Transform: AffineTransform_float_3_3
Parameters: 1 0.000507678 0.000422387 -0.000508322 0.999999 0.000761785 -0.000422612 -0.000762214 0.999999 -0.0182571 0.0398025 -0.00134203
FixedParameters: 0 0 0

#Transform 57
Transform: AffineTransform_float_3_3
Parameters: 1 0.000491825 0.000422204 -0.000492175 1 0.000414792 -0.000422796 -0.000415208 1 -0.0178712 0.0966941 0.00326157
FixedParameters: 0 0 0

#Transform 58
Transform: AffineTransform_float_3_3
Parameters: 1 0.000495833 0.000311265 -0.000496166 0.999999 0.000534845 -0.000310734 -0.000535154 1 -0.0160835 0.0570305 0.00638344
FixedParameters: 0 0 0

#Transform 59
Transform: AffineTransform_float_3_3
Parameters: 1 0.000521882 0.000327188 -0.000522117 1 0.000359829 -0.000326812 -0.000360171 1 -0.0169531 0.0925762 0.0044652
FixedParameters: 0 0 0

#Transform 60
Transform: AffineTransform_float_3_3
Parameters: 1 0.000522984 2.33546e-05 -0.000523016 0.999999 0.000677987 -2.36454e-05 -0.000678012 1 -0.0061814 0.0581721 4.30531e-05
FixedParameters: 0 0 0

#Transform 61
Transform: AffineTransform_float_3_3
Parameters: 1 0.000302967 5.21927e-05 -0.000303034 1 0.000635984 -5.28073e-05 -0.000636016 1 -0.0042748 0.0688653 0.00628021
FixedParameters: 0 0 0

#Transform 62
Transform: AffineTransform_float_3_3
Parameters: 1 0.000415937 9.8267e-05 -0.000416063 0.999999 0.000641959 -9.77329e-05 -0.00064204 1 -0.00855279 0.0725385 0.0113606
FixedParameters: 0 0 0

#Transform 63
Transform: AffineTransform_float_3_3
Parameters: 1 0.000445811 0.0004222 -0.00044619 1 0.000448812 -0.0004228 -0.000448188 1 -0.0168214 0.0863232 0.00158714
FixedParameters: 0 0 0

#Transform 64
Transform: AffineTransform_float_3_3
Parameters: 1 0.000345952 0.000114145 -0.000346048 1 0.00041996 -0.000113855 -0.000420039 1 -0.00601161 0.0626874 -0.00993307
FixedParameters: 0 0 0

#Transform 65
Transform: AffineTransform_float_3_3
Parameters: 1 0.000466989 4.51135e-05 -0.000467011 1 0.000242979 -4.48865e-05 -0.000243021 1 -0.0088895 0.0863142 -0.00574881
FixedParameters: 0 0 0

#Transform 66
Transform: AffineTransform_float_3_3
Parameters: 1 0.000390016 -4.68623e-05 -0.000389984 1 0.000353018 4.61377e-05 -0.000352982 1 -0.00577196 0.0642436 0.0111833
FixedParameters: 0 0 0

#Transform 67
Transform: AffineTransform_float_3_3
Parameters: 1 0.000427982 7.90984e-05 -0.000428018 1 0.000229966 -7.89015e-05 -0.000230034 1 -0.00867721 0.0680545 0.0209388
FixedParameters: 0 0 0

#Transform 68
Transform: AffineTransform_float_3_3
Parameters: 1 0.000154955 0.000336021 -0.000154045 1 0.000133948 -0.000335979 -0.000134052 1 -0.00334727 0.0930393 0.00378733
FixedParameters: 0 0 0

#Transform 69
Transform: AffineTransform_float_3_3
Parameters: 1 0.000155116 0.000421957 -0.000154884 1 -0.000274065 -0.000422042 0.000273935 1 -0.00333418 0.0948514 0.0120454
FixedParameters: 0 0 0

#Transform 70
Transform: AffineTransform_float_3_3
Parameters: 1 0.000155032 0.000308984 -0.000154968 1 -0.000104048 -0.000309016 0.000103952 1 -0.00193248 0.0543971 0.00536916
FixedParameters: 0 0 0

#Transform 71
Transform: AffineTransform_float_3_3
Parameters: 1 0.000155169 0.000421938 -0.000154831 1 -0.000400065 -0.000422062 0.000399934 1 -0.00377973 0.107471 -0.00809222
FixedParameters: 0 0 0

#Transform 72
Transform: AffineTransform_float_3_3
Parameters: 1 0.000154986 0.000309007 -0.000155014 1 4.39521e-05 -0.000308993 -4.40479e-05 1 -0.00430719 0.0376507 0.00176046
FixedParameters: 0 0 0

#Transform 73
Transform: AffineTransform_float_3_3
Parameters: 1 0.000313059 0.000333945 -0.000312941 1 -0.000176104 -0.000334055 0.000175895 1 -0.0123873 0.11403 -0.00298784
FixedParameters: 0 0 0

#Transform 74
Transform: AffineTransform_float_3_3
Parameters: 1 0.000377015 0.000354984 -0.000376985 1 -4.31338e-05 -0.000355016 4.28662e-05 1 -0.0142101 0.0437525 -9.86785e-05
FixedParameters: 0 0 0

#Transform 75
Transform: AffineTransform_float_3_3
Parameters: 1 0.000408059 0.000421943 -0.000407941 1 -0.000140172 -0.000422057 0.000139828 1 -0.0160118 0.0819972 -0.01737
FixedParameters: 0 0 0

#Transform 76
Transform: AffineTransform_float_3_3
Parameters: 1 0.000320046 0.000421965 -0.000320954 1 -0.000109135 -0.000422035 0.000108865 1 -0.0141456 0.0847955 -0.00476098
FixedParameters: 0 0 0

#Transform 77
Transform: AffineTransform_float_3_3
Parameters: 1 0.000377982 0.000422016 -0.000378018 1 4.38405e-05 -0.000421984 -4.31595e-05 1 -0.0153859 0.0446693 -0.00901382
FixedParameters: 0 0 0

#Transform 78
Transform: AffineTransform_float_3_3
Parameters: 1 0.000382043 0.000421961 -0.000381956 1 -0.000103161 -0.000422039 0.000102839 1 -0.0111264 0.135956 -0.0103251
FixedParameters: 0 0 0

#Transform 79
Transform: AffineTransform_float_3_3
Parameters: 1 0.000419013 0.000363984 -0.000418986 1 -3.71525e-05 -0.000364015 3.68475e-05 1 -0.0152257 0.0569784 -0.00881015
FixedParameters: 0 0 0

#Transform 80
Transform: AffineTransform_float_3_3
Parameters: 1 0.000423083 0.000421917 -0.000422917 1 -0.000196178 -0.000422083 0.000195821 1 -0.0163632 0.116868 -0.0126563
FixedParameters: 0 0 0

#Transform 81
Transform: AffineTransform_float_3_3
Parameters: 1 0.00037493 0.000365072 -0.00037507 1 0.000190863 -0.000364928 -0.000191137 1 -0.00980142 0.0458394 0.0143396
FixedParameters: 0 0 0

#Transform 82
Transform: AffineTransform_float_3_3
Parameters: 1 0.000463127 0.00049088 -0.000462873 1 -0.000259227 -0.00049112 0.000258773 1 -0.0147585 0.118195 -0.000933381
FixedParameters: 0 0 0

#Transform 83
Transform: AffineTransform_float_3_3
Parameters: 1 0.000337961 0.000303044 -0.000338039 1 0.000129898 -0.000302956 -0.000130102 1 -0.0124767 0.0216425 -0.00307885
FixedParameters: 0 0 0

#Transform 84
Transform: AffineTransform_float_3_3
Parameters: 1 0.000574192 0.000361695 -0.000573808 0.999999 -0.000531207 -0.000361305 0.000530792 1 -0.0185878 0.138761 -0.0240866
FixedParameters: 0 0 0

#Transform 85
Transform: AffineTransform_float_3_3
Parameters: 1 0.000527932 0.000422084 -0.000528067 1 0.000159777 -0.000421915 -0.000160223 1 -0.0186511 0.0580617 -0.00086203
FixedParameters: 0 0 0

#Transform 86
Transform: AffineTransform_float_3_3
Parameters: 0.999999 0.000661057 0.000365897 -0.000660943 1 -0.000155242 -0.000366103 0.000155758 1 -0.0205558 0.120621 -0.0127169
FixedParameters: 0 0 0

#Transform 87
Transform: AffineTransform_float_3_3
Parameters: 1 0.000543066 0.000421915 -0.000542933 1 -0.000157229 -0.000422085 0.000156771 1 -0.0189311 0.0936168 -0.00735449
FixedParameters: 0 0 0

#Transform 88
Transform: AffineTransform_float_3_3
Parameters: 1 0.000385014 0.000351985 -0.000384986 1 -3.91355e-05 -0.000352015 3.88645e-05 1 -0.0111635 0.0631268 -0.0144254
FixedParameters: 0 0 0

#Transform 89
Transform: AffineTransform_float_3_3
Parameters: 0.999999 0.000594174 0.000421754 -0.000593825 0.999999 -0.00041325 -0.000422245 0.000412749 1 -0.019991 0.13751 -0.0313466
FixedParameters: 0 0 0

#Transform 90
Transform: AffineTransform_float_3_3
Parameters: 1 0.00033395 0.000422039 -0.00033405 1 0.000117859 -0.00042196 -0.000118141 1 -0.00947565 0.0506864 -0.00624421
FixedParameters: 0 0 0

#Transform 91
Transform: AffineTransform_float_3_3
Parameters: 1 0.00033421 0.000590881 -0.00033379 1 -0.000355197 -0.000591119 0.000355802 1 -0.0122969 0.140515 -0.0179301
FixedParameters: 0 0 0

#Transform 92
Transform: AffineTransform_float_3_3
Parameters: 1 0.000333923 0.000422061 -0.000334077 1 0.000181859 -0.000421939 -0.000182141 1 -0.0143488 0.0696199 -0.00253419
FixedParameters: 0 0 0

#Transform 93
Transform: AffineTransform_float_3_3
Parameters: 1 0.000333996 0.000422003 -0.000334004 1 8.85905e-06 -0.000421997 -9.14095e-06 1 -0.0143468 0.0932828 -0.01662
FixedParameters: 0 0 0

#Transform 94
Transform: AffineTransform_float_3_3
Parameters: 1 0.000334021 0.000421983 -0.000333978 1 -5.11409e-05 -0.000422017 5.0859e-05 1 -0.0143376 0.11276 -0.0101831
FixedParameters: 0 0 0

#Transform 95
Transform: AffineTransform_float_3_3
Parameters: 1 0.000554959 0.000422054 -0.000555041 1 9.67657e-05 -0.000421947 -9.62342e-05 1 -0.0191567 0.0684208 -0.00974675
FixedParameters: 0 0 0

#Transform 96
Transform: AffineTransform_float_3_3
Parameters: 1 0.000403185 0.000421823 -0.000403815 1 -0.00043817 -0.000422177 0.00043783 1 -0.0158569 0.165105 -0.0110835
FixedParameters: 0 0 0

#Transform 97
Transform: AffineTransform_float_3_3
Parameters: 1 0.000402949 0.000317064 -0.000402051 1 0.000159873 -0.000316936 -0.000160128 1 -0.0140063 0.0657192 0.00986831
FixedParameters: 0 0 0

#Transform 98
Transform: AffineTransform_float_3_3
Parameters: 1 0.000467098 0.000371877 -0.000466902 1 -0.000264174 -0.000372123 0.000263826 1 -0.0163514 0.124632 -0.00719873
FixedParameters: 0 0 0

#Transform 99
Transform: AffineTransform_float_3_3
Parameters: 1 0.000550281 0.000421633 -0.000549718 0.999999 -0.000667231 -0.000422367 0.000667767 0.999999 -0.0129247 0.184422 -0.0160445
FixedParameters: 0 0 0

#Transform 100
Transform: AffineTransform_float_3_3
Parameters: 0.999999 0.000572942 0.000422078 -0.000573057 1 0.000135758 -0.000421922 -0.000136242 1 -0.0196287 0.0232042 0.01586
FixedParameters: 0 0 0

#Transform 101
Transform: AffineTransform_float_3_3
Parameters: 0.999999 0.000658929 0.00042211 -0.00065907 1 0.000167722 -0.00042189 -0.000167278 1 -0.0164778 0.104132 0.00223355
FixedParameters: 0 0 0

#Transform 102
Transform: AffineTransform_float_3_3
Parameters: 1 0.000515979 0.000334032 -0.000516021 1 6.28276e-05 -0.000333968 -6.21723e-05 1 -0.0167684 0.0844 0.0105658
FixedParameters: 0 0 0

#Transform 103
Transform: AffineTransform_float_3_3
Parameters: 0.999999 0.000756975 0.000326056 -0.000757024 0.999999 7.37532e-05 -0.000325944 -7.42467e-05 1 -0.0218938 0.0887528 0.0003237
FixedParameters: 0 0 0

#Transform 104
Transform: AffineTransform_float_3_3
Parameters: 0.999999 0.000702942 0.000305133 -0.000703057 0.999999 0.000188785 -0.000305868 -0.000188215 1 -0.0204298 0.101073 0.00290586
FixedParameters: 0 0 0

#Transform 105
Transform: AffineTransform_float_3_3
Parameters: 0.999999 0.000712913 0.000422145 -0.000713086 0.999999 0.000203699 -0.000421854 -0.000204301 1 -0.0226375 0.0822933 -0.0106418
FixedParameters: 0 0 0

#Transform 106
Transform: AffineTransform_float_3_3
Parameters: 0.999999 0.000853139 0.000421717 -0.000852859 0.999999 -0.00033136 -0.000422282 0.00033064 1 -0.0255872 0.161537 -0.0171517
FixedParameters: 0 0 0

#Transform 107
Transform: AffineTransform_float_3_3
Parameters: 0.999999 0.000809942 0.000225205 -0.000810056 0.999999 0.000252818 -0.000224795 -0.000253182 1 -0.0215724 0.0774733 -0.00230712
FixedParameters: 0 0 0

#Transform 108
Transform: AffineTransform_float_3_3
Parameters: 0.999999 0.000810078 0.000249746 -0.000809921 0.999999 -0.000313202 -0.000249253 0.000312798 1 -0.0218707 0.160765 -0.00816103
FixedParameters: 0 0 0

#Transform 109
Transform: AffineTransform_float_3_3
Parameters: 0.999999 0.000727049 0.000191812 -0.00072695 0.999999 -0.000259139 -0.000192188 0.00025886 1 -0.0190914 0.0707274 -0.0155102
FixedParameters: 0 0 0

#Transform 110
Transform: AffineTransform_float_3_3
Parameters: 0.999999 0.000732063 0.000317854 -0.000731936 0.999999 -0.000199233 -0.000318145 0.000198767 1 -0.0213454 0.124648 -0.00577982
FixedParameters: 0 0 0

#Transform 111
Transform: AffineTransform_float_3_3
Parameters: 0.999999 0.000810044 0.000421915 -0.000809955 0.999999 -0.000104342 -0.000422085 0.000104658 1 -0.0212717 0.0947895 -0.00376834
FixedParameters: 0 0 0

#Transform 112
Transform: AffineTransform_float_3_3
Parameters: 0.999999 0.000749021 0.000421961 -0.000749978 0.999999 -5.13165e-05 -0.000422039 5.16839e-05 1 -0.0234908 0.0770361 -0.0132202
FixedParameters: 0 0 0

#Transform 113
Transform: AffineTransform_float_3_3
Parameters: 0.999999 0.000810021 0.000421958 -0.000809978 0.999999 -5.13418e-05 -0.000422042 5.16581e-05 1 -0.0247959 0.100902 -0.0183074
FixedParameters: 0 0 0

#Transform 114
Transform: AffineTransform_float_3_3
Parameters: 0.999999 0.000810021 0.000421958 -0.000809978 0.999999 -5.13418e-05 -0.000422042 5.16581e-05 1 -0.0248103 0.0820006 -0.0162444
FixedParameters: 0 0 0

#Transform 115
Transform: AffineTransform_float_3_3
Parameters: 0.999999 0.000810017 0.000346958 -0.000809982 0.999999 -5.1281e-05 -0.000347042 5.17189e-05 1 -0.0235389 0.129818 -0.00549479
FixedParameters: 0 0 0

#Transform 116
Transform: AffineTransform_float_3_3
Parameters: 0.999999 0.00074387 0.000422228 -0.000744129 0.999999 0.000306686 -0.000422772 -0.000306314 1 -0.0211259 0.0746113 -0.0061727
FixedParameters: 0 0 0

#Transform 117
Transform: AffineTransform_float_3_3
Parameters: 0.999999 0.000741046 0.000421918 -0.000740953 0.999999 -0.000110313 -0.000422081 0.000109687 1 -0.0209908 0.148147 -0.0154183
FixedParameters: 0 0 0

#Transform 118
Transform: AffineTransform_float_3_3
Parameters: 0.999999 0.000809909 0.000209351 -0.00081009 0.999999 0.00043383 -0.000209648 -0.00043417 1 -0.0213147 0.0628195 0.00462056
FixedParameters: 0 0 0

#Transform 119
Transform: AffineTransform_float_3_3
Parameters: 0.999999 0.00091806 0.000120546 -0.00091794 1 -0.000494111 -0.000121453 0.000493889 1 -0.0220547 0.166567 -0.012252
FixedParameters: 0 0 0

#Transform 120
Transform: AffineTransform_float_3_3
Parameters: 0.999999 0.000810021 0.000421958 -0.000809978 0.999999 -5.13418e-05 -0.000422041 5.06581e-05 1 -0.0226601 0.0797274 -0.00898028
FixedParameters: 0 0 0

#Transform 121
Transform: AffineTransform_float_3_3
Parameters: 0.999999 0.000810003 1.27627e-05 -0.000809996 0.999999 -0.00029301 -1.22373e-05 0.00029299 1 -0.0179679 0.135897 -0.00936847
FixedParameters: 0 0 0

#Transform 122
Transform: AffineTransform_float_3_3
Parameters: 0.999999 0.00081003 0.000177861 -0.000809969 0.999999 -0.000171144 -0.000178138 0.000170856 1 -0.0207765 0.106793 -0.000928374
FixedParameters: 0 0 0

#Transform 123
Transform: AffineTransform_float_3_3
Parameters: 0.999999 0.000899996 4.60639e-05 -0.000900003 0.999999 7.09585e-05 -4.59361e-05 -7.10413e-05 1 -0.020533 0.0877413 0.00592649
FixedParameters: 0 0 0

#Transform 124
Transform: AffineTransform_float_3_3
Parameters: 0.999999 0.000809995 -3.11045e-05 -0.000810003 0.999999 -0.000128975 3.08955e-05 0.000129025 1 -0.0172741 0.132851 -0.000758737
FixedParameters: 0 0 0

#Transform 125
Transform: AffineTransform_float_3_3
Parameters: 1 0.001013 -3.09787e-05 -0.001013 1 2.10314e-05 3.10213e-05 -2.09686e-05 1 -0.0218025 0.0621958 -0.00310998
FixedParameters: 0 0 0

#Transform 126
Transform: AffineTransform_float_3_3
Parameters: 0.999999 0.000987022 0.000109791 -0.000986976 0.999999 -0.000212108 -0.000110209 0.000211891 1 -0.0263555 0.143455 -0.00459931
FixedParameters: 0 0 0

#Transform 127
Transform: AffineTransform_float_3_3
Parameters: 0.999999 0.000991011 -2.86363e-05 -0.000990989 1 0.000367029 2.93637e-05 -0.000366971 1 -0.0212468 0.0552439 0.00720007
FixedParameters: 0 0 0

#Transform 128
Transform: AffineTransform_float_3_3
Parameters: 0.999999 0.000968008 -9.89147e-05 -0.00096799 0.999999 8.80957e-05 9.90851e-05 -8.79041e-05 1 -0.019492 0.145775 0.00991567
FixedParameters: 0 0 0

#Transform 129
Transform: AffineTransform_float_3_3
Parameters: 1 0.00110202 -3.85482e-05 -0.00110199 1 0.000410043 3.84518e-05 -0.000409958 1 -0.0236061 0.0786922 0.0101462
FixedParameters: 0 0 0

#Transform 130
Transform: AffineTransform_float_3_3
Parameters: 0.999999 0.00098402 -6.06703e-05 -0.000983979 1 0.00033506 6.13296e-05 -0.00033494 1 -0.0205747 0.143055 -0.00116773
FixedParameters: 0 0 0

#Transform 131
Transform: AffineTransform_float_3_3
Parameters: 1 0.00116504 -0.000184765 -0.00116496 1 0.000202215 0.000185235 -0.000201784 1 -0.0263875 0.100096 -0.00848734
FixedParameters: 0 0 0

#Transform 132
Transform: AffineTransform_float_3_3
Parameters: 1 0.001181 -1.78748e-05 -0.001181 1 0.000106021 1.81252e-05 -0.000105979 1 -0.0233532 0.160177 -0.00647199
FixedParameters: 0 0 0

#Transform 133
Transform: AffineTransform_float_3_3
Parameters: 1 0.00119502 -0.000196901 -0.00119498 1 8.32354e-05 0.0001971 -8.37645e-05 1 -0.0230995 0.0803696 -0.0211211
FixedParameters: 0 0 0

#Transform 134
Transform: AffineTransform_float_3_3
Parameters: 0.999999 0.001273 5.02036e-06 -0.001273 0.999999 1.59936e-05 -4.97963e-06 -1.60064e-05 1 -0.0279946 0.152451 -0.00335473
FixedParameters: 0 0 0

#Transform 135
Transform: AffineTransform_float_3_3
Parameters: 0.999999 0.00130902 -3.02551e-05 -0.00130898 0.999999 0.00056904 3.07448e-05 -0.00056896 1 -0.0283352 0.0744783 0.00875159
FixedParameters: 0 0 0

#Transform 136
Transform: AffineTransform_float_3_3
Parameters: 0.999999 0.00122003 -0.000132717 -0.00121997 0.999999 0.000232162 0.000133283 -0.000231838 1 -0.0245822 0.109779 0.0015137
FixedParameters: 0 0 0

#Transform 137
Transform: AffineTransform_float_3_3
Parameters: 0.999999 0.00129703 -0.000222833 -0.00129697 0.999999 0.000129289 0.000223167 -0.000128711 1 -0.024721 0.0987934 -0.00060768
FixedParameters: 0 0 0

#Transform 138
Transform: AffineTransform_float_3_3
Parameters: 0.999999 0.00137513 -0.000376518 -0.00137487 0.999999 0.000350518 0.000377481 -0.000349481 1 -0.0239897 0.0809077 0.00437514
FixedParameters: 0 0 0

#Transform 139
Transform: AffineTransform_float_3_3
Parameters: 0.999999 0.00145395 -0.000240279 -0.00145405 0.999999 -0.000191651 0.000239721 0.000192349 1 -0.027814 0.13753 -0.00635265
FixedParameters: 0 0 0

#Transform 140
Transform: AffineTransform_float_3_3
Parameters: 0.999999 0.00145403 -0.000328864 -0.00145397 0.999999 9.34783e-05 0.000329136 -9.35215e-05 1 -0.0302402 0.0729116 -0.00179162
FixedParameters: 0 0 0

#Transform 141
Transform: AffineTransform_float_3_3
Parameters: 0.999999 0.00145388 -0.000480363 -0.00145412 0.999999 -0.000249302 0.000480637 0.000249699 1 -0.027464 0.168452 -0.0078875
FixedParameters: 0 0 0

#Transform 142
Transform: AffineTransform_float_3_3
Parameters: 0.999999 0.001454 -0.000345011 -0.001454 0.999999 -7.49836e-06 0.000344989 7.50162e-06 1 -0.026162 0.0751774 -0.00104953
FixedParameters: 0 0 0

#Transform 143
Transform: AffineTransform_float_3_3
Parameters: 0.999998 0.00159408 -0.000479733 -0.00159392 0.999998 0.000167765 0.000480265 -0.000166235 1 -0.026884 0.11721 0.000217892
FixedParameters: 0 0 0

#Transform 144
Transform: AffineTransform_float_3_3
Parameters: 0.999998 0.00161005 -0.000479845 -0.00160995 0.999998 9.67726e-05 0.000480155 -9.6227e-05 1 -0.0272323 0.118339 0.0111788
FixedParameters: 0 0 0

#Transform 145
Transform: AffineTransform_float_3_3
Parameters: 0.999998 0.00162316 -0.000479454 -0.00162284 0.999998 0.000336778 0.000480544 -0.00033522 1 -0.0348374 0.102071 0.00978304
FixedParameters: 0 0 0

#Transform 146
Transform: AffineTransform_float_3_3
Parameters: 0.999999 0.00145407 -0.0004798 -0.00145393 0.999999 0.000137698 0.0004802 -0.000137302 1 -0.0237855 0.152465 0.00510727
FixedParameters: 0 0 0

#Transform 147
Transform: AffineTransform_float_3_3
Parameters: 0.999998 0.0015191 -0.000479677 -0.0015189 0.999999 0.000212729 0.000480323 -0.000212271 1 -0.02527 0.102108 0.017715
FixedParameters: 0 0 0

#Transform 148
Transform: AffineTransform_float_3_3
Parameters: 0.999998 0.00159314 -0.000479518 -0.00159285 0.999998 0.000302764 0.000480482 -0.000302235 1 -0.0268485 0.144063 0.019713
FixedParameters: 0 0 0

#Transform 149
Transform: AffineTransform_float_3_3
Parameters: 0.999998 0.00158235 -0.000559007 -0.00158265 0.999999 0.000627886 0.000559993 -0.000627115 0.999999 -0.0254301 0.0841015 0.0156428
FixedParameters: 0 0 0

#Transform 150
Transform: AffineTransform_float_3_3
Parameters: 0.999998 0.00153511 -0.000479651 -0.00153489 0.999999 0.000227736 0.000480348 -0.000226263 1 -0.0340613 0.137842 0.0180695
FixedParameters: 0 0 0

#Transform 151
Transform: AffineTransform_float_3_3
Parameters: 0.999998 0.00145426 -0.000660423 -0.00145374 0.999999 0.00039696 0.000660576 -0.00039604 0.999999 -0.0311235 0.067116 0.0219443
FixedParameters: 0 0 0

#Transform 152
Transform: AffineTransform_float_3_3
Parameters: 0.999998 0.00164398 -0.000480057 -0.00164402 0.999998 -3.42108e-05 0.000479943 3.47891e-05 1 -0.0364473 0.173869 0.0124078
FixedParameters: 0 0 0

#Transform 153
Transform: AffineTransform_float_3_3
Parameters: 0.999999 0.00171596 -0.000480125 -0.00171603 0.999998 -7.21762e-05 0.000480874 7.38252e-05 1 -0.037466 0.0963223 0.00243006
FixedParameters: 0 0 0

#Transform 154
Transform: AffineTransform_float_3_3
Parameters: 0.999999 0.00176905 -0.000479817 -0.00176895 0.999999 0.000103849 0.000480183 -0.000103151 1 -0.0362291 0.127367 0.00254231
FixedParameters: 0 0 0

#Transform 155
Transform: AffineTransform_float_3_3
Parameters: 0.999999 0.00175805 -0.000479838 -0.00175796 0.999999 9.28437e-05 0.000480163 -9.2156e-05 1 -0.0394236 0.161076 0.00427053
FixedParameters: 0 0 0

#Transform 156
Transform: AffineTransform_float_3_3
Parameters: 0.999999 0.00175801 -0.000479973 -0.00175799 0.999999 1.58438e-05 0.000480027 -1.51561e-05 1 -0.0349903 0.106892 0.0052293
FixedParameters: 0 0 0

#Transform 157
Transform: AffineTransform_float_3_3
Parameters: 0.999999 0.00172398 -0.000480067 -0.00172402 0.999998 -3.81724e-05 0.000479932 3.98274e-05 1 -0.0362472 0.140762 0.0122943
FixedParameters: 0 0 0

#Transform 158
Transform: AffineTransform_float_3_3
Parameters: 0.999999 0.00165916 -0.000551533 -0.00165884 0.999998 0.000281915 0.000552467 -0.000281084 1 -0.0334443 0.0659491 0.0102242
FixedParameters: 0 0 0

#Transform 159
Transform: AffineTransform_float_3_3
Parameters: 0.999998 0.00187396 -0.00054414 -0.00187404 0.999998 -7.39804e-05 0.00054386 7.50193e-05 1 -0.0320373 0.1584 0.00255011
FixedParameters: 0 0 0

#Transform 160
Transform: AffineTransform_float_3_3
Parameters: 0.999998 0.0018532 -0.000479217 -0.0018528 0.999998 0.000422889 0.000480783 -0.00042211 1 -0.0426001 0.0747113 0.0148089
FixedParameters: 0 0 0

#Transform 161
Transform: AffineTransform_float_3_3
Parameters: 0.999998 0.00190905 -0.000479783 -0.00190895 0.999998 0.000113916 0.000480215 -0.000112083 1 -0.0409348 0.154924 0.00478685
FixedParameters: 0 0 0

#Transform 162
Transform: AffineTransform_float_3_3
Parameters: 0.999999 0.00178005 -0.000424797 -0.00177995 0.999999 0.000114756 0.000425204 -0.000114243 1 -0.0320259 0.106494 -0.00139844
FixedParameters: 0 0 0

#Transform 163
Transform: AffineTransform_float_3_3
Parameters: 0.999999 0.00179906 -0.000368733 -0.00179895 0.999999 0.000148664 0.000369268 -0.000148336 1 -0.0405682 0.123588 0.00320015
FixedParameters: 0 0 0

#Transform 164
Transform: AffineTransform_float_3_3
Parameters: 0.999999 0.00178004 -0.000479873 -0.00177997 0.999999 7.18543e-05 0.000480127 -7.11455e-05 1 -0.0384052 0.154255 0.0146421
FixedParameters: 0 0 0

#Transform 165
Transform: AffineTransform_float_3_3
Parameters: 0.999999 0.00178811 -0.000259265 -0.00178789 0.999999 0.000411464 0.000259734 -0.000410536 1 -0.0440617 0.102272 0.017532
FixedParameters: 0 0 0

#Transform 166
Transform: AffineTransform_float_3_3
Parameters: 0.999999 0.00179806 -0.000165399 -0.00179795 0.999999 0.000334298 0.000166602 -0.000334701 1 -0.0444908 0.138697 0.0199686
FixedParameters: 0 0 0

#Transform 167
Transform: AffineTransform_float_3_3
Parameters: 0.999999 0.00180004 -0.000152543 -0.00179996 0.999999 0.000254275 0.000153457 -0.000253724 1 -0.0450385 0.094541 0.012592
FixedParameters: 0 0 0

#Transform 168
Transform: AffineTransform_float_3_3
Parameters: 0.999999 0.00180002 -0.000182861 -0.00179999 0.999999 7.73293e-05 0.000183138 -7.66705e-05 1 -0.0364349 0.162949 0.0145017
FixedParameters: 0 0 0

#Transform 169
Transform: AffineTransform_float_3_3
Parameters: 0.999999 0.00180008 -0.000280505 -0.00179992 0.999999 0.000275505 0.000281496 -0.000275494 1 -0.0405679 0.0745559 0.0188822
FixedParameters: 0 0 0

#Transform 170
Transform: AffineTransform_float_3_3
Parameters: 0.999999 0.0018 -9.10953e-05 -0.00180001 0.999999 -5.28361e-05 9.09063e-05 5.21637e-05 1 -0.0379672 0.15936 0.0115073
FixedParameters: 0 0 0

#Transform 171
Transform: AffineTransform_float_3_3
Parameters: 0.999998 0.001887 -0.000147058 -0.00188701 0.999998 -3.07226e-05 0.000146943 3.02773e-05 1 -0.0390714 0.0950019 0.00419824
FixedParameters: 0 0 0

#Transform 172
Transform: AffineTransform_float_3_3
Parameters: 0.999999 0.00179999 -0.00048005 -0.00180001 0.999999 -2.7136e-05 0.000479951 2.7864e-05 1 -0.0315202 0.162572 0.00316222
FixedParameters: 0 0 0

#Transform 173
Transform: AffineTransform_float_3_3
Parameters: 0.999999 0.00179999 -0.00028405 -0.00180001 0.999999 -2.74888e-05 0.000283951 2.75112e-05 1 -0.0392496 0.119906 0.0120807
FixedParameters: 0 0 0

#Transform 174
Transform: AffineTransform_float_3_3
Parameters: 0.999999 0.00180002 -0.000192834 -0.00179998 0.999999 9.23473e-05 0.000193165 -9.16525e-05 1 -0.0363328 0.152203 0.0146825
FixedParameters: 0 0 0

#Transform 175
Transform: AffineTransform_float_3_3
Parameters: 0.999999 0.00180001 -7.77227e-05 -0.00179999 0.999999 0.00015414 7.82771e-05 -0.000153859 1 -0.0447254 0.117303 0.027027
FixedParameters: 0 0 0

#Transform 176
Transform: AffineTransform_float_3_3
Parameters: 0.999999 0.0018 -7.09225e-05 -0.0018 0.999999 4.31277e-05 7.10773e-05 -4.28721e-05 1 -0.0383523 0.131333 0.0181754
FixedParameters: 0 0 0

#Transform 177
Transform: AffineTransform_float_3_3
Parameters: 0.999999 0.00180002 -0.000255859 -0.00179998 0.999998 7.84606e-05 0.00025614 -7.7539e-05 1 -0.0417668 0.132732 0.00675829
FixedParameters: 0 0 0

#Transform 178
Transform: AffineTransform_float_3_3
Parameters: 0.999999 0.00179997 -0.000221245 -0.00180003 0.999999 -0.000135602 0.000220757 0.000135398 1 -0.0358671 0.153933 0.0103148
FixedParameters: 0 0 0

#Transform 179
Transform: AffineTransform_float_3_3
Parameters: 0.999999 0.0018 -0.000281987 -0.0018 0.999999 7.50759e-06 0.000282014 -7.49239e-06 1 -0.0424538 0.148775 0.00517524
FixedParameters: 0 0 0

#Transform 180
Transform: AffineTransform_float_3_3
Parameters: 0.999999 0.00180003 -0.000344852 -0.00179997 0.999999 8.26209e-05 0.000345147 -8.13789e-05 1 -0.0426172 0.127403 0.0210922
FixedParameters: 0 0 0

#Transform 181
Transform: AffineTransform_float_3_3
Parameters: 0.999998 0.00189595 -0.000411219 -0.00189605 0.999998 -0.000115221 0.000410781 0.000115779 1 -0.0347008 0.158082 0.023983
FixedParameters: 0 0 0

#Transform 182
Transform: AffineTransform_float_3_3
Parameters: 0.999999 0.00180001 -0.000479947 -0.00179999 0.999999 2.9864e-05 0.000480051 -2.8136e-05 1 -0.0446262 0.0880868 0.0195428
FixedParameters: 0 0 0

#Transform 183
Transform: AffineTransform_float_3_3
Parameters: 0.999998 0.00187792 -0.000480326 -0.00187808 0.999998 -0.000173098 0.000480674 0.000173903 1 -0.0402114 0.167561 0.0227068
FixedParameters: 0 0 0

#Transform 184
Transform: AffineTransform_float_3_3
Parameters: 0.999999 0.00180003 -0.000309832 -0.00179997 0.999999 9.35579e-05 0.000310169 -9.34419e-05 1 -0.0436077 0.0896146 0.0284225
FixedParameters: 0 0 0

#Transform 185
Transform: AffineTransform_float_3_3
Parameters: 0.999999 0.00179997 -0.000480105 -0.00180003 0.999999 -5.81359e-05 0.000480895 5.88657e-05 1 -0.0419297 0.162649 0.0252557
FixedParameters: 0 0 0

#Transform 186
Transform: AffineTransform_float_3_3
Parameters: 0.999998 0.00195202 -0.000533913 -0.00195198 0.999998 4.50423e-05 0.000534087 -4.39575e-05 1 -0.0477471 0.0939773 0.0190221
FixedParameters: 0 0 0

#Transform 187
Transform: AffineTransform_float_3_3
Parameters: 0.999998 0.0019269 -0.000480417 -0.0019271 0.999998 -0.000216075 0.000480583 0.000216926 1 -0.0413117 0.178291 0.00799996
FixedParameters: 0 0 0

#Transform 188
Transform: AffineTransform_float_3_3
Parameters: 0.999998 0.00193408 -0.000479676 -0.00193392 0.999998 0.000167928 0.000480324 -0.000167071 1 -0.0465804 0.0961076 0.0192941
FixedParameters: 0 0 0

#Transform 189
Transform: AffineTransform_float_3_3
Parameters: 0.999998 0.00195883 -0.000539634 -0.00195917 0.999998 -0.000322943 0.000538366 0.000324055 1 -0.0423719 0.187343 0.0107374
FixedParameters: 0 0 0

#Transform 190
Transform: AffineTransform_float_3_3
Parameters: 0.999999 0.00180003 -0.000363843 -0.00179997 0.999999 8.76551e-05 0.000363158 -8.73465e-05 1 -0.0447399 0.0955194 0.0230352
FixedParameters: 0 0 0

#Transform 191
Transform: AffineTransform_float_3_3
Parameters: 0.999998 0.00193494 -0.000480229 -0.00193506 0.999998 -0.000118071 0.000480771 0.000118931 1 -0.0457528 0.15858 0.00704445
FixedParameters: 0 0 0

#Transform 192
Transform: AffineTransform_float_3_3
Parameters: 0.999998 0.00179992 -0.000578249 -0.00180008 0.999999 -0.000137959 0.000578751 0.000139042 1 -0.0465277 0.128002 0.0235286
FixedParameters: 0 0 0

#Transform 193
Transform: AffineTransform_float_3_3
Parameters: 0.999997 0.00210793 -0.000480296 -0.00210807 0.999998 -0.000139988 0.000480704 0.000141014 1 -0.0550642 0.143874 0.0178694
FixedParameters: 0 0 0

#Transform 194
Transform: AffineTransform_float_3_3
Parameters: 0.999998 0.00215394 -0.000578242 -0.00215407 0.999997 -0.000111755 0.000577758 0.000113245 1 -0.0552941 0.127244 0.0210115
FixedParameters: 0 0 0

#Transform 195
Transform: AffineTransform_float_3_3
Parameters: 0.999998 0.00204107 -0.000556729 -0.00204093 0.999998 0.000133137 0.00055727 -0.000131863 1 -0.0496243 0.109242 0.00642808
FixedParameters: 0 0 0

#Transform 196
Transform: AffineTransform_float_3_3
Parameters: 0.999998 0.00202599 -0.000480056 -0.00202601 0.999998 -2.70275e-05 0.000479944 2.79724e-05 1 -0.0514189 0.149605 0.00805332
FixedParameters: 0 0 0

#Transform 197
Transform: AffineTransform_float_3_3
Parameters: 0.999998 0.00203901 -0.000479944 -0.00203899 0.999998 2.79787e-05 0.000480056 -2.70212e-05 1 -0.0530324 0.0964115 0.0102304
FixedParameters: 0 0 0

#Transform 198
Transform: AffineTransform_float_3_3
Parameters: 0.999997 0.00206693 -0.00063924 -0.00206607 0.999998 -0.00011568 0.000638761 0.000116321 1 -0.0566788 0.170851 0.00631368
FixedParameters: 0 0 0

#Transform 199
Transform: AffineTransform_float_3_3
Parameters: 0.999998 0.00213205 -0.000829874 -0.00213195 0.999997 5.97694e-05 0.000830126 -5.82302e-05 0.999999 -0.0521344 0.096415 0.0175795
FixedParameters: 0 0 0

#Transform 200
Transform: AffineTransform_float_3_3
Parameters: 0.999998 0.00220987 -0.000626447 -0.00221013 0.999997 -0.000201616 0.000625552 0.000203383 1 -0.0575802 0.202075 0.0228811
FixedParameters: 0 0 0

#Transform 201
Transform: AffineTransform_float_3_3
Parameters: 0.999998 0.00216216 -0.000766559 -0.00216184 0.999997 0.000204658 0.000766441 -0.000203343 0.999999 -0.0520099 0.105027 0.0310647
FixedParameters: 0 0 0

#Transform 202
Transform: AffineTransform_float_3_3
Parameters: 0.999998 0.00218485 -0.000573554 -0.00218515 0.999997 -0.000252747 0.000572446 0.000254251 1 -0.0613338 0.184184 0.0179113
FixedParameters: 0 0 0

#Transform 203
Transform: AffineTransform_float_3_3
Parameters: 0.999998 0.00213197 -0.000660103 -0.00213203 0.999997 -4.75927e-05 0.000660898 4.84091e-05 1 -0.0574003 0.107476 0.0321795
FixedParameters: 0 0 0

#Transform 204
Transform: AffineTransform_float_3_3
Parameters: 0.999998 0.00217688 -0.000480539 -0.00217712 0.999997 -0.000246954 0.000480461 0.000248046 1 -0.0515222 0.159948 0.0277199
FixedParameters: 0 0 0

#Transform 205
Transform: AffineTransform_float_3_3
Parameters: 0.999997 0.00211795 -0.000480227 -0.00211805 0.999998 -0.000106983 0.000480772 0.000108018 1 -0.051756 0.122976 0.0171985
FixedParameters: 0 0 0

#Transform 206
Transform: AffineTransform_float_3_3
Parameters: 0.999997 0.00213796 -0.000480157 -0.00213803 0.999997 -7.29736e-05 0.000480843 7.40282e-05 1 -0.0532091 0.124393 0.0131965
FixedParameters: 0 0 0

#Transform 207
Transform: AffineTransform_float_3_3
Parameters: 0.999997 0.00212874 -0.000481142 -0.00212926 0.999997 -0.000535976 0.000480857 0.000537025 0.999999 -0.0471063 0.156246 0.00888273
FixedParameters: 0 0 0

#Transform 208
Transform: AffineTransform_float_3_3
Parameters: 0.999998 0.002197 -0.000623003 -0.002197 0.999997 -6.31263e-07 0.000622999 1.36873e-06 1 -0.057876 0.123352 0.0140526
FixedParameters: 0 0 0

#Transform 209
Transform: AffineTransform_float_3_3
Parameters: 0.999998 0.002168 -0.000627992 -0.002168 0.999997 4.36149e-06 0.00062801 -3.63848e-06 1 -0.0521682 0.141854 0.0207834
FixedParameters: 0 0 0

#Transform 210
Transform: AffineTransform_float_3_3
Parameters: 0.999998 0.00219608 -0.000479617 -0.00219592 0.999997 0.000175054 0.000480383 -0.000173945 1 -0.0562378 0.146562 0.0128736
FixedParameters: 0 0 0

#Transform 211
Transform: AffineTransform_float_3_3
Parameters: 0.999998 0.00220214 -0.000596497 -0.00220186 0.999997 0.000229314 0.000596505 -0.000228687 1 -0.0536561 0.170449 0.0205044
FixedParameters: 0 0 0

#Transform 212
Transform: AffineTransform_float_3_3
Parameters: 0.999998 0.00220106 -0.0006388 -0.00220094 0.999998 9.14062e-05 0.000639201 -9.05934e-05 1 -0.0530046 0.132915 0.0111955
FixedParameters: 0 0 0

#Transform 213
Transform: AffineTransform_float_3_3
Parameters: 0.999998 0.00218896 -0.000674143 -0.00218904 0.999997 -6.45244e-05 0.000674858 6.54774e-05 1 -0.0530126 0.16721 0.0168611
FixedParameters: 0 0 0

#Transform 214
Transform: AffineTransform_float_3_3
Parameters: 0.999998 0.0021881 -0.00069869 -0.0021889 0.999997 0.00014253 0.000699311 -0.00014147 0.999999 -0.0505714 0.111459 0.0178892
FixedParameters: 0 0 0

#Transform 215
Transform: AffineTransform_float_3_3
Parameters: 0.999997 0.00211192 -0.000560303 -0.00211208 0.999998 -0.000142817 0.000560696 0.000144184 1 -0.0502011 0.175037 0.0188994
FixedParameters: 0 0 0

#Transform 216
Transform: AffineTransform_float_3_3
Parameters: 0.999998 0.00213322 -0.000708342 -0.00213278 0.999997 0.000309511 0.00070866 -0.000308489 0.999999 -0.0493204 0.0960806 0.0280275
FixedParameters: 0 0 0

#Transform 217
Transform: AffineTransform_float_3_3
Parameters: 0.999997 0.00226795 -0.000673191 -0.00226806 0.999998 -8.34734e-05 0.00067281 8.45261e-05 1 -0.0518442 0.181852 0.0263578
FixedParameters: 0 0 0

#Transform 218
Transform: AffineTransform_float_3_3
Parameters: 0.999997 0.00227124 -0.000709246 -0.00227077 0.999998 0.000332611 0.000710754 -0.000331387 0.999999 -0.0511174 0.10746 0.0350047
FixedParameters: 0 0 0

#Transform 219
Transform: AffineTransform_float_3_3
Parameters: 0.999998 0.00221198 -0.000691054 -0.00221202 0.999998 -2.34714e-05 0.000690945 2.55284e-05 1 -0.0472557 0.176836 0.0203279
FixedParameters: 0 0 0

#Transform 220
Transform: AffineTransform_float_3_3
Parameters: 0.999998 0.00219707 -0.00067277 -0.00219793 0.999997 0.000105479 0.000673231 -0.000104521 1 -0.0494146 0.102975 0.0388327
FixedParameters: 0 0 0

#Transform 221
Transform: AffineTransform_float_3_3
Parameters: 0.999997 0.00205289 -0.000552411 -0.00205311 0.999998 -0.000199866 0.000551588 0.000201133 1 -0.0483887 0.16796 0.0331008
FixedParameters: 0 0 0

#Transform 222
Transform: AffineTransform_float_3_3
Parameters: 0.999998 0.00221597 -0.000745076 -0.00221603 0.999997 -3.3349e-05 0.000744925 3.46508e-05 0.999999 -0.0514304 0.125025 0.0355324
FixedParameters: 0 0 0

#Transform 223
Transform: AffineTransform_float_3_3
Parameters: 0.999997 0.00234293 -0.000480338 -0.00234307 0.999997 -0.000143875 0.000480661 0.000145127 1 -0.0553731 0.161079 0.0174924
FixedParameters: 0 0 0

#Transform 224
Transform: AffineTransform_float_3_3
Parameters: 0.999998 0.00218399 -0.000564025 -0.00218401 0.999997 -1.07682e-05 0.000563977 1.12317e-05 1 -0.0546953 0.109709 0.0321121
FixedParameters: 0 0 0

#Transform 225
Transform: AffineTransform_float_3_3
Parameters: 0.999998 0.00227395 -0.00056621 -0.00227405 0.999998 -9.17127e-05 0.000565789 9.32869e-05 1 -0.0547742 0.183808 0.0174102
FixedParameters: 0 0 0

#Transform 226
Transform: AffineTransform_float_3_3
Parameters: 0.999998 0.00221808 -0.000479622 -0.00221792 0.999997 0.000171064 0.000480378 -0.000169935 1 -0.0526611 0.13895 0.0308312
FixedParameters: 0 0 0

#Transform 227
Transform: AffineTransform_float_3_3
Parameters: 0.999998 0.0022579 -0.000480502 -0.00225811 0.999998 -0.000221916 0.0004805 0.000222086 1 -0.0489875 0.173077 0.0138109
FixedParameters: 0 0 0

#Transform 228
Transform: AffineTransform_float_3_3
Parameters: 0.999998 0.0022237 -0.00063305 -0.0022233 0.999998 -0.000471594 0.000631951 0.000472407 0.999999 -0.0462749 0.194664 0.0168334
FixedParameters: 0 0 0

#Transform 229
Transform: AffineTransform_float_3_3
Parameters: 0.999997 0.00223188 -0.000741378 -0.00223213 0.999998 -0.000168346 0.000740623 0.000169653 0.999999 -0.0478059 0.129398 0.0213396
FixedParameters: 0 0 0

#Transform 230
Transform: AffineTransform_float_3_3
Parameters: 0.999997 0.00238976 -0.000737772 -0.00238924 0.999997 -0.000322238 0.000736228 0.00032376 0.999999 -0.0521711 0.194857 0.0235538
FixedParameters: 0 0 0

#Transform 231
Transform: AffineTransform_float_3_3
Parameters: 0.999997 0.00233683 -0.000705561 -0.00233717 0.999997 -0.000239352 0.000705439 0.000240649 0.999999 -0.0542873 0.119909 0.0326437
FixedParameters: 0 0 0

#Transform 232
Transform: AffineTransform_float_3_3
Parameters: 0.999998 0.00221579 -0.000635745 -0.00221622 0.999998 -0.000335592 0.000635254 0.000337409 0.999999 -0.0512118 0.164133 0.0217654
FixedParameters: 0 0 0

#Transform 233
Transform: AffineTransform_float_3_3
Parameters: 0.999997 0.0022491 -0.000871739 -0.0022489 0.999998 0.000116961 0.000871261 -0.000115041 0.999999 -0.0536895 0.0978123 0.0323878
FixedParameters: 0 0 0

#Transform 234
Transform: AffineTransform_float_3_3
Parameters: 0.999997 0.00225864 -0.000667236 -0.00225837 0.999998 -0.000546495 0.000665765 0.000547505 0.999999 -0.0498492 0.198817 0.0187052
FixedParameters: 0 0 0

#Transform 235
Transform: AffineTransform_float_3_3
Parameters: 0.999997 0.00227196 -0.000683128 -0.00227204 0.999997 -5.5448e-05 0.000682873 5.65516e-05 1 -0.0542288 0.102851 0.0267988
FixedParameters: 0 0 0

#Transform 236
Transform: AffineTransform_float_3_3
Parameters: 0.999997 0.00233252 -0.000770453 -0.00233248 0.999997 -0.000622205 0.000769547 0.000623797 0.999999 -0.0537776 0.208635 0.0171362
FixedParameters: 0 0 0

#Transform 237
Transform: AffineTransform_float_3_3
Parameters: 0.999997 0.00232876 -0.00078272 -0.00232924 0.999997 -0.000308178 0.00078228 0.000309823 0.999999 -0.0535533 0.134068 0.0213736
FixedParameters: 0 0 0

#Transform 238
Transform: AffineTransform_float_3_3
Parameters: 0.999997 0.00226882 -0.000812506 -0.00226918 0.999998 -0.000222157 0.000812494 0.000223844 0.999999 -0.0503518 0.175762 0.0205615
FixedParameters: 0 0 0

#Transform 239
Transform: AffineTransform_float_3_3
Parameters: 0.999998 0.00222079 -0.000651727 -0.00222121 0.999997 -0.000326553 0.000651272 0.000328447 0.999999 -0.0519895 0.160552 0.0205084
FixedParameters: 0 0 0

#Transform 240
Transform: AffineTransform_float_3_3
Parameters: 0.999998 0.00216394 -0.000711189 -0.00216406 0.999997 -8.64611e-05 0.00071181 8.85405e-05 0.999999 -0.0491412 0.13119 0.0261733
FixedParameters: 0 0 0

#Transform 241
Transform: AffineTransform_float_3_3
Parameters: 0.999998 0.00220274 -0.000691846 -0.00220327 0.999998 -0.000383477 0.000690155 0.000384521 0.999999 -0.0547236 0.169145 0.0222881
FixedParameters: 0 0 0

#Transform 242
Transform: AffineTransform_float_3_3
Parameters: 0.999998 0.00219706 -0.000804831 -0.00219694 0.999997 7.77683e-05 0.000805169 -7.62311e-05 0.999999 -0.0518096 0.0903942 0.0269704
FixedParameters: 0 0 0

#Transform 243
Transform: AffineTransform_float_3_3
Parameters: 0.999997 0.00258463 -0.000647489 -0.00258437 0.999997 -0.000575329 0.000645512 0.000576671 0.999999 -0.0612247 0.205162 0.0103493
FixedParameters: 0 0 0

#Transform 244
Transform: AffineTransform_float_3_3
Parameters: 0.999997 0.00219397 -0.000862088 -0.00219403 0.999997 -3.91086e-05 0.000861912 4.08911e-05 0.999999 -0.0482609 0.114467 0.0299236
FixedParameters: 0 0 0

#Transform 245
Transform: AffineTransform_float_3_3
Parameters: 0.999997 0.00222994 -0.000814154 -0.00223006 0.999997 -6.81845e-05 0.000813846 6.9815e-05 0.999999 -0.0474525 0.184835 0.0292523
FixedParameters: 0 0 0

#Transform 246
Transform: AffineTransform_float_3_3
Parameters: 0.999998 0.00217601 -0.000862978 -0.00217599 0.999997 1.08779e-05 0.000863022 -9.12207e-06 0.999999 -0.0515139 0.122478 0.03104
FixedParameters: 0 0 0

#Transform 247
Transform: AffineTransform_float_3_3
Parameters: 0.999997 0.00229998 -0.000692065 -0.00230002 0.999998 -2.74083e-05 0.000691936 2.85915e-05 1 -0.0588303 0.170873 0.0300551
FixedParameters: 0 0 0

#Transform 248
Transform: AffineTransform_float_3_3
Parameters: 0.999997 0.00225912 -0.000994719 -0.00225888 0.999998 0.000125247 0.000995279 -0.000122752 0.999999 -0.052217 0.118595 0.0336438
FixedParameters: 0 0 0

#Transform 249
Transform: AffineTransform_float_3_3
Parameters: 0.999997 0.00231748 -0.000881742 -0.00231652 0.999997 0.000544045 0.000883258 -0.000541955 1 -0.0540839 0.111606 0.0362146
FixedParameters: 0 0 0

#Transform 250
Transform: AffineTransform_float_3_3
Parameters: 0.999997 0.00237426 -0.000905326 -0.00237374 0.999997 0.00028515 0.000905674 -0.000282851 1 -0.0580957 0.171614 0.0371365
FixedParameters: 0 0 0

#Transform 251
Transform: AffineTransform_float_3_3
Parameters: 0.999998 0.00204263 -0.00104377 -0.00204237 0.999997 0.000605133 0.00104423 -0.000602869 1 -0.0471471 0.0944252 0.0389693
FixedParameters: 0 0 0

#Transform 252
Transform: AffineTransform_float_3_3
Parameters: 0.999996 0.00245313 -0.000930641 -0.00245286 0.999997 0.000147283 0.000930357 -0.000144718 0.999999 -0.0591865 0.19603 0.0258175
FixedParameters: 0 0 0

#Transform 253
Transform: AffineTransform_float_3_3
Parameters: 0.999998 0.00213709 -0.000930801 -0.00213691 0.999997 9.39892e-05 0.000931199 -9.20101e-05 0.999999 -0.0504285 0.131984 0.0328815
FixedParameters: 0 0 0

#Transform 254
Transform: AffineTransform_float_3_3
Parameters: 0.999997 0.00201503 -0.000806933 -0.00201497 0.999998 3.3626e-05 0.000807066 -3.23738e-05 0.999999 -0.0504632 0.13301 0.0259681
FixedParameters: 0 0 0

#Transform 255
Transform: AffineTransform_float_3_3
Parameters: 0.999998 0.00213681 -0.000843485 -0.00213719 0.999997 -0.000226198 0.000842513 0.000228801 0.999999 -0.0476563 0.213099 0.0138331
FixedParameters: 0 0 0

#Transform 256
Transform: AffineTransform_float_3_3
Parameters: 0.999998 0.00213708 -0.00093082 -0.00213692 0.999997 8.49893e-05 0.000931179 -8.30102e-05 0.999999 -0.0476363 0.107633 0.0326423
FixedParameters: 0 0 0

#Transform 257
Transform: AffineTransform_float_3_3
Parameters: 0.999997 0.00213727 -0.000986409 -0.00213673 0.999997 0.000278108 0.000986592 -0.000275892 1 -0.0450398 0.157604 0.0370603
FixedParameters: 0 0 0

#Transform 258
Transform: AffineTransform_float_3_3
Parameters: 0.999998 0.00173403 -0.000811933 -0.00173397 0.999998 3.94079e-05 0.000812068 -3.85919e-05 0.999999 -0.0399456 0.155545 0.0372642
FixedParameters: 0 0 0

#Transform 259
Transform: AffineTransform_float_3_3
Parameters: 0.999998 0.00173435 -0.000867293 -0.00173365 0.999999 0.000408504 0.000867706 -0.000406496 0.999999 -0.0410129 0.0961657 0.0398153
FixedParameters: 0 0 0

#Transform 260
Transform: AffineTransform_float_3_3
Parameters: 0.999997 0.00197605 -0.000930899 -0.00197695 0.999998 5.18404e-05 0.0009311 -5.01602e-05 0.999999 -0.0428371 0.195973 0.0319382
FixedParameters: 0 0 0

#Transform 261
Transform: AffineTransform_float_3_3
Parameters: 0.999998 0.00173413 -0.000704676 -0.00173387 0.999999 0.000187222 0.000705323 -0.000185777 0.999999 -0.0399367 0.129109 0.0347809
FixedParameters: 0 0 0

#Transform 262
Transform: AffineTransform_float_3_3
Parameters: 0.999998 0.00173433 -0.000745239 -0.00173367 0.999999 0.000439293 0.000745762 -0.000438707 0.999999 -0.0389235 0.131565 0.056272
FixedParameters: 0 0 0

#Transform 263
Transform: AffineTransform_float_3_3
Parameters: 0.999999 0.00173398 -0.000594055 -0.00173402 0.999998 -3.09699e-05 0.000593945 3.20299e-05 1 -0.0388025 0.193779 0.0324096
FixedParameters: 0 0 0

#Transform 264
Transform: AffineTransform_float_3_3
Parameters: 0.999998 0.00179016 -0.000769628 -0.00178984 0.999999 0.000208378 0.000770373 -0.000207621 0.999999 -0.0428487 0.128626 0.0339666
FixedParameters: 0 0 0

#Transform 265
Transform: AffineTransform_float_3_3
Parameters: 0.999998 0.00178783 -0.000667473 -0.00178818 0.999999 -0.000263807 0.000667529 0.000264194 0.999999 -0.0410228 0.197644 0.0331949
FixedParameters: 0 0 0

#Transform 266
Transform: AffineTransform_float_3_3
Parameters: 0.999999 0.00173411 -0.000640713 -0.00173389 0.999998 0.000166111 0.000641287 -0.000164888 1 -0.0435896 0.109084 0.0441318
FixedParameters: 0 0 0

#Transform 267
Transform: AffineTransform_float_3_3
Parameters: 0.999999 0.00173409 -0.00064676 -0.00173391 0.999998 0.000139122 0.00064724 -0.000137878 1 -0.041009 0.147259 0.0360243
FixedParameters: 0 0 0

#Transform 268
Transform: AffineTransform_float_3_3
Parameters: 0.999998 0.00173382 -0.000703439 -0.00173418 0.999999 -0.000252781 0.00070356 0.00025422 0.999999 -0.0410643 0.153848 0.0311379
FixedParameters: 0 0 0

#Transform 269
Transform: AffineTransform_float_3_3
Parameters: 0.999998 0.00173406 -0.00093088 -0.00173394 0.999998 6.96142e-05 0.000931118 -6.73854e-05 0.999999 -0.0447147 0.127883 0.0378257
FixedParameters: 0 0 0

#Transform 270
Transform: AffineTransform_float_3_3
Parameters: 0.999998 0.00182711 -0.000677697 -0.00182689 0.999999 0.000166238 0.000677302 -0.000164763 1 -0.0449467 0.162439 0.0454587
FixedParameters: 0 0 0

#Transform 271
Transform: AffineTransform_float_3_3
Parameters: 0.999998 0.00173421 -0.000704482 -0.00173379 0.999999 0.000299222 0.000705517 -0.000297777 0.999999 -0.0431974 0.101991 0.0428579
FixedParameters: 0 0 0

#Transform 272
Transform: AffineTransform_float_3_3
Parameters: 0.999998 0.00184295 -0.00065213 -0.00184305 0.999999 -6.97982e-05 0.00065187 7.12015e-05 1 -0.0430263 0.183319 0.0213944
FixedParameters: 0 0 0

#Transform 273
Transform: AffineTransform_float_3_3
Parameters: 0.999998 0.00173411 -0.000776746 -0.00173389 0.999998 0.000147347 0.000777254 -0.000145652 0.999999 -0.0381314 0.111871 0.0262366
FixedParameters: 0 0 0

#Transform 274
Transform: AffineTransform_float_3_3
Parameters: 0.999999 0.00173405 -0.000699874 -0.00173395 0.999999 7.32137e-05 0.000700126 -7.17861e-05 1 -0.0382038 0.172415 0.0298627
FixedParameters: 0 0 0

#Transform 275
Transform: AffineTransform_float_3_3
Parameters: 0.999999 0.00173408 -0.000650794 -0.00173392 0.999998 0.000119129 0.000651205 -0.000117871 1 -0.0360761 0.109162 0.0254368
FixedParameters: 0 0 0

#Transform 276
Transform: AffineTransform_float_3_3
Parameters: 0.999998 0.00189572 -0.000931578 -0.00189628 0.999998 -0.000304234 0.000930421 0.000305764 0.999999 -0.0492914 0.153912 0.00415764
FixedParameters: 0 0 0

#Transform 277
Transform: AffineTransform_float_3_3
Parameters: 0.999998 0.001895 -0.000852006 -0.001895 0.999998 -2.38545e-06 0.000851994 3.61453e-06 0.999999 -0.0455261 0.179465 0.00244754
FixedParameters: 0 0 0

#Transform 278
Transform: AffineTransform_float_3_3
Parameters: 0.999998 0.00189922 -0.000878529 -0.00189978 0.999998 0.000248669 0.000878471 -0.000247332 0.999999 -0.0444201 0.147618 0.0202408
FixedParameters: 0 0 0

#Transform 279
Transform: AffineTransform_float_3_3
Parameters: 0.999998 0.00184309 -0.000930817 -0.00184291 0.999999 9.97156e-05 0.000931182 -9.82839e-05 0.999999 -0.0424687 0.170462 0.0211556
FixedParameters: 0 0 0

#Transform 280
Transform: AffineTransform_float_3_3
Parameters: 0.999998 0.00173442 -0.00093022 -0.00173358 0.999999 0.000450614 0.000930779 -0.000448387 1 -0.0415594 0.111857 0.0345392
FixedParameters: 0 0 0

#Transform 281
Transform: AffineTransform_float_3_3
Parameters: 0.999998 0.00189321 -0.000930576 -0.00189379 0.999998 0.000224763 0.000930422 -0.000222239 0.999999 -0.0452908 0.146421 0.0240221
FixedParameters: 0 0 0

#Transform 282
Transform: AffineTransform_float_3_3
Parameters: 0.999998 0.0018932 -0.000930583 -0.0018928 0.999998 0.000220762 0.000930416 -0.000219239 0.999999 -0.0468406 0.135533 0.0198608
FixedParameters: 0 0 0

#Transform 283
Transform: AffineTransform_float_3_3
Parameters: 0.999998 0.00189412 -0.000843722 -0.00189388 0.999998 0.000147598 0.000843278 -0.000146403 0.999999 -0.0457701 0.153954 0.0275464
FixedParameters: 0 0 0

#Transform 284
Transform: AffineTransform_float_3_3
Parameters: 0.999997 0.00191208 -0.000930845 -0.00191192 0.999998 8.17799e-05 0.000931154 -8.02197e-05 0.999999 -0.043032 0.143762 0.0288423
FixedParameters: 0 0 0

#Transform 285
Transform: AffineTransform_float_3_3
Parameters: 0.999998 0.00173408 -0.000930844 -0.00173392 0.999998 9.06141e-05 0.000931156 -8.93854e-05 0.999999 -0.0398608 0.194986 0.0383203
FixedParameters: 0 0 0

#Transform 286
Transform: AffineTransform_float_3_3
Parameters: 0.999998 0.00187726 -0.000930468 -0.00187774 0.999998 0.000283748 0.000930529 -0.000281254 0.999999 -0.0421668 0.139312 0.0368529
FixedParameters: 0 0 0

#Transform 287
Transform: AffineTransform_float_3_3
Parameters: 0.999998 0.00173378 -0.000931407 -0.00173422 0.999998 -0.000234385 0.000930592 0.000235614 0.999999 -0.0410802 0.187009 0.0313843
FixedParameters: 0 0 0

#Transform 288
Transform: AffineTransform_float_3_3
Parameters: 0.999998 0.00182207 -0.000618782 -0.00182193 0.999999 0.000120128 0.000619218 -0.000118872 1 -0.0487343 0.107563 0.0388516
FixedParameters: 0 0 0

#Transform 289
Transform: AffineTransform_float_3_3
Parameters: 0.999998 0.00185284 -0.000729421 -0.00185317 0.999999 -0.000226649 0.00072858 0.00022735 0.999999 -0.0421878 0.197878 0.0313635
FixedParameters: 0 0 0

#Transform 290
Transform: AffineTransform_float_3_3
Parameters: 0.999998 0.00173398 -0.00070806 -0.00173402 0.999998 -3.37722e-05 0.00070794 3.52276e-05 0.999999 -0.0426603 0.128672 0.0355027
FixedParameters: 0 0 0

#Transform 291
Transform: AffineTransform_float_3_3
Parameters: 0.999999 0.00166683 -0.000685416 -0.00166617 0.999998 -0.000248858 0.000684584 0.000250141 0.999999 -0.0418669 0.190106 0.0448597
FixedParameters: 0 0 0

#Transform 292
Transform: AffineTransform_float_3_3
Parameters: 0.999998 0.00166805 -0.000537855 -0.00166795 0.999998 8.68972e-05 0.000538144 -8.61024e-05 1 -0.044457 0.105013 0.0473719
FixedParameters: 0 0 0

#Transform 293
Transform: AffineTransform_float_3_3
Parameters: 0.999999 0.00173383 -0.000529561 -0.00173417 0.999999 -0.000323082 0.000529439 0.000323919 1 -0.0459841 0.230459 0.0290902
FixedParameters: 0 0 0

#Transform 294
Transform: AffineTransform_float_3_3
Parameters: 0.999999 0.00173394 -0.000259416 -0.00173406 0.999998 -0.00023955 0.000258585 0.000239449 1 -0.0475346 0.210413 0.0397606
FixedParameters: 0 0 0

#Transform 295
Transform: AffineTransform_float_3_3
Parameters: 0.999998 0.00157606 -0.000230591 -0.00157594 0.999998 0.000259364 0.000230408 -0.000258637 1 -0.0430414 0.00747819 0.0416708
FixedParameters: 0 0 0

#Transform 296
Transform: AffineTransform_float_3_3
Parameters: 0.999999 0.00174006 -0.000307638 -0.00173994 0.999998 0.000208535 0.000307363 -0.000208465 1 -0.0439079 0.131548 0.0330629
FixedParameters: 0 0 0

#Transform 297
Transform: AffineTransform_float_3_3
Parameters: 0.999999 0.0017933 -0.00052799 -0.0017937 0.999998 0.000563948 0.000529011 -0.000563052 0.999999 -0.0508881 0.131113 0.0384431
FixedParameters: 0 0 0

#Transform 298
Transform: AffineTransform_float_3_3
Parameters: 0.999999 0.00179321 -0.000528296 -0.00179379 0.999999 0.000392948 0.000528704 -0.000392053 1 -0.0474377 0.18178 0.0185513
FixedParameters: 0 0 0

#Transform 299
Transform: AffineTransform_float_3_3
Parameters: 0.999999 0.0017931 -0.000528673 -0.0017929 0.999999 0.000182948 0.000529327 -0.000182051 1 -0.0506622 0.199673 0.013983
FixedParameters: 0 0 0

#Transform 300
Transform: AffineTransform_float_3_3
Parameters: 0.999998 0.00179328 -0.000724303 -0.00179372 0.999999 0.0003893 0.000724696 -0.000387701 0.999999 -0.0465924 0.139621 0.0187162
FixedParameters: 0 0 0

#Transform 301
Transform: AffineTransform_float_3_3
Parameters: 0.999999 0.00179293 -0.000529252 -0.00179308 0.999999 -0.000140051 0.000528748 0.000140948 1 -0.0480124 0.250466 0.00693909
FixedParameters: 0 0 0

#Transform 302
Transform: AffineTransform_float_3_3
Parameters: 0.999998 0.00179332 -0.00079227 -0.00179368 0.999999 0.000407422 0.000792729 -0.000405579 0.999999 -0.0432818 0.104836 0.0307435
FixedParameters: 0 0 0

#Transform 303
Transform: AffineTransform_float_3_3
Parameters: 0.999998 0.00179321 -0.000705479 -0.0017938 0.999999 0.000291266 0.000706521 -0.000289734 0.999999 -0.0446039 0.132736 0.0267895
FixedParameters: 0 0 0

#Transform 304
Transform: AffineTransform_float_3_3
Parameters: 0.999999 0.00179309 -0.0005287 -0.00179291 0.999999 0.000167948 0.0005293 -0.000167051 1 -0.0472661 0.134652 0.0315303
FixedParameters: 0 0 0

#Transform 305
Transform: AffineTransform_float_3_3
Parameters: 0.999999 0.00163804 -0.000602895 -0.00163796 0.999998 6.49876e-05 0.000603106 -6.40122e-05 1 -0.0420968 0.0969456 0.0189305
FixedParameters: 0 0 0

#Transform 306
Transform: AffineTransform_float_3_3
Parameters: 0.999999 0.00179283 -0.000529584 -0.00179317 0.999999 -0.000325051 0.000529416 0.00032595 1 -0.0447664 0.170298 0.0148773
FixedParameters: 0 0 0

#Transform 307
Transform: AffineTransform_float_3_3
Parameters: 0.999999 0.00171288 -0.00052939 -0.00171312 0.999998 -0.000227093 0.00052861 0.000227906 1 -0.040878 0.0945141 0.0102473
FixedParameters: 0 0 0

#Transform 308
Transform: AffineTransform_float_3_3
Parameters: 0.999999 0.00179286 -0.000529471 -0.00179314 0.999999 -0.000262051 0.000529529 0.00026295 1 -0.0469693 0.160062 0.0140542
FixedParameters: 0 0 0

#Transform 309
Transform: AffineTransform_float_3_3
Parameters: 0.999999 0.00179302 -0.000528949 -0.00179299 0.999999 2.89485e-05 0.000529051 -2.80515e-05 1 -0.0471589 0.116023 0.0284898
FixedParameters: 0 0 0

#Transform 310
Transform: AffineTransform_float_3_3
Parameters: 0.999999 0.00171099 -0.00052903 -0.00171101 0.999998 -1.70948e-05 0.00052897 1.79051e-05 1 -0.0438978 0.163839 0.0227481
FixedParameters: 0 0 0

#Transform 311
Transform: AffineTransform_float_3_3
Parameters: 0.999999 0.00179307 -0.000528761 -0.00179293 0.999999 0.000133948 0.000529239 -0.000133051 1 -0.0471065 0.154242 0.0307246
FixedParameters: 0 0 0

#Transform 312
Transform: AffineTransform_float_3_3
Parameters: 0.999999 0.00179302 -0.000528933 -0.00179298 0.999999 3.79484e-05 0.000529067 -3.70514e-05 1 -0.0467367 0.163812 0.0238052
FixedParameters: 0 0 0

#Transform 313
Transform: AffineTransform_float_3_3
Parameters: 0.999999 0.00146979 -0.000529577 -0.00147021 0.999999 -0.000392222 0.000529423 0.000392778 1 -0.0349801 0.180854 0.0159967
FixedParameters: 0 0 0

#Transform 314
Transform: AffineTransform_float_3_3
Parameters: 0.999998 0.00149603 -0.0005289 -0.00149596 0.999999 6.67913e-05 0.000529099 -6.62085e-05 1 -0.0378859 0.0994155 0.0250631
FixedParameters: 0 0 0

#Transform 315
Transform: AffineTransform_float_3_3
Parameters: 0.999998 0.00157691 -0.000595245 -0.00157709 0.999998 -0.000155061 0.000594754 0.000155938 1 -0.0382572 0.166784 0.0216589
FixedParameters: 0 0 0

#Transform 316
Transform: AffineTransform_float_3_3
Parameters: 0.999998 0.00156006 -0.000528826 -0.00155994 0.999999 0.000111825 0.000529174 -0.000111175 1 -0.0442392 0.0966453 0.0301459
FixedParameters: 0 0 0

#Transform 317
Transform: AffineTransform_float_3_3
Parameters: 0.999998 0.0015139 -0.000529279 -0.0015141 0.999999 -0.000184199 0.000528721 0.000184801 1 -0.0358964 0.180783 0.0237756
FixedParameters: 0 0 0

#Transform 318
Transform: AffineTransform_float_3_3
Parameters: 0.999998 0.00164326 -0.000528177 -0.00164373 0.999998 0.000500869 0.000528822 -0.000500131 0.999999 -0.0435945 0.0799043 0.0429115
FixedParameters: 0 0 0

#Transform 319
Transform: AffineTransform_float_3_3
Parameters: 0.999998 0.00166204 -0.000528874 -0.00166196 0.999998 7.5879e-05 0.000529125 -7.51206e-05 1 -0.0432158 0.195649 0.0293321
FixedParameters: 0 0 0

#Transform 320
Transform: AffineTransform_float_3_3
Parameters: 0.999998 0.00179309 -0.000705766 -0.00179291 0.999999 0.000131266 0.000706234 -0.000129734 0.999999 -0.0454536 0.128292 0.0307091
FixedParameters: 0 0 0

#Transform 321
Transform: AffineTransform_float_3_3
Parameters: 0.999999 0.00170505 -0.000528854 -0.00170595 0.999998 8.59023e-05 0.000529146 -8.50979e-05 1 -0.0471126 0.175787 0.0295901
FixedParameters: 0 0 0

#Transform 322
Transform: AffineTransform_float_3_3
Parameters: 0.999998 0.00179304 -0.000620891 -0.00179296 0.999999 6.11134e-05 0.000621108 -5.98864e-05 1 -0.0460636 0.147196 0.0291638
FixedParameters: 0 0 0

#Transform 323
Transform: AffineTransform_float_3_3
Parameters: 0.999998 0.00161023 -0.00064143 -0.00160977 0.999998 0.000354033 0.000642569 -0.000352966 0.999999 -0.0413984 0.134064 0.0516774
FixedParameters: 0 0 0

#Transform 324
Transform: AffineTransform_float_3_3
Parameters: 0.999999 0.00179321 -0.000528289 -0.00179379 0.999999 0.000396948 0.00052871 -0.000395053 1 -0.0473457 0.175143 0.0526852
FixedParameters: 0 0 0

#Transform 325
Transform: AffineTransform_float_3_3
Parameters: 0.999999 0.00155448 -0.000709954 -0.00155352 0.999998 0.000674104 0.000711047 -0.000672896 1 -0.0451264 0.10301 0.0647858
FixedParameters: 0 0 0

#Transform 326
Transform: AffineTransform_float_3_3
Parameters: 0.999998 0.00149201 -0.000528971 -0.00149199 0.999999 1.97892e-05 0.000529029 -1.92107e-05 1 -0.0361335 0.191882 0.0420601
FixedParameters: 0 0 0

#Transform 327
Transform: AffineTransform_float_3_3
Parameters: 0.999998 0.00151411 -0.00068275 -0.00151389 0.999999 0.000165034 0.000683249 -0.000163966 1 -0.0397413 0.114919 0.0534365
FixedParameters: 0 0 0

#Transform 328
Transform: AffineTransform_float_3_3
Parameters: 0.999998 0.00163607 -0.000528776 -0.00163593 0.999998 0.000136865 0.000529223 -0.000136134 1 -0.0432003 0.175732 0.0347489
FixedParameters: 0 0 0

#Transform 329
Transform: AffineTransform_float_3_3
Parameters: 0.999998 0.00160593 -0.000529213 -0.00160607 0.999998 -0.00013215 0.000528787 0.000132849 1 -0.0416246 0.147506 0.0376407
FixedParameters: 0 0 0

#Transform 330
Transform: AffineTransform_float_3_3
Parameters: 0.999999 0.00172504 -0.000528879 -0.00172496 0.999998 7.09124e-05 0.000529122 -7.00873e-05 1 -0.0374919 0.149506 0.0408093
FixedParameters: 0 0 0

#Transform 331
Transform: AffineTransform_float_3_3
Parameters: 0.999999 0.00157709 -0.000751816 -0.00157691 0.999998 0.000117186 0.000752185 -0.000116814 0.999999 -0.0346763 0.13234 0.0395388
FixedParameters: 0 0 0

#Transform 332
Transform: AffineTransform_float_3_3
Parameters: 0.999999 0.00163606 -0.000800881 -0.00163594 0.999998 7.33103e-05 0.000801118 -7.16894e-05 0.999999 -0.0385023 0.148248 0.0337109
FixedParameters: 0 0 0

#Transform 333
Transform: AffineTransform_float_3_3
Parameters: 0.999998 0.00156304 -0.000665905 -0.00156296 0.999999 6.10408e-05 0.000666094 -5.99589e-05 1 -0.0391034 0.156406 0.0333387
FixedParameters: 0 0 0

#Transform 334
Transform: AffineTransform_float_3_3
Parameters: 0.999999 0.00162115 -0.00069466 -0.00162085 0.999998 0.000210126 0.00069434 -0.000208875 0.999999 -0.0389685 0.141809 0.0367089
FixedParameters: 0 0 0

#Transform 335
Transform: AffineTransform_float_3_3
Parameters: 0.999999 0.00171396 -0.0007321 -0.00171404 0.999998 -5.77452e-05 0.0007319 5.92545e-05 0.999999 -0.0409982 0.19499 0.0333012
FixedParameters: 0 0 0

#Transform 336
Transform: AffineTransform_float_3_3
Parameters: 0.999998 0.00156703 -0.000688936 -0.00156697 0.999999 4.10796e-05 0.000688063 -3.99218e-05 1 -0.0459228 0.141382 0.0447469
FixedParameters: 0 0 0

#Transform 337
Transform: AffineTransform_float_3_3
Parameters: 0.999999 0.00137794 -0.000529158 -0.00137806 0.999999 -0.000114271 0.000528841 0.000115729 1 -0.0338209 0.187214 0.0462588
FixedParameters: 0 0 0

#Transform 338
Transform: AffineTransform_float_3_3
Parameters: 0.999999 0.00137795 -0.000529121 -0.00137805 0.999999 -8.72709e-05 0.000528878 8.87289e-05 1 -0.0341333 0.119655 0.0468298
FixedParameters: 0 0 0

#Transform 339
Transform: AffineTransform_float_3_3
Parameters: 0.999999 0.0013779 -0.000529268 -0.0013781 0.999999 -0.000194271 0.000528732 0.000194729 1 -0.0344462 0.190689 0.0445108
FixedParameters: 0 0 0

#Transform 340
Transform: AffineTransform_float_3_3
Parameters: 0.999998 0.00155308 -0.000528765 -0.00155292 0.999999 0.000151821 0.000529235 -0.000151178 1 -0.0418452 0.125406 0.0520291
FixedParameters: 0 0 0

#Transform 341
Transform: AffineTransform_float_3_3
Parameters: 0.999998 0.00157214 -0.000623653 -0.00157186 0.999998 0.000220981 0.000623346 -0.00022002 1 -0.0396889 0.18273 0.0536641
FixedParameters: 0 0 0

#Transform 342
Transform: AffineTransform_float_3_3
Parameters: 0.999998 0.00155013 -0.000528613 -0.00154987 0.999999 0.00024982 0.000529387 -0.00024918 1 -0.0420095 0.11412 0.054065
FixedParameters: 0 0 0

#Transform 343
Transform: AffineTransform_float_3_3
Parameters: 0.999998 0.00161593 -0.000529214 -0.00161607 0.999998 -0.000132145 0.000528786 0.000132855 1 -0.0409502 0.194013 0.0394432
FixedParameters: 0 0 0

#Transform 344
Transform: AffineTransform_float_3_3
Parameters: 0.999998 0.00154914 -0.000528582 -0.00154886 0.999999 0.000269819 0.000529417 -0.00026918 1 -0.0389253 0.139218 0.0499451
FixedParameters: 0 0 0

#Transform 345
Transform: AffineTransform_float_3_3
Parameters: 0.999998 0.00157902 -0.000528937 -0.00157898 0.999999 3.98352e-05 0.000529062 -3.91646e-05 1 -0.0393275 0.186267 0.0495264
FixedParameters: 0 0 0

#Transform 346
Transform: AffineTransform_float_3_3
Parameters: 0.999999 0.00172317 -0.000584513 -0.00172284 0.999999 0.000283008 0.000584487 -0.000281993 1 -0.0438563 0.0981112 0.0504349
FixedParameters: 0 0 0

#Transform 347
Transform: AffineTransform_float_3_3
Parameters: 0.999999 0.00168008 -0.000591781 -0.00167992 0.999998 0.000130994 0.000592219 -0.000130005 1 -0.0407994 0.194148 0.0515269
FixedParameters: 0 0 0

#Transform 348
Transform: AffineTransform_float_3_3
Parameters: 0.999998 0.00152132 -0.000528086 -0.00152168 0.999998 0.000600804 0.000528914 -0.000600196 0.999999 -0.0472738 0.123645 0.0617912
FixedParameters: 0 0 0

#Transform 349
Transform: AffineTransform_float_3_3
Parameters: 0.999999 0.00137818 -0.000528529 -0.00137782 0.999999 0.000341729 0.000529471 -0.000341271 1 -0.0329506 0.196255 0.0560482
FixedParameters: 0 0 0

#Transform 350
Transform: AffineTransform_float_3_3
Parameters: 0.999999 0.00144509 -0.000528743 -0.00144491 0.999999 0.000177764 0.000529255 -0.000176235 1 -0.0447813 0.153811 0.0525631
FixedParameters: 0 0 0

#Transform 351
Transform: AffineTransform_float_3_3
Parameters: 0.999999 0.00148615 -0.000476542 -0.00148585 0.999999 0.000308708 0.000476457 -0.000307292 1 -0.0391619 0.151606 0.0554048
FixedParameters: 0 0 0

#Transform 352
Transform: AffineTransform_float_3_3
Parameters: 0.999999 0.00137798 -0.000529054 -0.00137802 0.999999 -3.9271e-05 0.000528944 4.07289e-05 1 -0.0356447 0.191112 0.0446671
FixedParameters: 0 0 0

#Transform 353
Transform: AffineTransform_float_3_3
Parameters: 0.999999 0.00137802 -0.000528953 -0.00137798 0.999999 3.47289e-05 0.000529046 -3.3271e-05 1 -0.0373646 0.118503 0.0539745
FixedParameters: 0 0 0

#Transform 354
Transform: AffineTransform_float_3_3
Parameters: 0.999999 0.001378 -0.000444009 -0.001378 0.999999 -6.38816e-06 0.00044399 7.61182e-06 1 -0.0382948 0.183318 0.0485085
FixedParameters: 0 0 0

#Transform 355
Transform: AffineTransform_float_3_3
Parameters: 0.999999 0.00132295 -0.000529119 -0.00132305 0.999999 -8.93e-05 0.000528882 8.96998e-05 1 -0.0349644 0.10292 0.0467748
FixedParameters: 0 0 0

#Transform 356
Transform: AffineTransform_float_3_3
Parameters: 0.999999 0.00137781 -0.000529506 -0.00137719 0.999999 -0.000367271 0.000529494 0.00036773 1 -0.0426892 0.176259 0.0447241
FixedParameters: 0 0 0

#Transform 357
Transform: AffineTransform_float_3_3
Parameters: 0.999999 0.00131603 -0.000387908 -0.00131597 0.999999 7.05105e-05 0.000388093 -7.04893e-05 1 -0.0378059 0.125784 0.0666878
FixedParameters: 0 0 0

#Transform 358
Transform: AffineTransform_float_3_3
Parameters: 0.999999 0.00137801 -0.000528983 -0.00137799 0.999999 1.27289e-05 0.000529017 -1.2271e-05 1 -0.0365333 0.160915 0.065468
FixedParameters: 0 0 0

#Transform 359
Transform: AffineTransform_float_3_3
Parameters: 0.999999 0.00126408 -0.000528805 -0.00126392 0.999999 0.000154669 0.000529194 -0.000153331 1 -0.0351714 0.145743 0.0686547
FixedParameters: 0 0 0

#Transform 360
Transform: AffineTransform_float_3_3
Parameters: 0.999999 0.00137797 -0.000359115 -0.00137803 0.999999 -8.35052e-05 0.000358885 8.34946e-05 1 -0.0393677 0.167306 0.047251
FixedParameters: 0 0 0

#Transform 361
Transform: AffineTransform_float_3_3
Parameters: 0.999999 0.00124301 -0.000528981 -0.00124299 0.999999 1.56575e-05 0.000529019 -1.53424e-05 1 -0.0347089 0.165773 0.0576621
FixedParameters: 0 0 0

#Transform 362
Transform: AffineTransform_float_3_3
Parameters: 0.999999 0.00125899 -0.000529021 -0.00125901 0.999999 -1.6334e-05 0.000528978 1.7666e-05 1 -0.0359177 0.153829 0.0496542
FixedParameters: 0 0 0

#Transform 363
Transform: AffineTransform_float_3_3
Parameters: 0.999999 0.00137783 -0.000529432 -0.00137717 0.999999 -0.000313271 0.000528568 0.000313729 1 -0.0372008 0.190092 0.0421766
FixedParameters: 0 0 0

#Transform 364
Transform: AffineTransform_float_3_3
Parameters: 0.999999 0.00137796 -0.00044511 -0.00137804 0.999999 -7.93867e-05 0.000444889 8.06131e-05 1 -0.0400662 0.128651 0.0431756
FixedParameters: 0 0 0

#Transform 365
Transform: AffineTransform_float_3_3
Parameters: 0.999999 0.00137774 -0.000529679 -0.00137726 0.999999 -0.000492271 0.000529322 0.00049273 0.999999 -0.0371125 0.184368 0.0419545
FixedParameters: 0 0 0

#Transform 366
Transform: AffineTransform_float_3_3
Parameters: 0.999999 0.00143812 -0.000528679 -0.00143788 0.999999 0.00022376 0.000529321 -0.000223239 1 -0.0402267 0.0854703 0.0442873
FixedParameters: 0 0 0

#Transform 367
Transform: AffineTransform_float_3_3
Parameters: 0.999999 0.001325 -0.000529001 -0.001325 0.999999 -2.99074e-07 0.000528999 7.00925e-07 1 -0.0429772 0.163513 0.0616477
FixedParameters: 0 0 0

#Transform 368
Transform: AffineTransform_float_3_3
Parameters: 0.999999 0.00137808 -0.000528798 -0.00137792 0.999999 0.000146729 0.000529202 -0.000146271 1 -0.0393369 0.114346 0.0549795
FixedParameters: 0 0 0

#Transform 369
Transform: AffineTransform_float_3_3
Parameters: 0.999999 0.00137802 -0.000528941 -0.00137798 0.999999 4.27289e-05 0.000529057 -4.1271e-05 1 -0.0398841 0.196194 0.0492938
FixedParameters: 0 0 0

#Transform 370
Transform: AffineTransform_float_3_3
Parameters: 0.999999 0.0013781 -0.000528751 -0.0013779 0.999999 0.000180729 0.000529249 -0.000180271 1 -0.0333285 0.136757 0.0577005
FixedParameters: 0 0 0

#Transform 371
Transform: AffineTransform_float_3_3
Parameters: 0.999999 0.00137802 -0.000597948 -0.00137798 0.999999 3.7824e-05 0.000598052 -3.71759e-05 1 -0.0364029 0.214039 0.051529
FixedParameters: 0 0 0

#Transform 372
Transform: AffineTransform_float_3_3
Parameters: 0.999999 0.00137813 -0.000610717 -0.00137787 0.999999 0.000205842 0.000611283 -0.000205158 1 -0.0383245 0.136533 0.0572539
FixedParameters: 0 0 0

#Transform 373
Transform: AffineTransform_float_3_3
Parameters: 0.999999 0.00137798 -0.00047405 -0.00137802 0.999999 -3.63468e-05 0.000473948 3.76531e-05 1 -0.0376777 0.218277 0.0501202
FixedParameters: 0 0 0

#Transform 374
Transform: AffineTransform_float_3_3
Parameters: 0.999999 0.00137812 -0.000528685 -0.00137788 0.999999 0.000228729 0.000529315 -0.000228271 1 -0.0386141 0.109996 0.0666563
FixedParameters: 0 0 0

#Transform 375
Transform: AffineTransform_float_3_3
Parameters: 0.999999 0.00145506 -0.000528842 -0.00145494 0.999999 0.00010877 0.000529158 -0.00010823 1 -0.0380192 0.195708 0.064055
FixedParameters: 0 0 0

#Transform 376
Transform: AffineTransform_float_3_3
Parameters: 0.999998 0.00150119 -0.000750614 -0.00150081 0.999999 0.000257127 0.000751384 -0.000255872 0.999999 -0.0364467 0.134627 0.0648538
FixedParameters: 0 0 0

#Transform 377
Transform: AffineTransform_float_3_3
Parameters: 0.999999 0.00137798 -0.000669034 -0.00137802 0.999999 -2.40781e-05 0.000668966 2.49218e-05 1 -0.0352239 0.173239 0.0613792
FixedParameters: 0 0 0

#Transform 378
Transform: AffineTransform_float_3_3
Parameters: 0.999999 0.0013781 -0.000528743 -0.0013779 0.999999 0.000186729 0.000529256 -0.000185271 1 -0.0335974 0.137739 0.0657847
FixedParameters: 0 0 0

#Transform 379
Transform: AffineTransform_float_3_3
Parameters: 0.999999 0.00120701 -0.000625983 -0.00120699 1 1.47556e-05 0.000626018 -1.42444e-05 1 -0.0253895 0.157937 0.0481887
FixedParameters: 0 0 0

#Transform 380
Transform: AffineTransform_float_3_3
Parameters: 0.999999 0.00137803 -0.000615923 -0.00137797 0.999999 5.58488e-05 0.000616076 -5.51511e-05 1 -0.0339299 0.139803 0.0547164
FixedParameters: 0 0 0

#Transform 381
Transform: AffineTransform_float_3_3
Parameters: 0.999999 0.00137803 -0.000595922 -0.00137797 0.999999 5.68212e-05 0.000595078 -5.618e-05 1 -0.0373451 0.154929 0.0458843
FixedParameters: 0 0 0

#Transform 382
Transform: AffineTransform_float_3_3
Parameters: 0.999999 0.0013779 -0.000665214 -0.0013781 0.999999 -0.000155083 0.000664786 0.000155916 1 -0.0362162 0.178158 0.0463207
FixedParameters: 0 0 0

#Transform 383
Transform: AffineTransform_float_3_3
Parameters: 0.999999 0.00137805 -0.000704904 -0.00137795 0.999999 6.99714e-05 0.000705095 -6.90284e-05 0.999999 -0.0357466 0.132135 0.042034
FixedParameters: 0 0 0

#Transform 384
Transform: AffineTransform_float_3_3
Parameters: 0.999999 0.00137775 -0.000529652 -0.00137725 0.999999 -0.000473271 0.000529347 0.00047473 0.999999 -0.0366499 0.212158 0.0337347
FixedParameters: 0 0 0

#Transform 385
Transform: AffineTransform_float_3_3
Parameters: 0.999998 0.00149188 -0.000529341 -0.00149212 0.999999 -0.00022821 0.000528659 0.000228789 1 -0.0434756 0.121039 0.0390579
FixedParameters: 0 0 0

#Transform 386
Transform: AffineTransform_float_3_3
Parameters: 0.999998 0.00150487 -0.00052936 -0.00150513 0.999999 -0.000239203 0.000528638 0.000240796 1 -0.035016 0.19181 0.034426
FixedParameters: 0 0 0

#Transform 387
Transform: AffineTransform_float_3_3
Parameters: 0.999999 0.00146195 -0.000529141 -0.00146205 0.999999 -9.62265e-05 0.000528859 9.67733e-05 1 -0.0344906 0.115928 0.0462624
FixedParameters: 0 0 0

#Transform 388
Transform: AffineTransform_float_3_3
Parameters: 0.999999 0.00137793 -0.000529177 -0.00137807 0.999999 -0.000128271 0.000528822 0.000129729 1 -0.0280348 0.159938 0.0412567
FixedParameters: 0 0 0

#Transform 389
Transform: AffineTransform_float_3_3
Parameters: 0.999999 0.00137793 -0.000579155 -0.00137807 0.999999 -0.000112202 0.000578845 0.000112798 1 -0.0336269 0.126389 0.0416565
FixedParameters: 0 0 0

#Transform 390
Transform: AffineTransform_float_3_3
Parameters: 0.999999 0.001378 -0.000433011 -0.001378 0.999999 -7.40332e-06 0.000432989 8.59667e-06 1 -0.03492 0.15461 0.0438273
FixedParameters: 0 0 0

#Transform 391
Transform: AffineTransform_float_3_3
Parameters: 0.999999 0.00145904 -0.000464886 -0.00145896 0.999999 7.86783e-05 0.000465115 -7.83215e-05 1 -0.0365423 0.138608 0.058386
FixedParameters: 0 0 0

#Transform 392
Transform: AffineTransform_float_3_3
Parameters: 0.999999 0.00137809 -0.000528772 -0.00137791 0.999999 0.000165729 0.000529227 -0.000164271 1 -0.0332817 0.139247 0.0533577
FixedParameters: 0 0 0

#Transform 393
Transform: AffineTransform_float_3_3
Parameters: 0.999999 0.00137788 -0.000606283 -0.00137812 0.999999 -0.000205165 0.000605717 0.000205835 1 -0.031896 0.161516 0.039639
FixedParameters: 0 0 0

#Transform 394
Transform: AffineTransform_float_3_3
Parameters: 0.999999 0.00137809 -0.000528758 -0.00137791 0.999999 0.000175729 0.000529242 -0.000175271 1 -0.0313351 0.14583 0.0560465
FixedParameters: 0 0 0

#Transform 395
Transform: AffineTransform_float_3_3
Parameters: 0.999999 0.00137793 -0.000529195 -0.00137807 0.999999 -0.000141271 0.000528805 0.000141729 1 -0.0335813 0.225708 0.0472023
FixedParameters: 0 0 0

#Transform 396
Transform: AffineTransform_float_3_3
Parameters: 0.999999 0.00137799 -0.000529031 -0.00137801 0.999999 -2.2271e-05 0.000528969 2.27289e-05 1 -0.0297783 0.135443 0.0690477
FixedParameters: 0 0 0

#Transform 397
Transform: AffineTransform_float_3_3
Parameters: 0.999999 0.00122209 -0.000528794 -0.00122191 0.999999 0.000168646 0.000529206 -0.000168353 1 -0.0317677 0.176536 0.0731585
FixedParameters: 0 0 0

#Transform 398
Transform: AffineTransform_float_3_3
Parameters: 0.999999 0.0013372 -0.000427367 -0.0013368 0.999999 0.000473572 0.000428632 -0.000472427 1 -0.035871 0.107125 0.0739692
FixedParameters: 0 0 0
