#Insight Transform File V1.0
#Transform 0
Transform: AffineTransform_float_3_3
Parameters: 1 0 0 0 0.999999 -0.001349 0 0.001349 0.999999 -0.013963 -0.00527713 0.0488442
FixedParameters: 0 0 0

#Transform 1
Transform: AffineTransform_float_3_3
Parameters: 1 0 0 0 0.999999 -0.00148 0 0.00148 0.999999 -0.012489 0.0141026 0.0345159
FixedParameters: 0 0 0

#Transform 2
Transform: AffineTransform_float_3_3
Parameters: 1 0 0 0 0.999999 -0.001548 0 0.001548 0.999999 -0.011501 -0.0122852 0.0340797
FixedParameters: 0 0 0

#Transform 3
Transform: AffineTransform_float_3_3
Parameters: 1 0.000191 -2.95095e-07 -0.000191 0.999999 -0.001545 -2.95095e-07 0.001545 0.999999 -0.014692 -0.00403775 0.0275446
FixedParameters: 0 0 0

#Transform 4
Transform: AffineTransform_float_3_3
Parameters: 1 0.000155853 -9.92308e-05 -0.000156146 0.999999 -0.00147998 9.8769e-05 0.00148002 0.999999 -0.00174575 0.000792533 0.0289483
FixedParameters: 0 0 0

#Transform 5
Transform: AffineTransform_float_3_3
Parameters: 1 0.000221855 -9.83284e-05 -0.000222145 0.999999 -0.00147998 9.76713e-05 0.00148002 0.999999 -0.0157589 -0.00515616 0.00804145
FixedParameters: 0 0 0

#Transform 6
Transform: AffineTransform_float_3_3
Parameters: 1 0 0 0 0.999999 -0.00148 0 0.00148 0.999999 -0.009585 -0.0103899 0.0247256
FixedParameters: 0 0 0

#Transform 7
Transform: AffineTransform_float_3_3
Parameters: 1 0 0 0 0.999999 -0.00148 0 0.00148 0.999999 -0.006427 -0.00254052 0.0359372
FixedParameters: 0 0 0

#Transform 8
Transform: AffineTransform_float_3_3
Parameters: 1 9.09133e-05 -6.61194e-05 -9.10866e-05 0.999999 -0.00131299 6.58805e-05 0.00131301 0.999999 -0.00993267 0.0104159 0.0388739
FixedParameters: 0 0 0

#Transform 9
Transform: AffineTransform_float_3_3
Parameters: 1 -5.45439e-08 -5.59999e-05 -5.45439e-08 0.999999 -0.000973999 5.59999e-05 0.000973999 0.999999 -0.0147463 0.0188829 0.0532703
FixedParameters: 0 0 0

#Transform 10
Transform: AffineTransform_float_3_3
Parameters: 1 -5.8926e-08 -6.89999e-05 -5.8926e-08 0.999999 -0.000853999 6.89999e-05 0.000853999 0.999999 -0.0146952 0.0269905 0.0559786
FixedParameters: 0 0 0

#Transform 11
Transform: AffineTransform_float_3_3
Parameters: 1 0 0 0 0.999999 -0.000842999 0 0.000842999 0.999999 -0.009911 0.0105534 0.0504313
FixedParameters: 0 0 0

#Transform 12
Transform: AffineTransform_float_3_3
Parameters: 1 -6.474e-08 -8.29999e-05 -6.474e-08 0.999999 -0.00078 8.29999e-05 0.00078 0.999999 0.000683661 0.0100551 0.0317937
FixedParameters: 0 0 0

#Transform 13
Transform: AffineTransform_float_3_3
Parameters: 1 0 0 0 1 -0.000326 0 0.000326 1 1e-05 -0.00795415 0.0391897
FixedParameters: 0 0 0

#Transform 14
Transform: AffineTransform_float_3_3
Parameters: 1 0 0 0 1 -0.000359 0 0.000359 1 4e-06 0.00384245 0.0343661
FixedParameters: 0 0 0

#Transform 15
Transform: AffineTransform_float_3_3
Parameters: 1 7e-05 -2.884e-08 -7e-05 1 -0.000412 -2.884e-08 0.000412 1 -0.00120099 0.0196863 0.0284093
FixedParameters: 0 0 0

#Transform 16
Transform: AffineTransform_float_3_3
Parameters: 1 -3.7492e-08 -9.1e-05 -3.7492e-08 1 -0.000412 9.1e-05 0.000412 1 0.000738494 0.00143058 0.0209521
FixedParameters: 0 0 0

#Transform 17
Transform: AffineTransform_float_3_3
Parameters: 1 0 0 0 1 -6e-06 0 6e-06 1 1.42109e-14 -0.0085916 0.0297137
FixedParameters: 0 0 0

#Transform 18
Transform: AffineTransform_float_3_3
Parameters: 1 0 0 0 1 5.2e-05 0 -5.2e-05 1 1.42109e-14 -0.0086018 0.016452
FixedParameters: 0 0 0

#Transform 19
Transform: AffineTransform_float_3_3
Parameters: 1 -2.037e-09 -9.7e-05 -2.037e-09 1 -2.1e-05 9.7e-05 2.1e-05 1 -0.00706767 0.00959488 0.00668155
FixedParameters: 0 0 0

#Transform 20
Transform: AffineTransform_float_3_3
Parameters: 1 0 0 0 1 0.000155 0 -0.000155 1 1e-05 0.00562624 0.00937559
FixedParameters: 0 0 0

#Transform 21
Transform: AffineTransform_float_3_3
Parameters: 1 0 0 0 1 5.2e-05 0 -5.2e-05 1 1.42109e-14 0.0042655 0.00308928
FixedParameters: 0 0 0

#Transform 22
Transform: AffineTransform_float_3_3
Parameters: 1 8.5e-05 4.42e-09 -8.5e-05 1 5.2e-05 4.42e-09 -5.2e-05 1 0.00222188 -0.000249295 0.00325952
FixedParameters: 0 0 0

#Transform 23
Transform: AffineTransform_float_3_3
Parameters: 1 0 0 0 1 5.2e-05 0 -5.2e-05 1 0.002174 0.00209534 4.43956e-05
FixedParameters: 0 0 0

#Transform 24
Transform: AffineTransform_float_3_3
Parameters: 1 8.40037e-05 -7.19956e-05 -8.39963e-05 1 5.2006e-05 7.20044e-05 -5.1994e-05 1 -0.000868527 0.00498828 -0.00262025
FixedParameters: 0 0 0

#Transform 25
Transform: AffineTransform_float_3_3
Parameters: 1 -3.75e-09 -0.00025 -3.75e-09 1 -1.5e-05 0.00025 1.5e-05 1 0.00208346 -0.0167085 -0.00318669
FixedParameters: 0 0 0

#Transform 26
Transform: AffineTransform_float_3_3
Parameters: 1 0 0 0 1 5.2e-05 0 -5.2e-05 1 1.42109e-14 -0.0172399 -0.0053656
FixedParameters: 0 0 0

#Transform 27
Transform: AffineTransform_float_3_3
Parameters: 1 0 0 0 1 5.2e-05 0 -5.2e-05 1 1.42109e-14 -0.01724 -0.0069056
FixedParameters: 0 0 0

#Transform 28
Transform: AffineTransform_float_3_3
Parameters: 1 0 0 0 1 -5e-06 0 5e-06 1 1.42109e-14 -0.0027911 -0.0177973
FixedParameters: 0 0 0

#Transform 29
Transform: AffineTransform_float_3_3
Parameters: 1 0 0 0 1 5.2e-05 0 -5.2e-05 1 1.42109e-14 -0.0198042 -0.0100665
FixedParameters: 0 0 0

#Transform 30
Transform: AffineTransform_float_3_3
Parameters: 1 -8.0004e-08 0.000236 -8.0004e-08 1 0.000339 -0.000236 -0.000339 1 -0.00198082 -0.0131207 -0.00355285
FixedParameters: 0 0 0

#Transform 31
Transform: AffineTransform_float_3_3
Parameters: 1 -2.6832e-08 5.2e-05 -2.6832e-08 1 0.000516 -5.2e-05 -0.000516 1 -0.000414648 -0.0115674 0.000194653
FixedParameters: 0 0 0

#Transform 32
Transform: AffineTransform_float_3_3
Parameters: 1 0 0 0 1 0.000579 0 -0.000579 1 0.006471 -0.00639557 0.00172959
FixedParameters: 0 0 0

#Transform 33
Transform: AffineTransform_float_3_3
Parameters: 1 0 0 0 0.999999 0.000815999 0 -0.000815999 0.999999 1.42109e-14 -0.0122363 0.0172153
FixedParameters: 0 0 0

#Transform 34
Transform: AffineTransform_float_3_3
Parameters: 1 -0.000162344 0.000421868 0.000161656 0.999999 0.000814068 -0.000422132 -0.000814931 0.999999 -0.000759218 -0.000752502 0.041933
FixedParameters: 0 0 0

#Transform 35
Transform: AffineTransform_float_3_3
Parameters: 1 -0.000133326 0.000349876 0.000133674 0.999999 0.000931046 -0.000350124 -0.000930953 0.999999 -0.000658035 0.0211585 0.0522877
FixedParameters: 0 0 0

#Transform 36
Transform: AffineTransform_float_3_3
Parameters: 1 -0.000221567 0.000421702 0.000221432 0.999999 0.00134509 -0.000422298 -0.00134491 0.999999 0.0073412 0.0121767 0.0404783
FixedParameters: 0 0 0

#Transform 37
Transform: AffineTransform_float_3_3
Parameters: 1 -0.000209676 0.000597763 0.000209325 1 0.00113113 -0.000597237 -0.00113088 0.999999 0.0126165 0.00567015 0.0363382
FixedParameters: 0 0 0

#Transform 38
Transform: AffineTransform_float_3_3
Parameters: 1 -0.000220782 0.00053868 0.000220217 0.999999 0.00145212 -0.00053932 -0.00145188 0.999999 0.0168203 0.000550871 0.0294497
FixedParameters: 0 0 0

#Transform 39
Transform: AffineTransform_float_3_3
Parameters: 1 -0.000297608 0.000421572 0.000297393 0.999999 0.00144013 -0.000421429 -0.00144087 0.999999 0.0253596 -0.0129 0.024474
FixedParameters: 0 0 0

#Transform 40
Transform: AffineTransform_float_3_3
Parameters: 1 -0.000178582 0.000421754 0.000178417 0.999999 0.00138008 -0.000422247 -0.00137992 0.999999 0.0209149 -0.0030428 0.00373485
FixedParameters: 0 0 0

#Transform 41
Transform: AffineTransform_float_3_3
Parameters: 1 -0.000220809 0.000613709 0.000220192 0.999999 0.00131814 -0.000613291 -0.00131786 0.999999 0.0203625 -0.0113481 -0.00543628
FixedParameters: 0 0 0

#Transform 42
Transform: AffineTransform_float_3_3
Parameters: 1 -4.8108e-07 0.000422 -4.8108e-07 1 0.00114 -0.000422 -0.00114 1 0.0204025 -0.0210703 0.00802533
FixedParameters: 0 0 0

#Transform 43
Transform: AffineTransform_float_3_3
Parameters: 1 -4.79392e-07 0.000422 -4.79392e-07 1 0.001136 -0.000422 -0.001136 1 0.017459 -0.0222205 0.0114116
FixedParameters: 0 0 0

#Transform 44
Transform: AffineTransform_float_3_3
Parameters: 1 -6.0768e-07 0.000421999 3.92319e-07 0.999999 0.00144 -0.000422001 -0.00144 0.999999 0.0290969 -0.0133427 0.0159293
FixedParameters: 0 0 0

#Transform 45
Transform: AffineTransform_float_3_3
Parameters: 0.999999 -0.000202111 0.000770709 0.000200889 0.999999 0.00144015 -0.00077129 -0.00144084 0.999998 0.0296124 0.00198744 -0.00508734
FixedParameters: 0 0 0

#Transform 46
Transform: AffineTransform_float_3_3
Parameters: 0.999999 -0.000341217 0.000761456 0.000340782 0.999998 0.00159826 -0.000762546 -0.00159774 0.999999 0.0320482 0.00836463 0.00232595
FixedParameters: 0 0 0

#Transform 47
Transform: AffineTransform_float_3_3
Parameters: 1 -0.000410773 0.000421247 0.000410227 0.999998 0.00183417 -0.000421753 -0.00183383 0.999998 0.0359666 -0.0122168 0.00862247
FixedParameters: 0 0 0

#Transform 48
Transform: AffineTransform_float_3_3
Parameters: 1 -0.000410825 0.000421196 0.000410175 0.999998 0.00195817 -0.000421804 -0.00195783 0.999998 0.0359563 0.0118167 0.000450892
FixedParameters: 0 0 0

#Transform 49
Transform: AffineTransform_float_3_3
Parameters: 0.999999 -0.000578595 0.0007087 0.000577406 0.999998 0.00224941 -0.0007093 -0.00224859 0.999997 0.0364694 -0.00667186 -0.0235801
FixedParameters: 0 0 0

#Transform 50
Transform: AffineTransform_float_3_3
Parameters: 0.999999 -0.000654328 0.000558447 0.00065267 0.999997 0.00237537 -0.000560552 -0.00237563 0.999997 0.0388907 -0.0215789 -0.0263874
FixedParameters: 0 0 0

#Transform 51
Transform: AffineTransform_float_3_3
Parameters: 0.999999 -0.000411838 0.000825085 0.000410163 0.999998 0.00222534 -0.000825915 -0.00222566 0.999997 0.0326376 -0.0256013 -0.0250048
FixedParameters: 0 0 0

#Transform 52
Transform: AffineTransform_float_3_3
Parameters: 0.999999 -0.00041191 0.000906134 0.00041009 0.999997 0.00210737 -0.000906866 -0.00210663 0.999998 0.0400614 -0.01709 -0.028253
FixedParameters: 0 0 0

#Transform 53
Transform: AffineTransform_float_3_3
Parameters: 1 -0.000412275 0.00111616 0.000409726 0.999998 0.00203746 -0.00111684 -0.00203754 0.999998 0.039194 -0.0342532 -0.022924
FixedParameters: 0 0 0

#Transform 54
Transform: AffineTransform_float_3_3
Parameters: 0.999999 -0.000412367 0.00116116 0.000409634 0.999998 0.00203748 -0.00116184 -0.00203752 0.999997 0.0429091 -0.0331328 -0.0230022
FixedParameters: 0 0 0

#Transform 55
Transform: AffineTransform_float_3_3
Parameters: 0.999999 -0.000412392 0.00117316 0.000409607 0.999998 0.00203748 -0.00117484 -0.00203752 0.999997 0.034197 -0.0388294 -0.022985
FixedParameters: 0 0 0

#Transform 56
Transform: AffineTransform_float_3_3
Parameters: 0.999999 -0.000727688 0.00119136 0.000725311 0.999997 0.00225487 -0.00119364 -0.00225413 0.999996 0.0496863 -0.0152599 -0.0037974
FixedParameters: 0 0 0

#Transform 57
Transform: AffineTransform_float_3_3
Parameters: 0.999999 -0.000707454 0.00120356 0.000705547 0.999997 0.00203785 -0.00120444 -0.00203715 0.999997 0.0512029 -0.0146057 -0.00914469
FixedParameters: 0 0 0

#Transform 58
Transform: AffineTransform_float_3_3
Parameters: 0.999998 -0.000874056 0.00136605 0.000870944 0.999997 0.00223619 -0.00136795 -0.00223481 0.999996 0.0513303 -0.00231487 0.00800888
FixedParameters: 0 0 0

#Transform 59
Transform: AffineTransform_float_3_3
Parameters: 0.999998 -0.000874631 0.00144481 0.000870369 0.999997 0.00251126 -0.00144719 -0.00251074 0.999996 0.0515779 -0.00790292 0.00614977
FixedParameters: 0 0 0

#Transform 60
Transform: AffineTransform_float_3_3
Parameters: 0.999998 -0.00116429 0.00159888 0.00115971 0.999995 0.00268286 -0.00160212 -0.00268114 0.999995 0.0596241 0.00300178 0.00695921
FixedParameters: 0 0 0

#Transform 61
Transform: AffineTransform_float_3_3
Parameters: 0.999999 -0.00112974 0.00148717 0.00112626 0.999996 0.00251168 -0.00148983 -0.00251032 0.999995 0.0668323 0.0170574 -0.0132669
FixedParameters: 0 0 0

#Transform 62
Transform: AffineTransform_float_3_3
Parameters: 0.999998 -0.00112542 0.00150846 0.00112258 0.999997 0.0022657 -0.00151055 -0.0022643 0.999997 0.0666247 -0.00190938 -0.0201616
FixedParameters: 0 0 0

#Transform 63
Transform: AffineTransform_float_3_3
Parameters: 0.999998 -0.0010519 0.00166955 0.0010481 0.999996 0.00233575 -0.00167245 -0.00233424 0.999996 0.0639999 -0.0194787 -0.0192818
FixedParameters: 0 0 0

#Transform 64
Transform: AffineTransform_float_3_3
Parameters: 0.999998 -0.000874639 0.00144781 0.000870362 0.999997 0.00251126 -0.00145019 -0.00251074 0.999996 0.0629322 -0.0325272 -0.0157929
FixedParameters: 0 0 0

#Transform 65
Transform: AffineTransform_float_3_3
Parameters: 0.999998 -0.00111126 0.00176332 0.00110674 0.999996 0.00241695 -0.00176568 -0.00241504 0.999995 0.0642562 -0.00851169 -0.0181608
FixedParameters: 0 0 0

#Transform 66
Transform: AffineTransform_float_3_3
Parameters: 0.999997 -0.00130437 0.00173773 0.00129963 0.999996 0.00251227 -0.00174127 -0.00251074 0.999996 0.0677329 -0.0133182 -0.016427
FixedParameters: 0 0 0

#Transform 67
Transform: AffineTransform_float_3_3
Parameters: 0.999997 -0.00130482 0.00167927 0.00130018 0.999995 0.00286819 -0.00168273 -0.00286581 0.999995 0.0682428 -0.0263776 -0.00293475
FixedParameters: 0 0 0

#Transform 68
Transform: AffineTransform_float_3_3
Parameters: 0.999998 -0.00124422 0.00167988 0.00123978 0.999996 0.00251209 -0.00168312 -0.00250991 0.999996 0.0752686 0.000484425 -0.0162756
FixedParameters: 0 0 0

#Transform 69
Transform: AffineTransform_float_3_3
Parameters: 0.999998 -0.0013049 0.00191166 0.0013001 0.999996 0.00256349 -0.00191534 -0.00256051 0.999995 0.0662009 -0.00333407 -0.0159901
FixedParameters: 0 0 0

#Transform 70
Transform: AffineTransform_float_3_3
Parameters: 0.999997 -0.00110358 0.00182223 0.00109842 0.999996 0.00251201 -0.00182476 -0.00250999 0.999995 0.0636049 -0.0098323 -0.016641
FixedParameters: 0 0 0

#Transform 71
Transform: AffineTransform_float_3_3
Parameters: 0.999998 -0.00107622 0.0016803 0.00107178 0.999997 0.00251181 -0.0016827 -0.0025102 0.999996 0.0733022 -0.0171853 -0.0217999
FixedParameters: 0 0 0

#Transform 72
Transform: AffineTransform_float_3_3
Parameters: 0.999997 -0.00130478 0.0016793 0.00130022 0.999995 0.00284219 -0.0016827 -0.00283981 0.999994 0.0814588 -0.018226 -0.0108863
FixedParameters: 0 0 0

#Transform 73
Transform: AffineTransform_float_3_3
Parameters: 0.999998 -0.00105222 0.00168036 0.00104878 0.999997 0.00251177 -0.00168264 -0.00251024 0.999996 0.0777487 -0.011884 -0.0255777
FixedParameters: 0 0 0

#Transform 74
Transform: AffineTransform_float_3_3
Parameters: 0.999998 -0.00107122 0.00168032 0.00106678 0.999997 0.0025118 -0.00168268 -0.0025102 0.999996 0.0786893 -0.00684694 -0.040533
FixedParameters: 0 0 0

#Transform 75
Transform: AffineTransform_float_3_3
Parameters: 0.999997 -0.00110358 0.00189777 0.00109842 0.999995 0.00293809 -0.00190123 -0.00293591 0.999994 0.0706224 -0.0255893 -0.029007
FixedParameters: 0 0 0

#Transform 76
Transform: AffineTransform_float_3_3
Parameters: 0.999998 -0.00102404 0.00167994 0.00101996 0.999995 0.00299972 -0.00168307 -0.00299828 0.999994 0.078033 -0.0320569 -0.0342132
FixedParameters: 0 0 0

#Transform 77
Transform: AffineTransform_float_3_3
Parameters: 0.999998 -0.000880917 0.00168043 0.000876085 0.999996 0.00292448 -0.00168257 -0.00292252 0.999995 0.0742338 -0.0199145 -0.0419725
FixedParameters: 0 0 0

#Transform 78
Transform: AffineTransform_float_3_3
Parameters: 0.999998 -0.000997285 0.00176703 0.000991714 0.999995 0.00298976 -0.00176997 -0.00298724 0.999994 0.0755014 -0.0226182 -0.0527166
FixedParameters: 0 0 0

#Transform 79
Transform: AffineTransform_float_3_3
Parameters: 0.999998 -0.00101924 0.00167983 0.00101376 0.999994 0.00311671 -0.00168317 -0.00311429 0.999993 0.0784124 -0.0261559 -0.048034
FixedParameters: 0 0 0

#Transform 80
Transform: AffineTransform_float_3_3
Parameters: 0.999998 -0.000913025 0.00168028 0.000907975 0.999995 0.00298953 -0.00168272 -0.00298747 0.999994 0.0761427 -0.0282475 -0.0502204
FixedParameters: 0 0 0

#Transform 81
Transform: AffineTransform_float_3_3
Parameters: 0.999998 -0.000998538 0.00185202 0.000992457 0.999995 0.00298984 -0.00185597 -0.00298715 0.999994 0.0792379 -0.0283163 -0.0505442
FixedParameters: 0 0 0

#Transform 82
Transform: AffineTransform_float_3_3
Parameters: 0.999998 -0.000980562 0.00167977 0.000974436 0.999994 0.00330964 -0.00168323 -0.00330736 0.999993 0.0861124 -0.0178247 -0.055175
FixedParameters: 0 0 0

#Transform 83
Transform: AffineTransform_float_3_3
Parameters: 0.999997 -0.000949909 0.00190106 0.000944089 0.999994 0.0031078 -0.00190394 -0.0031052 0.999994 0.0776023 -0.0222344 -0.0611884
FixedParameters: 0 0 0

#Transform 84
Transform: AffineTransform_float_3_3
Parameters: 0.999998 -0.00108778 0.00167927 0.00108223 0.999994 0.00343582 -0.00168273 -0.00343418 0.999992 0.0880231 -0.0306462 -0.042801
FixedParameters: 0 0 0

#Transform 85
Transform: AffineTransform_float_3_3
Parameters: 0.999998 -0.00104056 0.00200962 0.00103344 0.999994 0.00326308 -0.00201338 -0.00326091 0.999992 0.0789178 -0.0304878 -0.0463809
FixedParameters: 0 0 0

#Transform 86
Transform: AffineTransform_float_3_3
Parameters: 0.999997 -0.00112333 0.00193233 0.00111666 0.999994 0.00327617 -0.00193667 -0.00327383 0.999993 0.0843122 -0.0128309 -0.0438264
FixedParameters: 0 0 0

#Transform 87
Transform: AffineTransform_float_3_3
Parameters: 0.999998 -0.00110062 0.00197533 0.00109438 0.999994 0.00334717 -0.00197967 -0.00334483 0.999993 0.0817196 -0.0300282 -0.0559655
FixedParameters: 0 0 0

#Transform 88
Transform: AffineTransform_float_3_3
Parameters: 0.999998 -0.000925851 0.00167979 0.000920149 0.999994 0.00348056 -0.00168321 -0.00347845 0.999993 0.0852305 -0.0455406 -0.0585896
FixedParameters: 0 0 0

#Transform 89
Transform: AffineTransform_float_3_3
Parameters: 0.999998 -0.000943314 0.00181273 0.000936688 0.999993 0.0034807 -0.00181527 -0.00347929 0.999993 0.0844687 -0.0278448 -0.0423976
FixedParameters: 0 0 0

#Transform 90
Transform: AffineTransform_float_3_3
Parameters: 0.999998 -0.000971481 0.00186063 0.000964522 0.999994 0.0034808 -0.00186337 -0.0034792 0.999992 0.080165 -0.0217363 -0.0602188
FixedParameters: 0 0 0

#Transform 91
Transform: AffineTransform_float_3_3
Parameters: 0.999998 -0.00094085 0.00167974 0.000935149 0.999994 0.00348058 -0.00168326 -0.00347843 0.999993 0.0775628 -0.0455447 -0.0710939
FixedParameters: 0 0 0

#Transform 92
Transform: AffineTransform_float_3_3
Parameters: 0.999998 -0.00103441 0.00167907 0.0010276 0.999992 0.00381073 -0.00168293 -0.00380927 0.999992 0.0819778 -0.0304487 -0.0504127
FixedParameters: 0 0 0

#Transform 93
Transform: AffineTransform_float_3_3
Parameters: 0.999999 -0.000792248 0.00168007 0.000785752 0.999993 0.00371632 -0.00168293 -0.00371467 0.999991 0.0769318 -0.0324565 -0.0519302
FixedParameters: 0 0 0

#Transform 94
Transform: AffineTransform_float_3_3
Parameters: 0.999998 -0.00090425 0.00167965 0.000898753 0.999992 0.00371751 -0.00168235 -0.00371648 0.999991 0.0795362 -0.0308318 -0.0520477
FixedParameters: 0 0 0

#Transform 95
Transform: AffineTransform_float_3_3
Parameters: 0.999998 -0.000980526 0.00167921 0.000973473 0.999992 0.00388364 -0.00168279 -0.00388136 0.999991 0.0860691 -0.0145172 -0.0492178
FixedParameters: 0 0 0

#Transform 96
Transform: AffineTransform_float_3_3
Parameters: 0.999997 -0.00110453 0.00190265 0.00109747 0.999991 0.0039561 -0.00190636 -0.0039539 0.999991 0.0841237 -0.025893 -0.0485316
FixedParameters: 0 0 0

#Transform 97
Transform: AffineTransform_float_3_3
Parameters: 0.999998 -0.00114475 0.00192241 0.00113625 0.999991 0.0040282 -0.00192759 -0.0040258 0.99999 0.0867454 -0.0329325 -0.0535947
FixedParameters: 0 0 0

#Transform 98
Transform: AffineTransform_float_3_3
Parameters: 0.999997 -0.00110015 0.00210777 0.00109185 0.999992 0.00386331 -0.00211123 -0.00386069 0.999991 0.0845732 -0.0248346 -0.0506146
FixedParameters: 0 0 0

#Transform 99
Transform: AffineTransform_float_3_3
Parameters: 0.999998 -0.00113715 0.00191277 0.00113086 0.999993 0.00373217 -0.00191723 -0.00372983 0.999991 0.0867774 -0.023709 -0.0557654
FixedParameters: 0 0 0

#Transform 100
Transform: AffineTransform_float_3_3
Parameters: 0.999998 -0.000686468 0.00197642 0.000679528 0.999992 0.00377735 -0.00197958 -0.00377565 0.999991 0.0787537 -0.0251728 -0.0516229
FixedParameters: 0 0 0

#Transform 101
Transform: AffineTransform_float_3_3
Parameters: 0.999998 -0.0010142 0.00178493 0.0010068 0.999992 0.00403081 -0.00178907 -0.0040292 0.999991 0.085871 -0.0371597 -0.0469184
FixedParameters: 0 0 0

#Transform 102
Transform: AffineTransform_float_3_3
Parameters: 0.999998 -0.000842184 0.00185175 0.00083482 0.999992 0.00387655 -0.00185425 -0.00387545 0.999991 0.0824153 -0.0213534 -0.0498492
FixedParameters: 0 0 0

#Transform 103
Transform: AffineTransform_float_3_3
Parameters: 0.999998 -0.00105355 0.00203411 0.00104645 0.999992 0.00371114 -0.0020379 -0.00370886 0.999991 0.0843515 -0.0270347 -0.0711561
FixedParameters: 0 0 0

#Transform 104
Transform: AffineTransform_float_3_3
Parameters: 0.999997 -0.00120402 0.00214151 0.00119599 0.999993 0.00373957 -0.00214549 -0.00373743 0.99999 0.0929171 -0.0352079 -0.0554948
FixedParameters: 0 0 0

#Transform 105
Transform: AffineTransform_float_3_3
Parameters: 0.999997 -0.00136236 0.00228545 0.00135364 0.99999 0.00409111 -0.00229156 -0.00408789 0.999989 0.106062 -0.0356604 -0.0541206
FixedParameters: 0 0 0

#Transform 106
Transform: AffineTransform_float_3_3
Parameters: 0.999996 -0.00130981 0.00240769 0.00130019 0.999991 0.00407314 -0.00241231 -0.00406985 0.999989 0.0956144 -0.0369533 -0.0620896
FixedParameters: 0 0 0

#Transform 107
Transform: AffineTransform_float_3_3
Parameters: 0.999996 -0.0014758 0.00246817 0.0014662 0.999991 0.00396664 -0.00247383 -0.00396337 0.999989 0.100304 -0.0138804 -0.0497551
FixedParameters: 0 0 0

#Transform 108
Transform: AffineTransform_float_3_3
Parameters: 0.999996 -0.00130885 0.00232303 0.00130015 0.999992 0.00380803 -0.00232796 -0.00380497 0.99999 0.0966143 -0.0265613 -0.0758503
FixedParameters: 0 0 0

#Transform 109
Transform: AffineTransform_float_3_3
Parameters: 0.999996 -0.00130999 0.00247073 0.00130001 0.999991 0.00403923 -0.00247627 -0.00403677 0.999989 0.103745 -0.0345295 -0.0747111
FixedParameters: 0 0 0

#Transform 110
Transform: AffineTransform_float_3_3
Parameters: 0.999996 -0.00131007 0.00250977 0.00129993 0.999991 0.00401128 -0.00251523 -0.00400772 0.999989 0.104424 -0.0312699 -0.0759125
FixedParameters: 0 0 0

#Transform 111
Transform: AffineTransform_float_3_3
Parameters: 0.999997 -0.00115558 0.00210632 0.00114743 0.999991 0.00406843 -0.00211068 -0.00406557 0.999989 0.104948 -0.0277279 -0.0740734
FixedParameters: 0 0 0

#Transform 112
Transform: AffineTransform_float_3_3
Parameters: 0.999996 -0.00120061 0.00262918 0.00119039 0.999991 0.00403414 -0.00263382 -0.00403085 0.999988 0.102385 -0.0310567 -0.0898524
FixedParameters: 0 0 0

#Transform 113
Transform: AffineTransform_float_3_3
Parameters: 0.999996 -0.0013101 0.00241756 0.0012999 0.999991 0.00417416 -0.00242345 -0.00417084 0.999989 0.105915 -0.0372256 -0.0789726
FixedParameters: 0 0 0

#Transform 114
Transform: AffineTransform_float_3_3
Parameters: 0.999996 -0.00131032 0.00247055 0.00129968 0.99999 0.00417423 -0.00247545 -0.00417077 0.999988 0.103696 -0.0363961 -0.0666692
FixedParameters: 0 0 0

#Transform 115
Transform: AffineTransform_float_3_3
Parameters: 0.999996 -0.00130951 0.00227755 0.00129949 0.999991 0.00417397 -0.00228244 -0.00417103 0.999988 0.103477 -0.0192818 -0.0539236
FixedParameters: 0 0 0

#Transform 116
Transform: AffineTransform_float_3_3
Parameters: 0.999996 -0.0013111 0.00246312 0.0012999 0.999989 0.00450222 -0.00246987 -0.00449878 0.999987 0.11687 -0.0186634 -0.0789684
FixedParameters: 0 0 0

#Transform 117
Transform: AffineTransform_float_3_3
Parameters: 0.999996 -0.00131161 0.00255207 0.00130039 0.999989 0.00454534 -0.00255794 -0.00454166 0.999987 0.1162 -0.0273504 -0.0835
FixedParameters: 0 0 0

#Transform 118
Transform: AffineTransform_float_3_3
Parameters: 0.999996 -0.00131309 0.0027578 0.0012999 0.999988 0.00474461 -0.0027642 -0.00474039 0.999985 0.114455 -0.0373283 -0.079642
FixedParameters: 0 0 0

#Transform 119
Transform: AffineTransform_float_3_3
Parameters: 0.999996 -0.0013124 0.00271204 0.0012996 0.999988 0.00456854 -0.00271796 -0.00456545 0.999986 0.114807 -0.0430818 -0.0830451
FixedParameters: 0 0 0

#Transform 120
Transform: AffineTransform_float_3_3
Parameters: 0.999995 -0.00150307 0.00256296 0.00149093 0.999988 0.00470484 -0.00257004 -0.00470116 0.999985 0.119369 -0.0425771 -0.0803214
FixedParameters: 0 0 0

#Transform 121
Transform: AffineTransform_float_3_3
Parameters: 0.999995 -0.00172262 0.00256156 0.00170938 0.999987 0.0049204 -0.00256944 -0.0049166 0.999984 0.122972 -0.0408453 -0.0609436
FixedParameters: 0 0 0

#Transform 122
Transform: AffineTransform_float_3_3
Parameters: 0.999995 -0.00158292 0.00280118 0.00156909 0.999987 0.00496242 -0.00280882 -0.00495858 0.999984 0.118717 -0.0381196 -0.0607124
FixedParameters: 0 0 0

#Transform 123
Transform: AffineTransform_float_3_3
Parameters: 0.999995 -0.00131474 0.00292141 0.00130026 0.999987 0.00504183 -0.00292759 -0.00503818 0.999983 0.113229 -0.0291491 -0.0596891
FixedParameters: 0 0 0

#Transform 124
Transform: AffineTransform_float_3_3
Parameters: 0.999994 -0.00169998 0.00300056 0.00168502 0.999986 0.00498709 -0.00300944 -0.00498191 0.999983 0.11893 -0.00444579 -0.0608343
FixedParameters: 0 0 0

#Transform 125
Transform: AffineTransform_float_3_3
Parameters: 0.999995 -0.00163674 0.00291979 0.00162226 0.999986 0.00504176 -0.00292821 -0.00503724 0.999983 0.11855 -0.0221713 -0.0681522
FixedParameters: 0 0 0

#Transform 126
Transform: AffineTransform_float_3_3
Parameters: 0.999994 -0.00131565 0.0029641 0.00130035 0.999985 0.00527588 -0.0029709 -0.00527212 0.999981 0.112847 -0.0400468 -0.074716
FixedParameters: 0 0 0

#Transform 127
Transform: AffineTransform_float_3_3
Parameters: 0.999994 -0.00167969 0.00296817 0.00166431 0.999984 0.00528097 -0.00297683 -0.00527603 0.999981 0.129222 -0.0409813 -0.0728391
FixedParameters: 0 0 0

#Transform 128
Transform: AffineTransform_float_3_3
Parameters: 0.999995 -0.00166025 0.0028582 0.00164475 0.999985 0.00532973 -0.0028668 -0.00532527 0.999981 0.127729 -0.0391556 -0.0707488
FixedParameters: 0 0 0

#Transform 129
Transform: AffineTransform_float_3_3
Parameters: 0.999995 -0.00158103 0.00297153 0.00156498 0.999985 0.00538768 -0.00297947 -0.00538332 0.999981 0.127459 -0.0322387 -0.0737945
FixedParameters: 0 0 0

#Transform 130
Transform: AffineTransform_float_3_3
Parameters: 0.999994 -0.0014807 0.00309707 0.0014633 0.999985 0.00538756 -0.00310493 -0.00538343 0.99998 0.126248 -0.0348177 -0.0626067
FixedParameters: 0 0 0

#Transform 131
Transform: AffineTransform_float_3_3
Parameters: 0.999993 -0.00170657 0.00315556 0.00168943 0.999983 0.00556037 -0.00316544 -0.00555563 0.999979 0.13955 -0.0425615 -0.0634341
FixedParameters: 0 0 0

#Transform 132
Transform: AffineTransform_float_3_3
Parameters: 0.999993 -0.00162303 0.00337893 0.00160398 0.999983 0.00562546 -0.00338707 -0.00562054 0.999978 0.136233 -0.0247152 -0.0511914
FixedParameters: 0 0 0

#Transform 133
Transform: AffineTransform_float_3_3
Parameters: 0.999992 -0.00182735 0.0034022 0.00180964 0.999984 0.00538919 -0.0034128 -0.0053838 0.999979 0.139476 -0.0239389 -0.0551599
FixedParameters: 0 0 0

#Transform 134
Transform: AffineTransform_float_3_3
Parameters: 0.999993 -0.00182688 0.00331421 0.00180912 0.999984 0.00538903 -0.00332379 -0.00538297 0.99998 0.140208 -0.0231919 -0.054915
FixedParameters: 0 0 0

#Transform 135
Transform: AffineTransform_float_3_3
Parameters: 0.999993 -0.00174245 0.00323566 0.00172555 0.999984 0.00538862 -0.00324534 -0.00538338 0.99998 0.139464 -0.0415577 -0.0546073
FixedParameters: 0 0 0

#Transform 136
Transform: AffineTransform_float_3_3
Parameters: 0.999994 -0.00165067 0.00326965 0.00163234 0.999983 0.00570338 -0.00327836 -0.00569763 0.999979 0.134247 -0.0236515 -0.0495378
FixedParameters: 0 0 0

#Transform 137
Transform: AffineTransform_float_3_3
Parameters: 0.999993 -0.00169366 0.00333359 0.00167535 0.999983 0.00559162 -0.00334242 -0.00558638 0.999979 0.137771 -0.0163526 -0.0731112
FixedParameters: 0 0 0

#Transform 138
Transform: AffineTransform_float_3_3
Parameters: 0.999992 -0.00165096 0.00343548 0.00163104 0.999982 0.00580665 -0.00344452 -0.00580036 0.999977 0.133836 -0.0259027 -0.0871006
FixedParameters: 0 0 0

#Transform 139
Transform: AffineTransform_float_3_3
Parameters: 0.999993 -0.00175599 0.00327188 0.00173701 0.999981 0.00579672 -0.00328212 -0.00579127 0.999978 0.139174 -0.0355562 -0.0892123
FixedParameters: 0 0 0

#Transform 140
Transform: AffineTransform_float_3_3
Parameters: 0.999993 -0.00162514 0.0033824 0.00160487 0.999981 0.00594747 -0.0033916 -0.00594253 0.999976 0.136169 -0.0368737 -0.0803887
FixedParameters: 0 0 0

#Transform 141
Transform: AffineTransform_float_3_3
Parameters: 0.999994 -0.00154856 0.00327329 0.00153045 0.999983 0.00566404 -0.00328172 -0.00565895 0.999978 0.135744 -0.0446766 -0.0963656
FixedParameters: 0 0 0

#Transform 142
Transform: AffineTransform_float_3_3
Parameters: 0.999994 -0.00128517 0.00340045 0.00126484 0.999981 0.00592634 -0.00340755 -0.00592166 0.999976 0.130225 -0.0474718 -0.0836682
FixedParameters: 0 0 0

#Transform 143
Transform: AffineTransform_float_3_3
Parameters: 0.999992 -0.00183014 0.00339569 0.00180885 0.999979 0.00621919 -0.00340731 -0.00621281 0.999975 0.148071 -0.0552371 -0.0848842
FixedParameters: 0 0 0

#Transform 144
Transform: AffineTransform_float_3_3
Parameters: 0.999993 -0.00183133 0.00344623 0.00180868 0.999978 0.00646929 -0.00345777 -0.00646372 0.999973 0.144365 -0.0580363 -0.0805553
FixedParameters: 0 0 0

#Transform 145
Transform: AffineTransform_float_3_3
Parameters: 0.999992 -0.00183264 0.0035519 0.00180936 0.999977 0.00664748 -0.0035641 -0.00664152 0.999971 0.149747 -0.0409144 -0.0690668
FixedParameters: 0 0 0

#Transform 146
Transform: AffineTransform_float_3_3
Parameters: 0.999992 -0.00202812 0.00361703 0.00200288 0.999974 0.00693431 -0.00363097 -0.0069267 0.99997 0.158642 -0.0436438 -0.0872896
FixedParameters: 0 0 0

#Transform 147
Transform: AffineTransform_float_3_3
Parameters: 0.999991 -0.00222312 0.00376914 0.00219588 0.999972 0.00718334 -0.00378486 -0.00717465 0.999967 0.151086 -0.0471147 -0.0604824
FixedParameters: 0 0 0

#Transform 148
Transform: AffineTransform_float_3_3
Parameters: 0.99999 -0.00228884 0.00386649 0.00225916 0.999968 0.00770481 -0.00388351 -0.00769619 0.999963 0.158689 -0.0511672 -0.0353349
FixedParameters: 0 0 0

#Transform 149
Transform: AffineTransform_float_3_3
Parameters: 0.999989 -0.00229095 0.00391749 0.00225905 0.999965 0.00814094 -0.00393651 -0.00813207 0.999959 0.148925 -0.0277115 -0.0327458
FixedParameters: 0 0 0

#Transform 150
Transform: AffineTransform_float_3_3
Parameters: 0.99999 -0.00229263 0.00402302 0.00225837 0.999962 0.00834317 -0.00404197 -0.00833382 0.999957 0.159612 -0.0294028 -0.041956
FixedParameters: 0 0 0

#Transform 151
Transform: AffineTransform_float_3_3
Parameters: 0.999987 -0.0027079 0.00426756 0.00266911 0.999955 0.0090945 -0.00429143 -0.00908249 0.999949 0.170068 -0.0409932 0.0163024
FixedParameters: 0 0 0

#Transform 152
Transform: AffineTransform_float_3_3
Parameters: 0.999987 -0.00270491 0.00420411 0.00266909 0.99996 0.00852433 -0.00422689 -0.00851367 0.999955 0.152767 -0.0232659 0.0173437
FixedParameters: 0 0 0

#Transform 153
Transform: AffineTransform_float_3_3
Parameters: 0.999988 -0.00237921 0.00427203 0.00234379 0.999962 0.00846212 -0.00429198 -0.00845189 0.999955 0.152541 -0.0296982 0.0203933
FixedParameters: 0 0 0

#Transform 154
Transform: AffineTransform_float_3_3
Parameters: 0.999989 -0.00228348 0.00415168 0.00224752 0.999961 0.00853043 -0.00417131 -0.00852157 0.999955 0.147184 -0.0362397 0.0219324
FixedParameters: 0 0 0

#Transform 155
Transform: AffineTransform_float_3_3
Parameters: 0.999989 -0.00228871 0.00413845 0.00225328 0.999961 0.00861443 -0.00415855 -0.00860458 0.999955 0.148837 -0.0427173 0.0158363
FixedParameters: 0 0 0

#Transform 156
Transform: AffineTransform_float_3_3
Parameters: 0.999989 -0.00226183 0.00412107 0.00222716 0.999962 0.00843827 -0.00413993 -0.00842873 0.999956 0.147697 -0.0317175 0.0141854
FixedParameters: 0 0 0

#Transform 157
Transform: AffineTransform_float_3_3
Parameters: 0.99999 -0.00233835 0.00394098 0.00230565 0.999964 0.00819317 -0.00396001 -0.00818382 0.999958 0.145231 -0.0153482 0.0103505
FixedParameters: 0 0 0

#Transform 158
Transform: AffineTransform_float_3_3
Parameters: 0.999988 -0.00246921 0.00437119 0.0024318 0.999961 0.00849674 -0.00439181 -0.00848627 0.999955 0.153816 -0.0176896 0.00938877
FixedParameters: 0 0 0

#Transform 159
Transform: AffineTransform_float_3_3
Parameters: 0.999987 -0.00254561 0.00443205 0.00250739 0.999959 0.00869523 -0.00445396 -0.00868378 0.999953 0.15747 -0.032779 0.00876713
FixedParameters: 0 0 0

#Transform 160
Transform: AffineTransform_float_3_3
Parameters: 0.999986 -0.00251563 0.00454483 0.00247637 0.999961 0.00848537 -0.00456616 -0.00847362 0.999953 0.155006 -0.0309466 0.0168059
FixedParameters: 0 0 0

#Transform 161
Transform: AffineTransform_float_3_3
Parameters: 0.999987 -0.00270572 0.00434535 0.00266928 0.999961 0.00843471 -0.00436765 -0.00842229 0.999955 0.169511 -0.0300067 0.027941
FixedParameters: 0 0 0

#Transform 162
Transform: AffineTransform_float_3_3
Parameters: 0.999987 -0.002706 0.00445473 0.002669 0.999962 0.008291 -0.00447727 -0.008279 0.999955 0.168372 0.00254658 0.0148034
FixedParameters: 0 0 0

#Transform 163
Transform: AffineTransform_float_3_3
Parameters: 0.999986 -0.00263968 0.0045825 0.00260232 0.999963 0.00820904 -0.0046045 -0.00819696 0.999956 0.163485 -0.0179059 -0.0025486
FixedParameters: 0 0 0

#Transform 164
Transform: AffineTransform_float_3_3
Parameters: 0.999983 -0.0031405 0.00475982 0.00310149 0.999962 0.00807489 -0.00478518 -0.0080601 0.999956 0.173048 -0.0156885 -0.0123278
FixedParameters: 0 0 0

#Transform 165
Transform: AffineTransform_float_3_3
Parameters: 0.999983 -0.00313937 0.0047686 0.00310162 0.999964 0.00782491 -0.00479339 -0.00781008 0.999958 0.172997 -0.0135794 -0.00718941
FixedParameters: 0 0 0

#Transform 166
Transform: AffineTransform_float_3_3
Parameters: 0.999983 -0.00314023 0.00501728 0.00310178 0.999966 0.0076087 -0.00504072 -0.00759231 0.999959 0.170746 -0.00160988 -0.0262498
FixedParameters: 0 0 0

#Transform 167
Transform: AffineTransform_float_3_3
Parameters: 0.999983 -0.00313785 0.00476961 0.00310114 0.999967 0.00750592 -0.00479339 -0.00749008 0.999961 0.17291 -0.0165936 -0.0272002
FixedParameters: 0 0 0

#Transform 168
Transform: AffineTransform_float_3_3
Parameters: 0.999981 -0.00314146 0.00517927 0.00310154 0.999966 0.0076092 -0.00520272 -0.00759279 0.999957 0.169609 -0.0281102 -0.022773
FixedParameters: 0 0 0

#Transform 169
Transform: AffineTransform_float_3_3
Parameters: 0.999983 -0.00313914 0.00487428 0.00310186 0.999966 0.00760825 -0.00489772 -0.00759276 0.999959 0.185593 -0.00426207 -0.0259742
FixedParameters: 0 0 0

#Transform 170
Transform: AffineTransform_float_3_3
Parameters: 0.99998 -0.0032613 0.00542037 0.0032197 0.999966 0.00761061 -0.00544563 -0.00759239 0.999957 0.192301 -0.00537909 -0.0271626
FixedParameters: 0 0 0

#Transform 171
Transform: AffineTransform_float_3_3
Parameters: 0.999981 -0.00314445 0.00538544 0.00310155 0.999964 0.00787286 -0.00541057 -0.00785615 0.999955 0.190618 -0.0214809 -0.0226046
FixedParameters: 0 0 0

#Transform 172
Transform: AffineTransform_float_3_3
Parameters: 0.99998 -0.00336146 0.0053586 0.00331954 0.999963 0.00791295 -0.00538541 -0.00789506 0.999955 0.194547 -0.0213723 -0.0270851
FixedParameters: 0 0 0

#Transform 173
Transform: AffineTransform_float_3_3
Parameters: 0.999981 -0.00314225 0.00517477 0.00310175 0.999965 0.0077682 -0.00519923 -0.00775181 0.999957 0.192369 -0.0207385 -0.037078
FixedParameters: 0 0 0

#Transform 174
Transform: AffineTransform_float_3_3
Parameters: 0.999982 -0.00314151 0.00523851 0.00310149 0.999967 0.00753439 -0.00526149 -0.00751761 0.999958 0.191647 -0.00721178 -0.0594197
FixedParameters: 0 0 0

#Transform 175
Transform: AffineTransform_float_3_3
Parameters: 0.999981 -0.00314113 0.00521362 0.00310187 0.999967 0.00749731 -0.00523638 -0.00748069 0.999959 0.200917 -0.00172996 -0.0606079
FixedParameters: 0 0 0

#Transform 176
Transform: AffineTransform_float_3_3
Parameters: 0.99998 -0.00314281 0.00535726 0.00310119 0.999966 0.00760976 -0.00538072 -0.00759224 0.999956 0.195478 -0.0363146 -0.0486154
FixedParameters: 0 0 0

#Transform 177
Transform: AffineTransform_float_3_3
Parameters: 0.999981 -0.00314222 0.00533552 0.00310177 0.999967 0.0075307 -0.00535948 -0.00751331 0.999958 0.207155 -0.0330791 -0.0653154
FixedParameters: 0 0 0

#Transform 178
Transform: AffineTransform_float_3_3
Parameters: 0.999981 -0.00314215 0.00532752 0.00310185 0.999967 0.00752766 -0.00535147 -0.00751132 0.999957 0.20161 -0.0213432 -0.0728493
FixedParameters: 0 0 0

#Transform 179
Transform: AffineTransform_float_3_3
Parameters: 0.99998 -0.00328903 0.00541449 0.00324997 0.999969 0.00720074 -0.00543852 -0.00718326 0.99996 0.208941 -0.0157913 -0.0785745
FixedParameters: 0 0 0

#Transform 180
Transform: AffineTransform_float_3_3
Parameters: 0.999977 -0.00336827 0.00587986 0.00332473 0.999966 0.00752273 -0.00590515 -0.00750229 0.999955 0.20636 -0.0248855 -0.0741874
FixedParameters: 0 0 0

#Transform 181
Transform: AffineTransform_float_3_3
Parameters: 0.999978 -0.00333379 0.00581411 0.00329022 0.999967 0.0075243 -0.00583889 -0.0075047 0.999955 0.206311 -0.0353571 -0.0739938
FixedParameters: 0 0 0

#Transform 182
Transform: AffineTransform_float_3_3
Parameters: 0.999979 -0.00328415 0.00558702 0.00324285 0.999967 0.00735827 -0.00561098 -0.00733973 0.999958 0.207359 -0.0170329 -0.0732813
FixedParameters: 0 0 0

#Transform 183
Transform: AffineTransform_float_3_3
Parameters: 0.999977 -0.00330362 0.00591028 0.00325938 0.999966 0.00754344 -0.00593472 -0.00752357 0.999954 0.215434 -0.00610312 -0.0741889
FixedParameters: 0 0 0

#Transform 184
Transform: AffineTransform_float_3_3
Parameters: 0.999977 -0.00314423 0.0059092 0.00310177 0.999969 0.00731049 -0.0059318 -0.00729251 0.999956 0.211029 -0.0263723 -0.0846502
FixedParameters: 0 0 0

#Transform 185
Transform: AffineTransform_float_3_3
Parameters: 0.999978 -0.0031455 0.00584226 0.0031015 0.999966 0.00761029 -0.00586674 -0.00759171 0.999954 0.213191 -0.0491226 -0.0725048
FixedParameters: 0 0 0

#Transform 186
Transform: AffineTransform_float_3_3
Parameters: 0.999977 -0.00320064 0.00587389 0.00315636 0.999966 0.00759271 -0.0058981 -0.00757429 0.999954 0.221099 -0.0284753 -0.0731005
FixedParameters: 0 0 0

#Transform 187
Transform: AffineTransform_float_3_3
Parameters: 0.999977 -0.00314592 0.00598761 0.00310108 0.999967 0.00749674 -0.00601139 -0.00747726 0.999954 0.219102 -0.027892 -0.0944301
FixedParameters: 0 0 0

#Transform 188
Transform: AffineTransform_float_3_3
Parameters: 0.999977 -0.00314617 0.00591519 0.00310183 0.999966 0.00763052 -0.00593881 -0.00761249 0.999954 0.214983 -0.0291102 -0.0902466
FixedParameters: 0 0 0

#Transform 189
Transform: AffineTransform_float_3_3
Parameters: 0.999978 -0.00301172 0.00593753 0.00296427 0.999964 0.00786177 -0.00596146 -0.00784421 0.999951 0.211968 -0.0473681 -0.082062
FixedParameters: 0 0 0

#Transform 190
Transform: AffineTransform_float_3_3
Parameters: 0.999979 -0.00289209 0.00584137 0.00284791 0.999967 0.00754179 -0.00586262 -0.0075252 0.999954 0.216154 -0.0315152 -0.0739001
FixedParameters: 0 0 0

#Transform 191
Transform: AffineTransform_float_3_3
Parameters: 0.999977 -0.00296089 0.00599555 0.00291511 0.999967 0.00764865 -0.00601744 -0.00763136 0.999953 0.215884 -0.016754 -0.0880968
FixedParameters: 0 0 0

#Transform 192
Transform: AffineTransform_float_3_3
Parameters: 0.999977 -0.00300961 0.00597123 0.00296439 0.999967 0.00763288 -0.00599377 -0.00761414 0.999953 0.214807 -0.024155 -0.0753553
FixedParameters: 0 0 0

#Transform 193
Transform: AffineTransform_float_3_3
Parameters: 0.999976 -0.00314923 0.00614653 0.00310177 0.999965 0.00784026 -0.00617148 -0.00782076 0.999951 0.217932 -0.0373961 -0.0694007
FixedParameters: 0 0 0

#Transform 194
Transform: AffineTransform_float_3_3
Parameters: 0.999978 -0.00314697 0.00593385 0.00310103 0.999965 0.00774058 -0.00595816 -0.00772143 0.999953 0.219644 -0.0365295 -0.0762395
FixedParameters: 0 0 0

#Transform 195
Transform: AffineTransform_float_3_3
Parameters: 0.999976 -0.0030592 0.00612012 0.00301379 0.999967 0.00754362 -0.00614388 -0.00752538 0.999953 0.216552 -0.0223911 -0.0916615
FixedParameters: 0 0 0

#Transform 196
Transform: AffineTransform_float_3_3
Parameters: 0.999977 -0.00314729 0.0059879 0.00310171 0.999966 0.00772375 -0.00601211 -0.00770526 0.999952 0.219017 -0.0116069 -0.0956258
FixedParameters: 0 0 0

#Transform 197
Transform: AffineTransform_float_3_3
Parameters: 0.999976 -0.00314986 0.00627772 0.00310114 0.999965 0.00777766 -0.00630228 -0.00775734 0.99995 0.216739 -0.0413125 -0.0925999
FixedParameters: 0 0 0

#Transform 198
Transform: AffineTransform_float_3_3
Parameters: 0.999975 -0.00314975 0.00630589 0.00310126 0.999966 0.00772475 -0.00633012 -0.00770526 0.999951 0.21413 -0.0554534 -0.0948734
FixedParameters: 0 0 0

#Transform 199
Transform: AffineTransform_float_3_3
Parameters: 0.999976 -0.00314829 0.00626446 0.00310171 0.999966 0.00754461 -0.00628755 -0.00752539 0.999952 0.216753 -0.020318 -0.097903
FixedParameters: 0 0 0

#Transform 200
Transform: AffineTransform_float_3_3
Parameters: 0.999975 -0.00314984 0.00624862 0.00310115 0.999964 0.00781057 -0.00627338 -0.00779143 0.99995 0.225108 -0.0225033 -0.104234
FixedParameters: 0 0 0

#Transform 201
Transform: AffineTransform_float_3_3
Parameters: 0.999975 -0.00315033 0.00631262 0.00310166 0.999964 0.00780977 -0.00633738 -0.00778922 0.999949 0.234041 -0.0423724 -0.100548
FixedParameters: 0 0 0

#Transform 202
Transform: AffineTransform_float_3_3
Parameters: 0.999976 -0.00303022 0.00620669 0.00298179 0.999966 0.00776369 -0.00622931 -0.00774431 0.99995 0.223833 -0.0333505 -0.093978
FixedParameters: 0 0 0

#Transform 203
Transform: AffineTransform_float_3_3
Parameters: 0.999975 -0.00302613 0.00638448 0.00297587 0.999965 0.00784719 -0.00640752 -0.0078278 0.999949 0.2248 -0.00696343 -0.0932461
FixedParameters: 0 0 0

#Transform 204
Transform: AffineTransform_float_3_3
Parameters: 0.999975 -0.00315106 0.00632832 0.00310194 0.999964 0.00790383 -0.00635368 -0.00788417 0.999948 0.223461 -0.00716559 -0.0921394
FixedParameters: 0 0 0

#Transform 205
Transform: AffineTransform_float_3_3
Parameters: 0.999974 -0.00315079 0.00638166 0.00310121 0.999965 0.00779699 -0.00640534 -0.00777702 0.999949 0.227389 -0.023303 -0.0971417
FixedParameters: 0 0 0

#Transform 206
Transform: AffineTransform_float_3_3
Parameters: 0.999975 -0.00315293 0.0064047 0.00310108 0.999963 0.00810107 -0.0064293 -0.00808094 0.999946 0.233299 -0.0249584 -0.0889781
FixedParameters: 0 0 0

#Transform 207
Transform: AffineTransform_float_3_3
Parameters: 0.999974 -0.00302693 0.00645088 0.00297507 0.999963 0.0080444 -0.00647511 -0.0080246 0.999947 0.21082 -0.0126731 -0.0899142
FixedParameters: 0 0 0

#Transform 208
Transform: AffineTransform_float_3_3
Parameters: 0.999974 -0.00296723 0.00647587 0.00291377 0.999962 0.00821408 -0.00649912 -0.00819493 0.999946 0.229526 -0.0339574 -0.103855
FixedParameters: 0 0 0

#Transform 209
Transform: AffineTransform_float_3_3
Parameters: 0.999977 -0.00289617 0.00624142 0.00284683 0.999965 0.00787195 -0.00626458 -0.00785404 0.999949 0.230195 -0.0266035 -0.102166
FixedParameters: 0 0 0

#Transform 210
Transform: AffineTransform_float_3_3
Parameters: 0.999976 -0.00290917 0.00630353 0.00285982 0.999965 0.00779621 -0.00632646 -0.00777778 0.999949 0.229953 -0.030653 -0.106605
FixedParameters: 0 0 0

#Transform 211
Transform: AffineTransform_float_3_3
Parameters: 0.999975 -0.00315123 0.0064236 0.00310178 0.999964 0.00781412 -0.0064474 -0.00779388 0.999949 0.233245 -0.0300046 -0.0762352
FixedParameters: 0 0 0

#Transform 212
Transform: AffineTransform_float_3_3
Parameters: 0.999975 -0.0031496 0.00632403 0.0031014 0.999965 0.0076798 -0.00634797 -0.00766019 0.99995 0.234091 -0.028819 -0.0672146
FixedParameters: 0 0 0

#Transform 213
Transform: AffineTransform_float_3_3
Parameters: 0.999974 -0.00320544 0.00656566 0.00315357 0.999963 0.00798092 -0.00659034 -0.00796009 0.999946 0.232863 -0.0312985 -0.0827933
FixedParameters: 0 0 0

#Transform 214
Transform: AffineTransform_float_3_3
Parameters: 0.999975 -0.00315303 0.00640264 0.00310198 0.999962 0.00811907 -0.00642837 -0.00809894 0.999946 0.233274 -0.032636 -0.0885865
FixedParameters: 0 0 0

#Transform 215
Transform: AffineTransform_float_3_3
Parameters: 0.999973 -0.00315384 0.00661005 0.00310116 0.999964 0.00798972 -0.00663496 -0.00796829 0.999946 0.23158 -0.0270251 -0.091177
FixedParameters: 0 0 0

#Transform 216
Transform: AffineTransform_float_3_3
Parameters: 0.999975 -0.0031512 0.00641659 0.0031018 0.999964 0.0078181 -0.00644142 -0.0077979 0.999949 0.233064 -0.019098 -0.0995491
FixedParameters: 0 0 0

#Transform 217
Transform: AffineTransform_float_3_3
Parameters: 0.999974 -0.00315191 0.00647246 0.0031011 0.999965 0.00786028 -0.00649655 -0.00784073 0.999948 0.232726 -0.0196515 -0.093194
FixedParameters: 0 0 0

#Transform 218
Transform: AffineTransform_float_3_3
Parameters: 0.999974 -0.00308159 0.00652797 0.0030284 0.999962 0.00820398 -0.00655303 -0.00818402 0.999945 0.231071 -0.0335373 -0.087447
FixedParameters: 0 0 0

#Transform 219
Transform: AffineTransform_float_3_3
Parameters: 0.999975 -0.00315238 0.00640196 0.00310163 0.999963 0.00801906 -0.00642705 -0.00799895 0.999948 0.233198 -0.0150276 -0.0975029
FixedParameters: 0 0 0

#Transform 220
Transform: AffineTransform_float_3_3
Parameters: 0.999972 -0.00315505 0.00675502 0.00310196 0.999963 0.00799618 -0.00677999 -0.00797583 0.999945 0.230286 -0.0113887 -0.102799
FixedParameters: 0 0 0

#Transform 221
Transform: AffineTransform_float_3_3
Parameters: 0.999972 -0.00335613 0.00669061 0.00330287 0.999963 0.00793632 -0.00671739 -0.00791368 0.999946 0.234054 -0.0185355 -0.115789
FixedParameters: 0 0 0

#Transform 222
Transform: AffineTransform_float_3_3
Parameters: 0.999969 -0.00353795 0.00695984 0.00348205 0.999961 0.00803448 -0.00698816 -0.00801052 0.999944 0.23487 -0.0258637 -0.121248
FixedParameters: 0 0 0

#Transform 223
Transform: AffineTransform_float_3_3
Parameters: 0.999972 -0.00315608 0.00679469 0.00310192 0.999963 0.00810131 -0.00682032 -0.00807971 0.999944 0.229932 -0.0337906 -0.119608
FixedParameters: 0 0 0

#Transform 224
Transform: AffineTransform_float_3_3
Parameters: 0.999971 -0.00315347 0.00683102 0.00310153 0.999965 0.0076774 -0.00685498 -0.0076566 0.999947 0.239956 -0.022778 -0.126955
FixedParameters: 0 0 0

#Transform 225
Transform: AffineTransform_float_3_3
Parameters: 0.999974 -0.00315417 0.00647336 0.00310183 0.999961 0.00820829 -0.00649865 -0.00818771 0.999946 0.23245 -0.0203248 -0.132888
FixedParameters: 0 0 0

#Transform 226
Transform: AffineTransform_float_3_3
Parameters: 0.999973 -0.0033405 0.00653392 0.0032845 0.999958 0.00848568 -0.00656207 -0.0084643 0.999942 0.241606 -0.0248435 -0.110108
FixedParameters: 0 0 0

#Transform 227
Transform: AffineTransform_float_3_3
Parameters: 0.999972 -0.00348239 0.00662865 0.00342461 0.999956 0.00879995 -0.00665936 -0.00877706 0.99994 0.241269 -0.00270483 -0.100742
FixedParameters: 0 0 0

#Transform 228
Transform: AffineTransform_float_3_3
Parameters: 0.999971 -0.00316021 0.00696142 0.00310179 0.999959 0.00849984 -0.00698758 -0.00847816 0.999939 0.240153 -0.00320344 -0.113765
FixedParameters: 0 0 0

#Transform 229
Transform: AffineTransform_float_3_3
Parameters: 0.99997 -0.00315915 0.00703819 0.00310185 0.999961 0.00825708 -0.00706482 -0.00823493 0.999941 0.24444 -0.0140848 -0.127696
FixedParameters: 0 0 0

#Transform 230
Transform: AffineTransform_float_3_3
Parameters: 0.999971 -0.00315906 0.00702117 0.00310195 0.999961 0.00826403 -0.00704684 -0.00824198 0.999941 0.244764 -0.0425637 -0.117453
FixedParameters: 0 0 0

#Transform 231
Transform: AffineTransform_float_3_3
Parameters: 0.999971 -0.00316022 0.00700659 0.00310178 0.999959 0.00844698 -0.00703242 -0.00842502 0.99994 0.244946 -0.0198594 -0.0970191
FixedParameters: 0 0 0

#Transform 232
Transform: AffineTransform_float_3_3
Parameters: 0.99997 -0.00327237 0.00704974 0.00321363 0.99996 0.00841591 -0.00707726 -0.0083931 0.999939 0.246416 -0.0245415 -0.11512
FixedParameters: 0 0 0

#Transform 233
Transform: AffineTransform_float_3_3
Parameters: 0.99997 -0.00315801 0.00717819 0.00310099 0.999963 0.0079395 -0.00720281 -0.00791649 0.999942 0.243445 -0.0398002 -0.123257
FixedParameters: 0 0 0

#Transform 234
Transform: AffineTransform_float_3_3
Parameters: 0.999968 -0.00328402 0.00721899 0.00322398 0.999961 0.00831054 -0.007246 -0.00828647 0.99994 0.245192 -0.0425969 -0.120467
FixedParameters: 0 0 0

#Transform 235
Transform: AffineTransform_float_3_3
Parameters: 0.999967 -0.00357039 0.00721692 0.00351061 0.99996 0.0082246 -0.00724607 -0.0081994 0.99994 0.25003 -0.0412072 -0.118582
FixedParameters: 0 0 0

#Transform 236
Transform: AffineTransform_float_3_3
Parameters: 0.999969 -0.00330919 0.0072427 0.00325082 0.999963 0.00803181 -0.00726831 -0.00800721 0.999942 0.238492 -0.021742 -0.121961
FixedParameters: 0 0 0

#Transform 237
Transform: AffineTransform_float_3_3
Parameters: 0.999967 -0.00316193 0.00746248 0.00310107 0.999962 0.00816141 -0.00748852 -0.00813859 0.999939 0.240954 -0.0129204 -0.128032
FixedParameters: 0 0 0

#Transform 238
Transform: AffineTransform_float_3_3
Parameters: 0.999967 -0.00336853 0.00748863 0.00330747 0.999961 0.00821405 -0.00751538 -0.00818896 0.999938 0.249933 -0.0163803 -0.119678
FixedParameters: 0 0 0

#Transform 239
Transform: AffineTransform_float_3_3
Parameters: 0.999968 -0.0034664 0.00723088 0.0034046 0.999958 0.00848689 -0.00726011 -0.00846211 0.999938 0.248095 -0.0182305 -0.0986371
FixedParameters: 0 0 0

#Transform 240
Transform: AffineTransform_float_3_3
Parameters: 0.999966 -0.0033316 0.00757391 0.0032674 0.999959 0.00852604 -0.00760209 -0.00850097 0.999935 0.2431 -0.0188193 -0.0956175
FixedParameters: 0 0 0

#Transform 241
Transform: AffineTransform_float_3_3
Parameters: 0.999969 -0.00316265 0.00720024 0.00310135 0.999958 0.0085576 -0.00722677 -0.00853441 0.999938 0.243253 -0.0196845 -0.113173
FixedParameters: 0 0 0

#Transform 242
Transform: AffineTransform_float_3_3
Parameters: 0.999969 -0.00316073 0.00720609 0.00310127 0.999961 0.0082846 -0.00723191 -0.00826239 0.999939 0.243179 -0.0106878 -0.117886
FixedParameters: 0 0 0

#Transform 243
Transform: AffineTransform_float_3_3
Parameters: 0.999965 -0.00360167 0.00763831 0.00353834 0.999959 0.00833233 -0.0076677 -0.00830468 0.999936 0.246863 -0.0168334 -0.117993
FixedParameters: 0 0 0

#Transform 244
Transform: AffineTransform_float_3_3
Parameters: 0.999965 -0.00364889 0.0076097 0.00358513 0.999959 0.00839158 -0.00763931 -0.00836442 0.999936 0.247912 -0.0253544 -0.127455
FixedParameters: 0 0 0

#Transform 245
Transform: AffineTransform_float_3_3
Parameters: 0.999966 -0.00339525 0.00753582 0.00333275 0.99996 0.00838941 -0.00756419 -0.00836461 0.999937 0.252596 -0.0129097 -0.129297
FixedParameters: 0 0 0

#Transform 246
Transform: AffineTransform_float_3_3
Parameters: 0.999964 -0.0034856 0.00764889 0.0034214 0.999958 0.00844246 -0.00767811 -0.00841653 0.999935 0.256481 -0.0323749 -0.133812
FixedParameters: 0 0 0

#Transform 247
Transform: AffineTransform_float_3_3
Parameters: 0.999965 -0.00346017 0.00761272 0.00339483 0.999957 0.00855714 -0.00764229 -0.00853085 0.999935 0.262494 -0.0362555 -0.129518
FixedParameters: 0 0 0

#Transform 248
Transform: AffineTransform_float_3_3
Parameters: 0.999964 -0.00336636 0.0077736 0.00329964 0.999958 0.00853396 -0.0078024 -0.00850804 0.999934 0.259444 -0.0290638 -0.133163
FixedParameters: 0 0 0

#Transform 249
Transform: AffineTransform_float_3_3
Parameters: 0.999963 -0.00331909 0.00787145 0.0032529 0.99996 0.00839491 -0.00789954 -0.00836809 0.999934 0.251002 -0.00775646 -0.142217
FixedParameters: 0 0 0

#Transform 250
Transform: AffineTransform_float_3_3
Parameters: 0.999959 -0.00362501 0.00822908 0.00355399 0.999956 0.00862759 -0.00825991 -0.0085984 0.999929 0.262691 -0.00896559 -0.119579
FixedParameters: 0 0 0

#Transform 251
Transform: AffineTransform_float_3_3
Parameters: 0.999959 -0.00368457 0.00825085 0.00361443 0.999957 0.00855117 -0.00828216 -0.00852183 0.99993 0.260848 -0.0315075 -0.126733
FixedParameters: 0 0 0

#Transform 252
Transform: AffineTransform_float_3_3
Parameters: 0.99996 -0.00354134 0.00823552 0.00347266 0.999958 0.00841893 -0.00826447 -0.00839006 0.99993 0.258641 -0.021098 -0.129471
FixedParameters: 0 0 0

#Transform 253
Transform: AffineTransform_float_3_3
Parameters: 0.99996 -0.00369769 0.00812554 0.0036303 0.999958 0.00832983 -0.00815647 -0.00830017 0.999933 0.262107 -0.00231298 -0.125228
FixedParameters: 0 0 0

#Transform 254
Transform: AffineTransform_float_3_3
Parameters: 0.999959 -0.00396367 0.00813294 0.00389333 0.999954 0.00868702 -0.00816707 -0.00865498 0.999929 0.266558 -0.0150152 -0.116482
FixedParameters: 0 0 0

#Transform 255
Transform: AffineTransform_float_3_3
Parameters: 0.999959 -0.00362528 0.00831829 0.00355372 0.999957 0.00856791 -0.0083487 -0.00853808 0.999928 0.259343 -0.0200292 -0.116528
FixedParameters: 0 0 0

#Transform 256
Transform: AffineTransform_float_3_3
Parameters: 0.999961 -0.00371007 0.00810083 0.00363893 0.999955 0.00876982 -0.00813317 -0.00874017 0.999928 0.2625 -0.00949618 -0.115279
FixedParameters: 0 0 0

#Transform 257
Transform: AffineTransform_float_3_3
Parameters: 0.999959 -0.00378377 0.00814395 0.00371424 0.999957 0.0085646 -0.00817605 -0.00853441 0.99993 0.263474 -0.00757713 -0.121825
FixedParameters: 0 0 0

#Transform 258
Transform: AffineTransform_float_3_3
Parameters: 0.99996 -0.00362153 0.0080871 0.00355347 0.999959 0.00834907 -0.0081169 -0.00831993 0.999933 0.261161 -0.0219867 -0.131587
FixedParameters: 0 0 0

#Transform 259
Transform: AffineTransform_float_3_3
Parameters: 0.999962 -0.00362408 0.00798858 0.00355392 0.999955 0.00876873 -0.00802042 -0.00874027 0.999929 0.261863 -0.0303128 -0.136171
FixedParameters: 0 0 0

#Transform 260
Transform: AffineTransform_float_3_3
Parameters: 0.999961 -0.003623 0.00806837 0.003554 0.999957 0.00855001 -0.00809863 -0.00852099 0.999931 0.261225 -0.0252221 -0.140192
FixedParameters: 0 0 0

#Transform 261
Transform: AffineTransform_float_3_3
Parameters: 0.999962 -0.00362274 0.00793799 0.00355326 0.999956 0.00865654 -0.007969 -0.00862746 0.999931 0.262313 -0.0259819 -0.13476
FixedParameters: 0 0 0

#Transform 262
Transform: AffineTransform_float_3_3
Parameters: 0.99996 -0.00362408 0.00816526 0.00355392 0.999957 0.00858036 -0.00819674 -0.00855163 0.99993 0.260377 -0.0204791 -0.139835
FixedParameters: 0 0 0

#Transform 263
Transform: AffineTransform_float_3_3
Parameters: 0.99996 -0.00362383 0.00815633 0.00355317 0.999957 0.00856032 -0.00818666 -0.00853067 0.99993 0.260449 -0.0252219 -0.140185
FixedParameters: 0 0 0

#Transform 264
Transform: AffineTransform_float_3_3
Parameters: 0.99996 -0.00374442 0.00814053 0.00367259 0.999955 0.00877025 -0.00817247 -0.00874075 0.999929 0.262687 -0.0267747 -0.136606
FixedParameters: 0 0 0

#Transform 265
Transform: AffineTransform_float_3_3
Parameters: 0.999958 -0.00377306 0.00827486 0.00370394 0.999959 0.008345 -0.00830614 -0.00831401 0.999931 0.262016 -0.0151905 -0.144136
FixedParameters: 0 0 0

#Transform 266
Transform: AffineTransform_float_3_3
Parameters: 0.999959 -0.00362203 0.00823641 0.00355397 0.999959 0.0082596 -0.00826558 -0.00823039 0.999932 0.259756 -0.00106078 -0.145589
FixedParameters: 0 0 0

#Transform 267
Transform: AffineTransform_float_3_3
Parameters: 0.999957 -0.00368792 0.00852768 0.00361707 0.999959 0.0083172 -0.00855832 -0.00828579 0.999929 0.264317 -0.00132199 -0.149343
FixedParameters: 0 0 0

#Transform 268
Transform: AffineTransform_float_3_3
Parameters: 0.999957 -0.00362523 0.00845882 0.00355376 0.999958 0.00842142 -0.00848917 -0.00839058 0.999929 0.265644 -0.0284003 -0.157028
FixedParameters: 0 0 0

#Transform 269
Transform: AffineTransform_float_3_3
Parameters: 0.999957 -0.00389593 0.00848926 0.00382607 0.999958 0.00823884 -0.00852075 -0.00820516 0.99993 0.270933 -0.023348 -0.142714
FixedParameters: 0 0 0

#Transform 270
Transform: AffineTransform_float_3_3
Parameters: 0.999957 -0.00378879 0.00849164 0.00371921 0.999961 0.00810194 -0.00852235 -0.00807006 0.999931 0.267719 -0.00665206 -0.151836
FixedParameters: 0 0 0

#Transform 271
Transform: AffineTransform_float_3_3
Parameters: 0.999957 -0.003621 0.00854993 0.00355399 0.999963 0.00783972 -0.00857806 -0.00780827 0.999932 0.25685 -0.00840534 -0.181497
FixedParameters: 0 0 0

#Transform 272
Transform: AffineTransform_float_3_3
Parameters: 0.999955 -0.00383708 0.00861398 0.00376891 0.999961 0.00790681 -0.008644 -0.00787318 0.999931 0.260087 -0.0237793 -0.17699
FixedParameters: 0 0 0

#Transform 273
Transform: AffineTransform_float_3_3
Parameters: 0.999953 -0.00383555 0.0088863 0.00376546 0.999963 0.00782983 -0.00891569 -0.00779617 0.99993 0.26666 -0.0229782 -0.164001
FixedParameters: 0 0 0

#Transform 274
Transform: AffineTransform_float_3_3
Parameters: 0.999952 -0.00422642 0.00876032 0.00415758 0.999961 0.00781379 -0.00879268 -0.00777721 0.999931 0.270793 0.015059 -0.135652
FixedParameters: 0 0 0

#Transform 275
Transform: AffineTransform_float_3_3
Parameters: 0.999951 -0.00449338 0.00888024 0.00442463 0.999959 0.00781668 -0.00891478 -0.00777733 0.99993 0.269032 0.0191273 -0.126187
FixedParameters: 0 0 0

#Transform 276
Transform: AffineTransform_float_3_3
Parameters: 0.999949 -0.00449623 0.00904746 0.00442478 0.999959 0.00798744 -0.00908255 -0.00794757 0.999927 0.273579 -0.00178989 -0.148624
FixedParameters: 0 0 0

#Transform 277
Transform: AffineTransform_float_3_3
Parameters: 0.999952 -0.00449007 0.00877652 0.00442393 0.999962 0.00753219 -0.00881049 -0.0074938 0.999933 0.272889 0.0181556 -0.155676
FixedParameters: 0 0 0

#Transform 278
Transform: AffineTransform_float_3_3
Parameters: 0.999949 -0.00467417 0.00902856 0.00460984 0.999964 0.007225 -0.00906145 -0.00718302 0.999933 0.279657 0.0211159 -0.161546
FixedParameters: 0 0 0

#Transform 279
Transform: AffineTransform_float_3_3
Parameters: 0.999948 -0.00478436 0.00907129 0.00471566 0.999961 0.00754118 -0.00910673 -0.00749883 0.999931 0.280407 0.00821277 -0.135534
FixedParameters: 0 0 0

#Transform 280
Transform: AffineTransform_float_3_3
Parameters: 0.999951 -0.00448659 0.00889872 0.00442442 0.999966 0.00704072 -0.00892929 -0.00700129 0.999935 0.277177 0.0335863 -0.184
FixedParameters: 0 0 0

#Transform 281
Transform: AffineTransform_float_3_3
Parameters: 0.99995 -0.00425004 0.00899193 0.00418796 0.999968 0.006907 -0.00902105 -0.006869 0.999935 0.271586 0.0111278 -0.198205
FixedParameters: 0 0 0

#Transform 282
Transform: AffineTransform_float_3_3
Parameters: 0.999954 -0.00402479 0.0086995 0.00396722 0.99997 0.00664982 -0.00872551 -0.00661519 0.99994 0.262702 0.00171096 -0.174108
FixedParameters: 0 0 0

#Transform 283
Transform: AffineTransform_float_3_3
Parameters: 0.999955 -0.00406622 0.00856247 0.00401179 0.999972 0.00633964 -0.00858754 -0.00630537 0.999943 0.271868 0.0224739 -0.173721
FixedParameters: 0 0 0

#Transform 284
Transform: AffineTransform_float_3_3
Parameters: 0.999955 -0.00407065 0.00863044 0.00401635 0.999972 0.00633995 -0.00865657 -0.00630505 0.999942 0.271572 0.0285233 -0.176253
FixedParameters: 0 0 0

#Transform 285
Transform: AffineTransform_float_3_3
Parameters: 0.999956 -0.00416737 0.00842782 0.00411363 0.999972 0.00633995 -0.00845418 -0.00630505 0.999945 0.270193 0.00325086 -0.186322
FixedParameters: 0 0 0

#Transform 286
Transform: AffineTransform_float_3_3
Parameters: 0.999954 -0.00422709 0.00854044 0.00417291 0.999971 0.00634093 -0.00856756 -0.00630507 0.999944 0.27508 0.0113534 -0.188342
FixedParameters: 0 0 0

#Transform 287
Transform: AffineTransform_float_3_3
Parameters: 0.999955 -0.00423636 0.0084048 0.00418565 0.999973 0.00599944 -0.00842919 -0.00596455 0.999946 0.268424 0.0149775 -0.209162
FixedParameters: 0 0 0

#Transform 288
Transform: AffineTransform_float_3_3
Parameters: 0.999957 -0.00408216 0.00841284 0.00403184 0.999974 0.00597118 -0.00843716 -0.00593682 0.999947 0.270311 0.00774004 -0.199323
FixedParameters: 0 0 0

#Transform 289
Transform: AffineTransform_float_3_3
Parameters: 0.999955 -0.00432868 0.00845674 0.00427732 0.999972 0.00611945 -0.00848325 -0.00608355 0.999945 0.272478 0.0116631 -0.197113
FixedParameters: 0 0 0

#Transform 290
Transform: AffineTransform_float_3_3
Parameters: 0.999956 -0.00392512 0.00853567 0.00387388 0.999974 0.00599733 -0.00855832 -0.00596367 0.999945 0.267354 0.0197912 -0.203507
FixedParameters: 0 0 0

#Transform 291
Transform: AffineTransform_float_3_3
Parameters: 0.999955 -0.00401232 0.0086719 0.00396169 0.999976 0.00581162 -0.0086951 -0.00577737 0.999945 0.277493 -0.000134785 -0.223582
FixedParameters: 0 0 0

#Transform 292
Transform: AffineTransform_float_3_3
Parameters: 0.999953 -0.00392698 0.00885068 0.00387402 0.999974 0.00599457 -0.00887432 -0.00596043 0.999943 0.280578 -0.00511666 -0.217573
FixedParameters: 0 0 0

#Transform 293
Transform: AffineTransform_float_3_3
Parameters: 0.999954 -0.00392511 0.00881041 0.00387388 0.999975 0.0058114 -0.0088336 -0.0057766 0.999945 0.28082 0.00897023 -0.217924
FixedParameters: 0 0 0

#Transform 294
Transform: AffineTransform_float_3_3
Parameters: 0.999951 -0.00393069 0.00908268 0.00387431 0.999973 0.0062505 -0.00910733 -0.00621551 0.999939 0.27845 0.00911454 -0.234364
FixedParameters: 0 0 0

#Transform 295
Transform: AffineTransform_float_3_3
Parameters: 0.999948 -0.00413534 0.00930874 0.00407766 0.999972 0.00617027 -0.00933326 -0.00613172 0.999937 0.280058 -0.00214074 -0.227263
FixedParameters: 0 0 0

#Transform 296
Transform: AffineTransform_float_3_3
Parameters: 0.999947 -0.00433815 0.00932015 0.00427985 0.999972 0.00625022 -0.00934685 -0.00620978 0.999937 0.283415 -0.0152907 -0.224739
FixedParameters: 0 0 0

#Transform 297
Transform: AffineTransform_float_3_3
Parameters: 0.999948 -0.00424332 0.00934775 0.00418469 0.999971 0.00624944 -0.00937326 -0.00621055 0.999937 0.289616 -0.00441004 -0.224306
FixedParameters: 0 0 0

#Transform 298
Transform: AffineTransform_float_3_3
Parameters: 0.999947 -0.0041239 0.00950281 0.0040631 0.999971 0.00641896 -0.0095292 -0.00638005 0.999934 0.288526 -0.005977 -0.232527
FixedParameters: 0 0 0

#Transform 299
Transform: AffineTransform_float_3_3
Parameters: 0.999945 -0.00432726 0.00957901 0.00426674 0.999971 0.00630222 -0.00960599 -0.00626078 0.999935 0.293927 -3.85615e-05 -0.234725
FixedParameters: 0 0 0

#Transform 300
Transform: AffineTransform_float_3_3
Parameters: 0.999944 -0.00431692 0.00972576 0.00425507 0.99997 0.00637874 -0.00975326 -0.00633625 0.999933 0.293546 -0.0164817 -0.233635
FixedParameters: 0 0 0

#Transform 301
Transform: AffineTransform_float_3_3
Parameters: 0.999944 -0.00445062 0.00966406 0.00438439 0.999968 0.00679976 -0.00969395 -0.00675724 0.99993 0.298368 -0.019557 -0.22658
FixedParameters: 0 0 0

#Transform 302
Transform: AffineTransform_float_3_3
Parameters: 0.999946 -0.00419816 0.00951795 0.00413383 0.999968 0.00675171 -0.00954604 -0.00671128 0.999932 0.295384 -0.00675172 -0.227035
FixedParameters: 0 0 0

#Transform 303
Transform: AffineTransform_float_3_3
Parameters: 0.999943 -0.00431602 0.0098396 0.00425298 0.999971 0.00641622 -0.0098674 -0.00637378 0.999931 0.292484 -0.00296752 -0.226386
FixedParameters: 0 0 0

#Transform 304
Transform: AffineTransform_float_3_3
Parameters: 0.999944 -0.00434696 0.0096413 0.00428504 0.99997 0.00643767 -0.0096697 -0.00639632 0.999933 0.296709 -0.00471962 -0.232626
FixedParameters: 0 0 0

#Transform 305
Transform: AffineTransform_float_3_3
Parameters: 0.99994 -0.0048365 0.00984059 0.00476949 0.999965 0.00677034 -0.0098734 -0.00672265 0.999928 0.303316 -0.0185046 -0.227509
FixedParameters: 0 0 0

#Transform 306
Transform: AffineTransform_float_3_3
Parameters: 0.999943 -0.00461149 0.00965492 0.0045475 0.999968 0.00658828 -0.00968506 -0.00654371 0.999931 0.301024 -0.00455533 -0.239498
FixedParameters: 0 0 0

#Transform 307
Transform: AffineTransform_float_3_3
Parameters: 0.99994 -0.00467992 0.00982882 0.00461608 0.999968 0.00651576 -0.00985918 -0.00647025 0.999931 0.300591 0.0106034 -0.242808
FixedParameters: 0 0 0

#Transform 308
Transform: AffineTransform_float_3_3
Parameters: 0.999942 -0.00453719 0.0098361 0.00447482 0.99997 0.00643639 -0.00986491 -0.00639262 0.999931 0.291308 0.00342129 -0.253225
FixedParameters: 0 0 0

#Transform 309
Transform: AffineTransform_float_3_3
Parameters: 0.999947 -0.00435366 0.00933357 0.00429033 0.999968 0.00683041 -0.00936343 -0.0067896 0.999933 0.295897 -0.0092298 -0.252598
FixedParameters: 0 0 0

#Transform 310
Transform: AffineTransform_float_3_3
Parameters: 0.999946 -0.00435202 0.00950787 0.00428999 0.99997 0.00653315 -0.00953615 -0.00649186 0.999934 0.291183 0.00659314 -0.232553
FixedParameters: 0 0 0

#Transform 311
Transform: AffineTransform_float_3_3
Parameters: 0.999944 -0.00435196 0.00966333 0.00429005 0.99997 0.00642282 -0.00969066 -0.00638118 0.999932 0.296745 0.0205767 -0.229035
FixedParameters: 0 0 0

#Transform 312
Transform: AffineTransform_float_3_3
Parameters: 0.999942 -0.00435202 0.00977763 0.00428997 0.99997 0.00635531 -0.00980537 -0.00631269 0.999932 0.277488 -0.00526678 -0.240821
FixedParameters: 0 0 0

#Transform 313
Transform: AffineTransform_float_3_3
Parameters: 0.999949 -0.00396404 0.00927472 0.00390195 0.99997 0.00669853 -0.00930127 -0.00666146 0.999934 0.275191 -0.00900522 -0.231381
FixedParameters: 0 0 0

#Transform 314
Transform: AffineTransform_float_3_3
Parameters: 0.999952 -0.00374361 0.00906119 0.0036834 0.999971 0.00669569 -0.0090858 -0.0066623 0.999936 0.2734 0.0110887 -0.217317
FixedParameters: 0 0 0

#Transform 315
Transform: AffineTransform_float_3_3
Parameters: 0.999953 -0.00335262 0.00911757 0.00329138 0.999971 0.00676532 -0.00913942 -0.00673467 0.999935 0.261916 0.0131411 -0.233901
FixedParameters: 0 0 0

#Transform 316
Transform: AffineTransform_float_3_3
Parameters: 0.999957 -0.00325452 0.00874873 0.00319449 0.999971 0.00692225 -0.00877028 -0.00689476 0.999938 0.261695 -0.00925557 -0.240352
FixedParameters: 0 0 0

#Transform 317
Transform: AffineTransform_float_3_3
Parameters: 0.999955 -0.00325959 0.00883114 0.0031974 0.999969 0.00709355 -0.00885385 -0.00706445 0.999936 0.266917 -0.0107733 -0.260388
FixedParameters: 0 0 0

#Transform 318
Transform: AffineTransform_float_3_3
Parameters: 0.999957 -0.00315355 0.00871239 0.00309545 0.999974 0.00661126 -0.00873261 -0.00658375 0.99994 0.266039 -0.00689321 -0.268239
FixedParameters: 0 0 0

#Transform 319
Transform: AffineTransform_float_3_3
Parameters: 0.999954 -0.00325908 0.00904322 0.00319792 0.999972 0.00676023 -0.00906478 -0.00673077 0.999937 0.265131 -0.0187653 -0.266461
FixedParameters: 0 0 0

#Transform 320
Transform: AffineTransform_float_3_3
Parameters: 0.999955 -0.00321889 0.00884107 0.00315811 0.999972 0.00689223 -0.00886293 -0.00686378 0.999937 0.266176 -0.0320417 -0.2637
FixedParameters: 0 0 0

#Transform 321
Transform: AffineTransform_float_3_3
Parameters: 0.999954 -0.00322809 0.00895451 0.00316491 0.99997 0.00705066 -0.00897649 -0.00702234 0.999935 0.268039 -0.023418 -0.249929
FixedParameters: 0 0 0

#Transform 322
Transform: AffineTransform_float_3_3
Parameters: 0.999955 -0.00315958 0.00893377 0.00309542 0.99997 0.00712197 -0.00895523 -0.00709402 0.999934 0.264192 -0.0144493 -0.272663
FixedParameters: 0 0 0

#Transform 323
Transform: AffineTransform_float_3_3
Parameters: 0.999953 -0.00322953 0.0091588 0.00316346 0.999968 0.00727031 -0.00918219 -0.00724068 0.999931 0.272293 -0.0327333 -0.267018
FixedParameters: 0 0 0

#Transform 324
Transform: AffineTransform_float_3_3
Parameters: 0.999953 -0.00329309 0.00912542 0.00322691 0.999968 0.00724779 -0.00914858 -0.00721821 0.999932 0.273343 -0.0261949 -0.25483
FixedParameters: 0 0 0

#Transform 325
Transform: AffineTransform_float_3_3
Parameters: 0.999955 -0.0032999 0.00896101 0.00323409 0.999967 0.00735931 -0.008985 -0.00732968 0.999933 0.269726 -0.00253762 -0.239249
FixedParameters: 0 0 0

#Transform 326
Transform: AffineTransform_float_3_3
Parameters: 0.999954 -0.00325437 0.00901367 0.00318964 0.999968 0.00725708 -0.00903634 -0.00722792 0.999933 0.26537 -0.015926 -0.247003
FixedParameters: 0 0 0

#Transform 327
Transform: AffineTransform_float_3_3
Parameters: 0.999953 -0.00333354 0.00909789 0.00326646 0.999968 0.00731906 -0.0091221 -0.00728893 0.999932 0.269988 -0.0200249 -0.241036
FixedParameters: 0 0 0

#Transform 328
Transform: AffineTransform_float_3_3
Parameters: 0.999953 -0.00343604 0.00913006 0.00336896 0.999968 0.00734811 -0.00915496 -0.0073169 0.999932 0.267343 -0.0199675 -0.236781
FixedParameters: 0 0 0

#Transform 329
Transform: AffineTransform_float_3_3
Parameters: 0.999953 -0.00354087 0.00905012 0.00347413 0.999966 0.00739379 -0.00907588 -0.00736221 0.999931 0.280097 -0.00304423 -0.224634
FixedParameters: 0 0 0

#Transform 330
Transform: AffineTransform_float_3_3
Parameters: 0.999952 -0.00342162 0.00920807 0.00335139 0.999965 0.00767323 -0.00923394 -0.00764277 0.999928 0.279665 -0.00935774 -0.232914
FixedParameters: 0 0 0

#Transform 331
Transform: AffineTransform_float_3_3
Parameters: 0.99995 -0.00347986 0.00934985 0.00340615 0.999963 0.00790324 -0.00937616 -0.00787176 0.999925 0.278486 -0.0220897 -0.229787
FixedParameters: 0 0 0

#Transform 332
Transform: AffineTransform_float_3_3
Parameters: 0.999951 -0.00344283 0.00923015 0.00337016 0.999963 0.00789549 -0.00925684 -0.00786351 0.999926 0.277743 -0.0223505 -0.227501
FixedParameters: 0 0 0

#Transform 333
Transform: AffineTransform_float_3_3
Parameters: 0.999951 -0.00316791 0.00936999 0.0030961 0.999965 0.00767838 -0.009394 -0.00764961 0.999926 0.273373 -0.0069248 -0.232262
FixedParameters: 0 0 0

#Transform 334
Transform: AffineTransform_float_3_3
Parameters: 0.999947 -0.00361434 0.00965412 0.00353865 0.999963 0.00781058 -0.00968187 -0.00777542 0.999923 0.284509 -0.0209668 -0.240394
FixedParameters: 0 0 0

#Transform 335
Transform: AffineTransform_float_3_3
Parameters: 0.999947 -0.00336433 0.00966543 0.00328667 0.999962 0.00800518 -0.00969157 -0.00797381 0.999921 0.273813 -0.0257476 -0.237029
FixedParameters: 0 0 0

#Transform 336
Transform: AffineTransform_float_3_3
Parameters: 0.999949 -0.00346166 0.00950844 0.00338434 0.999961 0.00806659 -0.00953556 -0.0080344 0.999923 0.279955 -0.0258707 -0.229295
FixedParameters: 0 0 0

#Transform 337
Transform: AffineTransform_float_3_3
Parameters: 0.999948 -0.00360953 0.00952372 0.00353447 0.999963 0.00793508 -0.00955229 -0.00790093 0.999923 0.285572 -0.00461549 -0.229393
FixedParameters: 0 0 0

#Transform 338
Transform: AffineTransform_float_3_3
Parameters: 0.999945 -0.00361933 0.00978739 0.00354067 0.999961 0.00800809 -0.00981661 -0.0079739 0.99992 0.283457 -0.00525227 -0.237522
FixedParameters: 0 0 0

#Transform 339
Transform: AffineTransform_float_3_3
Parameters: 0.999948 -0.00361731 0.0095354 0.0035407 0.999961 0.00800717 -0.00956359 -0.00797381 0.999922 0.2857 -0.0146173 -0.224855
FixedParameters: 0 0 0

#Transform 340
Transform: AffineTransform_float_3_3
Parameters: 0.999945 -0.00387729 0.00968044 0.0037947 0.999956 0.00850519 -0.00971355 -0.00846779 0.999917 0.292202 -0.00734999 -0.196548
FixedParameters: 0 0 0

#Transform 341
Transform: AffineTransform_float_3_3
Parameters: 0.999943 -0.00392117 0.00988156 0.00384083 0.999959 0.00811841 -0.00991343 -0.00808058 0.999918 0.287966 0.00770671 -0.204682
FixedParameters: 0 0 0

#Transform 342
Transform: AffineTransform_float_3_3
Parameters: 0.999944 -0.00404595 0.00978394 0.00397005 0.999962 0.00776928 -0.00981506 -0.00773072 0.999922 0.290597 0.028027 -0.224237
FixedParameters: 0 0 0

#Transform 343
Transform: AffineTransform_float_3_3
Parameters: 0.999946 -0.00387871 0.00965386 0.0038133 0.99997 0.00681519 -0.00968015 -0.00677882 0.99993 0.295565 0.0184049 -0.231881
FixedParameters: 0 0 0

#Transform 344
Transform: AffineTransform_float_3_3
Parameters: 0.999945 -0.00377882 0.00971298 0.00370618 0.999965 0.0075044 -0.00974101 -0.00746759 0.999924 0.28508 -0.0526484 -0.221483
FixedParameters: 0 0 0

#Transform 345
Transform: AffineTransform_float_3_3
Parameters: 0.999948 -0.00375326 0.00947469 0.00368074 0.999964 0.00763227 -0.0095033 -0.00759673 0.999926 0.281848 -0.0269224 -0.223362
FixedParameters: 0 0 0

#Transform 346
Transform: AffineTransform_float_3_3
Parameters: 0.999948 -0.0039725 0.00945912 0.0039025 0.999966 0.00735431 -0.00948889 -0.00731669 0.999928 0.292149 -0.000990892 -0.230436
FixedParameters: 0 0 0

#Transform 347
Transform: AffineTransform_float_3_3
Parameters: 0.99995 -0.00360927 0.00935193 0.00354073 0.999967 0.00730648 -0.00937805 -0.00727251 0.999929 0.282507 0.0124849 -0.261772
FixedParameters: 0 0 0

#Transform 348
Transform: AffineTransform_float_3_3
Parameters: 0.999948 -0.00361123 0.00955776 0.00354078 0.999966 0.00735423 -0.00958324 -0.00732077 0.999928 0.284956 -0.00640262 -0.289556
FixedParameters: 0 0 0

#Transform 349
Transform: AffineTransform_float_3_3
Parameters: 0.999947 -0.00361074 0.00962312 0.00354126 0.999968 0.00725447 -0.00964889 -0.00721955 0.999928 0.284334 -0.00550513 -0.29129
FixedParameters: 0 0 0

#Transform 350
Transform: AffineTransform_float_3_3
Parameters: 0.999948 -0.00361102 0.00951371 0.00354098 0.999966 0.00736706 -0.00953928 -0.00733293 0.999927 0.285258 -0.00652481 -0.289228
FixedParameters: 0 0 0

#Transform 351
Transform: AffineTransform_float_3_3
Parameters: 0.999945 -0.00361304 0.0097877 0.00354096 0.999966 0.00736806 -0.00981329 -0.00733294 0.999925 0.288279 -0.0059225 -0.29597
FixedParameters: 0 0 0

#Transform 352
Transform: AffineTransform_float_3_3
Parameters: 0.999948 -0.00360973 0.00946607 0.00354128 0.999968 0.0072669 -0.00949192 -0.00723311 0.999929 0.28579 -0.0221942 -0.28827
FixedParameters: 0 0 0

#Transform 353
Transform: AffineTransform_float_3_3
Parameters: 0.999949 -0.00361015 0.00948999 0.00354086 0.999967 0.00729298 -0.00951602 -0.00725902 0.999929 0.27866 -0.0224067 -0.289155
FixedParameters: 0 0 0

#Transform 354
Transform: AffineTransform_float_3_3
Parameters: 0.99995 -0.00348428 0.00944846 0.00341772 0.999969 0.00712765 -0.00947255 -0.00709535 0.99993 0.283754 -0.0214215 -0.296203
FixedParameters: 0 0 0

#Transform 355
Transform: AffineTransform_float_3_3
Parameters: 0.999949 -0.00327601 0.00955261 0.00320698 0.999968 0.007231 -0.00957639 -0.00719999 0.999928 0.279482 -0.020285 -0.284216
FixedParameters: 0 0 0

#Transform 356
Transform: AffineTransform_float_3_3
Parameters: 0.99995 -0.00335672 0.00934495 0.00328928 0.999969 0.0072531 -0.00936905 -0.00722191 0.99993 0.282615 -0.0226369 -0.278261
FixedParameters: 0 0 0

#Transform 357
Transform: AffineTransform_float_3_3
Parameters: 0.999949 -0.00335038 0.00946372 0.00328062 0.999967 0.00733642 -0.00948827 -0.00730558 0.999929 0.284893 -0.0208683 -0.282965
FixedParameters: 0 0 0

#Transform 358
Transform: AffineTransform_float_3_3
Parameters: 0.99995 -0.00338596 0.00938475 0.00331803 0.999968 0.0072485 -0.00940924 -0.0072165 0.999929 0.282597 0.00455839 -0.279771
FixedParameters: 0 0 0

#Transform 359
Transform: AffineTransform_float_3_3
Parameters: 0.999948 -0.00361007 0.00951308 0.00354094 0.999968 0.00726707 -0.00953893 -0.00723294 0.999929 0.285319 -0.000328131 -0.277066
FixedParameters: 0 0 0

#Transform 360
Transform: AffineTransform_float_3_3
Parameters: 0.999948 -0.00361301 0.00953603 0.00354099 0.999965 0.00755716 -0.00956297 -0.00752284 0.999926 0.285352 -0.0179981 -0.264108
FixedParameters: 0 0 0

#Transform 361
Transform: AffineTransform_float_3_3
Parameters: 0.999947 -0.00377252 0.00955345 0.00370247 0.999966 0.00738876 -0.00958156 -0.00735324 0.999927 0.287825 -0.016335 -0.267325
FixedParameters: 0 0 0

#Transform 362
Transform: AffineTransform_float_3_3
Parameters: 0.999946 -0.00377788 0.00970494 0.00370511 0.999965 0.00751736 -0.00973305 -0.00748063 0.999924 0.293771 0.00913759 -0.267245
FixedParameters: 0 0 0

#Transform 363
Transform: AffineTransform_float_3_3
Parameters: 0.999944 -0.00383357 0.00983879 0.00376343 0.999967 0.00718143 -0.00986621 -0.00714358 0.999926 0.290158 -0.00480789 -0.276265
FixedParameters: 0 0 0

#Transform 364
Transform: AffineTransform_float_3_3
Parameters: 0.999945 -0.00377747 0.00978924 0.00371054 0.99997 0.00690071 -0.00981477 -0.00686431 0.999929 0.291426 -0.0149858 -0.276043
FixedParameters: 0 0 0

#Transform 365
Transform: AffineTransform_float_3_3
Parameters: 0.999945 -0.00372992 0.0097944 0.00366209 0.999969 0.00694325 -0.0098196 -0.00690675 0.999928 0.285048 -0.0126888 -0.280952
FixedParameters: 0 0 0

#Transform 366
Transform: AffineTransform_float_3_3
Parameters: 0.999941 -0.00384971 0.0100927 0.00378029 0.999969 0.00691756 -0.0101183 -0.00687845 0.999925 0.284699 -0.000102775 -0.270737
FixedParameters: 0 0 0

#Transform 367
Transform: AffineTransform_float_3_3
Parameters: 0.999944 -0.00361115 0.00992876 0.00354084 0.999968 0.00707455 -0.00995423 -0.00703844 0.999925 0.282042 -0.010161 -0.26818
FixedParameters: 0 0 0

#Transform 368
Transform: AffineTransform_float_3_3
Parameters: 0.999945 -0.00399071 0.00969059 0.0039213 0.999967 0.0072014 -0.00971842 -0.00716361 0.999927 0.290474 -0.0140834 -0.257615
FixedParameters: 0 0 0

#Transform 369
Transform: AffineTransform_float_3_3
Parameters: 0.999942 -0.00395638 0.0100161 0.00388462 0.999967 0.00713633 -0.0100439 -0.00709668 0.999925 0.295117 -0.0136737 -0.26611
FixedParameters: 0 0 0

#Transform 370
Transform: AffineTransform_float_3_3
Parameters: 0.999941 -0.00388656 0.010092 0.00381344 0.999966 0.00729791 -0.01012 -0.00725909 0.999922 0.301257 -0.0153935 -0.293075
FixedParameters: 0 0 0

#Transform 371
Transform: AffineTransform_float_3_3
Parameters: 0.999944 -0.00361298 0.0100143 0.00354103 0.999968 0.00719587 -0.0100397 -0.00716013 0.999924 0.297309 -0.00493089 -0.288601
FixedParameters: 0 0 0

#Transform 372
Transform: AffineTransform_float_3_3
Parameters: 0.999942 -0.00393043 0.0101007 0.00385757 0.999966 0.0072794 -0.0101293 -0.00723962 0.999923 0.301825 0.0015932 -0.289716
FixedParameters: 0 0 0

#Transform 373
Transform: AffineTransform_float_3_3
Parameters: 0.999939 -0.00425194 0.0101343 0.00418305 0.999968 0.00681481 -0.0101636 -0.0067712 0.999926 0.294742 0.0170285 -0.310131
FixedParameters: 0 0 0

#Transform 374
Transform: AffineTransform_float_3_3
Parameters: 0.999939 -0.00478413 0.009932 0.00471487 0.999964 0.00697225 -0.00996501 -0.00692475 0.999927 0.308745 0.00130013 -0.307205
FixedParameters: 0 0 0

#Transform 375
Transform: AffineTransform_float_3_3
Parameters: 0.999936 -0.00479201 0.0102965 0.004715 0.999961 0.00749003 -0.0103315 -0.00744097 0.999919 0.308314 -0.0149655 -0.299297
FixedParameters: 0 0 0

#Transform 376
Transform: AffineTransform_float_3_3
Parameters: 0.999936 -0.00468815 0.0103633 0.00461287 0.999963 0.00726227 -0.0103967 -0.00721473 0.99992 0.309599 -0.026265 -0.293314
FixedParameters: 0 0 0

#Transform 377
Transform: AffineTransform_float_3_3
Parameters: 0.999935 -0.00478857 0.0103533 0.00471542 0.999963 0.00711928 -0.0103867 -0.00706972 0.999921 0.313774 0.00206041 -0.31446
FixedParameters: 0 0 0

#Transform 378
Transform: AffineTransform_float_3_3
Parameters: 0.999936 -0.00478713 0.0102707 0.00471487 0.999964 0.00703588 -0.0103033 -0.00698713 0.999923 0.314503 -0.0147691 -0.321465
FixedParameters: 0 0 0

#Transform 379
Transform: AffineTransform_float_3_3
Parameters: 0.999936 -0.00443197 0.0104716 0.00435703 0.999965 0.00717109 -0.0105034 -0.00712491 0.99992 0.306597 -0.0169366 -0.338223
FixedParameters: 0 0 0

#Transform 380
Transform: AffineTransform_float_3_3
Parameters: 0.999935 -0.0041503 0.010562 0.0040737 0.999965 0.0073295 -0.0105921 -0.00728651 0.999918 0.305766 -0.0199425 -0.352222
FixedParameters: 0 0 0
