#Insight Transform File V1.0
#Transform 0
Transform: AffineTransform_float_3_3
Parameters: 1 -0.000586929 0.000194215 0.000587071 1 -0.000365886 -0.000193785 0.000366114 1 0.00814849 -0.00611947 0.0184555
FixedParameters: 0 0 0

#Transform 1
Transform: AffineTransform_float_3_3
Parameters: 1 -0.0005689 0.000161352 0.000569099 0.999999 -0.000617908 -0.000160649 0.000617091 1 0.0101974 0.00972355 0.014247
FixedParameters: 0 0 0

#Transform 2
Transform: AffineTransform_float_3_3
Parameters: 1 -0.000588 2.62248e-07 0.000588 0.999999 -0.000446 2.62248e-07 0.000446 1 0.0097595 -0.00710393 0.0174894
FixedParameters: 0 0 0

#Transform 3
Transform: AffineTransform_float_3_3
Parameters: 1 -0.000686 2.17462e-07 0.000686 0.999999 -0.000317 2.17462e-07 0.000317 1 0.011347 0.00299717 0.00325768
FixedParameters: 0 0 0

#Transform 4
Transform: AffineTransform_float_3_3
Parameters: 1 -0.000566 2.75076e-07 0.000566 0.999999 -0.000486 2.75076e-07 0.000486 1 0.0137317 0.0132756 0.000455044
FixedParameters: 0 0 0

#Transform 5
Transform: AffineTransform_float_3_3
Parameters: 1 -0.000415 1.826e-07 0.000415 1 -0.00044 1.826e-07 0.00044 1 0.0121931 -0.00985103 0.00126247
FixedParameters: 0 0 0

#Transform 6
Transform: AffineTransform_float_3_3
Parameters: 1 -0.000414955 0.000112166 0.000415045 1 -0.000399953 -0.000112834 0.000400047 1 0.00917452 0.00781008 0.00171987
FixedParameters: 0 0 0

#Transform 7
Transform: AffineTransform_float_3_3
Parameters: 1 -0.000335 1.6482e-07 0.000335 1 -0.000492 1.6482e-07 0.000492 1 0.0088767 -0.00765904 -0.00688647
FixedParameters: 0 0 0

#Transform 8
Transform: AffineTransform_float_3_3
Parameters: 1 -0.000414961 0.000170095 0.000415039 1 -0.000227929 -0.000169905 0.00022807 1 0.00850479 0.000720302 0.0044405
FixedParameters: 0 0 0

#Transform 9
Transform: AffineTransform_float_3_3
Parameters: 1 -0.000415 1.1703e-07 0.000415 1 -0.000282 1.1703e-07 0.000282 1 0.0127293 -0.00324085 0.0038975
FixedParameters: 0 0 0

#Transform 10
Transform: AffineTransform_float_3_3
Parameters: 1 -0.000415 0 0.000415 1 0 0 0 1 0.0099008 0.00286501 0.008536
FixedParameters: 0 0 0

#Transform 11
Transform: AffineTransform_float_3_3
Parameters: 1 -0.000414974 0.000150071 0.000415025 1 -0.000169938 -0.000149929 0.000170062 1 0.0120472 0.00532897 -0.0142519
FixedParameters: 0 0 0

#Transform 12
Transform: AffineTransform_float_3_3
Parameters: 1 -0.000415 -8.5e-05 0.000415 1 -3.5275e-08 8.5e-05 -3.5275e-08 1 0.0110771 0.000180498 -0.00451044
FixedParameters: 0 0 0

#Transform 13
Transform: AffineTransform_float_3_3
Parameters: 1 -0.000415 0 0.000415 1 0 0 0 1 0.010099 -0.0192789 0.000254
FixedParameters: 0 0 0

#Transform 14
Transform: AffineTransform_float_3_3
Parameters: 1 -0.000246 -2.8782e-08 0.000246 1 0.000117 -2.8782e-08 -0.000117 1 0.00710727 -0.00578025 0.00809131
FixedParameters: 0 0 0

#Transform 15
Transform: AffineTransform_float_3_3
Parameters: 1 -0.000263 0 0.000263 1 0 0 0 1 0.00742067 -0.00761424 0.013854
FixedParameters: 0 0 0

#Transform 16
Transform: AffineTransform_float_3_3
Parameters: 1 -8.7e-05 -1.8879e-08 8.7e-05 1 0.000217 -1.8879e-08 -0.000217 1 0.00479449 -0.00347561 0.0120172
FixedParameters: 0 0 0

#Transform 17
Transform: AffineTransform_float_3_3
Parameters: 1 -0.000213 -6.2622e-08 0.000213 1 0.000294 -6.2622e-08 -0.000294 1 0.0081826 -0.00158586 0.0161986
FixedParameters: 0 0 0

#Transform 18
Transform: AffineTransform_float_3_3
Parameters: 1 -6.5e-05 -1.768e-08 6.5e-05 1 0.000272 -1.768e-08 -0.000272 1 0.00783195 0.00273888 0.00210436
FixedParameters: 0 0 0

#Transform 19
Transform: AffineTransform_float_3_3
Parameters: 1 3e-06 2.67e-10 -3e-06 1 8.9e-05 2.67e-10 -8.9e-05 1 0.00179286 0.00224717 -0.000992913
FixedParameters: 0 0 0

#Transform 20
Transform: AffineTransform_float_3_3
Parameters: 1 1.99996e-05 -5.60002e-05 -2.00004e-05 1 -7.99888e-06 5.59998e-05 8.00112e-06 1 0.00128265 -0.00412431 0.00029832
FixedParameters: 0 0 0

#Transform 21
Transform: AffineTransform_float_3_3
Parameters: 1 -6e-05 -4.02e-09 6e-05 1 6.7e-05 -4.02e-09 -6.7e-05 1 0.00403331 -0.00700494 0.0116117
FixedParameters: 0 0 0

#Transform 22
Transform: AffineTransform_float_3_3
Parameters: 1 2.2e-05 7.656e-09 -2.2e-05 1 0.000348 7.656e-09 -0.000348 1 0.0105768 -0.00699954 0.0164122
FixedParameters: 0 0 0

#Transform 23
Transform: AffineTransform_float_3_3
Parameters: 1 -0.000231 -7.5306e-08 0.000231 1 0.000326 -7.5306e-08 -0.000326 1 0.00941994 0.000797007 0.0136704
FixedParameters: 0 0 0

#Transform 24
Transform: AffineTransform_float_3_3
Parameters: 1 -0.000217 -6.4449e-08 0.000217 1 0.000297 -6.4449e-08 -0.000297 1 0.0142488 0.00770066 0.00251102
FixedParameters: 0 0 0

#Transform 25
Transform: AffineTransform_float_3_3
Parameters: 1 -0.000308 -1.33364e-07 0.000308 1 0.000433 -1.33364e-07 -0.000433 1 0.010721 -0.00705621 0.00474691
FixedParameters: 0 0 0

#Transform 26
Transform: AffineTransform_float_3_3
Parameters: 1 -0.00041502 6.18676e-05 0.00041498 1 0.000319026 -6.21324e-05 -0.000318974 1 0.00987132 -0.0058944 0.00279425
FixedParameters: 0 0 0

#Transform 27
Transform: AffineTransform_float_3_3
Parameters: 1 -0.000415 -1.79695e-07 0.000415 1 0.000433 -1.79695e-07 -0.000433 1 0.0115818 -0.00677898 0.0104918
FixedParameters: 0 0 0

#Transform 28
Transform: AffineTransform_float_3_3
Parameters: 1 -0.000303 -9.6051e-08 0.000303 1 0.000317 -9.6051e-08 -0.000317 1 0.0142152 0.0080083 0.000572729
FixedParameters: 0 0 0

#Transform 29
Transform: AffineTransform_float_3_3
Parameters: 1 -0.000415073 0.00016882 0.000414927 1 0.00043307 -0.00016818 -0.00043293 1 0.0129076 -0.00677308 0.00435462
FixedParameters: 0 0 0

#Transform 30
Transform: AffineTransform_float_3_3
Parameters: 1 -0.000298 -1.65092e-07 0.000298 1 0.000554 -1.65092e-07 -0.000554 1 0.0139797 -0.0079479 0.0125711
FixedParameters: 0 0 0

#Transform 31
Transform: AffineTransform_float_3_3
Parameters: 1 -0.000267 -1.85031e-07 0.000267 0.999999 0.000693 -1.85031e-07 -0.000693 1 0.0103515 0.00891982 0.0090702
FixedParameters: 0 0 0

#Transform 32
Transform: AffineTransform_float_3_3
Parameters: 1 -0.000415076 0.000133763 0.000414923 1 0.000570055 -0.000134236 -0.000569944 1 0.025479 0.00883462 0.00676305
FixedParameters: 0 0 0

#Transform 33
Transform: AffineTransform_float_3_3
Parameters: 1 -0.000415065 0.00011777 0.000414935 1 0.000555049 -0.000117231 -0.000555951 1 0.0149558 -0.000182608 0.0064047
FixedParameters: 0 0 0

#Transform 34
Transform: AffineTransform_float_3_3
Parameters: 1 -0.000415 -2.96725e-07 0.000415 0.999999 0.000715 -2.96725e-07 -0.000715 0.999999 0.00982829 0.00891998 0.0269811
FixedParameters: 0 0 0

#Transform 35
Transform: AffineTransform_float_3_3
Parameters: 1 -0.000415 -1.79695e-07 0.000415 1 0.000433 -1.79695e-07 -0.000433 1 0.0102374 0.00872976 0.0250291
FixedParameters: 0 0 0

#Transform 36
Transform: AffineTransform_float_3_3
Parameters: 1 -0.000415101 0.00023282 0.000414899 1 0.000433097 -0.00023218 -0.000432904 1 0.00747332 0.00973119 0.0217483
FixedParameters: 0 0 0

#Transform 37
Transform: AffineTransform_float_3_3
Parameters: 1 -0.000415 -3.79725e-07 0.000415 0.999999 0.000914999 -3.79725e-07 -0.000914999 0.999999 0.00771768 0.000748825 0.0202684
FixedParameters: 0 0 0

#Transform 38
Transform: AffineTransform_float_3_3
Parameters: 1 -0.000415273 0.000322648 0.000414726 0.999999 0.000848133 -0.000323352 -0.000847865 0.999999 0.00226088 0.0252759 0.0362787
FixedParameters: 0 0 0

#Transform 39
Transform: AffineTransform_float_3_3
Parameters: 1 -0.00041517 0.000241707 0.00041483 0.999999 0.0007051 -0.000241292 -0.000704899 0.999999 0.00945903 0.0212725 0.0430875
FixedParameters: 0 0 0

#Transform 40
Transform: AffineTransform_float_3_3
Parameters: 1 -0.000415184 0.00020162 0.000414815 0.999999 0.000915083 -0.00020238 -0.000914915 0.999999 0.00831481 0.0195678 0.0494784
FixedParameters: 0 0 0

#Transform 41
Transform: AffineTransform_float_3_3
Parameters: 1 -0.000415253 0.000418749 0.000414746 0.999999 0.000605173 -0.000419251 -0.000604826 0.999999 0.0127786 0.0174614 0.0439838
FixedParameters: 0 0 0

#Transform 42
Transform: AffineTransform_float_3_3
Parameters: 1 -0.000415216 0.000326725 0.000414783 0.999999 0.000662135 -0.000327274 -0.000661864 0.999999 0.00718738 0.0215908 0.0450698
FixedParameters: 0 0 0

#Transform 43
Transform: AffineTransform_float_3_3
Parameters: 1 -0.000415 -3.5524e-07 0.000415 0.999999 0.000855999 -3.5524e-07 -0.000855999 0.999999 0.0114996 0.0225722 0.0296609
FixedParameters: 0 0 0

#Transform 44
Transform: AffineTransform_float_3_3
Parameters: 1 -0.000415545 0.000523568 0.000415454 1 0.00104122 -0.000524433 -0.00104078 1 0.00809628 0.015062 0.0461341
FixedParameters: 0 0 0

#Transform 45
Transform: AffineTransform_float_3_3
Parameters: 1 -0.000415301 0.000355648 0.000414699 0.999999 0.000847147 -0.000355351 -0.000846852 0.999999 0.0128994 0.00463688 0.0361195
FixedParameters: 0 0 0

#Transform 46
Transform: AffineTransform_float_3_3
Parameters: 1 -0.000415202 0.00022062 0.000414797 0.999999 0.000915091 -0.000221379 -0.000914907 0.999999 0.024796 0.0219475 0.0209127
FixedParameters: 0 0 0

#Transform 47
Transform: AffineTransform_float_3_3
Parameters: 0.999999 -0.000692305 0.000307315 0.000691696 1 0.000990214 -0.000307685 -0.000989788 1 0.0125386 0.00742516 0.0335067
FixedParameters: 0 0 0

#Transform 48
Transform: AffineTransform_float_3_3
Parameters: 1 -0.000415348 0.000330564 0.000414653 1 0.00105114 -0.000330436 -0.00105086 1 0.0239513 0.00882542 0.0344124
FixedParameters: 0 0 0

#Transform 49
Transform: AffineTransform_float_3_3
Parameters: 1 -0.000415 -3.79725e-07 0.000415 0.999999 0.000914999 -3.79725e-07 -0.000914999 0.999999 0.0227156 0.0371246 0.0295871
FixedParameters: 0 0 0

#Transform 50
Transform: AffineTransform_float_3_3
Parameters: 1 -0.000415056 6.16202e-05 0.000414943 0.999999 0.000915025 -6.23797e-05 -0.000914973 0.999999 0.016568 0.0367128 0.0250071
FixedParameters: 0 0 0

#Transform 51
Transform: AffineTransform_float_3_3
Parameters: 1 -0.000415 -3.5275e-07 0.000415 0.999999 0.000849999 -3.5275e-07 -0.000849999 0.999999 0.0144258 0.00534207 0.0146334
FixedParameters: 0 0 0

#Transform 52
Transform: AffineTransform_float_3_3
Parameters: 1 -0.000415 -5.52365e-07 0.000415001 0.999999 0.001331 4.47634e-07 -0.001331 0.999999 0.0153135 0.0156021 0.0292982
FixedParameters: 0 0 0

#Transform 53
Transform: AffineTransform_float_3_3
Parameters: 1 -0.00041514 0.000116501 0.000414859 0.999999 0.00120305 -0.000117499 -0.00120295 1 0.0134544 0.0376525 0.0278679
FixedParameters: 0 0 0

#Transform 54
Transform: AffineTransform_float_3_3
Parameters: 1 -0.000415 -5.09205e-07 0.000415001 0.999999 0.001227 4.90794e-07 -0.001227 0.999999 0.0149151 0.0164808 0.0208098
FixedParameters: 0 0 0

#Transform 55
Transform: AffineTransform_float_3_3
Parameters: 1 -0.00041512 0.000183728 0.00041488 0.999999 0.000654076 -0.000183271 -0.000653924 1 0.0119469 0.00198024 0.0109437
FixedParameters: 0 0 0

#Transform 56
Transform: AffineTransform_float_3_3
Parameters: 1 -0.000415 -4.00475e-07 0.000415 1 0.000965 -4.00475e-07 -0.000965 0.999999 0.0139116 0.00584169 0.0165988
FixedParameters: 0 0 0

#Transform 57
Transform: AffineTransform_float_3_3
Parameters: 1 -0.000415 -4.6397e-07 0.000415 1 0.001118 -4.6397e-07 -0.001118 1 0.0121743 0.00656525 0.0295008
FixedParameters: 0 0 0

#Transform 58
Transform: AffineTransform_float_3_3
Parameters: 1 -0.000415235 0.000394753 0.000414765 0.999999 0.000595164 -0.000395247 -0.000594836 0.999999 0.0142628 0.00985331 0.0155796
FixedParameters: 0 0 0

#Transform 59
Transform: AffineTransform_float_3_3
Parameters: 1 -0.000343261 0.000351745 0.000343739 0.999999 0.00074312 -0.000351255 -0.000742879 0.999999 0.0122095 -0.0086762 0.0125187
FixedParameters: 0 0 0

#Transform 60
Transform: AffineTransform_float_3_3
Parameters: 1 -0.000339074 9.77423e-05 0.000338925 0.999999 0.000760033 -9.82576e-05 -0.000759966 0.999999 0.0116554 0.00724032 0.0133233
FixedParameters: 0 0 0

#Transform 61
Transform: AffineTransform_float_3_3
Parameters: 1 -0.000357195 0.00026774 0.000356805 0.999999 0.000727095 -0.000268259 -0.000726904 0.999999 0.0098069 0.0147091 0.0124778
FixedParameters: 0 0 0

#Transform 62
Transform: AffineTransform_float_3_3
Parameters: 1 -0.000415 -3.4362e-07 0.000415 0.999999 0.000827999 -3.4362e-07 -0.000827999 0.999999 0.0120898 0.00762359 0.0146676
FixedParameters: 0 0 0

#Transform 63
Transform: AffineTransform_float_3_3
Parameters: 1 -0.00030213 0.000175777 0.000301871 0.999999 0.000738053 -0.000175223 -0.000737947 0.999999 0.00784075 0.0126409 0.0127635
FixedParameters: 0 0 0

#Transform 64
Transform: AffineTransform_float_3_3
Parameters: 1 -0.000315 -3.4965e-07 0.000315 1 0.00111 -3.4965e-07 -0.00111 1 0.0108314 0.00879746 0.027599
FixedParameters: 0 0 0

#Transform 65
Transform: AffineTransform_float_3_3
Parameters: 1 -0.000191 -2.1201e-07 0.000191 1 0.00111 -2.1201e-07 -0.00111 1 0.00704079 0.0178579 0.0250889
FixedParameters: 0 0 0

#Transform 66
Transform: AffineTransform_float_3_3
Parameters: 1 -0.000175 -1.9425e-07 0.000175 1 0.00111 -1.9425e-07 -0.00111 1 0.00689935 0.0119024 0.0193495
FixedParameters: 0 0 0

#Transform 67
Transform: AffineTransform_float_3_3
Parameters: 1 -0.000269 -3.21724e-07 0.000269 0.999999 0.001196 -3.21724e-07 -0.001196 1 0.00749268 0.0121708 0.0279503
FixedParameters: 0 0 0

#Transform 68
Transform: AffineTransform_float_3_3
Parameters: 1 -0.000150929 -5.12095e-05 0.000151071 0.999999 0.00138799 5.07904e-05 -0.00138801 0.999999 0.00364963 0.00617023 0.0315583
FixedParameters: 0 0 0

#Transform 69
Transform: AffineTransform_float_3_3
Parameters: 1 -0.000228 -2.56044e-07 0.000228 1 0.001123 -2.56044e-07 -0.001123 1 0.0069727 0.0231608 0.0263133
FixedParameters: 0 0 0

#Transform 70
Transform: AffineTransform_float_3_3
Parameters: 1 -3.2e-05 -3.8144e-08 3.2e-05 1 0.001192 -3.8144e-08 -0.001192 1 0.00369842 0.00390738 0.020618
FixedParameters: 0 0 0

#Transform 71
Transform: AffineTransform_float_3_3
Parameters: 1 -0.000246884 -0.00010627 0.000247116 1 0.00109497 0.00010573 -0.00109503 1 0.00821605 0.0280543 0.0260188
FixedParameters: 0 0 0

#Transform 72
Transform: AffineTransform_float_3_3
Parameters: 1 -0.000124 -1.17304e-07 0.000124 0.999999 0.000945999 -1.17304e-07 -0.000945999 0.999999 0.000320399 0.0288175 0.0234733
FixedParameters: 0 0 0

#Transform 73
Transform: AffineTransform_float_3_3
Parameters: 1 -0.000267 -2.42703e-07 0.000267 0.999999 0.000908999 -2.42703e-07 -0.000908999 0.999999 0.00362038 0.0167945 0.0159785
FixedParameters: 0 0 0

#Transform 74
Transform: AffineTransform_float_3_3
Parameters: 1 -0.000191 -1.32936e-07 0.000191 0.999999 0.000696 -1.32936e-07 -0.000696 1 0.00638678 0.0126833 0.0123987
FixedParameters: 0 0 0

#Transform 75
Transform: AffineTransform_float_3_3
Parameters: 1 -0.000414886 -0.000130362 0.000415113 0.999999 0.000872945 0.000129638 -0.000873053 0.999999 0.0111392 0.0225346 0.0124873
FixedParameters: 0 0 0

#Transform 76
Transform: AffineTransform_float_3_3
Parameters: 1 -0.00028678 -0.000220286 0.000287221 1 0.000998937 0.000220713 -0.000999063 0.999999 0.0103408 0.010487 0.00833173
FixedParameters: 0 0 0

#Transform 77
Transform: AffineTransform_float_3_3
Parameters: 0.999999 -0.000414374 -0.000626414 0.000414626 1 0.000998741 0.000626586 -0.000999261 1 0.0155977 1.75307e-05 0.0187453
FixedParameters: 0 0 0

#Transform 78
Transform: AffineTransform_float_3_3
Parameters: 1 -0.00030262 -0.000380303 0.00030238 1 0.000998886 0.000379698 -0.000999116 1 0.00423093 0.004004 0.0217282
FixedParameters: 0 0 0

#Transform 79
Transform: AffineTransform_float_3_3
Parameters: 1 -0.000414422 -0.000450532 0.000414578 0.999999 0.00128281 0.000450468 -0.00128319 0.999999 0.00286212 0.0136716 0.023073
FixedParameters: 0 0 0

#Transform 80
Transform: AffineTransform_float_3_3
Parameters: 1 -0.000268607 -0.000369286 0.000269393 1 0.0010639 0.000368714 -0.0010641 1 0.00293312 0.0117003 0.0192476
FixedParameters: 0 0 0

#Transform 81
Transform: AffineTransform_float_3_3
Parameters: 1 -9.46478e-05 -0.000306109 9.43533e-05 1 0.00115097 0.000306892 -0.00115103 1 0.000543501 0.0221036 0.0305415
FixedParameters: 0 0 0

#Transform 82
Transform: AffineTransform_float_3_3
Parameters: 1 -0.000273833 -0.000167274 0.000273167 1 0.000998954 0.000166727 -0.000999046 0.999999 0.00864293 0.0268021 0.0376392
FixedParameters: 0 0 0

#Transform 83
Transform: AffineTransform_float_3_3
Parameters: 1 -0.000195893 -0.000107196 0.000196107 0.999999 0.000998978 0.000106804 -0.00099902 0.999999 0.000386763 0.0197653 0.0318426
FixedParameters: 0 0 0

#Transform 84
Transform: AffineTransform_float_3_3
Parameters: 1 -0.000174773 -0.000187212 0.000175227 0.999999 0.00121397 0.000186787 -0.00121403 0.999999 0.00350995 0.0127366 0.0260227
FixedParameters: 0 0 0

#Transform 85
Transform: AffineTransform_float_3_3
Parameters: 1 -0.000415 -5.50705e-07 0.000415001 0.999999 0.001327 4.49294e-07 -0.001327 0.999999 0.00363987 0.00991369 0.0447287
FixedParameters: 0 0 0

#Transform 86
Transform: AffineTransform_float_3_3
Parameters: 1 -0.000262 -4.32824e-07 0.000262 0.999998 0.001652 -4.32824e-07 -0.001652 0.999998 0.00111282 0.0221312 0.0560773
FixedParameters: 0 0 0

#Transform 87
Transform: AffineTransform_float_3_3
Parameters: 1 -0.000301 -4.55413e-07 0.000301 0.999999 0.001513 -4.55413e-07 -0.001513 0.999999 0.00789782 0.0254992 0.0537996
FixedParameters: 0 0 0

#Transform 88
Transform: AffineTransform_float_3_3
Parameters: 1 -0.000414999 -6.4574e-07 0.000415001 0.999998 0.001556 3.54259e-07 -0.001556 0.999999 0.00979869 0.0175911 0.0493575
FixedParameters: 0 0 0

#Transform 89
Transform: AffineTransform_float_3_3
Parameters: 1 -0.000414859 -8.56854e-05 0.000415141 0.999998 0.00165196 8.53143e-05 -0.00165203 0.999998 0.0104831 0.0112353 0.0362934
FixedParameters: 0 0 0

#Transform 90
Transform: AffineTransform_float_3_3
Parameters: 1 -0.00026777 -0.000139442 0.000268231 0.999998 0.00165196 0.000139557 -0.00165204 0.999998 0.00516299 0.0237555 0.040014
FixedParameters: 0 0 0

#Transform 91
Transform: AffineTransform_float_3_3
Parameters: 1 -0.000254 -4.19608e-07 0.000254 0.999998 0.001652 -4.19608e-07 -0.001652 0.999998 0.00715375 0.0255178 0.0560777
FixedParameters: 0 0 0

#Transform 92
Transform: AffineTransform_float_3_3
Parameters: 1 -0.000414999 -6.85579e-07 0.000415001 0.999998 0.001652 3.14419e-07 -0.001652 0.999998 0.00980058 0.0178437 0.042745
FixedParameters: 0 0 0

#Transform 93
Transform: AffineTransform_float_3_3
Parameters: 1 -0.000414859 -8.56854e-05 0.000415141 0.999998 0.00165196 8.53143e-05 -0.00165203 0.999998 0.0104687 0.0156783 0.0308721
FixedParameters: 0 0 0

#Transform 94
Transform: AffineTransform_float_3_3
Parameters: 1 -0.000414786 -0.000129685 0.000415214 0.999998 0.00165194 0.000129314 -0.00165205 0.999998 0.0108252 0.01777 0.0294054
FixedParameters: 0 0 0

#Transform 95
Transform: AffineTransform_float_3_3
Parameters: 1 -0.000241 -3.73309e-07 0.000241 0.999999 0.001549 -3.73309e-07 -0.001549 0.999999 0.0024567 0.0203617 0.0247293
FixedParameters: 0 0 0

#Transform 96
Transform: AffineTransform_float_3_3
Parameters: 1 -0.000287999 -4.75776e-07 0.000287999 0.999998 0.001652 -4.75776e-07 -0.001652 0.999998 0.00770817 0.0336741 0.0366312
FixedParameters: 0 0 0

#Transform 97
Transform: AffineTransform_float_3_3
Parameters: 1 -0.000344 -6.08192e-07 0.000344001 0.999999 0.001768 3.91806e-07 -0.001768 0.999999 0.00866746 0.0148636 0.0384911
FixedParameters: 0 0 0

#Transform 98
Transform: AffineTransform_float_3_3
Parameters: 1 -0.000414999 -7.08819e-07 0.000415001 0.999998 0.001708 2.91179e-07 -0.001708 0.999998 0.00980915 0.00683527 0.0374365
FixedParameters: 0 0 0

#Transform 99
Transform: AffineTransform_float_3_3
Parameters: 1 -0.000414999 -7.3953e-07 0.000415001 0.999999 0.001782 2.60468e-07 -0.001782 0.999999 0.00978731 0.0377834 0.0552497
FixedParameters: 0 0 0

#Transform 100
Transform: AffineTransform_float_3_3
Parameters: 1 -0.000415401 0.000224259 0.0004146 0.999999 0.00178509 -0.00022474 -0.00178491 0.999999 0.00800383 0.0311299 0.0549125
FixedParameters: 0 0 0

#Transform 101
Transform: AffineTransform_float_3_3
Parameters: 1 -0.000521999 -9.46386e-07 0.000522001 0.999998 0.001813 5.3612e-08 -0.001813 0.999999 0.0115996 0.0240286 0.053568
FixedParameters: 0 0 0

#Transform 102
Transform: AffineTransform_float_3_3
Parameters: 1 -0.000414999 -8.0344e-07 0.000415001 0.999998 0.001936 1.96558e-07 -0.001936 0.999998 0.00979034 0.0473348 0.0528618
FixedParameters: 0 0 0

#Transform 103
Transform: AffineTransform_float_3_3
Parameters: 1 -0.000415323 0.000190295 0.000414677 0.999998 0.00169808 -0.000190704 -0.00169792 0.999998 0.00828081 0.0451151 0.0534333
FixedParameters: 0 0 0

#Transform 104
Transform: AffineTransform_float_3_3
Parameters: 1 -0.000490999 -9.60396e-07 0.000491001 0.999998 0.001956 3.9602e-08 -0.001956 0.999998 0.0109911 0.0255751 0.0749074
FixedParameters: 0 0 0

#Transform 105
Transform: AffineTransform_float_3_3
Parameters: 1 -0.000414999 -8.08005e-07 0.000415001 0.999998 0.001947 1.91993e-07 -0.001947 0.999998 0.00979537 0.0424602 0.0585943
FixedParameters: 0 0 0

#Transform 106
Transform: AffineTransform_float_3_3
Parameters: 1 -0.000414999 -7.55715e-07 0.000415001 0.999999 0.001821 2.44283e-07 -0.001821 0.999999 0.00477962 0.044254 0.0565283
FixedParameters: 0 0 0

#Transform 107
Transform: AffineTransform_float_3_3
Parameters: 1 -0.000414999 -8.56145e-07 0.000415001 0.999998 0.002063 1.43853e-07 -0.002063 0.999998 0.00979506 0.0311515 0.0605653
FixedParameters: 0 0 0

#Transform 108
Transform: AffineTransform_float_3_3
Parameters: 1 -0.000415175 9.0196e-05 0.000414825 0.999998 0.00193704 -9.08037e-05 -0.00193696 0.999998 0.00165784 0.0419622 0.0732218
FixedParameters: 0 0 0

#Transform 109
Transform: AffineTransform_float_3_3
Parameters: 1 -0.00041552 0.00032233 0.000415479 0.999998 0.00161213 -0.00032367 -0.00161186 0.999998 0.00722251 0.0407368 0.067386
FixedParameters: 0 0 0

#Transform 110
Transform: AffineTransform_float_3_3
Parameters: 1 -0.000414999 -8.56145e-07 0.000415001 0.999998 0.002063 1.43853e-07 -0.002063 0.999998 0.00979778 0.0246093 0.0682258
FixedParameters: 0 0 0

#Transform 111
Transform: AffineTransform_float_3_3
Parameters: 1 -0.00041532 0.000186289 0.000414681 0.999999 0.00171308 -0.00018671 -0.00171292 0.999998 0.00834142 0.0275122 0.072002
FixedParameters: 0 0 0

#Transform 112
Transform: AffineTransform_float_3_3
Parameters: 1 -0.000596999 -9.81468e-07 0.000597001 0.999999 0.001644 1.853e-08 -0.001644 0.999998 0.004589 0.0464968 0.0713167
FixedParameters: 0 0 0

#Transform 113
Transform: AffineTransform_float_3_3
Parameters: 0.999999 -0.000810999 -1.28787e-06 0.000811001 0.999999 0.001588 -2.8787e-07 -0.001588 0.999998 0.0163736 0.0462239 0.070344
FixedParameters: 0 0 0

#Transform 114
Transform: AffineTransform_float_3_3
Parameters: 0.999999 -0.000649776 0.00037566 0.000649222 0.999997 0.00206324 -0.00037734 -0.00206275 0.999998 0.00805117 0.0399799 0.0885458
FixedParameters: 0 0 0

#Transform 115
Transform: AffineTransform_float_3_3
Parameters: 0.999999 -0.00071133 0.000167607 0.000710669 0.999998 0.00195912 -0.000169393 -0.00195988 0.999998 0.0133498 0.0518029 0.0787783
FixedParameters: 0 0 0

#Transform 116
Transform: AffineTransform_float_3_3
Parameters: 0.999999 -0.000706588 0.000349814 0.000705413 0.999999 0.00167825 -0.000350185 -0.00167875 0.999998 0.0118741 0.0397562 0.0765872
FixedParameters: 0 0 0

#Transform 117
Transform: AffineTransform_float_3_3
Parameters: 0.999999 -0.000748645 0.000360664 0.000747356 0.999998 0.00178527 -0.000361335 -0.00178473 0.999999 0.0124629 0.0315117 0.076018
FixedParameters: 0 0 0

#Transform 118
Transform: AffineTransform_float_3_3
Parameters: 0.999999 -0.000770731 0.000418657 0.000770268 0.999998 0.00174332 -0.000420343 -0.00174268 0.999999 0.012428 0.0400873 0.0669821
FixedParameters: 0 0 0

#Transform 119
Transform: AffineTransform_float_3_3
Parameters: 0.999999 -0.00064674 0.000436906 0.00064626 0.999999 0.00169228 -0.000438094 -0.00169172 0.999999 0.0102199 0.0466345 0.0660622
FixedParameters: 0 0 0

#Transform 120
Transform: AffineTransform_float_3_3
Parameters: 0.999999 -0.000827735 0.000411525 0.000827266 0.999998 0.00178234 -0.000412475 -0.00178266 0.999999 0.0134019 0.053093 0.0675589
FixedParameters: 0 0 0

#Transform 121
Transform: AffineTransform_float_3_3
Parameters: 0.999999 -0.000971692 0.000385259 0.000971306 0.999998 0.00179238 -0.000387742 -0.00179262 0.999999 0.0160073 0.0221931 0.06786
FixedParameters: 0 0 0

#Transform 122
Transform: AffineTransform_float_3_3
Parameters: 0.999999 -0.000827722 0.00040854 0.000827279 0.999998 0.00176434 -0.00040946 -0.00176366 0.999999 0.0134042 0.0518037 0.0778392
FixedParameters: 0 0 0

#Transform 123
Transform: AffineTransform_float_3_3
Parameters: 0.999999 -0.000827418 0.000292819 0.00082658 0.999998 0.00142724 -0.00029418 -0.00142676 0.999999 0.0142877 0.0467719 0.0605517
FixedParameters: 0 0 0

#Transform 124
Transform: AffineTransform_float_3_3
Parameters: 0.999999 -0.00082714 6.9345e-05 0.000826858 0.999997 0.00200106 -7.16546e-05 -0.00200094 0.999998 0.0160681 0.0282003 0.0670671
FixedParameters: 0 0 0

#Transform 125
Transform: AffineTransform_float_3_3
Parameters: 0.999999 -0.000761493 0.000281672 0.000761508 0.999998 0.00174522 -0.00028233 -0.00174579 0.999999 0.0133207 0.0510827 0.0485408
FixedParameters: 0 0 0

#Transform 126
Transform: AffineTransform_float_3_3
Parameters: 0.999999 -0.000827499 0.00039295 0.0008275 0.999999 0.00126933 -0.00039405 -0.00126867 0.999999 0.0135268 0.0278547 0.0368554
FixedParameters: 0 0 0

#Transform 127
Transform: AffineTransform_float_3_3
Parameters: 1 -0.000599228 0.00016417 0.000598772 0.999999 0.0013851 -0.000164829 -0.0013849 0.999999 0.00375701 0.0194916 0.0222498
FixedParameters: 0 0 0

#Transform 128
Transform: AffineTransform_float_3_3
Parameters: 0.999999 -0.000617501 0.000442301 0.000616499 0.999999 0.00113227 -0.000442698 -0.00113173 1 0.00414073 0.0354369 0.0174592
FixedParameters: 0 0 0

#Transform 129
Transform: AffineTransform_float_3_3
Parameters: 1 -0.00051 -5.5131e-07 0.000510001 1 0.001081 4.48689e-07 -0.001081 1 0.00337115 0.00668617 0.0103687
FixedParameters: 0 0 0

#Transform 130
Transform: AffineTransform_float_3_3
Parameters: 1 -0.000472 -6.09824e-07 0.000472001 0.999999 0.001292 3.90175e-07 -0.001292 0.999999 0.0034315 0.0153336 0.0210293
FixedParameters: 0 0 0

#Transform 131
Transform: AffineTransform_float_3_3
Parameters: 1 -0.000585999 -8.38566e-07 0.000586001 0.999999 0.001431 1.61433e-07 -0.001431 0.999999 0.0100729 0.027867 0.0200689
FixedParameters: 0 0 0

#Transform 132
Transform: AffineTransform_float_3_3
Parameters: 1 -0.000461241 0.000186404 0.000461759 0.999999 0.00129209 -0.000186597 -0.00129191 0.999999 0.00912808 0.0268415 0.020665
FixedParameters: 0 0 0

#Transform 133
Transform: AffineTransform_float_3_3
Parameters: 1 -0.000552999 -7.14476e-07 0.000553001 0.999999 0.001292 2.85523e-07 -0.001292 0.999999 0.0121279 0.0212708 0.0210396
FixedParameters: 0 0 0

#Transform 134
Transform: AffineTransform_float_3_3
Parameters: 1 -0.000473999 -8.06274e-07 0.000474001 0.999999 0.001701 1.93724e-07 -0.001701 0.999998 0.00812533 0.0179332 0.0242543
FixedParameters: 0 0 0

#Transform 135
Transform: AffineTransform_float_3_3
Parameters: 1 -0.000397 -5.48654e-07 0.000397001 0.999999 0.001382 4.51742e-07 -0.001381 0.999999 0.00564607 0.0202791 0.0224924
FixedParameters: 0 0 0

#Transform 136
Transform: AffineTransform_float_3_3
Parameters: 1 -0.000538999 -8.13351e-07 0.000539001 0.999998 0.001509 1.86648e-07 -0.001509 0.999999 0.0118485 0.0341903 0.02456
FixedParameters: 0 0 0

#Transform 137
Transform: AffineTransform_float_3_3
Parameters: 1 -0.000520269 0.000155101 0.00052073 0.999999 0.00172808 -0.0001569 -0.00172792 0.999999 0.0103342 0.0177523 0.0279809
FixedParameters: 0 0 0

#Transform 138
Transform: AffineTransform_float_3_3
Parameters: 1 -0.00049421 0.000121146 0.00049379 0.999999 0.00172806 -0.000121853 -0.00172794 0.999999 0.0101612 0.017749 0.034218
FixedParameters: 0 0 0

#Transform 139
Transform: AffineTransform_float_3_3
Parameters: 1 -0.000587999 -9.77256e-07 0.000588001 0.999999 0.001662 2.2742e-08 -0.001662 0.999998 0.0126266 0.0352828 0.0270453
FixedParameters: 0 0 0

#Transform 140
Transform: AffineTransform_float_3_3
Parameters: 1 -0.000655384 0.000221868 0.000654615 0.999999 0.00172815 -0.000223131 -0.00172785 0.999998 0.0119863 0.0340724 0.0277335
FixedParameters: 0 0 0

#Transform 141
Transform: AffineTransform_float_3_3
Parameters: 1 -0.000575103 6.50966e-05 0.000574897 0.999998 0.00157104 -6.59032e-05 -0.00157096 0.999999 0.0119405 -0.000745331 0.0254791
FixedParameters: 0 0 0

#Transform 142
Transform: AffineTransform_float_3_3
Parameters: 1 -0.000535999 -9.26208e-07 0.000536001 0.999999 0.001728 7.379e-08 -0.001728 0.999998 0.0118166 0.0133909 0.028193
FixedParameters: 0 0 0

#Transform 143
Transform: AffineTransform_float_3_3
Parameters: 1 -0.000458999 -7.93152e-07 0.000459001 0.999999 0.001728 2.06846e-07 -0.001728 0.999998 0.0105051 0.0261217 0.02815
FixedParameters: 0 0 0

#Transform 144
Transform: AffineTransform_float_3_3
Parameters: 1 -0.000579999 -1.06662e-06 0.000580001 0.999998 0.001839 -6.6622e-08 -0.001839 0.999999 0.0125265 0.0179191 0.0301228
FixedParameters: 0 0 0

#Transform 145
Transform: AffineTransform_float_3_3
Parameters: 1 -0.000560385 0.000222032 0.000560616 0.999999 0.00172813 -0.000222969 -0.00172788 0.999999 0.0037089 0.0146485 0.0278292
FixedParameters: 0 0 0

#Transform 146
Transform: AffineTransform_float_3_3
Parameters: 1 -0.00055249 0.000412344 0.000551509 0.999999 0.00118723 -0.000413655 -0.00118677 0.999999 0.00872911 0.0850955 0.0229262
FixedParameters: 0 0 0

#Transform 147
Transform: AffineTransform_float_3_3
Parameters: 1 -0.000557636 0.000397107 0.000557363 0.999998 0.00160222 -0.000397893 -0.00160178 0.999998 0.00909382 -0.0169217 0.0253932
FixedParameters: 0 0 0

#Transform 148
Transform: AffineTransform_float_3_3
Parameters: 0.999999 -0.000710646 0.000402862 0.000710355 0.999999 0.00160229 -0.000403138 -0.00160171 0.999998 0.0115705 0.013841 0.0252737
FixedParameters: 0 0 0

#Transform 149
Transform: AffineTransform_float_3_3
Parameters: 0.999999 -0.000827735 0.000400482 0.000827263 0.999998 0.00183433 -0.000402518 -0.00183367 0.999998 0.0156389 0.0122243 0.0292179
FixedParameters: 0 0 0

#Transform 150
Transform: AffineTransform_float_3_3
Parameters: 0.999999 -0.000696137 0.000708886 0.000694863 0.999999 0.00160249 -0.000710115 -0.00160251 0.999999 0.0166641 0.0457374 0.0378777
FixedParameters: 0 0 0

#Transform 151
Transform: AffineTransform_float_3_3
Parameters: 1 -0.00076 0.000590716 0.000759 0.999999 0.00169145 -0.000592285 -0.00169055 0.999999 0.0185354 0.0399849 0.0390036
FixedParameters: 0 0 0

#Transform 152
Transform: AffineTransform_float_3_3
Parameters: 0.999999 -0.000766257 0.000593381 0.000764745 0.999998 0.00211445 -0.000594618 -0.00211455 0.999997 0.0174316 0.0264339 0.0499831
FixedParameters: 0 0 0

#Transform 153
Transform: AffineTransform_float_3_3
Parameters: 1 -0.000904232 0.000653298 0.000903767 0.999998 0.00188359 -0.000655704 -0.00188341 0.999998 0.0312509 0.056873 0.0438139
FixedParameters: 0 0 0

#Transform 154
Transform: AffineTransform_float_3_3
Parameters: 0.999999 -0.000827723 0.000450674 0.000827276 0.999999 0.00160237 -0.000452326 -0.00160263 0.999998 0.0211457 0.0469383 0.0318505
FixedParameters: 0 0 0

#Transform 155
Transform: AffineTransform_float_3_3
Parameters: 1 -0.000828415 0.000789518 0.000826586 0.999998 0.00179065 -0.000790481 -0.00178935 0.999998 0.0107906 0.0455406 0.0442803
FixedParameters: 0 0 0

#Transform 156
Transform: AffineTransform_float_3_3
Parameters: 1 -0.00082846 0.000802496 0.000826541 0.999998 0.00181766 -0.000803503 -0.00181634 0.999998 0.0211371 0.045377 0.0625352
FixedParameters: 0 0 0

#Transform 157
Transform: AffineTransform_float_3_3
Parameters: 0.999999 -0.000969625 0.000868188 0.000968375 0.999998 0.00187084 -0.000869812 -0.00186916 0.999998 0.0306832 0.0451435 0.0633353
FixedParameters: 0 0 0

#Transform 158
Transform: AffineTransform_float_3_3
Parameters: 0.999999 -0.000941828 0.000894078 0.000939171 0.999997 0.00204384 -0.000895921 -0.00204216 0.999998 0.019206 0.00933785 0.0437756
FixedParameters: 0 0 0

#Transform 159
Transform: AffineTransform_float_3_3
Parameters: 0.999999 -0.00102455 0.000864164 0.00102245 0.999998 0.00179388 -0.000865834 -0.00179211 0.999998 0.022297 0.0234708 0.0410167
FixedParameters: 0 0 0

#Transform 160
Transform: AffineTransform_float_3_3
Parameters: 0.999999 -0.00100369 0.000894103 0.00100231 0.999997 0.0018919 -0.000895897 -0.0018911 0.999998 0.022891 0.0282972 0.0343532
FixedParameters: 0 0 0

#Transform 161
Transform: AffineTransform_float_3_3
Parameters: 1 -0.000828679 0.000879421 0.000827322 0.999998 0.00190773 -0.00088058 -0.00190727 0.999998 0.0282286 0.0368542 0.0345942
FixedParameters: 0 0 0

#Transform 162
Transform: AffineTransform_float_3_3
Parameters: 0.999999 -0.000997661 0.000879118 0.000996339 0.999997 0.00188788 -0.000880882 -0.00188712 0.999998 0.031033 0.0160344 0.0343308
FixedParameters: 0 0 0

#Transform 163
Transform: AffineTransform_float_3_3
Parameters: 1 -0.000828592 0.000879503 0.000827409 0.999998 0.00180873 -0.000880498 -0.00180827 0.999998 0.0282332 0.0235593 0.0329851
FixedParameters: 0 0 0

#Transform 164
Transform: AffineTransform_float_3_3
Parameters: 0.999999 -0.00106341 0.000879296 0.00106159 0.999998 0.00160394 -0.000880704 -0.00160307 0.999999 0.0300695 0.037226 0.0296815
FixedParameters: 0 0 0

#Transform 165
Transform: AffineTransform_float_3_3
Parameters: 1 -0.000828295 0.000879782 0.000826706 0.999998 0.00147173 -0.000880217 -0.00147127 0.999998 0.0282129 0.0363294 0.0117697
FixedParameters: 0 0 0

#Transform 166
Transform: AffineTransform_float_3_3
Parameters: 1 -0.00082849 0.0008796 0.000827512 0.999998 0.00169273 -0.000880402 -0.00169127 0.999998 0.028213 0.0345611 0.0159166
FixedParameters: 0 0 0

#Transform 167
Transform: AffineTransform_float_3_3
Parameters: 0.999999 -0.000828678 0.00100963 0.000827322 0.999999 0.00166084 -0.00101138 -0.00166016 0.999998 0.0271786 0.0152241 0.0195465
FixedParameters: 0 0 0

#Transform 168
Transform: AffineTransform_float_3_3
Parameters: 0.999999 -0.00108462 0.000878999 0.00108237 0.999997 0.00184695 -0.000881 -0.00184605 0.999998 0.0324163 0.0403501 0.0307473
FixedParameters: 0 0 0

#Transform 169
Transform: AffineTransform_float_3_3
Parameters: 1 -0.00082867 0.000879429 0.000827331 0.999998 0.00189773 -0.000880572 -0.00189727 0.999998 0.0282336 0.0133611 0.0318206
FixedParameters: 0 0 0

#Transform 170
Transform: AffineTransform_float_3_3
Parameters: 0.999999 -0.000972562 0.000807121 0.000970438 0.999997 0.00193378 -0.000808877 -0.00193221 0.999998 0.0272018 0.0133885 0.0251432
FixedParameters: 0 0 0

#Transform 171
Transform: AffineTransform_float_3_3
Parameters: 1 -0.000828365 0.000879717 0.000826637 0.999999 0.00155073 -0.000880283 -0.00154927 0.999999 0.0260386 0.0324936 0.00554775
FixedParameters: 0 0 0

#Transform 172
Transform: AffineTransform_float_3_3
Parameters: 1 -0.000776505 0.000879675 0.000774498 0.999998 0.00170868 -0.000880325 -0.00170832 0.999998 0.0273203 0.0214084 0.00435906
FixedParameters: 0 0 0

#Transform 173
Transform: AffineTransform_float_3_3
Parameters: 1 -0.000828485 0.000879605 0.000827517 0.999998 0.00168673 -0.000880397 -0.00168627 0.999998 0.0282247 0.0242226 0.01949
FixedParameters: 0 0 0

#Transform 174
Transform: AffineTransform_float_3_3
Parameters: 1 -0.00082848 0.00087961 0.000827522 0.999998 0.00168073 -0.000880392 -0.00168027 0.999998 0.0203029 0.0351286 0.0219665
FixedParameters: 0 0 0

#Transform 175
Transform: AffineTransform_float_3_3
Parameters: 0.999999 -0.00106743 0.000828165 0.00106557 0.999998 0.00172088 -0.000829835 -0.00172012 0.999998 0.025926 0.0351101 0.031832
FixedParameters: 0 0 0

#Transform 176
Transform: AffineTransform_float_3_3
Parameters: 1 -0.000828675 0.000879424 0.000827326 0.999998 0.00190373 -0.000880576 -0.00190227 0.999998 0.028228 0.0133146 0.0254419
FixedParameters: 0 0 0

#Transform 177
Transform: AffineTransform_float_3_3
Parameters: 1 -0.000828505 0.000879585 0.000827497 0.999998 0.00170973 -0.000880416 -0.00170927 0.999998 0.0282309 0.0148101 0.0222066
FixedParameters: 0 0 0

#Transform 178
Transform: AffineTransform_float_3_3
Parameters: 0.999999 -0.000884445 0.000879551 0.000883557 0.999999 0.00164078 -0.000880451 -0.00164022 0.999999 0.0261488 0.0397007 0.0210433
FixedParameters: 0 0 0

#Transform 179
Transform: AffineTransform_float_3_3
Parameters: 0.999999 -0.00101643 0.00087935 0.00101457 0.999998 0.00162489 -0.00088065 -0.00162411 0.999999 0.0282431 0.0343289 0.020822
FixedParameters: 0 0 0

#Transform 180
Transform: AffineTransform_float_3_3
Parameters: 0.999999 -0.000977284 0.000823479 0.000975716 0.999999 0.00155781 -0.000825521 -0.0015572 0.999999 0.0310962 0.0163814 0.0081933
FixedParameters: 0 0 0

#Transform 181
Transform: AffineTransform_float_3_3
Parameters: 0.999999 -0.000828783 0.00109966 0.000827217 0.999999 0.00162091 -0.00110134 -0.00162009 0.999998 0.02646 0.0155248 0.00819735
FixedParameters: 0 0 0

#Transform 182
Transform: AffineTransform_float_3_3
Parameters: 0.999999 -0.000828433 0.00106789 0.000826566 0.999999 0.00134188 -0.00106911 -0.00134111 0.999998 0.0266992 0.0229048 -0.0112965
FixedParameters: 0 0 0

#Transform 183
Transform: AffineTransform_float_3_3
Parameters: 1 -0.000828388 0.000879697 0.000826615 0.999999 0.00157573 -0.000880304 -0.00157527 0.999999 0.0281997 0.0159467 -0.00762769
FixedParameters: 0 0 0

#Transform 184
Transform: AffineTransform_float_3_3
Parameters: 0.999999 -0.000828264 0.00103199 0.000826736 0.999999 0.00122485 -0.00103301 -0.00122415 0.999998 0.0205391 0.0186727 -0.00106868
FixedParameters: 0 0 0

#Transform 185
Transform: AffineTransform_float_3_3
Parameters: 0.999999 -0.000938139 0.000879787 0.000936862 0.999998 0.00129382 -0.000880213 -0.00129317 0.999999 0.029961 0.0352361 -0.00890951
FixedParameters: 0 0 0

#Transform 186
Transform: AffineTransform_float_3_3
Parameters: 0.999999 -0.00105847 0.000879229 0.00105653 0.999998 0.00167493 -0.000880771 -0.00167407 0.999998 0.0339843 0.0248723 -0.00350252
FixedParameters: 0 0 0

#Transform 187
Transform: AffineTransform_float_3_3
Parameters: 0.999999 -0.000923222 0.000879719 0.000921779 0.999998 0.00138881 -0.000880281 -0.00138819 0.999998 0.0297919 0.0114606 -0.00987411
FixedParameters: 0 0 0

#Transform 188
Transform: AffineTransform_float_3_3
Parameters: 0.999999 -0.000828521 0.00100074 0.000827479 0.999998 0.00151983 -0.00100126 -0.00151917 0.999999 0.0272701 0.0162278 0.00623272
FixedParameters: 0 0 0

#Transform 189
Transform: AffineTransform_float_3_3
Parameters: 1 -0.00082813 0.000879938 0.00082687 0.999999 0.00128373 -0.000881062 -0.00128327 0.999999 0.0281938 0.0181311 -0.0111458
FixedParameters: 0 0 0

#Transform 190
Transform: AffineTransform_float_3_3
Parameters: 0.999999 -0.000956391 0.00087949 0.00095561 0.999999 0.00158084 -0.000880511 -0.00157916 0.999999 0.0303458 0.016076 -0.0211157
FixedParameters: 0 0 0

#Transform 191
Transform: AffineTransform_float_3_3
Parameters: 1 -0.000828395 0.00087969 0.000826608 0.999999 0.00158373 -0.000880311 -0.00158327 0.999999 0.0282089 0.0158842 -0.00968534
FixedParameters: 0 0 0

#Transform 192
Transform: AffineTransform_float_3_3
Parameters: 1 -0.000828144 0.000879925 0.000826856 0.999999 0.00129973 -0.000881075 -0.00129927 0.999999 0.0282028 0.0180496 -0.00663519
FixedParameters: 0 0 0

#Transform 193
Transform: AffineTransform_float_3_3
Parameters: 0.999999 -0.00123424 0.000820137 0.00123276 0.999998 0.00151001 -0.000821861 -0.00150899 0.999998 0.035368 0.0171966 -0.00728262
FixedParameters: 0 0 0

#Transform 194
Transform: AffineTransform_float_3_3
Parameters: 0.999999 -0.00123412 0.000822318 0.00123288 0.999999 0.00136402 -0.000823681 -0.00136299 0.999998 0.0353649 0.0183757 -0.00975106
FixedParameters: 0 0 0

#Transform 195
Transform: AffineTransform_float_3_3
Parameters: 0.999999 -0.0012341 0.000879457 0.0012329 0.999999 0.00125109 -0.000880542 -0.00124992 0.999999 0.03494 0.019279 -0.0117205
FixedParameters: 0 0 0

#Transform 196
Transform: AffineTransform_float_3_3
Parameters: 0.999999 -0.0010042 0.000879631 0.0010028 0.999998 0.00136388 -0.000880368 -0.00136312 0.999998 0.0242865 0.0407167 -0.0269341
FixedParameters: 0 0 0

#Transform 197
Transform: AffineTransform_float_3_3
Parameters: 0.999999 -0.000900345 0.000879626 0.000898656 0.999999 0.00152879 -0.000880374 -0.00152721 0.999999 0.0293231 0.0133721 -0.0294763
FixedParameters: 0 0 0

#Transform 198
Transform: AffineTransform_float_3_3
Parameters: 0.999999 -0.000867178 0.000879841 0.000866824 0.999998 0.00133776 -0.00088016 -0.00133724 0.999998 0.0288587 0.0087815 -0.0307966
FixedParameters: 0 0 0

#Transform 199
Transform: AffineTransform_float_3_3
Parameters: 0.999999 -0.000971918 0.000879988 0.000970082 0.999999 0.00104285 -0.000881012 -0.00104214 0.999999 0.0305126 0.0114935 -0.0360192
FixedParameters: 0 0 0

#Transform 200
Transform: AffineTransform_float_3_3
Parameters: 0.999999 -0.000903874 0.000880103 0.000903126 0.999999 0.000993796 -0.000880897 -0.000992205 0.999999 0.0294235 0.0116703 -0.0297792
FixedParameters: 0 0 0

#Transform 201
Transform: AffineTransform_float_3_3
Parameters: 0.999999 -0.000903874 0.000880103 0.000902126 0.999999 0.000993795 -0.000880896 -0.000992205 0.999999 0.0294001 0.0117616 -0.0267383
FixedParameters: 0 0 0

#Transform 202
Transform: AffineTransform_float_3_3
Parameters: 1 -0.000752875 0.000880253 0.000752126 0.999999 0.000993663 -0.000880747 -0.000992338 0.999999 0.0291212 -0.000277074 -0.0158901
FixedParameters: 0 0 0

#Transform 203
Transform: AffineTransform_float_3_3
Parameters: 0.999999 -0.000872654 0.00102444 0.000871346 0.999999 0.000638893 -0.00102456 -0.000638106 1 0.0277358 0.031553 -0.0288735
FixedParameters: 0 0 0

#Transform 204
Transform: AffineTransform_float_3_3
Parameters: 0.999999 -0.00106857 0.000880307 0.00106743 0.999999 0.000649941 -0.000880694 -0.00064906 1 0.0321396 0.0147795 -0.0338281
FixedParameters: 0 0 0

#Transform 205
Transform: AffineTransform_float_3_3
Parameters: 0.999999 -0.000889513 0.00108458 0.000889486 0.999999 0.000473965 -0.00108542 -0.000473035 1 0.0276165 -0.00195999 -0.0333637
FixedParameters: 0 0 0

#Transform 206
Transform: AffineTransform_float_3_3
Parameters: 0.999999 -0.000873947 0.00105221 0.000873054 0.999999 0.00089992 -0.00105279 -0.000899081 0.999999 0.0306053 -0.00533302 -0.0312991
FixedParameters: 0 0 0

#Transform 207
Transform: AffineTransform_float_3_3
Parameters: 0.999999 -0.000784041 0.00104822 0.000783958 0.999999 0.000993823 -0.00104978 -0.000992178 0.999999 0.0261715 -0.0120053 -0.0316669
FixedParameters: 0 0 0

#Transform 208
Transform: AffineTransform_float_3_3
Parameters: 0.999999 -0.00100877 0.000880116 0.00100823 0.999999 0.000876888 -0.000880884 -0.000876112 0.999999 0.0333271 0.00900026 -0.0466415
FixedParameters: 0 0 0

#Transform 209
Transform: AffineTransform_float_3_3
Parameters: 0.999999 -0.000825002 0.0011753 0.000823998 1 0.00085297 -0.0011757 -0.000852031 0.999999 0.0313925 0.0269819 -0.045679
FixedParameters: 0 0 0

#Transform 210
Transform: AffineTransform_float_3_3
Parameters: 0.999999 -0.000819633 0.00104851 0.000819367 0.999999 0.000603859 -0.0010485 -0.000603141 1 0.0267281 0.0214997 -0.0480345
FixedParameters: 0 0 0

#Transform 211
Transform: AffineTransform_float_3_3
Parameters: 0.999998 -0.000904027 0.00130529 0.000902973 1 0.00078718 -0.00130571 -0.000785821 0.999999 0.0261877 0.0136929 -0.0291387
FixedParameters: 0 0 0

#Transform 212
Transform: AffineTransform_float_3_3
Parameters: 0.999999 -0.000979559 0.00118854 0.000979441 1 0.000471165 -0.00118846 -0.000469837 0.999999 0.0283431 0.0218272 -0.0357465
FixedParameters: 0 0 0

#Transform 213
Transform: AffineTransform_float_3_3
Parameters: 0.999998 -0.000942963 0.00147638 0.000942036 1 0.000653392 -0.00147761 -0.000651608 0.999998 0.0321205 0.0256563 -0.0283669
FixedParameters: 0 0 0

#Transform 214
Transform: AffineTransform_float_3_3
Parameters: 0.999998 -0.00102535 0.00135698 0.00102365 0.999999 0.00099439 -0.00135802 -0.000992609 0.999998 0.0397375 0.0207072 -0.0298775
FixedParameters: 0 0 0

#Transform 215
Transform: AffineTransform_float_3_3
Parameters: 0.999998 -0.000996446 0.00132391 0.000994552 0.999999 0.00109332 -0.00132509 -0.00109168 0.999999 0.0367621 0.0229557 -0.0151973
FixedParameters: 0 0 0

#Transform 216
Transform: AffineTransform_float_3_3
Parameters: 0.999998 -0.000997863 0.00135463 0.000996134 0.999998 0.00137635 -0.00135637 -0.00137465 0.999998 0.0349073 0.0360264 -0.0105729
FixedParameters: 0 0 0

#Transform 217
Transform: AffineTransform_float_3_3
Parameters: 0.999998 -0.000903892 0.00134673 0.000902106 0.999998 0.00140522 -0.00134827 -0.00140378 0.999998 0.0324989 0.0355986 0.00664952
FixedParameters: 0 0 0

#Transform 218
Transform: AffineTransform_float_3_3
Parameters: 0.999998 -0.000939009 0.00128453 0.000937991 0.999999 0.00156321 -0.00128647 -0.00156279 0.999998 0.0269194 0.0344842 0.0200039
FixedParameters: 0 0 0

#Transform 219
Transform: AffineTransform_float_3_3
Parameters: 0.999998 -0.00093905 0.00131153 0.00093795 0.999999 0.00156223 -0.00131347 -0.00156177 0.999998 0.0266832 0.0344875 0.0198787
FixedParameters: 0 0 0

#Transform 220
Transform: AffineTransform_float_3_3
Parameters: 0.999998 -0.000938869 0.00133068 0.00093713 0.999998 0.00140525 -0.00133132 -0.00140375 0.999998 0.0265812 0.0357638 0.0208683
FixedParameters: 0 0 0

#Transform 221
Transform: AffineTransform_float_3_3
Parameters: 0.999998 -0.00112159 0.00121854 0.00111941 0.999999 0.00130337 -0.00121946 -0.00130164 0.999999 0.030398 0.0502504 0.0148218
FixedParameters: 0 0 0

#Transform 222
Transform: AffineTransform_float_3_3
Parameters: 0.999999 -0.000938451 0.00125692 0.000937548 0.999999 0.00115518 -0.00125808 -0.00115382 0.999998 0.027124 0.0147063 0.00669366
FixedParameters: 0 0 0

#Transform 223
Transform: AffineTransform_float_3_3
Parameters: 0.999999 -0.00093866 0.00118168 0.000937338 0.999998 0.00140511 -0.00118332 -0.00140389 0.999999 0.0327377 0.0127408 0.0110829
FixedParameters: 0 0 0

#Transform 224
Transform: AffineTransform_float_3_3
Parameters: 0.999998 -0.00103288 0.00133755 0.00103112 0.999999 0.00140538 -0.00133945 -0.00140362 0.999998 0.0357796 0.0493817 0.0107246
FixedParameters: 0 0 0

#Transform 225
Transform: AffineTransform_float_3_3
Parameters: 0.999998 -0.000938967 0.00133662 0.000937031 0.999998 0.00147225 -0.00133838 -0.00147074 0.999998 0.0365799 0.0208134 -0.00292983
FixedParameters: 0 0 0

#Transform 226
Transform: AffineTransform_float_3_3
Parameters: 0.999998 -0.00093883 0.00130268 0.000937168 0.999998 0.00140522 -0.00130432 -0.00140378 0.999998 0.0267848 0.0201918 0.00649428
FixedParameters: 0 0 0

#Transform 227
Transform: AffineTransform_float_3_3
Parameters: 0.999999 -0.000775695 0.00113885 0.000774305 0.999998 0.00148788 -0.00114015 -0.00148712 0.999998 0.0252538 0.0190598 -0.0148391
FixedParameters: 0 0 0

#Transform 228
Transform: AffineTransform_float_3_3
Parameters: 0.999999 -0.00063654 0.00109611 0.00063446 0.999999 0.0014047 -0.00109689 -0.0014043 0.999999 0.0232623 0.0334397 0.00355521
FixedParameters: 0 0 0

#Transform 229
Transform: AffineTransform_float_3_3
Parameters: 1 -0.000597442 0.000880024 0.000595558 0.999998 0.00163752 -0.000880977 -0.00163747 0.999999 0.024343 0.0176249 -0.00107068
FixedParameters: 0 0 0

#Transform 230
Transform: AffineTransform_float_3_3
Parameters: 1 -0.00059769 0.00103403 0.000595309 0.999998 0.00163462 -0.00103497 -0.00163338 0.999998 0.0231117 0.017712 0.00599126
FixedParameters: 0 0 0

#Transform 231
Transform: AffineTransform_float_3_3
Parameters: 0.999999 -0.00069199 0.00127392 0.00069001 0.999998 0.00156188 -0.00127508 -0.00156112 0.999998 0.0286538 0.0287568 0.00714364
FixedParameters: 0 0 0

#Transform 232
Transform: AffineTransform_float_3_3
Parameters: 0.999999 -0.000759511 0.000999855 0.000757489 0.999998 0.00151076 -0.00100115 -0.00151024 0.999999 0.0260547 0.0320233 -0.00177423
FixedParameters: 0 0 0

#Transform 233
Transform: AffineTransform_float_3_3
Parameters: 1 -0.000597353 0.000880084 0.000595647 0.999998 0.00153753 -0.000880917 -0.00153647 0.999999 0.024343 0.0184352 -0.00501902
FixedParameters: 0 0 0

#Transform 234
Transform: AffineTransform_float_3_3
Parameters: 1 -0.000597322 0.000880106 0.000595679 0.999998 0.00150053 -0.000880896 -0.00150047 0.999999 0.0314083 0.0187035 -0.00452271
FixedParameters: 0 0 0

#Transform 235
Transform: AffineTransform_float_3_3
Parameters: 1 -0.000597148 0.000880223 0.000595853 0.999999 0.00130352 -0.000880778 -0.00130347 0.999999 0.0243253 0.0341413 -0.0100116
FixedParameters: 0 0 0

#Transform 236
Transform: AffineTransform_float_3_3
Parameters: 1 -0.000596889 0.000821355 0.00059611 0.999999 0.00108249 -0.000822646 -0.00108151 0.999999 0.0247391 0.0300667 -0.0114824
FixedParameters: 0 0 0

#Transform 237
Transform: AffineTransform_float_3_3
Parameters: 0.999999 -0.000523195 0.00088029 0.000521805 0.999999 0.00135746 -0.000880708 -0.00135654 0.999998 0.0231912 0.0197267 -0.0178544
FixedParameters: 0 0 0

#Transform 238
Transform: AffineTransform_float_3_3
Parameters: 0.999999 -0.000377895 0.000746547 0.000377104 0.999999 0.00119928 -0.000747452 -0.00119872 0.999999 0.0218108 0.0206691 -0.0239395
FixedParameters: 0 0 0

#Transform 239
Transform: AffineTransform_float_3_3
Parameters: 0.999999 -0.00031182 0.000683626 0.000311181 0.999999 0.00119921 -0.000683373 -0.00119879 0.999999 0.0158333 0.0205307 -0.0257753
FixedParameters: 0 0 0

#Transform 240
Transform: AffineTransform_float_3_3
Parameters: 1 -0.000268765 0.000637678 0.000268235 0.999999 0.00119917 -0.000638322 -0.00119883 0.999999 0.0160303 0.00148438 -0.030852
FixedParameters: 0 0 0

#Transform 241
Transform: AffineTransform_float_3_3
Parameters: 1 -0.000195668 0.00050174 0.000195332 0.999999 0.0013311 -0.00050226 -0.0013309 0.999999 0.0133383 0.010594 -0.0261802
FixedParameters: 0 0 0

#Transform 242
Transform: AffineTransform_float_3_3
Parameters: 1 -4.34304e-05 0.000358948 4.25695e-05 1 0.00119902 -0.000359051 -0.00119899 0.999999 0.0193613 0.0102928 -0.0376986
FixedParameters: 0 0 0

#Transform 243
Transform: AffineTransform_float_3_3
Parameters: 1 -0.000105756 0.000630874 0.000105243 1 0.00119907 -0.000631127 -0.00119893 0.999999 0.0133504 0.0134852 -0.0428533
FixedParameters: 0 0 0

#Transform 244
Transform: AffineTransform_float_3_3
Parameters: 0.999999 -0.000105963 0.00072486 0.000105037 0.999999 0.00132808 -0.00072514 -0.00132792 0.999999 0.0174826 0.00016969 -0.0338365
FixedParameters: 0 0 0

#Transform 245
Transform: AffineTransform_float_3_3
Parameters: 1 -0.000180756 0.000516736 0.000180243 0.999999 0.00146309 -0.000517264 -0.00146291 0.999999 0.0203715 -0.000767898 -0.0251718
FixedParameters: 0 0 0

#Transform 246
Transform: AffineTransform_float_3_3
Parameters: 1 -0.000105971 0.000674848 0.000105029 0.999999 0.00143907 -0.000675151 -0.00143893 0.999998 0.0118566 0.0242921 -0.0120283
FixedParameters: 0 0 0

#Transform 247
Transform: AffineTransform_float_3_3
Parameters: 1 -0.000105983 0.000597827 0.000105016 0.999998 0.00164506 -0.000598174 -0.00164494 0.999999 0.00716361 0.0321563 -0.0100497
FixedParameters: 0 0 0

#Transform 248
Transform: AffineTransform_float_3_3
Parameters: 1 -0.000105786 0.000477826 0.000105215 0.999998 0.00164505 -0.000477173 -0.00164495 0.999998 0.00673473 0.0226962 -0.0112844
FixedParameters: 0 0 0

#Transform 249
Transform: AffineTransform_float_3_3
Parameters: 1 -0.000105858 0.000521826 0.000105141 0.999998 0.00164505 -0.000522173 -0.00164494 0.999998 0.0046716 0.0124059 -0.0192515
FixedParameters: 0 0 0

#Transform 250
Transform: AffineTransform_float_3_3
Parameters: 1 -0.000105661 0.000448845 0.000105338 0.999999 0.00147305 -0.000449156 -0.00147295 0.999999 0.0048265 0.0236045 -0.0103597
FixedParameters: 0 0 0

#Transform 251
Transform: AffineTransform_float_3_3
Parameters: 1 -0.000105661 0.000401827 0.000105339 0.999998 0.00164504 -0.000402174 -0.00164496 0.999998 0.00485608 0.0176628 -0.0162604
FixedParameters: 0 0 0

#Transform 252
Transform: AffineTransform_float_3_3
Parameters: 1 -0.000105585 0.000355827 0.000104416 0.999998 0.00164504 -0.000355172 -0.00164496 0.999998 0.0163018 -0.0052803 -0.0233434
FixedParameters: 0 0 0

#Transform 253
Transform: AffineTransform_float_3_3
Parameters: 1 -0.000105524 0.000433873 0.000104476 1 0.00120805 -0.000434127 -0.00120795 0.999999 0.00961099 -0.00183576 -0.0467162
FixedParameters: 0 0 0

#Transform 254
Transform: AffineTransform_float_3_3
Parameters: 1 2.71628e-06 0.000205004 -3.28372e-06 0.999999 0.001384 -0.000204996 -0.001384 0.999999 0.00955767 0.0193735 -0.0434188
FixedParameters: 0 0 0

#Transform 255
Transform: AffineTransform_float_3_3
Parameters: 1 -0.000105045 3.98813e-05 0.000104955 1 0.00113001 -4.01186e-05 -0.00113 1 0.010894 0.0172012 -0.042551
FixedParameters: 0 0 0

#Transform 256
Transform: AffineTransform_float_3_3
Parameters: 1 7.39543e-05 4.00846e-05 -7.40457e-05 1 0.001143 -3.99154e-05 -0.001143 1 0.00627392 -0.00171575 -0.0469938
FixedParameters: 0 0 0

#Transform 257
Transform: AffineTransform_float_3_3
Parameters: 1 -3.50175e-07 0.000345 -3.50175e-07 1 0.001015 -0.000345 -0.001015 1 0.0187007 0.0157593 -0.0498399
FixedParameters: 0 0 0

#Transform 258
Transform: AffineTransform_float_3_3
Parameters: 1 0.000197701 0.000290204 -0.000197299 1 0.00102994 -0.000289797 -0.00103006 1 0.0020868 0.0034112 -0.0522978
FixedParameters: 0 0 0

#Transform 259
Transform: AffineTransform_float_3_3
Parameters: 1 0.000115693 0.000291122 -0.000116307 1 0.00105397 -0.000290878 -0.00105403 1 0.00566327 0.00166058 -0.0323256
FixedParameters: 0 0 0

#Transform 260
Transform: AffineTransform_float_3_3
Parameters: 1 1.36417e-05 0.000314016 -1.43583e-05 1 0.001141 -0.000313984 -0.00114101 1 0.00513936 0.0170477 -0.0309813
FixedParameters: 0 0 0

#Transform 261
Transform: AffineTransform_float_3_3
Parameters: 1 7.05764e-05 0.000390077 -7.04235e-05 1 0.00108597 -0.000389924 -0.00108603 1 0.0071637 0.02329 -0.028467
FixedParameters: 0 0 0

#Transform 262
Transform: AffineTransform_float_3_3
Parameters: 1 -0.000105379 0.00030687 0.000104621 0.999999 0.00123503 -0.000307129 -0.00123497 0.999999 0.00920498 0.013898 -0.0243713
FixedParameters: 0 0 0

#Transform 263
Transform: AffineTransform_float_3_3
Parameters: 1 -4.94647e-05 0.000448949 4.85353e-05 1 0.00103502 -0.000449051 -0.00103498 1 0.00800962 0.0109363 -0.0329128
FixedParameters: 0 0 0

#Transform 264
Transform: AffineTransform_float_3_3
Parameters: 1 4.7517e-05 0.000481048 -4.84829e-05 0.999999 0.00100398 -0.000480952 -0.00100402 1 0.00966073 0.0216832 -0.0377686
FixedParameters: 0 0 0

#Transform 265
Transform: AffineTransform_float_3_3
Parameters: 1 8.74701e-05 0.000439106 -8.75298e-05 1 0.00120696 -0.000438895 -0.00120704 0.999999 0.00730653 0.0200317 -0.0300478
FixedParameters: 0 0 0

#Transform 266
Transform: AffineTransform_float_3_3
Parameters: 1 -0.000105586 0.000499877 0.000104413 1 0.00117305 -0.000500123 -0.00117295 0.999999 0.0192441 0.0208032 -0.0308638
FixedParameters: 0 0 0

#Transform 267
Transform: AffineTransform_float_3_3
Parameters: 1 -0.000105542 0.000490884 0.000104458 1 0.00110405 -0.000491116 -0.00110395 1 0.0128452 0.0180459 -0.0193988
FixedParameters: 0 0 0

#Transform 268
Transform: AffineTransform_float_3_3
Parameters: 0.999999 -0.000105845 0.000747881 0.000105155 1 0.00113008 -0.000748119 -0.00112992 0.999999 0.00962019 0.0327276 -0.0320466
FixedParameters: 0 0 0

#Transform 269
Transform: AffineTransform_float_3_3
Parameters: 1 -0.000105754 0.000626873 0.000105246 1 0.00120207 -0.000627127 -0.00120193 0.999999 0.01825 0.0118791 -0.0280808
FixedParameters: 0 0 0

#Transform 270
Transform: AffineTransform_float_3_3
Parameters: 1 -0.000105556 0.000490881 0.000104444 1 0.00113305 -0.000491119 -0.00113295 0.999999 0.0193111 0.000201254 -0.0314589
FixedParameters: 0 0 0

#Transform 271
Transform: AffineTransform_float_3_3
Parameters: 1 -9.40761e-06 0.00038599 9.59238e-06 1 0.001056 -0.00038601 -0.001056 1 0.0112803 0.0337429 -0.0218569
FixedParameters: 0 0 0

#Transform 272
Transform: AffineTransform_float_3_3
Parameters: 1 -5.8465e-07 0.00055 4.15349e-07 1 0.001063 -0.000550001 -0.001063 1 0.0171752 0.0153403 -0.0260018
FixedParameters: 0 0 0

#Transform 273
Transform: AffineTransform_float_3_3
Parameters: 1 -0.000105604 0.00049087 0.000105395 0.999999 0.00123105 -0.00049113 -0.00123095 0.999999 0.0193005 0.00175285 -0.0324501
FixedParameters: 0 0 0

#Transform 274
Transform: AffineTransform_float_3_3
Parameters: 1 -0.000105366 0.000490921 0.000104634 0.999999 0.000745051 -0.000491078 -0.000744948 0.999999 0.0192956 0.0221434 -0.058324
FixedParameters: 0 0 0

#Transform 275
Transform: AffineTransform_float_3_3
Parameters: 1 -0.000105395 0.000490915 0.000104605 0.999999 0.000805051 -0.000491084 -0.000804948 0.999999 0.0193064 0.0216677 -0.0527201
FixedParameters: 0 0 0

#Transform 276
Transform: AffineTransform_float_3_3
Parameters: 1 -0.00010556 0.00049088 0.00010444 1 0.00114105 -0.00049112 -0.00114095 0.999999 0.0193079 0.00276507 -0.0313114
FixedParameters: 0 0 0

#Transform 277
Transform: AffineTransform_float_3_3
Parameters: 1 -0.000105765 0.000639874 0.000105234 1 0.00119607 -0.000640126 -0.00119593 0.999999 0.00936033 0.00951332 -0.0134807
FixedParameters: 0 0 0

#Transform 278
Transform: AffineTransform_float_3_3
Parameters: 1 -0.000105748 0.000490839 0.000105252 0.999999 0.00152405 -0.000491161 -0.00152395 0.999998 0.00683146 0.0233436 -0.00750125
FixedParameters: 0 0 0

#Transform 279
Transform: AffineTransform_float_3_3
Parameters: 1 -4.25611e-05 0.000408942 4.24388e-05 0.999999 0.00137202 -0.000409059 -0.00137198 0.999999 0.00617427 0.0297401 -0.0185222
FixedParameters: 0 0 0

#Transform 280
Transform: AffineTransform_float_3_3
Parameters: 1 -0.000105685 0.000490853 0.000105314 0.999999 0.00139605 -0.000491147 -0.00139595 0.999999 0.00127495 0.0344181 -0.0143302
FixedParameters: 0 0 0

#Transform 281
Transform: AffineTransform_float_3_3
Parameters: 1 -0.000105748 0.000490839 0.000105252 0.999999 0.00152405 -0.000491161 -0.00152395 0.999998 0.0125692 0.0145515 -0.0119207
FixedParameters: 0 0 0

#Transform 282
Transform: AffineTransform_float_3_3
Parameters: 1 -0.000105488 0.000382866 0.000104512 0.999999 0.00127404 -0.000383133 -0.00127396 0.999999 0.00917989 0.0399641 -0.0127249
FixedParameters: 0 0 0

#Transform 283
Transform: AffineTransform_float_3_3
Parameters: 1 -0.000105564 0.000405854 0.000104436 0.999999 0.00139004 -0.000406146 -0.00138996 0.999999 0.00813204 0.0291084 -0.00817991
FixedParameters: 0 0 0

#Transform 284
Transform: AffineTransform_float_3_3
Parameters: 1 -0.000105625 0.000490866 0.000105374 0.999999 0.00127405 -0.000491135 -0.00127395 0.999999 0.00889987 0.0166954 -0.012168
FixedParameters: 0 0 0

#Transform 285
Transform: AffineTransform_float_3_3
Parameters: 1 -0.0001057 0.00049085 0.0001053 0.999999 0.00142505 -0.00049115 -0.00142495 0.999999 0.00798356 0.0221201 -0.0116415
FixedParameters: 0 0 0

#Transform 286
Transform: AffineTransform_float_3_3
Parameters: 1 -0.000105702 0.000490849 0.000105299 0.999999 0.00142805 -0.000491151 -0.00142895 0.999999 0.00684301 0.0197761 -0.00918351
FixedParameters: 0 0 0

#Transform 287
Transform: AffineTransform_float_3_3
Parameters: 1 -0.000105578 0.000490876 0.000104422 1 0.00117805 -0.000491123 -0.00117795 0.999999 0.00706483 0.0264157 -0.0183246
FixedParameters: 0 0 0

#Transform 288
Transform: AffineTransform_float_3_3
Parameters: 1 -0.000105481 0.000400874 0.000104519 1 0.00119904 -0.000401126 -0.00119896 0.999999 0.0107093 0.0365486 -0.0225884
FixedParameters: 0 0 0

#Transform 289
Transform: AffineTransform_float_3_3
Parameters: 1 -0.00010556 0.00049088 0.00010444 1 0.00114105 -0.00049112 -0.00114095 0.999999 0.00672092 0.0244997 -0.022622
FixedParameters: 0 0 0

#Transform 290
Transform: AffineTransform_float_3_3
Parameters: 1 -0.000105148 0.000490968 0.000104852 1 0.000302051 -0.000491032 -0.000301948 1 0.0114029 0.120245 -0.0429873
FixedParameters: 0 0 0

#Transform 291
Transform: AffineTransform_float_3_3
Parameters: 1 -0.000105119 0.000204939 0.000104881 1 0.000582021 -0.000205061 -0.000581978 1 0.00781441 -0.064991 -0.0738186
FixedParameters: 0 0 0

#Transform 292
Transform: AffineTransform_float_3_3
Parameters: 1 -0.000105252 0.000368928 0.000104749 1 0.000681038 -0.000369071 -0.000681961 0.999999 0.00675993 -0.011569 -0.0621162
FixedParameters: 0 0 0

#Transform 293
Transform: AffineTransform_float_3_3
Parameters: 1 0.000152924 0.000270043 -0.000153076 1 0.000282959 -0.000269957 -0.000283041 1 0.00546025 0.00451354 -0.0709563
FixedParameters: 0 0 0

#Transform 294
Transform: AffineTransform_float_3_3
Parameters: 1 0.000217983 5.80654e-05 -0.000218017 1 0.000299987 -5.79346e-05 -0.000300013 1 0.00145826 0.00824325 -0.065635
FixedParameters: 0 0 0

#Transform 295
Transform: AffineTransform_float_3_3
Parameters: 1 0.00025286 0.000211167 -0.00025314 0.999999 0.000660946 -0.000211833 -0.000661053 1 -0.00047785 0.0223236 -0.0587351
FixedParameters: 0 0 0

#Transform 296
Transform: AffineTransform_float_3_3
Parameters: 1 0.000335968 4.42449e-05 -0.000336032 0.999999 0.000728985 -4.3755e-05 -0.000729014 0.999999 0.000912026 0.0343 -0.0627082
FixedParameters: 0 0 0

#Transform 297
Transform: AffineTransform_float_3_3
Parameters: 1 0.000212814 0.000300132 -0.000213186 1 0.000620936 -0.000299868 -0.000621064 1 0.00216175 0.0399494 -0.0623433
FixedParameters: 0 0 0

#Transform 298
Transform: AffineTransform_float_3_3
Parameters: 1 0.00039284 0.000277227 -0.00039316 1 0.000577891 -0.000277773 -0.000577109 1 -0.00782788 0.0568255 -0.0614629
FixedParameters: 0 0 0

#Transform 299
Transform: AffineTransform_float_3_3
Parameters: 1 0.000317899 0.000147219 -0.000318101 0.999999 0.000687953 -0.000146781 -0.000688046 1 0.00372803 0.0445598 -0.0660711
FixedParameters: 0 0 0

#Transform 300
Transform: AffineTransform_float_3_3
Parameters: 1 0.000422908 0.000108359 -0.000423091 0.999999 0.000848954 -0.000107641 -0.000849045 0.999999 0.00341422 0.0137274 -0.063356
FixedParameters: 0 0 0

#Transform 301
Transform: AffineTransform_float_3_3
Parameters: 1 0.000495928 0.000234152 -0.000496071 1 0.000305884 -0.000233848 -0.000306116 1 0.0114436 0.0179047 -0.0725683
FixedParameters: 0 0 0

#Transform 302
Transform: AffineTransform_float_3_3
Parameters: 1 0.000507019 0.000199952 -0.000506981 1 -9.41014e-05 -0.000200048 9.38986e-05 1 0.0052968 0.00329805 -0.0946161
FixedParameters: 0 0 0

#Transform 303
Transform: AffineTransform_float_3_3
Parameters: 1 0.000339081 0.000307911 -0.00033892 1 -0.000261104 -0.000308089 0.000261896 1 0.0108866 -0.0145622 -0.104604
FixedParameters: 0 0 0

#Transform 304
Transform: AffineTransform_float_3_3
Parameters: 1 0.000346195 0.000490862 -0.000345805 1 -0.00039717 -0.000491137 0.00039683 1 0.0118201 -0.00592028 -0.101333
FixedParameters: 0 0 0

#Transform 305
Transform: AffineTransform_float_3_3
Parameters: 1 0.000292037 0.000274961 -0.000291963 1 -0.00013408 -0.000275039 0.00013392 1 0.0130413 0.0101427 -0.0903409
FixedParameters: 0 0 0

#Transform 306
Transform: AffineTransform_float_3_3
Parameters: 1 0.00031901 0.000295989 -0.00031899 1 -3.30944e-05 -0.00029601 3.29056e-05 1 0.00546117 0.0260707 -0.0845826
FixedParameters: 0 0 0

#Transform 307
Transform: AffineTransform_float_3_3
Parameters: 1 9.30128e-05 0.000388997 -9.29871e-05 1 -3.30362e-05 -0.000389003 3.29638e-05 1 0.016654 0.0145934 -0.0724264
FixedParameters: 0 0 0

#Transform 308
Transform: AffineTransform_float_3_3
Parameters: 1 0.000109951 0.000189028 -0.000110049 1 0.000257979 -0.000188972 -0.000258021 1 0.0174763 0.0121817 -0.05635
FixedParameters: 0 0 0

#Transform 309
Transform: AffineTransform_float_3_3
Parameters: 1 0.000299945 0.000491033 -0.000300055 1 0.000111853 -0.000491966 -0.000112148 1 0.00264678 0.0348751 -0.0708174
FixedParameters: 0 0 0

#Transform 310
Transform: AffineTransform_float_3_3
Parameters: 1 0.000150923 0.000270043 -0.000151077 1 0.000283959 -0.000269957 -0.000284041 1 0.0148393 0.0300158 -0.059544
FixedParameters: 0 0 0

#Transform 311
Transform: AffineTransform_float_3_3
Parameters: 1 0.000274004 0.000134991 -0.000273996 1 -3.3037e-05 -0.000135009 3.2963e-05 1 0.00253655 0.0220469 -0.0617128
FixedParameters: 0 0 0

#Transform 312
Transform: AffineTransform_float_3_3
Parameters: 1 0.000367941 0.000491044 -0.000368058 1 0.000118819 -0.000491956 -0.000119181 1 0.000938282 0.012779 -0.0676898
FixedParameters: 0 0 0

#Transform 313
Transform: AffineTransform_float_3_3
Parameters: 1 0.000151962 0.000217027 -0.000152038 1 0.000174967 -0.000216973 -0.000175033 1 0.0151729 0.0127541 -0.0746434
FixedParameters: 0 0 0

#Transform 314
Transform: AffineTransform_float_3_3
Parameters: 1 0.000260958 0.000386028 -0.000261042 1 0.000107899 -0.000385972 -0.000108101 1 0.0120839 0.0093168 -0.0843624
FixedParameters: 0 0 0

#Transform 315
Transform: AffineTransform_float_3_3
Parameters: 1 0.000301013 0.00038499 -0.000300987 1 -3.31159e-05 -0.00038501 3.28841e-05 1 0.011419 0.00242011 -0.0820172
FixedParameters: 0 0 0

#Transform 316
Transform: AffineTransform_float_3_3
Parameters: 1 0.000282005 0.000163991 -0.000281995 1 -3.30462e-05 -0.000164009 3.29537e-05 1 0.00842455 0.0141678 -0.077993
FixedParameters: 0 0 0

#Transform 317
Transform: AffineTransform_float_3_3
Parameters: 1 0.000330041 0.000302956 -0.000329959 1 -0.0001341 -0.000303044 0.0001339 1 0.00869442 0.0139878 -0.0799278
FixedParameters: 0 0 0

#Transform 318
Transform: AffineTransform_float_3_3
Parameters: 1 0.000292958 0.000491025 -0.000293042 1 8.58561e-05 -0.000491975 -8.61441e-05 1 0.0107073 0.0153233 -0.076686
FixedParameters: 0 0 0

#Transform 319
Transform: AffineTransform_float_3_3
Parameters: 1 0.000151955 0.000556012 -0.000152046 1 8.19155e-05 -0.000555987 -8.10845e-05 1 0.0125993 0.0154362 -0.0768335
FixedParameters: 0 0 0

#Transform 320
Transform: AffineTransform_float_3_3
Parameters: 1 0.000218899 0.000491045 -0.000219101 1 0.000204892 -0.000491955 -0.000205108 1 0.0119422 0.00405815 -0.0747264
FixedParameters: 0 0 0

#Transform 321
Transform: AffineTransform_float_3_3
Parameters: 1 0.00012288 0.00049103 -0.000122121 1 0.00024494 -0.00049197 -0.00024506 1 0.0179232 0.0233053 -0.0739833
FixedParameters: 0 0 0

#Transform 322
Transform: AffineTransform_float_3_3
Parameters: 1 4.68362e-05 0.000439017 -4.71637e-05 1 0.000372979 -0.000438982 -0.000373021 1 0.0184172 0.0207811 -0.0630376
FixedParameters: 0 0 0

#Transform 323
Transform: AffineTransform_float_3_3
Parameters: 1 0.000143776 0.000491066 -0.000144225 1 0.000457929 -0.000491934 -0.000457071 1 0.0131678 0.0195139 -0.058363
FixedParameters: 0 0 0

#Transform 324
Transform: AffineTransform_float_3_3
Parameters: 1 0.000144871 0.000491038 -0.000145129 1 0.000261929 -0.000491962 -0.000262071 1 0.0131209 0.00371119 -0.0737724
FixedParameters: 0 0 0

#Transform 325
Transform: AffineTransform_float_3_3
Parameters: 1 3.48168e-05 0.000491013 -3.51831e-05 1 0.000372983 -0.000490987 -0.000373017 1 0.0149046 0.0029925 -0.0719644
FixedParameters: 0 0 0

#Transform 326
Transform: AffineTransform_float_3_3
Parameters: 1 -0.000105183 0.000490961 0.000104817 1 0.000373051 -0.000491039 -0.000372948 1 0.0172432 0.0101845 -0.0719542
FixedParameters: 0 0 0

#Transform 327
Transform: AffineTransform_float_3_3
Parameters: 1 2.98168e-05 0.000491011 -2.91831e-05 1 0.000372986 -0.000490989 -0.000373015 1 0.0150605 0.0193854 -0.0798576
FixedParameters: 0 0 0

#Transform 328
Transform: AffineTransform_float_3_3
Parameters: 1 -0.000105249 0.00066796 0.000104751 1 0.00037307 -0.000668039 -0.00037293 0.999999 0.015885 0.0222162 -0.0722694
FixedParameters: 0 0 0

#Transform 329
Transform: AffineTransform_float_3_3
Parameters: 1 -0.000105272 0.000490942 0.000104728 1 0.000554051 -0.000491058 -0.000553948 0.999999 0.0172448 0.00891006 -0.0690227
FixedParameters: 0 0 0

#Transform 330
Transform: AffineTransform_float_3_3
Parameters: 0.999999 -0.000260469 0.000764841 0.000260531 1 0.0006132 -0.00076516 -0.000612801 1 0.0256392 0.00867199 -0.0844408
FixedParameters: 0 0 0

#Transform 331
Transform: AffineTransform_float_3_3
Parameters: 0.999999 -0.000304411 0.000810845 0.000304589 1 0.000507247 -0.000811154 -0.000506753 0.999999 0.0290196 0.0303113 -0.0843005
FixedParameters: 0 0 0

#Transform 332
Transform: AffineTransform_float_3_3
Parameters: 0.999999 -0.00025331 0.000828905 0.000252691 1 0.000373209 -0.000829094 -0.00037379 0.999999 0.024033 0.0237145 -0.077091
FixedParameters: 0 0 0

#Transform 333
Transform: AffineTransform_float_3_3
Parameters: 1 -0.000436031 0.000490972 0.000435969 1 6.3214e-05 -0.000491027 -6.27859e-05 1 0.0227369 0.0316499 -0.0770741
FixedParameters: 0 0 0

#Transform 334
Transform: AffineTransform_float_3_3
Parameters: 1 -0.000480204 0.00080788 0.000479797 1 0.000251388 -0.000808121 -0.000251612 0.999999 0.0209348 0.00308104 -0.0746017
FixedParameters: 0 0 0

#Transform 335
Transform: AffineTransform_float_3_3
Parameters: 0.999999 -0.000387112 0.000835947 0.000386888 1 0.000134323 -0.000836051 -0.000133676 0.999999 0.0192517 0.0128153 -0.0938099
FixedParameters: 0 0 0

#Transform 336
Transform: AffineTransform_float_3_3
Parameters: 0.999999 -0.000249027 0.000762991 0.000248972 1 3.619e-05 -0.000763008 -3.581e-05 0.999999 0.0174802 0.013234 -0.110829
FixedParameters: 0 0 0

#Transform 337
Transform: AffineTransform_float_3_3
Parameters: 1 -0.000212003 0.000490999 0.000211997 1 5.10409e-06 -0.000491001 -5.89591e-06 1 0.0189845 0.0133899 -0.110873
FixedParameters: 0 0 0

#Transform 338
Transform: AffineTransform_float_3_3
Parameters: 1 -0.000194085 0.000490966 0.000193915 1 0.000174095 -0.000491034 -0.000173905 1 0.0187123 0.0120888 -0.110416
FixedParameters: 0 0 0

#Transform 339
Transform: AffineTransform_float_3_3
Parameters: 1 -7.90191e-05 0.000490997 7.89808e-05 1 3.90388e-05 -0.000491003 -3.89612e-05 1 0.020675 0.0129704 -0.112712
FixedParameters: 0 0 0

#Transform 340
Transform: AffineTransform_float_3_3
Parameters: 1 -0.000117936 0.000491015 0.000118064 1 -0.000130942 -0.000490984 0.000131058 1 0.0228778 0.0214441 -0.117881
FixedParameters: 0 0 0

#Transform 341
Transform: AffineTransform_float_3_3
Parameters: 1 -0.000172946 0.000491019 0.000173054 1 -0.000109915 -0.000491981 0.000109085 1 0.027 -0.000456358 -0.118053
FixedParameters: 0 0 0

#Transform 342
Transform: AffineTransform_float_3_3
Parameters: 0.999999 -0.000239883 0.000673041 0.000240116 1 -0.000172838 -0.000672958 0.000173161 1 0.0284785 0.00365485 -0.112779
FixedParameters: 0 0 0

#Transform 343
Transform: AffineTransform_float_3_3
Parameters: 1 -0.000120826 0.00068303 0.000121173 1 -0.000253917 -0.000682969 0.000254083 0.999999 0.0160564 -0.00328398 -0.119923
FixedParameters: 0 0 0

#Transform 344
Transform: AffineTransform_float_3_3
Parameters: 1 -0.00024696 0.00049102 0.00024704 1 -8.08787e-05 -0.00049198 8.11215e-05 1 0.0196099 0.0146116 -0.0996669
FixedParameters: 0 0 0

#Transform 345
Transform: AffineTransform_float_3_3
Parameters: 0.999999 -0.000260509 0.00079616 0.00026149 1 -0.000615792 -0.000795838 0.000616207 0.999999 0.023705 0.0198212 -0.126035
FixedParameters: 0 0 0

#Transform 346
Transform: AffineTransform_float_3_3
Parameters: 0.999999 -0.000193553 0.000924094 0.000193446 1 -0.000482822 -0.000923907 0.000483179 1 0.0260616 -0.0115289 -0.124751
FixedParameters: 0 0 0

#Transform 347
Transform: AffineTransform_float_3_3
Parameters: 0.999999 -0.000179511 0.000808108 0.000179489 1 -0.000604855 -0.000807891 0.000605145 0.999999 0.0264616 0.00301756 -0.126625
FixedParameters: 0 0 0

#Transform 348
Transform: AffineTransform_float_3_3
Parameters: 0.999999 -0.000198679 0.000695091 0.00019932 1 -0.000460861 -0.000694908 0.000461138 0.999999 0.0276654 0.0143495 -0.12854
FixedParameters: 0 0 0

#Transform 349
Transform: AffineTransform_float_3_3
Parameters: 1 -0.00013559 0.000678082 0.00013541 1 -0.000604908 -0.000677918 0.000605092 0.999999 0.023663 0.00637457 -0.126279
FixedParameters: 0 0 0

#Transform 350
Transform: AffineTransform_float_3_3
Parameters: 0.999999 -0.000216737 0.000750076 0.000216264 1 -0.000351838 -0.000749924 0.000351162 0.999999 0.0276447 0.0141192 -0.12231
FixedParameters: 0 0 0

#Transform 351
Transform: AffineTransform_float_3_3
Parameters: 0.999999 -0.000320638 0.00082514 0.000321362 1 -0.000438735 -0.000824858 0.000439264 0.999999 0.0304131 0.00622264 -0.12384
FixedParameters: 0 0 0

#Transform 352
Transform: AffineTransform_float_3_3
Parameters: 0.999999 -0.000420705 0.000845146 0.000421294 1 -0.000348644 -0.000844852 0.000349355 0.999999 0.0329635 0.0158936 -0.114424
FixedParameters: 0 0 0

#Transform 353
Transform: AffineTransform_float_3_3
Parameters: 1 -0.000480746 0.000897136 0.000481254 1 -0.000282568 -0.000896864 0.000283431 0.999999 0.0322949 0.00652962 -0.10778
FixedParameters: 0 0 0

#Transform 354
Transform: AffineTransform_float_3_3
Parameters: 1 -0.000364655 0.00090214 0.000364345 1 -0.000381672 -0.000902862 0.00038233 1 0.0283614 -0.00266505 -0.122947
FixedParameters: 0 0 0

#Transform 355
Transform: AffineTransform_float_3_3
Parameters: 0.999999 -0.000553663 0.00064229 0.000554336 0.999999 -0.000524644 -0.000641709 0.000524355 0.999999 0.035561 0.0160126 -0.124924
FixedParameters: 0 0 0

#Transform 356
Transform: AffineTransform_float_3_3
Parameters: 1 -0.000451513 0.000900245 0.000451488 1 -0.000541593 -0.000899756 0.000541406 0.999999 0.0316619 0.0148767 -0.121622
FixedParameters: 0 0 0

#Transform 357
Transform: AffineTransform_float_3_3
Parameters: 1 -0.000436785 0.000896105 0.000436216 1 -0.000240609 -0.000895895 0.000240391 0.999999 0.0319578 0.0124047 -0.120738
FixedParameters: 0 0 0

#Transform 358
Transform: AffineTransform_float_3_3
Parameters: 1 -0.000363769 0.000913092 0.000364231 1 -0.000252667 -0.000912908 0.000253332 0.999999 0.0282118 0.00198113 -0.120889
FixedParameters: 0 0 0

#Transform 359
Transform: AffineTransform_float_3_3
Parameters: 1 -0.000553748 0.00100714 0.000554252 1 -0.000249442 -0.00100786 0.000250558 1 0.0382268 0.01574 -0.120954
FixedParameters: 0 0 0

#Transform 360
Transform: AffineTransform_float_3_3
Parameters: 1 -0.000553577 0.00100623 0.000554423 1 -0.000420442 -0.00100577 0.000420557 1 0.0374603 0.01402 -0.126317
FixedParameters: 0 0 0

#Transform 361
Transform: AffineTransform_float_3_3
Parameters: 1 -0.000466842 0.00091808 0.000466158 1 -0.000171572 -0.00091892 0.000172429 0.999999 0.0306522 0.000311487 -0.119507
FixedParameters: 0 0 0

#Transform 362
Transform: AffineTransform_float_3_3
Parameters: 0.999999 -0.000553627 0.00112518 0.000554373 1 -0.000331377 -0.00112582 0.000331624 1 0.038049 -0.00280408 -0.122578
FixedParameters: 0 0 0

#Transform 363
Transform: AffineTransform_float_3_3
Parameters: 1 -0.000553843 0.000918095 0.000554158 1 -0.000171491 -0.000918905 0.000171509 0.999999 0.0317508 -0.00401894 -0.135753
FixedParameters: 0 0 0

#Transform 364
Transform: AffineTransform_float_3_3
Parameters: 1 -0.00040802 0.000546985 0.00040798 1 3.62232e-05 -0.000547014 -3.57768e-05 1 0.0343456 -0.0161798 -0.136098
FixedParameters: 0 0 0

#Transform 365
Transform: AffineTransform_float_3_3
Parameters: 0.999999 -0.000553887 0.000655095 0.000554112 1 -0.000171637 -0.000655904 0.000172363 1 0.0339069 -0.0410886 -0.17709
FixedParameters: 0 0 0

#Transform 366
Transform: AffineTransform_float_3_3
Parameters: 0.999999 -0.000553915 0.000491095 0.000554084 1 -0.000171728 -0.000490904 0.000172272 1 0.0339885 -0.0243587 -0.193926
FixedParameters: 0 0 0

#Transform 367
Transform: AffineTransform_float_3_3
Parameters: 1 -0.000553936 0.000373095 0.000554064 1 -0.000171793 -0.000372905 0.000172207 1 0.0343792 -0.0388973 -0.189274
FixedParameters: 0 0 0

#Transform 368
Transform: AffineTransform_float_3_3
Parameters: 1 -0.000395762 0.000342275 0.000396238 0.999999 -0.000693864 -0.000342725 0.000694135 0.999999 0.025474 -0.0504111 -0.208106
FixedParameters: 0 0 0
