#Insight Transform File V1.0
#Transform 0
Transform: AffineTransform_float_3_3
Parameters: 1 -3.10277e-07 0.000421 -3.10277e-07 0.999999 0.000736999 -0.000421 -0.000736999 0.999999 0.00376373 -0.0294352 0.0402544
FixedParameters: 0 0 0

#Transform 1
Transform: AffineTransform_float_3_3
Parameters: 1 -0.0001992 0.000420905 0.0001988 1 0.000476084 -0.000421095 -0.000475916 1 0.0102607 0.00144639 0.0349704
FixedParameters: 0 0 0

#Transform 2
Transform: AffineTransform_float_3_3
Parameters: 1 -0.000198255 0.000534905 0.000197745 1 0.000476106 -0.000535094 -0.000475894 0.999999 0.0119141 -0.0308679 0.0350371
FixedParameters: 0 0 0

#Transform 3
Transform: AffineTransform_float_3_3
Parameters: 1 -2.00396e-07 0.000421 -2.00396e-07 1 0.000476 -0.000421 -0.000476 1 0.0021835 -0.0458758 0.0349753
FixedParameters: 0 0 0

#Transform 4
Transform: AffineTransform_float_3_3
Parameters: 1 -0.000233112 0.000318918 0.000232888 1 0.000352074 -0.000319082 -0.000351926 1 0.00736037 -0.0122483 0.0189307
FixedParameters: 0 0 0

#Transform 5
Transform: AffineTransform_float_3_3
Parameters: 1 -2.06118e-07 0.000297 -2.06118e-07 1 0.000694 -0.000297 -0.000694 0.999999 0.000869816 -0.0559282 0.018452
FixedParameters: 0 0 0

#Transform 6
Transform: AffineTransform_float_3_3
Parameters: 1 -0.000177172 0.000420927 0.000176828 1 0.000409074 -0.000421072 -0.000408925 1 0.00783269 -0.0144612 0.0186345
FixedParameters: 0 0 0

#Transform 7
Transform: AffineTransform_float_3_3
Parameters: 1 -2.00396e-07 0.000421 -2.00396e-07 1 0.000476 -0.000421 -0.000476 1 -0.00527434 -0.0467028 0.0139568
FixedParameters: 0 0 0

#Transform 8
Transform: AffineTransform_float_3_3
Parameters: 1 -0.000122128 0.000339954 0.000122872 1 0.000376042 -0.000340046 -0.000375958 1 -0.00168062 -0.0152094 0.0118908
FixedParameters: 0 0 0

#Transform 9
Transform: AffineTransform_float_3_3
Parameters: 1 -1.54928e-07 0.000421 -1.54928e-07 1 0.000368 -0.000421 -0.000368 1 -0.00528328 -0.0450422 0.0117399
FixedParameters: 0 0 0

#Transform 10
Transform: AffineTransform_float_3_3
Parameters: 1 -1.2209e-07 0.000421 -1.2209e-07 1 0.00029 -0.000421 -0.00029 1 -0.00528505 -0.00485759 0.0122878
FixedParameters: 0 0 0

#Transform 11
Transform: AffineTransform_float_3_3
Parameters: 1 -1.47475e-07 0.000347 -1.47475e-07 1 0.000425 -0.000347 -0.000425 1 -0.00435555 -0.0441729 0.0128226
FixedParameters: 0 0 0

#Transform 12
Transform: AffineTransform_float_3_3
Parameters: 1 -0.000153153 0.000420944 0.000152847 1 0.000364064 -0.000421056 -0.000363935 1 -0.00211986 -0.0118722 0.0186937
FixedParameters: 0 0 0

#Transform 13
Transform: AffineTransform_float_3_3
Parameters: 1 -8.22004e-05 0.000420961 8.17996e-05 1 0.000476034 -0.000421039 -0.000475965 1 -0.00359633 -0.0403309 0.0213731
FixedParameters: 0 0 0

#Transform 14
Transform: AffineTransform_float_3_3
Parameters: 1 -1.38e-08 0.000138 -1.38e-08 1 0.0001 -0.000138 -0.0001 1 -0.00174047 0.00240185 0.0152465
FixedParameters: 0 0 0

#Transform 15
Transform: AffineTransform_float_3_3
Parameters: 1 -5.60654e-05 0.000162978 5.59346e-05 1 0.000401009 -0.000163022 -0.000400991 1 -0.000937011 -0.0550385 0.0258096
FixedParameters: 0 0 0

#Transform 16
Transform: AffineTransform_float_3_3
Parameters: 1 -5.50073e-05 0.000227998 5.49927e-05 1 3.20125e-05 -0.000228002 -3.19875e-05 1 -0.00170915 0.00101316 0.0120593
FixedParameters: 0 0 0

#Transform 17
Transform: AffineTransform_float_3_3
Parameters: 1 5.59674e-05 7.90231e-05 -5.60325e-05 1 0.000411996 -7.89769e-05 -0.000412004 1 -0.00212305 -0.0417003 0.0301172
FixedParameters: 0 0 0

#Transform 18
Transform: AffineTransform_float_3_3
Parameters: 1 -1.5892e-08 0.000137 -1.5892e-08 1 0.000116 -0.000137 -0.000116 1 -0.00174123 0.0128061 0.0113275
FixedParameters: 0 0 0

#Transform 19
Transform: AffineTransform_float_3_3
Parameters: 1 -3.114e-08 0.00018 -3.114e-08 1 0.000173 -0.00018 -0.000173 1 -0.00231123 -0.0458228 0.00767778
FixedParameters: 0 0 0

#Transform 20
Transform: AffineTransform_float_3_3
Parameters: 1 5.7e-11 -1e-06 5.7e-11 1 5.7e-05 1e-06 -5.7e-05 1 -1.92185e-05 0.00422246 0.00526473
FixedParameters: 0 0 0

#Transform 21
Transform: AffineTransform_float_3_3
Parameters: 1 -5.712e-09 1.2e-05 -5.712e-09 1 0.000476 -1.2e-05 -0.000476 1 -0.00698608 -0.038661 0.030443
FixedParameters: 0 0 0

#Transform 22
Transform: AffineTransform_float_3_3
Parameters: 1 -9.45e-09 0.000105 -9.45e-09 1 9e-05 -0.000105 -9e-05 1 -0.00132298 0.0169177 0.00600448
FixedParameters: 0 0 0

#Transform 23
Transform: AffineTransform_float_3_3
Parameters: 1 6.16e-09 -1.6e-05 6.16e-09 1 0.000385 1.6e-05 -0.000385 1 0.000150396 -0.0353833 0.0119912
FixedParameters: 0 0 0

#Transform 24
Transform: AffineTransform_float_3_3
Parameters: 1 -5.89e-09 6.2e-05 -5.89e-09 1 9.5e-05 -6.2e-05 -9.5e-05 1 -0.000782395 0.00505285 0.0061771
FixedParameters: 0 0 0

#Transform 25
Transform: AffineTransform_float_3_3
Parameters: 1 4.74e-09 -7.9e-05 4.74e-09 1 6e-05 7.9e-05 -6e-05 1 0.000972568 -0.0402128 0.00740697
FixedParameters: 0 0 0

#Transform 26
Transform: AffineTransform_float_3_3
Parameters: 1 3.7e-10 -2e-06 3.7e-10 1 0.000185 2e-06 -0.000185 1 -4.44245e-06 0.0145309 0.00797333
FixedParameters: 0 0 0

#Transform 27
Transform: AffineTransform_float_3_3
Parameters: 1 1.0248e-08 -2.8e-05 1.0248e-08 1 0.000366 2.8e-05 -0.000366 1 0.000316841 -0.0371155 0.00669685
FixedParameters: 0 0 0

#Transform 28
Transform: AffineTransform_float_3_3
Parameters: 1 -1.144e-09 -8.8e-05 -1.144e-09 1 -1.3e-05 8.8e-05 1.3e-05 1 -0.00735862 0.0148702 -0.0016833
FixedParameters: 0 0 0

#Transform 29
Transform: AffineTransform_float_3_3
Parameters: 1 0.000184017 -0.00010397 -0.000183983 1 0.000164019 0.00010403 -0.000163981 1 -0.00256598 -0.0432907 0.00448139
FixedParameters: 0 0 0

#Transform 30
Transform: AffineTransform_float_3_3
Parameters: 1 0.000131009 -8.49857e-05 -0.000130991 1 0.000109011 8.50143e-05 -0.000108989 1 -0.00167473 0.0175327 0.00279422
FixedParameters: 0 0 0

#Transform 31
Transform: AffineTransform_float_3_3
Parameters: 1 0.000154022 -0.00011397 -0.000153978 1 0.000193018 0.00011403 -0.000192982 1 -0.00174672 -0.0334786 0.00150789
FixedParameters: 0 0 0

#Transform 32
Transform: AffineTransform_float_3_3
Parameters: 1 2.116e-09 -9.2e-05 2.116e-09 1 2.3e-05 9.2e-05 -2.3e-05 1 0.0010674 0.0174619 -0.00016393
FixedParameters: 0 0 0

#Transform 33
Transform: AffineTransform_float_3_3
Parameters: 1 0.000193046 -0.000123929 -0.000192954 1 0.000370024 0.000124071 -0.000369976 1 -0.00250832 -0.0416257 -0.00173858
FixedParameters: 0 0 0

#Transform 34
Transform: AffineTransform_float_3_3
Parameters: 1 0.000197079 -0.000375959 -0.000196921 1 0.000209074 0.000376041 -0.000209926 1 -0.00941455 0.0291706 -0.00421988
FixedParameters: 0 0 0

#Transform 35
Transform: AffineTransform_float_3_3
Parameters: 1 0.000256105 -0.000347923 -0.000255895 1 0.000301089 0.000348077 -0.000300911 1 -0.0119508 -0.0298732 -0.0198204
FixedParameters: 0 0 0

#Transform 36
Transform: AffineTransform_float_3_3
Parameters: 1 0.000201024 -0.000435989 -0.000200976 1 5.60876e-05 0.000436011 -5.59124e-05 1 -0.0111591 0.0190504 -0.0239101
FixedParameters: 0 0 0

#Transform 37
Transform: AffineTransform_float_3_3
Parameters: 1 0.000297079 -0.000349932 -0.00029692 1 0.000227104 0.000350067 -0.000226896 1 -0.0145558 -0.0231776 -0.0240632
FixedParameters: 0 0 0

#Transform 38
Transform: AffineTransform_float_3_3
Parameters: 1 0.00030099 -0.000286011 -0.00030101 1 -3.59139e-05 0.000285989 3.60861e-05 1 -0.0174544 0.00985999 -0.0207103
FixedParameters: 0 0 0

#Transform 39
Transform: AffineTransform_float_3_3
Parameters: 1 0.000298019 -0.000386985 -0.000297981 1 5.01153e-05 0.000387015 -4.98847e-05 1 -0.0127048 -0.0209594 -0.0466968
FixedParameters: 0 0 0

#Transform 40
Transform: AffineTransform_float_3_3
Parameters: 1 0.000285078 -0.000419947 -0.000284921 1 0.00018712 0.000420053 -0.00018688 1 -0.0150375 -0.0122823 -0.0268964
FixedParameters: 0 0 0

#Transform 41
Transform: AffineTransform_float_3_3
Parameters: 1 0.000295994 -0.000446004 -0.000296006 1 -1.3868e-05 0.000445996 1.3132e-05 1 -0.0169405 -0.00991377 -0.0310279
FixedParameters: 0 0 0

#Transform 42
Transform: AffineTransform_float_3_3
Parameters: 1 0.000356031 -0.000462976 -0.000355969 1 6.71648e-05 0.000463024 -6.68351e-05 1 -0.0194875 -0.00696612 -0.0292905
FixedParameters: 0 0 0

#Transform 43
Transform: AffineTransform_float_3_3
Parameters: 1 0.00033003 -0.00049598 -0.00032997 1 6.01637e-05 0.00049602 -5.98363e-05 1 -0.0188539 0.00437836 -0.039592
FixedParameters: 0 0 0

#Transform 44
Transform: AffineTransform_float_3_3
Parameters: 1 0.000384054 -0.000480957 -0.000383946 1 0.000112185 0.000481043 -0.000111815 1 -0.0210349 -0.00959293 -0.0283694
FixedParameters: 0 0 0

#Transform 45
Transform: AffineTransform_float_3_3
Parameters: 1 0.00042997 -0.000550023 -0.000430029 1 -5.37635e-05 0.000549977 5.42365e-05 1 -0.0199234 0.0153146 -0.0317598
FixedParameters: 0 0 0

#Transform 46
Transform: AffineTransform_float_3_3
Parameters: 1 0.000476149 -0.000516862 -0.00047685 1 0.000289246 0.000517138 -0.000288754 1 -0.0242021 -0.0245538 -0.00929998
FixedParameters: 0 0 0

#Transform 47
Transform: AffineTransform_float_3_3
Parameters: 0.999999 0.000463054 -0.000576956 -0.000462946 1 9.42671e-05 0.000577043 -9.37328e-05 1 -0.0247849 0.0182562 -0.0179123
FixedParameters: 0 0 0

#Transform 48
Transform: AffineTransform_float_3_3
Parameters: 0.999999 0.000560188 -0.00070685 -0.000559812 1 0.000266396 0.000706149 -0.000266604 0.999999 -0.0187175 -0.0132214 -0.0184593
FixedParameters: 0 0 0

#Transform 49
Transform: AffineTransform_float_3_3
Parameters: 0.999999 0.000461088 -0.000539924 -0.000460911 1 0.000164249 0.000540075 -0.000163751 1 -0.0187494 0.0266162 -0.02473
FixedParameters: 0 0 0

#Transform 50
Transform: AffineTransform_float_3_3
Parameters: 0.999999 0.000557084 -0.000753937 -0.000557915 1 0.000112421 0.000753062 -0.00011158 0.999999 -0.0261215 -0.011333 -0.00901738
FixedParameters: 0 0 0

#Transform 51
Transform: AffineTransform_float_3_3
Parameters: 0.999999 0.000586022 -0.000716981 -0.000585977 1 3.14201e-05 0.000717018 -3.05798e-05 0.999999 -0.0270493 0.0134753 -0.0136033
FixedParameters: 0 0 0

#Transform 52
Transform: AffineTransform_float_3_3
Parameters: 1 0.00060218 -0.00083287 -0.000601821 1 0.000215501 0.00083313 -0.000215498 0.999999 -0.0308338 0.0142976 -0.00984863
FixedParameters: 0 0 0

#Transform 53
Transform: AffineTransform_float_3_3
Parameters: 0.999999 0.000625102 -0.000768916 -0.000624897 1 0.00013348 0.000769083 -0.000133519 0.999999 -0.0347875 0.0053251 -0.0158125
FixedParameters: 0 0 0

#Transform 54
Transform: AffineTransform_float_3_3
Parameters: 1 0.000651064 -0.000866952 -0.000650937 1 7.35643e-05 0.000867048 -7.34355e-05 0.999999 -0.0351014 -0.0238285 -0.0127406
FixedParameters: 0 0 0

#Transform 55
Transform: AffineTransform_float_3_3
Parameters: 0.999999 0.000620174 -0.000796864 -0.000619826 1 0.000218494 0.000797135 -0.000218506 0.999999 -0.0350932 -0.00358927 -0.0124441
FixedParameters: 0 0 0

#Transform 56
Transform: AffineTransform_float_3_3
Parameters: 1 0.000735127 -0.000896895 -0.000734872 0.999999 0.000142659 0.000897104 -0.000141341 0.999999 -0.0330103 0.00523949 -0.0074159
FixedParameters: 0 0 0

#Transform 57
Transform: AffineTransform_float_3_3
Parameters: 0.999999 0.000620067 -0.000638934 -0.000619932 1 0.000106396 0.000639065 -0.000105604 1 -0.0312174 -0.00935311 -0.011932
FixedParameters: 0 0 0

#Transform 58
Transform: AffineTransform_float_3_3
Parameters: 1 0.000746082 -0.00087293 -0.000745919 0.999999 9.36511e-05 0.00087307 -9.33486e-05 0.999999 -0.0340761 0.00585709 -0.0145444
FixedParameters: 0 0 0

#Transform 59
Transform: AffineTransform_float_3_3
Parameters: 1 0.000833287 -0.000849719 -0.000833713 0.999999 0.000337708 0.000850281 -0.000337291 0.999999 -0.0382526 -0.007125 -0.00737746
FixedParameters: 0 0 0

#Transform 60
Transform: AffineTransform_float_3_3
Parameters: 0.999999 0.000907151 -0.000954856 -0.000906848 0.999999 0.000158866 0.000955143 -0.000158134 0.999999 -0.0391819 0.0201635 -0.0077973
FixedParameters: 0 0 0

#Transform 61
Transform: AffineTransform_float_3_3
Parameters: 0.999999 0.00078606 -0.000955951 -0.00078594 0.999999 6.27513e-05 0.000956049 -6.22485e-05 0.999999 -0.037441 0.00622328 -0.0129876
FixedParameters: 0 0 0

#Transform 62
Transform: AffineTransform_float_3_3
Parameters: 0.999999 0.000797059 -0.000970951 -0.00079694 0.999999 6.17738e-05 0.000971048 -6.0226e-05 0.999999 -0.0387615 0.0150319 -0.0108045
FixedParameters: 0 0 0

#Transform 63
Transform: AffineTransform_float_3_3
Parameters: 1 0.000768993 -0.000850007 -0.000769007 0.999999 -8.34634e-06 0.000849994 8.65364e-06 0.999999 -0.0374475 0.010236 -0.0145078
FixedParameters: 0 0 0

#Transform 64
Transform: AffineTransform_float_3_3
Parameters: 0.999999 0.0008021 -0.00101692 -0.0008019 0.999999 9.88156e-05 0.00101708 -9.81843e-05 1 -0.0360385 0.0129428 -0.0048676
FixedParameters: 0 0 0

#Transform 65
Transform: AffineTransform_float_3_3
Parameters: 0.999999 0.000901978 -0.00094702 -0.000902021 0.999999 -2.21458e-05 0.000946979 2.38542e-05 0.999999 -0.0390063 0.00513524 -0.014687
FixedParameters: 0 0 0

#Transform 66
Transform: AffineTransform_float_3_3
Parameters: 0.999999 0.000890962 -0.00102803 -0.000890037 0.999999 -3.6085e-05 0.00102797 3.69159e-05 1 -0.0376192 0.0112462 -0.0149844
FixedParameters: 0 0 0

#Transform 67
Transform: AffineTransform_float_3_3
Parameters: 0.999999 0.00100713 -0.00102287 -0.00100687 1 0.00013203 0.00102313 -0.00013097 1 -0.0401173 -0.012984 -0.0115728
FixedParameters: 0 0 0

#Transform 68
Transform: AffineTransform_float_3_3
Parameters: 0.999999 0.00100703 -0.00103197 -0.00100697 1 3.20392e-05 0.00103203 -3.09608e-05 1 -0.0399833 0.0111233 0.00631956
FixedParameters: 0 0 0

#Transform 69
Transform: AffineTransform_float_3_3
Parameters: 0.999999 0.00100707 -0.00096893 -0.00100693 0.999999 6.99756e-05 0.00096907 -6.90241e-05 0.999999 -0.0407588 -0.00165851 -0.0128458
FixedParameters: 0 0 0

#Transform 70
Transform: AffineTransform_float_3_3
Parameters: 0.999998 0.00100687 -0.0012291 -0.00100713 1 -0.000101762 0.0012289 0.000103238 0.999999 -0.0375372 0.0333578 -0.0164435
FixedParameters: 0 0 0

#Transform 71
Transform: AffineTransform_float_3_3
Parameters: 0.999999 0.000928157 -0.00102086 -0.000927842 0.999999 0.000154947 0.00102114 -0.000154052 1 -0.0429854 0.00301753 -0.0176966
FixedParameters: 0 0 0

#Transform 72
Transform: AffineTransform_float_3_3
Parameters: 0.999999 0.00100673 -0.00109425 -0.00100728 1 -0.000250898 0.00109375 0.000252102 1 -0.0392087 0.0341029 -0.0193857
FixedParameters: 0 0 0

#Transform 73
Transform: AffineTransform_float_3_3
Parameters: 0.999999 0.000938121 -0.0010979 -0.000938878 0.999999 0.000111031 0.0010981 -0.00010997 1 -0.0452111 0.0132247 -0.0175457
FixedParameters: 0 0 0

#Transform 74
Transform: AffineTransform_float_3_3
Parameters: 0.999999 0.00100672 -0.00110125 -0.00100728 0.999999 -0.000250891 0.00110075 0.000252108 1 -0.039092 0.0302091 -0.0193325
FixedParameters: 0 0 0

#Transform 75
Transform: AffineTransform_float_3_3
Parameters: 0.999998 0.00100713 -0.0012359 -0.00100688 1 0.000101245 0.0012351 -0.000100756 0.999999 -0.0445764 0.00511449 -0.0193641
FixedParameters: 0 0 0

#Transform 76
Transform: AffineTransform_float_3_3
Parameters: 0.999999 0.000911723 -0.00109823 -0.000912276 0.999999 -0.000250998 0.00109777 0.000252001 1 -0.0371909 0.0416988 -0.0366043
FixedParameters: 0 0 0

#Transform 77
Transform: AffineTransform_float_3_3
Parameters: 0.999999 0.000870092 -0.000977918 -0.000869907 0.999999 9.48507e-05 0.000978082 -9.4149e-05 0.999999 -0.0379312 0.00388328 -0.0233351
FixedParameters: 0 0 0

#Transform 78
Transform: AffineTransform_float_3_3
Parameters: 0.999999 0.000773749 -0.000999194 -0.000774251 0.999999 -0.000251226 0.000998805 0.000251773 0.999999 -0.0356511 0.038134 -0.0369424
FixedParameters: 0 0 0

#Transform 79
Transform: AffineTransform_float_3_3
Parameters: 1 0.000808946 -0.000823052 -0.000809053 0.999999 -6.43341e-05 0.000822947 6.56657e-05 0.999999 -0.0385447 -0.00468824 -0.0345772
FixedParameters: 0 0 0

#Transform 80
Transform: AffineTransform_float_3_3
Parameters: 0.999999 0.000814749 -0.00100221 -0.000815253 1 -0.000251183 0.0010018 0.000251817 1 -0.036381 0.0363651 -0.0322057
FixedParameters: 0 0 0

#Transform 81
Transform: AffineTransform_float_3_3
Parameters: 1 0.000839054 -0.000835946 -0.000838946 0.999999 6.47013e-05 0.000836054 -6.42985e-05 0.999999 -0.0389769 0.0062832 -0.0433288
FixedParameters: 0 0 0

#Transform 82
Transform: AffineTransform_float_3_3
Parameters: 1 0.000819903 -0.000881091 -0.000820097 0.999999 -0.000110277 0.000880909 0.000110722 0.999999 -0.0415652 0.0493087 -0.0438119
FixedParameters: 0 0 0

#Transform 83
Transform: AffineTransform_float_3_3
Parameters: 1 0.00062188 -0.000953078 -0.00062212 1 -0.000125407 0.000952921 0.000126593 0.999999 -0.0331455 -0.00765313 -0.0489502
FixedParameters: 0 0 0

#Transform 84
Transform: AffineTransform_float_3_3
Parameters: 0.999999 0.00100677 -0.000924253 -0.00100723 1 -0.000251069 0.000923746 0.00025193 0.999999 -0.0413139 0.0501492 -0.0439194
FixedParameters: 0 0 0

#Transform 85
Transform: AffineTransform_float_3_3
Parameters: 0.999999 0.00100678 -0.000859253 -0.00100722 1 -0.000251135 0.000858747 0.000251865 0.999999 -0.0421791 -0.00950364 -0.0413717
FixedParameters: 0 0 0

#Transform 86
Transform: AffineTransform_float_3_3
Parameters: 0.999999 0.00086575 -0.000994218 -0.00086625 0.999999 -0.000251139 0.000993783 0.000251861 1 -0.0375611 0.047899 -0.0488026
FixedParameters: 0 0 0

#Transform 87
Transform: AffineTransform_float_3_3
Parameters: 0.999999 0.000877242 -0.0010638 -0.000876758 0.999999 0.000227933 0.0010642 -0.000227067 1 -0.0402879 0.00700012 -0.0296102
FixedParameters: 0 0 0

#Transform 88
Transform: AffineTransform_float_3_3
Parameters: 0.999999 0.00100681 -0.000929209 -0.00100719 1 -0.000207064 0.000929791 0.000207936 0.999999 -0.0411933 0.0542162 -0.0517872
FixedParameters: 0 0 0

#Transform 89
Transform: AffineTransform_float_3_3
Parameters: 0.999999 0.000928919 -0.000960079 -0.000928081 0.999999 -8.41091e-05 0.000959922 8.48918e-05 1 -0.0392535 -0.0073621 -0.0479813
FixedParameters: 0 0 0

#Transform 90
Transform: AffineTransform_float_3_3
Parameters: 0.999999 0.000888812 -0.00100317 -0.000888187 0.999999 -0.000186109 0.00100283 0.000187891 0.999999 -0.0378472 0.049539 -0.0480484
FixedParameters: 0 0 0

#Transform 91
Transform: AffineTransform_float_3_3
Parameters: 0.999999 0.000916043 -0.00100996 -0.000915959 1 4.19251e-05 0.00101004 -4.10748e-05 0.999999 -0.0384657 0.00623016 -0.0333397
FixedParameters: 0 0 0

#Transform 92
Transform: AffineTransform_float_3_3
Parameters: 0.999999 0.00100689 -0.00099311 -0.00100711 1 -0.000109 0.000992889 0.00011 0.999999 -0.0404317 0.0365095 -0.0455281
FixedParameters: 0 0 0

#Transform 93
Transform: AffineTransform_float_3_3
Parameters: 0.999999 0.0010068 -0.00103019 -0.0010072 0.999999 -0.000190963 0.00102981 0.000192037 1 -0.0475838 0.0317226 -0.0260704
FixedParameters: 0 0 0

#Transform 94
Transform: AffineTransform_float_3_3
Parameters: 0.999999 0.000951 -0.000994999 -0.000950999 0.999999 9.46244e-07 0.000995 -5.3754e-08 0.999999 -0.0393574 0.00393072 -0.0412668
FixedParameters: 0 0 0

#Transform 95
Transform: AffineTransform_float_3_3
Parameters: 0.999999 0.00100688 -0.00100612 -0.00100712 1 -0.000114987 0.00100588 0.000116013 0.999999 -0.0464002 0.0335126 -0.0372542
FixedParameters: 0 0 0

#Transform 96
Transform: AffineTransform_float_3_3
Parameters: 0.999999 0.00100681 -0.000944205 -0.00100719 1 -0.000203049 0.000943795 0.00020395 0.999999 -0.0410788 0.00661224 -0.0399992
FixedParameters: 0 0 0

#Transform 97
Transform: AffineTransform_float_3_3
Parameters: 0.999999 0.00100697 -0.000927032 -0.00100703 0.999999 -3.20664e-05 0.000926967 3.29334e-05 0.999999 -0.0412783 0.0335845 -0.0415694
FixedParameters: 0 0 0

#Transform 98
Transform: AffineTransform_float_3_3
Parameters: 0.999999 0.00095488 -0.000821139 -0.000955119 0.999999 -0.000145216 0.00082086 0.000146784 0.999999 -0.0415832 0.00578439 -0.0548339
FixedParameters: 0 0 0

#Transform 99
Transform: AffineTransform_float_3_3
Parameters: 0.999999 0.000950891 -0.000809128 -0.000951109 0.999999 -0.00013423 0.000808872 0.000134769 0.999999 -0.0416275 0.0281203 -0.038625
FixedParameters: 0 0 0

#Transform 100
Transform: AffineTransform_float_3_3
Parameters: 0.999999 0.00100707 -0.000728909 -0.00100693 1 9.07341e-05 0.000728091 -9.02669e-05 0.999999 -0.0437887 0.00291897 -0.0503652
FixedParameters: 0 0 0

#Transform 101
Transform: AffineTransform_float_3_3
Parameters: 0.999999 0.00100701 -0.000827992 -0.00100699 1 7.83379e-06 0.000828007 -7.1662e-06 0.999999 -0.0424976 0.0118581 -0.0542634
FixedParameters: 0 0 0

#Transform 102
Transform: AffineTransform_float_3_3
Parameters: 0.999999 0.00100709 -0.000892903 -0.00100691 1 9.68992e-05 0.000893097 -9.61007e-05 0.999999 -0.0438097 0.024286 -0.0708379
FixedParameters: 0 0 0

#Transform 103
Transform: AffineTransform_float_3_3
Parameters: 0.999999 0.00100704 -0.000940954 -0.00100696 0.999999 4.59475e-05 0.000941045 -4.50523e-05 0.999999 -0.0410929 0.0137089 -0.0593999
FixedParameters: 0 0 0

#Transform 104
Transform: AffineTransform_float_3_3
Parameters: 0.999999 0.00100704 -0.00088895 -0.00100696 0.999999 4.98951e-05 0.00088905 -4.91047e-05 0.999999 -0.0417062 0.0479303 -0.0563167
FixedParameters: 0 0 0

#Transform 105
Transform: AffineTransform_float_3_3
Parameters: 0.999999 0.00100695 -0.000880054 -0.00100705 1 -5.31138e-05 0.000879946 5.38861e-05 0.999999 -0.0443371 0.0257469 -0.0460466
FixedParameters: 0 0 0

#Transform 106
Transform: AffineTransform_float_3_3
Parameters: 0.999999 0.00100679 -0.000941222 -0.00100721 1 -0.000220052 0.000940778 0.000220947 0.999999 -0.0411209 0.0241031 -0.056803
FixedParameters: 0 0 0

#Transform 107
Transform: AffineTransform_float_3_3
Parameters: 0.999999 0.00094769 -0.000960307 -0.000948311 1 -0.00032309 0.000959694 0.00032391 1 -0.0397278 0.0303399 -0.0603472
FixedParameters: 0 0 0

#Transform 108
Transform: AffineTransform_float_3_3
Parameters: 0.999999 0.000948001 -0.000920998 -0.000947998 0.999999 1.87311e-06 0.000921001 -1.12689e-06 0.999999 -0.0401987 -0.0137056 -0.047146
FixedParameters: 0 0 0

#Transform 109
Transform: AffineTransform_float_3_3
Parameters: 0.999999 0.00100674 -0.000900287 -0.00100726 1 -0.000285093 0.000899712 0.000285906 0.999999 -0.0415495 0.0659304 -0.0532662
FixedParameters: 0 0 0

#Transform 110
Transform: AffineTransform_float_3_3
Parameters: 0.999999 0.00100679 -0.000947219 -0.00100721 1 -0.000217046 0.000946781 0.000217953 0.999999 -0.0437841 0.00157422 -0.0477428
FixedParameters: 0 0 0

#Transform 111
Transform: AffineTransform_float_3_3
Parameters: 0.999999 0.00100686 -0.000788186 -0.00100715 1 -0.000184206 0.000787814 0.000184793 0.999999 -0.0430134 0.0366941 -0.0541307
FixedParameters: 0 0 0

#Transform 112
Transform: AffineTransform_float_3_3
Parameters: 0.999999 0.00100689 -0.000928121 -0.00100711 1 -0.000120065 0.000927878 0.000120934 0.999999 -0.0443588 0.0278847 -0.0463155
FixedParameters: 0 0 0

#Transform 113
Transform: AffineTransform_float_3_3
Parameters: 1 0.000936757 -0.00078529 -0.000937243 0.999999 -0.000309264 0.00078471 0.000309735 0.999999 -0.041594 0.0428554 -0.056627
FixedParameters: 0 0 0

#Transform 114
Transform: AffineTransform_float_3_3
Parameters: 0.999999 0.00100685 -0.000851179 -0.00100715 1 -0.000177143 0.000851821 0.000177858 0.999999 -0.0421825 0.0386434 -0.0540012
FixedParameters: 0 0 0

#Transform 115
Transform: AffineTransform_float_3_3
Parameters: 0.999999 0.00100679 -0.000793268 -0.00100721 1 -0.000266201 0.000793732 0.000266799 0.999999 -0.0429094 0.0261644 -0.0633746
FixedParameters: 0 0 0

#Transform 116
Transform: AffineTransform_float_3_3
Parameters: 0.999999 0.00100675 -0.000777328 -0.00100725 1 -0.000325217 0.000777672 0.000325783 0.999999 -0.04308 0.0711163 -0.0618409
FixedParameters: 0 0 0

#Transform 117
Transform: AffineTransform_float_3_3
Parameters: 0.999999 0.00100686 -0.000892154 -0.00100714 1 -0.000153102 0.000891845 0.000153898 0.999999 -0.0416977 0.00287716 -0.0701112
FixedParameters: 0 0 0

#Transform 118
Transform: AffineTransform_float_3_3
Parameters: 0.999999 0.00100685 -0.000952154 -0.00100715 1 -0.000153041 0.000952845 0.00015396 0.999999 -0.0409033 0.0543059 -0.0535254
FixedParameters: 0 0 0

#Transform 119
Transform: AffineTransform_float_3_3
Parameters: 0.999999 0.00100708 -0.000795903 -0.00100692 1 9.68015e-05 0.000796097 -9.61984e-05 0.999999 -0.0429067 0.00192486 -0.0628648
FixedParameters: 0 0 0

#Transform 120
Transform: AffineTransform_float_3_3
Parameters: 0.999999 0.0010068 -0.000936214 -0.0010072 0.999999 -0.000212057 0.000935786 0.000212942 0.999999 -0.045659 0.0714457 -0.067988
FixedParameters: 0 0 0

#Transform 121
Transform: AffineTransform_float_3_3
Parameters: 0.999999 0.00107786 -0.000943165 -0.00107815 1 -0.000152983 0.000942834 0.000154016 0.999999 -0.0424994 0.0157967 -0.0675516
FixedParameters: 0 0 0

#Transform 122
Transform: AffineTransform_float_3_3
Parameters: 0.999999 0.00100693 -0.000956076 -0.00100707 0.999999 -7.50372e-05 0.000955924 7.59625e-05 0.999999 -0.0408464 0.0550492 -0.0742728
FixedParameters: 0 0 0

#Transform 123
Transform: AffineTransform_float_3_3
Parameters: 0.999999 0.00106785 -0.000957164 -0.00106815 1 -0.000152978 0.000956837 0.000154022 1 -0.0420918 0.0336809 -0.0734212
FixedParameters: 0 0 0

#Transform 124
Transform: AffineTransform_float_3_3
Parameters: 0.999999 0.000933856 -0.000939143 -0.000934144 0.999999 -0.000153123 0.000938856 0.000153877 0.999999 -0.043179 0.03214 -0.075852
FixedParameters: 0 0 0

#Transform 125
Transform: AffineTransform_float_3_3
Parameters: 0.999999 0.00100686 -0.000918154 -0.00100714 1 -0.000153075 0.000918845 0.000153925 0.999999 -0.0413334 0.0462937 -0.0758907
FixedParameters: 0 0 0

#Transform 126
Transform: AffineTransform_float_3_3
Parameters: 0.999999 0.00110505 -0.000825932 -0.00110495 1 6.19127e-05 0.000826068 -6.10872e-05 0.999999 -0.0444852 0.000903351 -0.0714671
FixedParameters: 0 0 0

#Transform 127
Transform: AffineTransform_float_3_3
Parameters: 0.999999 0.00110278 -0.000867277 -0.00110222 1 -0.000251044 0.000867723 0.000251957 0.999999 -0.0438337 0.0553166 -0.0777957
FixedParameters: 0 0 0

#Transform 128
Transform: AffineTransform_float_3_3
Parameters: 0.999999 0.00112706 -0.000892926 -0.00112694 1 6.60063e-05 0.000893073 -6.49935e-05 0.999999 -0.044094 -0.00539657 -0.0623002
FixedParameters: 0 0 0

#Transform 129
Transform: AffineTransform_float_3_3
Parameters: 0.999999 0.00100689 -0.000743155 -0.00100711 0.999999 -0.000153252 0.000742845 0.000153748 0.999999 -0.0434938 0.0638822 -0.0757673
FixedParameters: 0 0 0

#Transform 130
Transform: AffineTransform_float_3_3
Parameters: 1 0.00100701 -0.000686988 -0.00100699 1 1.26918e-05 0.000687013 -1.23082e-05 1 -0.0442771 -0.0046957 -0.0873787
FixedParameters: 0 0 0

#Transform 131
Transform: AffineTransform_float_3_3
Parameters: 0.999999 0.00100672 -0.00117324 -0.00100728 1 -0.000239819 0.00117276 0.000241181 1 -0.0381428 0.052008 -0.0775303
FixedParameters: 0 0 0

#Transform 132
Transform: AffineTransform_float_3_3
Parameters: 0.999999 0.00100719 -0.000928799 -0.00100682 1 0.000199935 0.000928201 -0.000199065 0.999999 -0.0412813 0.00702159 -0.0685433
FixedParameters: 0 0 0

#Transform 133
Transform: AffineTransform_float_3_3
Parameters: 0.999999 0.00100686 -0.000909154 -0.00100714 0.999999 -0.000153084 0.000908845 0.000153915 0.999999 -0.041463 0.0742892 -0.0758623
FixedParameters: 0 0 0

#Transform 134
Transform: AffineTransform_float_3_3
Parameters: 0.999999 0.00100698 -0.000957026 -0.00100703 1 -2.60363e-05 0.000956973 2.69637e-05 0.999999 -0.0408796 0.0112876 -0.0731711
FixedParameters: 0 0 0

#Transform 135
Transform: AffineTransform_float_3_3
Parameters: 0.999999 0.00100695 -0.000819059 -0.00100705 1 -5.81752e-05 0.000818941 5.88247e-05 0.999999 -0.0425766 0.0630599 -0.073856
FixedParameters: 0 0 0

#Transform 136
Transform: AffineTransform_float_3_3
Parameters: 0.999999 0.00107486 -0.000906165 -0.00107514 1 -0.000153026 0.000905835 0.000153974 0.999999 -0.042977 0.00355804 -0.0685912
FixedParameters: 0 0 0

#Transform 137
Transform: AffineTransform_float_3_3
Parameters: 0.999999 0.00100687 -0.000867154 -0.00100713 1 -0.000153127 0.000866845 0.000153873 0.999999 -0.0419798 0.0449844 -0.0757855
FixedParameters: 0 0 0

#Transform 138
Transform: AffineTransform_float_3_3
Parameters: 0.999999 0.00094485 -0.000974146 -0.000944149 0.999999 -0.00015308 0.000974856 0.000153921 1 -0.0393299 0.0364836 -0.0758557
FixedParameters: 0 0 0

#Transform 139
Transform: AffineTransform_float_3_3
Parameters: 0.999999 0.00100704 -0.000803949 -0.00100696 1 5.08096e-05 0.000804051 -5.01903e-05 0.999999 -0.0427819 0.0217914 -0.0715909
FixedParameters: 0 0 0

#Transform 140
Transform: AffineTransform_float_3_3
Parameters: 0.999999 0.00095285 -0.000984147 -0.000953152 1 -0.000153062 0.000983854 0.000153938 1 -0.0394468 0.0695831 -0.0757506
FixedParameters: 0 0 0

#Transform 141
Transform: AffineTransform_float_3_3
Parameters: 0.999999 0.00100715 -0.00105185 -0.00100684 0.999999 0.000148059 0.00105215 -0.00014694 1 -0.0396815 0.0312997 -0.0696654
FixedParameters: 0 0 0

#Transform 142
Transform: AffineTransform_float_3_3
Parameters: 0.999999 0.00100686 -0.000929154 -0.00100714 1 -0.000153064 0.000928845 0.000153935 0.999999 -0.041179 0.0857453 -0.0803627
FixedParameters: 0 0 0

#Transform 143
Transform: AffineTransform_float_3_3
Parameters: 0.999999 0.00100686 -0.000930154 -0.00100714 1 -0.000153063 0.000929845 0.000153936 0.999999 -0.0412709 0.00181162 -0.0758771
FixedParameters: 0 0 0

#Transform 144
Transform: AffineTransform_float_3_3
Parameters: 0.999999 0.00100687 -0.000855154 -0.00100713 1 -0.000153139 0.000854845 0.000153861 0.999999 -0.0421147 0.0632965 -0.0758127
FixedParameters: 0 0 0

#Transform 145
Transform: AffineTransform_float_3_3
Parameters: 0.999999 0.000837061 -0.000944946 -0.000836939 0.999999 6.47909e-05 0.000945054 -6.42089e-05 0.999999 -0.0375605 0.0212404 -0.0714873
FixedParameters: 0 0 0

#Transform 146
Transform: AffineTransform_float_3_3
Parameters: 0.999999 0.00100687 -0.000864154 -0.00100713 0.999999 -0.00015313 0.000863845 0.00015387 0.999999 -0.04198 0.0552977 -0.0757736
FixedParameters: 0 0 0

#Transform 147
Transform: AffineTransform_float_3_3
Parameters: 0.999999 0.00100703 -0.000933972 -0.00100697 1 2.79405e-05 0.000934027 -2.70594e-05 0.999999 -0.0411978 0.0243178 -0.0608365
FixedParameters: 0 0 0

#Transform 148
Transform: AffineTransform_float_3_3
Parameters: 0.999999 0.00100681 -0.000805244 -0.0010072 1 -0.000242189 0.000804756 0.00024281 0.999999 -0.0427622 0.0480444 -0.0696126
FixedParameters: 0 0 0

#Transform 149
Transform: AffineTransform_float_3_3
Parameters: 0.999999 0.00100686 -0.000927154 -0.00100714 1 -0.000153066 0.000926845 0.000153933 0.999999 -0.0412422 0.0265713 -0.054687
FixedParameters: 0 0 0

#Transform 150
Transform: AffineTransform_float_3_3
Parameters: 0.999999 0.00110486 -0.000914169 -0.00110514 1 -0.00015299 0.00091383 0.00015401 0.999999 -0.0434553 0.0265479 -0.0528765
FixedParameters: 0 0 0

#Transform 151
Transform: AffineTransform_float_3_3
Parameters: 0.999999 0.00100677 -0.000833273 -0.00100723 1 -0.000271161 0.000832726 0.000271839 0.999999 -0.0424241 0.047153 -0.0552439
FixedParameters: 0 0 0

#Transform 152
Transform: AffineTransform_float_3_3
Parameters: 0.999998 0.00109301 -0.00117899 -0.00109299 1 8.28864e-06 0.00117901 -6.71135e-06 1 -0.03986 0.00287669 -0.0495557
FixedParameters: 0 0 0

#Transform 153
Transform: AffineTransform_float_3_3
Parameters: 0.999999 0.00100678 -0.00105521 -0.00100722 0.999999 -0.000204937 0.00105579 0.000206063 1 -0.0479063 0.069229 -0.0539575
FixedParameters: 0 0 0

#Transform 154
Transform: AffineTransform_float_3_3
Parameters: 0.999999 0.00115703 -0.00102096 -0.00115697 1 3.21813e-05 0.00102104 -3.08187e-05 0.999999 -0.0431381 0.0237041 -0.0574116
FixedParameters: 0 0 0

#Transform 155
Transform: AffineTransform_float_3_3
Parameters: 0.999998 0.00108682 -0.00115317 -0.00108718 1 -0.000152747 0.00115283 0.000154253 1 -0.0477893 0.0790604 -0.0618468
FixedParameters: 0 0 0

#Transform 156
Transform: AffineTransform_float_3_3
Parameters: 0.999998 0.00116705 -0.00112695 -0.00116695 1 4.73152e-05 0.00112706 -4.66848e-05 1 -0.0529388 0.0244277 -0.0448193
FixedParameters: 0 0 0

#Transform 157
Transform: AffineTransform_float_3_3
Parameters: 0.999999 0.0010069 -0.00112409 -0.0010071 0.999999 -8.9868e-05 0.00112391 9.11318e-05 1 -0.0496638 0.0673959 -0.0515907
FixedParameters: 0 0 0

#Transform 158
Transform: AffineTransform_float_3_3
Parameters: 0.999998 0.0011268 -0.00128317 -0.0011272 1 -0.000152554 0.00128383 0.000154447 0.999999 -0.0502758 0.0301959 -0.0529286
FixedParameters: 0 0 0

#Transform 159
Transform: AffineTransform_float_3_3
Parameters: 0.999998 0.00100668 -0.00124625 -0.00100732 1 -0.000252745 0.00124674 0.000254256 0.999999 -0.0371989 0.0602583 -0.0738717
FixedParameters: 0 0 0

#Transform 160
Transform: AffineTransform_float_3_3
Parameters: 0.999998 0.00122681 -0.00121319 -0.00122719 0.999999 -0.000152511 0.00121281 0.000154488 1 -0.044322 0.0114648 -0.0598716
FixedParameters: 0 0 0

#Transform 161
Transform: AffineTransform_float_3_3
Parameters: 0.999998 0.00100681 -0.00122315 -0.00100719 1 -0.000152768 0.00122285 0.000154231 0.999999 -0.0376128 0.0329354 -0.0529244
FixedParameters: 0 0 0

#Transform 162
Transform: AffineTransform_float_3_3
Parameters: 0.999999 0.00123994 -0.00129406 -0.00124007 0.999999 -4.93954e-05 0.00129494 5.06057e-05 0.999999 -0.0505683 0.0298357 -0.0567523
FixedParameters: 0 0 0

#Transform 163
Transform: AffineTransform_float_3_3
Parameters: 0.999998 0.00121681 -0.00121619 -0.00121719 0.999999 -0.00015252 0.00121581 0.00015448 0.999999 -0.0419243 0.0245553 -0.06421
FixedParameters: 0 0 0

#Transform 164
Transform: AffineTransform_float_3_3
Parameters: 0.999998 0.00100663 -0.00129428 -0.00100737 1 -0.000281697 0.00129472 0.000283304 0.999999 -0.0366152 0.0681799 -0.0641259
FixedParameters: 0 0 0

#Transform 165
Transform: AffineTransform_float_3_3
Parameters: 0.999998 0.00123295 -0.00121805 -0.00123305 0.999999 -4.04982e-05 0.00121795 4.15018e-05 1 -0.0422275 0.0154286 -0.05071
FixedParameters: 0 0 0

#Transform 166
Transform: AffineTransform_float_3_3
Parameters: 0.999998 0.00118868 -0.00123731 -0.00118832 1 -0.00025753 0.00123669 0.000258471 0.999999 -0.0410167 0.072731 -0.0550444
FixedParameters: 0 0 0

#Transform 167
Transform: AffineTransform_float_3_3
Parameters: 0.999998 0.00119381 -0.00124618 -0.00119419 1 -0.000152512 0.00124582 0.000154488 0.999999 -0.0480719 0.0297802 -0.0528305
FixedParameters: 0 0 0

#Transform 168
Transform: AffineTransform_float_3_3
Parameters: 0.999999 0.00124765 -0.00128634 -0.00124735 0.999999 -0.000271396 0.00128566 0.000272605 0.999999 -0.041705 0.0922466 -0.0553454
FixedParameters: 0 0 0

#Transform 169
Transform: AffineTransform_float_3_3
Parameters: 0.999999 0.00118579 -0.00135218 -0.00118621 1 -0.000152396 0.00135182 0.000153603 0.999999 -0.0463303 0.0302844 -0.0508512
FixedParameters: 0 0 0

#Transform 170
Transform: AffineTransform_float_3_3
Parameters: 0.999999 0.0010066 -0.00119034 -0.0010074 1 -0.000338801 0.00119066 0.000340199 0.999999 -0.0420703 0.0858616 -0.0629684
FixedParameters: 0 0 0

#Transform 171
Transform: AffineTransform_float_3_3
Parameters: 0.999998 0.0010068 -0.00129815 -0.0010072 1 -0.000152693 0.00129784 0.000154307 0.999999 -0.0366445 0.0252108 -0.0615467
FixedParameters: 0 0 0

#Transform 172
Transform: AffineTransform_float_3_3
Parameters: 0.999998 0.00117735 -0.00115666 -0.00117765 0.999999 -0.000558639 0.00115534 0.000560361 0.999999 -0.0476142 0.0574029 -0.0611632
FixedParameters: 0 0 0

#Transform 173
Transform: AffineTransform_float_3_3
Parameters: 0.999998 0.00121981 -0.00121619 -0.00122019 0.999999 -0.000152516 0.00121681 0.000154485 0.999999 -0.0490436 0.0184885 -0.052903
FixedParameters: 0 0 0

#Transform 174
Transform: AffineTransform_float_3_3
Parameters: 0.999999 0.00100683 -0.00107915 -0.00100717 1 -0.000152913 0.00107885 0.000154087 1 -0.0393239 0.0760605 -0.0681174
FixedParameters: 0 0 0

#Transform 175
Transform: AffineTransform_float_3_3
Parameters: 0.999999 0.00100703 -0.00111797 -0.00100697 0.999999 2.81258e-05 0.00111803 -2.78741e-05 1 -0.0490677 -0.00418982 -0.0597846
FixedParameters: 0 0 0

#Transform 176
Transform: AffineTransform_float_3_3
Parameters: 0.999998 0.00120581 -0.00122718 -0.00120619 1 -0.00015252 0.00122781 0.000154481 0.999999 -0.0414935 0.0781401 -0.0638893
FixedParameters: 0 0 0

#Transform 177
Transform: AffineTransform_float_3_3
Parameters: 0.999998 0.00100699 -0.00132101 -0.00100701 1 -5.66975e-06 0.00132099 7.33024e-06 0.999999 -0.0416911 0.0174911 -0.0604765
FixedParameters: 0 0 0

#Transform 178
Transform: AffineTransform_float_3_3
Parameters: 0.999998 0.00100653 -0.00133235 -0.00100747 1 -0.000351658 0.00133265 0.000352342 0.999999 -0.0491025 0.0958816 -0.0570322
FixedParameters: 0 0 0

#Transform 179
Transform: AffineTransform_float_3_3
Parameters: 0.999999 0.00123498 -0.00139402 -0.00123502 0.999999 -1.42784e-05 0.00139398 1.57216e-05 0.999999 -0.0565651 0.0299563 -0.0501491
FixedParameters: 0 0 0

#Transform 180
Transform: AffineTransform_float_3_3
Parameters: 0.999998 0.00100681 -0.00125815 -0.00100719 1 -0.000152733 0.00125785 0.000154267 0.999999 -0.0514136 0.106348 -0.0528522
FixedParameters: 0 0 0

#Transform 181
Transform: AffineTransform_float_3_3
Parameters: 0.999999 0.00132282 -0.0011772 -0.00132318 0.999999 -0.000152443 0.0011768 0.000153557 1 -0.0535946 0.0324508 -0.0529366
FixedParameters: 0 0 0

#Transform 182
Transform: AffineTransform_float_3_3
Parameters: 0.999999 0.0011367 -0.00140724 -0.0011363 1 -0.000212401 0.00140776 0.000213601 0.999999 -0.0378845 0.0922304 -0.0541909
FixedParameters: 0 0 0

#Transform 183
Transform: AffineTransform_float_3_3
Parameters: 0.999998 0.00136096 -0.00137804 -0.00136104 0.999999 -2.81245e-05 0.00137796 2.98754e-05 0.999999 -0.0559263 0.0373537 -0.0305463
FixedParameters: 0 0 0

#Transform 184
Transform: AffineTransform_float_3_3
Parameters: 0.999998 0.00135078 -0.00141021 -0.00135022 0.999999 -0.000152096 0.00141079 0.000153906 0.999999 -0.0544761 0.0660979 -0.0408584
FixedParameters: 0 0 0

#Transform 185
Transform: AffineTransform_float_3_3
Parameters: 0.999998 0.00131579 -0.0014062 -0.00131622 0.999999 -0.000152149 0.0014058 0.00015385 0.999999 -0.0558872 0.0579673 -0.0365025
FixedParameters: 0 0 0

#Transform 186
Transform: AffineTransform_float_3_3
Parameters: 0.999999 0.0012518 -0.00134519 -0.00125221 0.999999 -0.000152316 0.00134581 0.000153685 0.999999 -0.0516548 0.0496165 -0.0331748
FixedParameters: 0 0 0

#Transform 187
Transform: AffineTransform_float_3_3
Parameters: 0.999998 0.00126479 -0.00138019 -0.00126421 0.999999 -0.000152255 0.00137981 0.000153745 0.999999 -0.055786 0.077197 -0.0331301
FixedParameters: 0 0 0

#Transform 188
Transform: AffineTransform_float_3_3
Parameters: 0.999998 0.00129178 -0.0014612 -0.00129222 0.999999 -0.000152112 0.0014618 0.000153889 0.999999 -0.0622479 0.019478 -0.0497151
FixedParameters: 0 0 0

#Transform 189
Transform: AffineTransform_float_3_3
Parameters: 0.999999 0.0012717 -0.00123831 -0.0012723 0.999999 -0.000241425 0.00123769 0.000243574 0.999999 -0.0580226 0.0813916 -0.0507507
FixedParameters: 0 0 0

#Transform 190
Transform: AffineTransform_float_3_3
Parameters: 0.999998 0.00141288 -0.00140912 -0.00141212 0.999999 -8.70103e-05 0.00140888 8.89907e-05 0.999999 -0.0533361 0.0369397 -0.0318482
FixedParameters: 0 0 0

#Transform 191
Transform: AffineTransform_float_3_3
Parameters: 0.999999 0.00135871 -0.00127931 -0.00135829 0.999999 -0.000224263 0.0012787 0.000225738 0.999999 -0.0559686 0.0894226 -0.0345544
FixedParameters: 0 0 0

#Transform 192
Transform: AffineTransform_float_3_3
Parameters: 0.999998 0.00132214 -0.00142087 -0.00132186 0.999999 9.88784e-05 0.00142113 -9.71213e-05 0.999999 -0.0579431 0.0260528 -0.0280665
FixedParameters: 0 0 0

#Transform 193
Transform: AffineTransform_float_3_3
Parameters: 0.999998 0.00137358 -0.00151238 -0.00137342 0.999999 -0.000277923 0.00151262 0.000280078 0.999999 -0.0577074 0.0912451 -0.053164
FixedParameters: 0 0 0

#Transform 194
Transform: AffineTransform_float_3_3
Parameters: 0.999998 0.00132403 -0.00141998 -0.00132397 0.999999 1.988e-05 0.00142002 -1.71199e-05 0.999999 -0.0583198 0.0263584 -0.0383103
FixedParameters: 0 0 0

#Transform 195
Transform: AffineTransform_float_3_3
Parameters: 0.999998 0.00137559 -0.00146139 -0.00137541 0.999999 -0.000282991 0.00146061 0.00028501 0.999999 -0.0569792 0.101445 -0.0480999
FixedParameters: 0 0 0

#Transform 196
Transform: AffineTransform_float_3_3
Parameters: 0.999998 0.00128402 -0.00141298 -0.00128398 0.999999 1.38143e-05 0.00141302 -1.21857e-05 0.999999 -0.056836 0.0347237 -0.0464552
FixedParameters: 0 0 0

#Transform 197
Transform: AffineTransform_float_3_3
Parameters: 0.999998 0.00134658 -0.00151437 -0.00134742 0.999999 -0.00027596 0.00151463 0.00027804 0.999999 -0.0526362 0.0887686 -0.0473893
FixedParameters: 0 0 0

#Transform 198
Transform: AffineTransform_float_3_3
Parameters: 0.999998 0.00147499 -0.00146401 -0.00147501 0.999999 -5.84058e-06 0.00146399 8.15939e-06 0.999999 -0.0617705 0.0447413 -0.0442402
FixedParameters: 0 0 0

#Transform 199
Transform: AffineTransform_float_3_3
Parameters: 0.999998 0.00141757 -0.00142143 -0.00141743 0.999999 -0.000301986 0.00142057 0.000303014 0.999999 -0.0593067 0.101221 -0.0447333
FixedParameters: 0 0 0

#Transform 200
Transform: AffineTransform_float_3_3
Parameters: 0.999998 0.00134779 -0.00135321 -0.00134821 0.999999 -0.000152176 0.00135279 0.000153824 0.999999 -0.0558345 0.0498857 -0.0331235
FixedParameters: 0 0 0

#Transform 201
Transform: AffineTransform_float_3_3
Parameters: 0.999999 0.00133663 -0.00129539 -0.00133637 0.999999 -0.000287269 0.00129562 0.000288732 0.999999 -0.0573154 0.107608 -0.0358805
FixedParameters: 0 0 0

#Transform 202
Transform: AffineTransform_float_3_3
Parameters: 0.999998 0.0013548 -0.00131521 -0.0013552 0.999999 -0.000152218 0.00131479 0.000153782 0.999999 -0.0559793 0.0371564 -0.023321
FixedParameters: 0 0 0

#Transform 203
Transform: AffineTransform_float_3_3
Parameters: 0.999998 0.00141954 -0.00143046 -0.00141946 0.999999 -0.00032197 0.00142954 0.00032403 0.999999 -0.0559712 0.101885 -0.0283987
FixedParameters: 0 0 0

#Transform 204
Transform: AffineTransform_float_3_3
Parameters: 0.999998 0.00141378 -0.00140822 -0.00141422 0.999999 -0.000152009 0.00140878 0.000153992 0.999999 -0.0588862 0.0282384 -0.0236365
FixedParameters: 0 0 0

#Transform 205
Transform: AffineTransform_float_3_3
Parameters: 0.999999 0.00128761 -0.00123641 -0.0012874 0.999999 -0.000319409 0.00123559 0.000320592 0.999999 -0.0570958 0.0944702 -0.0288088
FixedParameters: 0 0 0

#Transform 206
Transform: AffineTransform_float_3_3
Parameters: 0.999998 0.00140971 -0.0013713 -0.00141029 0.999999 -0.000209066 0.0013707 0.000210933 0.999999 -0.0647219 0.0307907 -0.022295
FixedParameters: 0 0 0

#Transform 207
Transform: AffineTransform_float_3_3
Parameters: 0.999999 0.00100674 -0.00103726 -0.00100726 1 -0.000253956 0.00103674 0.000255044 1 -0.0539027 0.0966391 -0.0386743
FixedParameters: 0 0 0

#Transform 208
Transform: AffineTransform_float_3_3
Parameters: 0.999999 0.0012788 -0.0013202 -0.0012792 0.999999 -0.000152312 0.00131981 0.000153688 0.999999 -0.0540719 0.0476274 -0.0336991
FixedParameters: 0 0 0

#Transform 209
Transform: AffineTransform_float_3_3
Parameters: 0.999998 0.00135521 -0.00142475 -0.00135679 0.999999 -0.000553068 0.00142425 0.000554931 0.999999 -0.0564283 0.0946253 -0.0501443
FixedParameters: 0 0 0

#Transform 210
Transform: AffineTransform_float_3_3
Parameters: 0.999998 0.00128278 -0.0014422 -0.00128322 0.999999 -0.00015215 0.0014418 0.00015385 0.999999 -0.0464874 0.0475967 -0.0356772
FixedParameters: 0 0 0

#Transform 211
Transform: AffineTransform_float_3_3
Parameters: 0.999999 0.0012405 -0.00132347 -0.00124151 0.999999 -0.000380358 0.00132353 0.000381643 0.999999 -0.0586336 0.110432 -0.0466675
FixedParameters: 0 0 0

#Transform 212
Transform: AffineTransform_float_3_3
Parameters: 0.999998 0.00140777 -0.00147322 -0.00140823 0.999999 -0.000151926 0.00147378 0.000154075 0.999999 -0.0573944 0.0585154 -0.0482153
FixedParameters: 0 0 0

#Transform 213
Transform: AffineTransform_float_3_3
Parameters: 0.999998 0.0013865 -0.00156144 -0.0013875 0.999999 -0.000317834 0.00156056 0.000320164 0.999998 -0.0516111 0.0944553 -0.0466303
FixedParameters: 0 0 0

#Transform 214
Transform: AffineTransform_float_3_3
Parameters: 0.999998 0.00144477 -0.00148122 -0.00144523 0.999999 -0.00015186 0.00148178 0.000154141 0.999999 -0.0534177 0.0351841 -0.0432585
FixedParameters: 0 0 0

#Transform 215
Transform: AffineTransform_float_3_3
Parameters: 0.999999 0.0012578 -0.00130019 -0.0012582 0.999999 -0.000152364 0.00129981 0.000153635 0.999999 -0.0555203 0.0996484 -0.0351694
FixedParameters: 0 0 0

#Transform 216
Transform: AffineTransform_float_3_3
Parameters: 0.999998 0.00136073 -0.00134128 -0.00136027 0.999999 -0.000203176 0.00134072 0.000204825 0.999999 -0.0570077 0.0594003 -0.0281962
FixedParameters: 0 0 0

#Transform 217
Transform: AffineTransform_float_3_3
Parameters: 0.999999 0.00132837 -0.00124967 -0.00132963 0.999999 -0.000506339 0.00124833 0.000508659 0.999999 -0.0581688 0.109319 -0.0460546
FixedParameters: 0 0 0

#Transform 218
Transform: AffineTransform_float_3_3
Parameters: 0.999998 0.00137466 -0.00136834 -0.00137534 0.999999 -0.000247119 0.00136766 0.000248881 0.999999 -0.0595853 0.0529295 -0.0290916
FixedParameters: 0 0 0

#Transform 219
Transform: AffineTransform_float_3_3
Parameters: 0.999998 0.00138856 -0.00142242 -0.00138944 0.999999 -0.000305024 0.00142157 0.000306975 0.999999 -0.0589673 0.108461 -0.0429753
FixedParameters: 0 0 0

#Transform 220
Transform: AffineTransform_float_3_3
Parameters: 0.999998 0.00146791 -0.00144909 -0.00146809 0.999999 -6.18727e-05 0.00144891 6.4127e-05 0.999999 -0.0621584 0.0347981 -0.0405751
FixedParameters: 0 0 0

#Transform 221
Transform: AffineTransform_float_3_3
Parameters: 0.999999 0.0012997 -0.00127331 -0.0013003 0.999999 -0.000234345 0.0012737 0.000235656 0.999999 -0.0610682 0.109935 -0.0587681
FixedParameters: 0 0 0

#Transform 222
Transform: AffineTransform_float_3_3
Parameters: 0.999998 0.00134879 -0.00140321 -0.00134921 0.999999 -0.000152107 0.00140279 0.000153892 0.999999 -0.0610483 0.054067 -0.051658
FixedParameters: 0 0 0

#Transform 223
Transform: AffineTransform_float_3_3
Parameters: 0.999998 0.00138859 -0.00147539 -0.00138941 0.999999 -0.000276951 0.00147461 0.000279048 0.999999 -0.0632832 0.0930522 -0.0643878
FixedParameters: 0 0 0

#Transform 224
Transform: AffineTransform_float_3_3
Parameters: 0.999998 0.00136995 -0.00145205 -0.00137005 0.999999 -3.60107e-05 0.00145195 3.79892e-05 0.999999 -0.0609271 0.0432458 -0.0485036
FixedParameters: 0 0 0

#Transform 225
Transform: AffineTransform_float_3_3
Parameters: 0.999998 0.00129678 -0.0014212 -0.00129722 0.999999 -0.000152157 0.0014208 0.000153843 0.999999 -0.0571662 0.0815905 -0.0479843
FixedParameters: 0 0 0

#Transform 226
Transform: AffineTransform_float_3_3
Parameters: 0.999998 0.00139599 -0.00142601 -0.00139601 0.999999 -8.00928e-06 0.00142599 9.99068e-06 0.999999 -0.0591242 0.0634732 -0.0308891
FixedParameters: 0 0 0

#Transform 227
Transform: AffineTransform_float_3_3
Parameters: 0.999998 0.00133091 -0.00132109 -0.00133109 0.999999 -6.82416e-05 0.00132191 6.97595e-05 0.999999 -0.0667432 0.0744788 -0.0313775
FixedParameters: 0 0 0

#Transform 228
Transform: AffineTransform_float_3_3
Parameters: 0.999998 0.00137578 -0.00145121 -0.00137622 0.999999 -0.000152003 0.00145079 0.000153996 0.999999 -0.0651398 0.0753986 -0.0388609
FixedParameters: 0 0 0

#Transform 229
Transform: AffineTransform_float_3_3
Parameters: 0.999998 0.00138279 -0.00139521 -0.00138221 0.999999 -0.000152072 0.00139479 0.000153929 0.999999 -0.0591634 0.0557389 -0.0382726
FixedParameters: 0 0 0

#Transform 230
Transform: AffineTransform_float_3_3
Parameters: 0.999999 0.00130756 -0.00130344 -0.00130744 0.999999 -0.000334296 0.00130356 0.000335705 0.999999 -0.0618221 0.0920274 -0.0345913
FixedParameters: 0 0 0

#Transform 231
Transform: AffineTransform_float_3_3
Parameters: 0.999998 0.00135362 -0.00143336 -0.00135438 0.999999 -0.000267059 0.00143264 0.00026894 0.999999 -0.0581887 0.0478458 -0.0332707
FixedParameters: 0 0 0

#Transform 232
Transform: AffineTransform_float_3_3
Parameters: 0.999998 0.00133449 -0.00132452 -0.00133552 0.999999 -0.000388232 0.00132448 0.000389768 0.999999 -0.0590931 0.0979069 -0.0356918
FixedParameters: 0 0 0

#Transform 233
Transform: AffineTransform_float_3_3
Parameters: 0.999998 0.00139767 -0.00145232 -0.00139833 0.999999 -0.00022797 0.00145268 0.000230031 0.999999 -0.0588533 0.0348979 -0.0324263
FixedParameters: 0 0 0

#Transform 234
Transform: AffineTransform_float_3_3
Parameters: 0.999998 0.00135151 -0.00142047 -0.00135249 0.999999 -0.000347079 0.00142053 0.000348921 0.999999 -0.0582437 0.0801756 -0.0418323
FixedParameters: 0 0 0

#Transform 235
Transform: AffineTransform_float_3_3
Parameters: 0.999998 0.0013698 -0.00133321 -0.0013702 0.999999 -0.000152174 0.00133279 0.000153826 0.999999 -0.0598317 0.0339524 -0.0308445
FixedParameters: 0 0 0

#Transform 236
Transform: AffineTransform_float_3_3
Parameters: 0.999998 0.00135128 -0.00143268 -0.00135172 0.999999 -0.000501064 0.00143132 0.000502935 0.999999 -0.0580589 0.10866 -0.0379003
FixedParameters: 0 0 0

#Transform 237
Transform: AffineTransform_float_3_3
Parameters: 0.999999 0.0013078 -0.0013122 -0.0013082 0.999999 -0.000152284 0.0013118 0.000153716 0.999999 -0.0624677 0.0461475 -0.0308418
FixedParameters: 0 0 0

#Transform 238
Transform: AffineTransform_float_3_3
Parameters: 0.999998 0.00138358 -0.00141741 -0.00138342 0.999999 -0.00029304 0.00141659 0.000294961 0.999999 -0.0589164 0.112618 -0.0337001
FixedParameters: 0 0 0

#Transform 239
Transform: AffineTransform_float_3_3
Parameters: 0.999998 0.0013189 -0.00146409 -0.0013191 0.999999 -7.00688e-05 0.00146391 7.19309e-05 0.999999 -0.0602142 0.0602143 -0.0292461
FixedParameters: 0 0 0

#Transform 240
Transform: AffineTransform_float_3_3
Parameters: 0.999998 0.00126632 -0.0014386 -0.00126668 0.999999 -0.000475179 0.0014374 0.000476821 0.999999 -0.0630224 0.140029 -0.0373783
FixedParameters: 0 0 0

#Transform 241
Transform: AffineTransform_float_3_3
Parameters: 0.999998 0.00137758 -0.00132843 -0.00137842 0.999999 -0.000314169 0.00132857 0.000315831 0.999999 -0.0599785 0.0476107 -0.0342105
FixedParameters: 0 0 0

#Transform 242
Transform: AffineTransform_float_3_3
Parameters: 0.999999 0.00131869 -0.00120534 -0.00131931 0.999999 -0.00025541 0.00120566 0.00025659 0.999999 -0.0602763 0.0629588 -0.0272323
FixedParameters: 0 0 0

#Transform 243
Transform: AffineTransform_float_3_3
Parameters: 0.999999 0.0012858 -0.0013342 -0.00128621 0.999999 -0.000152284 0.0013348 0.000153717 0.999999 -0.0580228 0.0456745 -0.0139612
FixedParameters: 0 0 0

#Transform 244
Transform: AffineTransform_float_3_3
Parameters: 0.999998 0.00139079 -0.00137821 -0.00139121 0.999999 -0.000152083 0.00137779 0.000153917 0.999999 -0.0643167 0.0790533 -0.0136796
FixedParameters: 0 0 0

#Transform 245
Transform: AffineTransform_float_3_3
Parameters: 0.999998 0.00139077 -0.00150521 -0.00139123 0.999999 -0.000151906 0.00150479 0.000154093 0.999999 -0.0580843 0.0702907 -0.00105012
FixedParameters: 0 0 0

#Transform 246
Transform: AffineTransform_float_3_3
Parameters: 0.999998 0.00123278 -0.00144819 -0.00123322 0.999999 -0.000152214 0.00144781 0.000153785 0.999999 -0.0582054 0.111498 -0.013695
FixedParameters: 0 0 0

#Transform 247
Transform: AffineTransform_float_3_3
Parameters: 0.999997 0.0013949 -0.00161208 -0.0013951 0.999999 -5.97511e-05 0.00161191 6.22486e-05 0.999998 -0.0567057 0.0753956 0.00546666
FixedParameters: 0 0 0

#Transform 248
Transform: AffineTransform_float_3_3
Parameters: 0.999998 0.00137678 -0.00145621 -0.00137722 0.999999 -0.000151995 0.00145579 0.000154005 0.999999 -0.058303 0.11808 -0.00265866
FixedParameters: 0 0 0

#Transform 249
Transform: AffineTransform_float_3_3
Parameters: 0.999998 0.00132377 -0.0014822 -0.00132423 0.999999 -0.000152038 0.0014818 0.000153962 0.999999 -0.0570078 0.0789342 0.00338589
FixedParameters: 0 0 0

#Transform 250
Transform: AffineTransform_float_3_3
Parameters: 0.999998 0.00134569 -0.00145029 -0.00134631 0.999999 -0.000215048 0.00145071 0.000216953 0.999999 -0.0577916 0.0921622 -0.0150597
FixedParameters: 0 0 0

#Transform 251
Transform: AffineTransform_float_3_3
Parameters: 0.999998 0.00125576 -0.00155819 -0.00125624 0.999999 -0.000152043 0.00155781 0.000153957 0.999999 -0.0598623 0.0810266 -0.00740954
FixedParameters: 0 0 0

#Transform 252
Transform: AffineTransform_float_3_3
Parameters: 0.999997 0.00128806 -0.00171195 -0.00128793 0.999999 3.9205e-05 0.00171205 -3.67948e-05 0.999998 -0.0533427 0.0589545 -0.00991464
FixedParameters: 0 0 0

#Transform 253
Transform: AffineTransform_float_3_3
Parameters: 0.999998 0.00100629 -0.00163544 -0.00100672 1 -0.000436354 0.00163456 0.000437646 0.999998 -0.0485589 0.100591 -0.00170679
FixedParameters: 0 0 0

#Transform 254
Transform: AffineTransform_float_3_3
Parameters: 0.999998 0.00135359 -0.00159034 -0.00135341 0.999999 -0.000253848 0.00158965 0.000256152 0.999998 -0.0582454 0.0488346 0.0144353
FixedParameters: 0 0 0

#Transform 255
Transform: AffineTransform_float_3_3
Parameters: 0.999998 0.0012202 -0.00151565 -0.0012208 0.999999 -0.000529151 0.00151435 0.000530849 0.999998 -0.0543893 0.109218 0.0135658
FixedParameters: 0 0 0

#Transform 256
Transform: AffineTransform_float_3_3
Parameters: 0.999997 0.00136874 -0.00168021 -0.00136926 0.999999 -0.0001517 0.00167979 0.0001543 0.999998 -0.0553688 0.0557645 0.00426341
FixedParameters: 0 0 0

#Transform 257
Transform: AffineTransform_float_3_3
Parameters: 0.999998 0.00120934 -0.0015815 -0.00120966 0.999999 -0.000416088 0.0015815 0.000417913 0.999998 -0.0585033 0.122388 0.0048645
FixedParameters: 0 0 0

#Transform 258
Transform: AffineTransform_float_3_3
Parameters: 0.999998 0.00144246 -0.00168046 -0.00144354 0.999999 -0.000317575 0.00168054 0.000320425 0.999998 -0.0620306 0.0740727 0.0123859
FixedParameters: 0 0 0

#Transform 259
Transform: AffineTransform_float_3_3
Parameters: 0.999998 0.0013481 -0.0015238 -0.0013489 0.999999 -0.000589946 0.0015232 0.000592054 0.999998 -0.056923 0.134231 0.0123244
FixedParameters: 0 0 0

#Transform 260
Transform: AffineTransform_float_3_3
Parameters: 0.999998 0.00127464 -0.00159529 -0.00127536 0.999999 -0.000224966 0.00159571 0.000227034 0.999998 -0.05462 0.061459 0.0156907
FixedParameters: 0 0 0

#Transform 261
Transform: AffineTransform_float_3_3
Parameters: 0.999997 0.00146355 -0.00159941 -0.00146345 0.999999 -0.00028166 0.00159959 0.000283342 0.999998 -0.0643765 0.0986662 0.0014993
FixedParameters: 0 0 0

#Transform 262
Transform: AffineTransform_float_3_3
Parameters: 0.999997 0.00141987 -0.00169411 -0.00142013 0.999999 -7.55943e-05 0.00169389 7.74053e-05 0.999998 -0.0562072 0.0793622 -0.00468511
FixedParameters: 0 0 0

#Transform 263
Transform: AffineTransform_float_3_3
Parameters: 0.999998 0.00151774 -0.00172123 -0.00151826 0.999999 -0.000151387 0.00172077 0.000153612 0.999998 -0.0579975 0.0707352 -0.0135464
FixedParameters: 0 0 0

#Transform 264
Transform: AffineTransform_float_3_3
Parameters: 0.999998 0.00141166 -0.00147832 -0.00141234 0.999999 -0.000225913 0.00147868 0.000228088 0.999999 -0.0670306 0.096083 -0.0150422
FixedParameters: 0 0 0

#Transform 265
Transform: AffineTransform_float_3_3
Parameters: 0.999998 0.00153775 -0.00163624 -0.00153825 0.999999 -0.000151483 0.00163577 0.000153516 0.999998 -0.0637531 0.0712176 -0.00523943
FixedParameters: 0 0 0

#Transform 266
Transform: AffineTransform_float_3_3
Parameters: 0.999997 0.00153992 -0.00155808 -0.00154008 0.999999 -5.16005e-05 0.00155792 5.33992e-05 0.999999 -0.0603453 0.0851494 0.00733013
FixedParameters: 0 0 0

#Transform 267
Transform: AffineTransform_float_3_3
Parameters: 0.999998 0.00144073 -0.00178322 -0.00144127 0.999999 -0.00015143 0.00178278 0.000153569 0.999999 -0.0617435 0.0990118 -0.00653982
FixedParameters: 0 0 0

#Transform 268
Transform: AffineTransform_float_3_3
Parameters: 0.999997 0.00157686 -0.00155414 -0.00157714 0.999999 -8.75491e-05 0.00155386 9.04504e-05 0.999999 -0.0666631 0.0835481 0.00355892
FixedParameters: 0 0 0

#Transform 269
Transform: AffineTransform_float_3_3
Parameters: 0.999997 0.00148076 -0.00155423 -0.00148124 0.999999 -0.000151698 0.00155477 0.000154303 0.999999 -0.0616903 0.102703 0.00222925
FixedParameters: 0 0 0

#Transform 270
Transform: AffineTransform_float_3_3
Parameters: 0.999998 0.00158673 -0.00122436 -0.00158727 0.999998 -0.000223057 0.00122364 0.000224942 0.999999 -0.0624736 0.0734552 0.00092949
FixedParameters: 0 0 0

#Transform 271
Transform: AffineTransform_float_3_3
Parameters: 1 0.0010049 0.00064429 -0.0010071 0.999994 0.00326936 -0.00064071 -0.00327065 0.999995 -0.023645 0.076268 0.259654
FixedParameters: 0 0 0

#Transform 272
Transform: AffineTransform_float_3_3
Parameters: 1 0.000944136 0.000748092 -0.000944864 0.999999 0.00115529 -0.000746909 -0.00115571 0.999999 -0.0184609 0.148149 0.0646141
FixedParameters: 0 0 0

#Transform 273
Transform: AffineTransform_float_3_3
Parameters: 1 0.000882179 0.00074915 -0.000883821 0.999996 0.00243434 -0.000746851 -0.00243466 0.999997 -0.00723588 0.10592 0.0745559
FixedParameters: 0 0 0

#Transform 274
Transform: AffineTransform_float_3_3
Parameters: 0.999999 0.00100557 0.000859679 -0.00100743 0.999998 0.00166814 -0.000858321 -0.00166887 0.999998 -0.0265285 -0.0177159 0.0120207
FixedParameters: 0 0 0

#Transform 275
Transform: AffineTransform_float_3_3
Parameters: 1 0.00100624 0.000597276 -0.00100676 0.999998 0.0012674 -0.000595725 -0.0012676 0.999999 -0.0231967 0.0993776 -0.00322941
FixedParameters: 0 0 0

#Transform 276
Transform: AffineTransform_float_3_3
Parameters: 0.999999 0.00100688 0.000147798 -0.00100712 0.999999 0.000792851 -0.000147201 -0.000793149 0.999999 -0.0300898 0.0471042 -0.0207107
FixedParameters: 0 0 0

#Transform 277
Transform: AffineTransform_float_3_3
Parameters: 1 0.00100713 -0.000226448 -0.00100688 1 0.000548228 0.000226553 -0.000548772 1 -0.0319143 0.117692 -0.033005
FixedParameters: 0 0 0

#Transform 278
Transform: AffineTransform_float_3_3
Parameters: 1 0.00100719 -0.00040754 -0.00100681 1 0.000457411 0.000408461 -0.000457589 1 -0.0364498 0.0734563 -0.0199123
FixedParameters: 0 0 0

#Transform 279
Transform: AffineTransform_float_3_3
Parameters: 1 0.00100733 -0.000575428 -0.00100667 1 0.00056858 0.000576572 -0.00056742 0.999999 -0.0383352 0.105979 -0.029188
FixedParameters: 0 0 0

#Transform 280
Transform: AffineTransform_float_3_3
Parameters: 1 0.00100824 -0.000422053 -0.00100676 0.999995 0.00292543 0.000424946 -0.00292457 0.999995 -0.0293956 0.135649 0.0674394
FixedParameters: 0 0 0

#Transform 281
Transform: AffineTransform_float_3_3
Parameters: 1 0.00100792 -0.00053829 -0.00100708 0.999998 0.00169754 0.000540711 -0.00169746 0.999999 -0.0360654 0.00129253 -0.011729
FixedParameters: 0 0 0

#Transform 282
Transform: AffineTransform_float_3_3
Parameters: 0.999999 0.00109385 -0.00097405 -0.00109315 0.999999 0.000869066 0.00097495 -0.000867935 0.999999 -0.0410989 0.110028 -0.0286745
FixedParameters: 0 0 0

#Transform 283
Transform: AffineTransform_float_3_3
Parameters: 0.999998 0.001253 -0.00114891 -0.001252 0.999999 0.00087044 0.00115009 -0.00086956 0.999999 -0.0554494 0.00640771 -0.028786
FixedParameters: 0 0 0

#Transform 284
Transform: AffineTransform_float_3_3
Parameters: 0.999998 0.00123779 -0.00112413 -0.00123721 0.999999 0.000704392 0.00112587 -0.000702607 0.999999 -0.0552229 0.0872439 -0.0322056
FixedParameters: 0 0 0

#Transform 285
Transform: AffineTransform_float_3_3
Parameters: 0.999998 0.0013198 -0.00136123 -0.0013192 0.999999 0.000585797 0.00136177 -0.000584204 0.999999 -0.0543456 0.110443 -0.0347719
FixedParameters: 0 0 0

#Transform 286
Transform: AffineTransform_float_3_3
Parameters: 0.999999 0.00120812 -0.00122589 -0.00120688 0.999999 0.000917481 0.00122611 -0.00091552 0.999999 -0.0574289 0.0101232 -0.0341425
FixedParameters: 0 0 0

#Transform 287
Transform: AffineTransform_float_3_3
Parameters: 0.999997 0.00141248 -0.00168776 -0.00141052 0.999998 0.000876383 0.00168923 -0.000873616 0.999998 -0.0643896 0.0668311 -0.0385981
FixedParameters: 0 0 0

#Transform 288
Transform: AffineTransform_float_3_3
Parameters: 0.999997 0.0014217 -0.00189873 -0.0014193 0.999998 0.000895697 0.00189927 -0.000893302 0.999998 -0.0656202 0.0862425 -0.0371515
FixedParameters: 0 0 0

#Transform 289
Transform: AffineTransform_float_3_3
Parameters: 0.999998 0.00137463 -0.00182978 -0.00137237 0.999998 0.000890513 0.00183122 -0.000887485 0.999998 -0.0517547 0.113548 -0.044002
FixedParameters: 0 0 0

#Transform 290
Transform: AffineTransform_float_3_3
Parameters: 0.999998 0.00149071 -0.00179158 -0.00148929 0.999999 0.000956671 0.00179342 -0.000953329 0.999998 -0.0546585 0.062403 -0.0369443
FixedParameters: 0 0 0

#Transform 291
Transform: AffineTransform_float_3_3
Parameters: 0.999997 0.00133228 -0.001704 -0.00133072 0.999999 0.000751269 0.001705 -0.00074873 0.999999 -0.0524461 0.0932021 -0.0448855
FixedParameters: 0 0 0

#Transform 292
Transform: AffineTransform_float_3_3
Parameters: 0.999997 0.00145241 -0.00161473 -0.00145159 0.999998 0.000873346 0.00161527 -0.000871656 0.999999 -0.0629011 0.0613591 -0.0450477
FixedParameters: 0 0 0

#Transform 293
Transform: AffineTransform_float_3_3
Parameters: 0.999998 0.00128176 -0.00144432 -0.00128124 0.999999 0.000529851 0.00144568 -0.000528148 0.999999 -0.054661 0.0674728 -0.052806
FixedParameters: 0 0 0

#Transform 294
Transform: AffineTransform_float_3_3
Parameters: 0.999997 0.00144035 -0.00167884 -0.00143865 0.999998 0.000806417 0.00168016 -0.000803582 0.999999 -0.0550036 0.0191652 -0.0443229
FixedParameters: 0 0 0

#Transform 295
Transform: AffineTransform_float_3_3
Parameters: 0.999998 0.0013771 -0.001507 -0.0013759 0.999999 0.000729075 0.001508 -0.000727924 0.999998 -0.0558367 0.057484 -0.055244
FixedParameters: 0 0 0

#Transform 296
Transform: AffineTransform_float_3_3
Parameters: 0.999997 0.00138018 -0.00169704 -0.00137882 0.999999 0.000694342 0.00169896 -0.000691657 0.999999 -0.0534789 0.0311866 -0.0535867
FixedParameters: 0 0 0

#Transform 297
Transform: AffineTransform_float_3_3
Parameters: 0.999997 0.00142784 -0.00158124 -0.00142716 0.999999 0.000530258 0.00158175 -0.000527742 0.999998 -0.0559743 0.0679433 -0.0357525
FixedParameters: 0 0 0

#Transform 298
Transform: AffineTransform_float_3_3
Parameters: 0.999998 0.00140076 -0.00144426 -0.00139924 0.999999 0.000530022 0.00144574 -0.000527976 0.999999 -0.0571087 0.0578636 -0.0358434
FixedParameters: 0 0 0

#Transform 299
Transform: AffineTransform_float_3_3
Parameters: 0.999998 0.00132176 -0.0014443 -0.00132124 0.999999 0.000529909 0.0014457 -0.00052809 0.999999 -0.0555074 0.103654 -0.0358783
FixedParameters: 0 0 0

#Transform 300
Transform: AffineTransform_float_3_3
Parameters: 0.999998 0.00126783 -0.00156133 -0.00126717 0.999999 0.000529979 0.00156167 -0.000528021 0.999998 -0.0559729 0.105063 -0.0358244
FixedParameters: 0 0 0

#Transform 301
Transform: AffineTransform_float_3_3
Parameters: 0.999998 0.00132229 -0.00144382 -0.00132171 0.999998 0.00089091 0.00144518 -0.000889091 0.999999 -0.055617 0.0551249 -0.0134111
FixedParameters: 0 0 0

#Transform 302
Transform: AffineTransform_float_3_3
Parameters: 0.999999 0.00132064 -0.000855467 -0.00131936 0.999998 0.00191913 0.000858532 -0.00191787 0.999998 -0.0556678 0.145604 0.0397294
FixedParameters: 0 0 0

#Transform 303
Transform: AffineTransform_float_3_3
Parameters: 0.999999 0.00117623 -0.000631715 -0.00117577 0.999998 0.00194375 0.000634286 -0.00194326 0.999998 -0.0382565 0.0505067 0.00774365
FixedParameters: 0 0 0

#Transform 304
Transform: AffineTransform_float_3_3
Parameters: 0.999999 0.00100783 -0.000695796 -0.00100717 0.999999 0.0011957 0.000697205 -0.0011953 0.999999 -0.036541 0.0898648 -0.0129789
FixedParameters: 0 0 0

#Transform 305
Transform: AffineTransform_float_3_3
Parameters: 0.999999 0.00100771 -0.000805119 -0.0010073 0.999999 0.000875812 0.000805883 -0.000875189 1 -0.030264 0.105345 -0.0194913
FixedParameters: 0 0 0

#Transform 306
Transform: AffineTransform_float_3_3
Parameters: 0.999999 0.00107695 -0.000781688 -0.00107605 0.999998 0.00121884 0.000783312 -0.00121816 0.999999 -0.0391147 -0.0191722 -0.0269956
FixedParameters: 0 0 0

#Transform 307
Transform: AffineTransform_float_3_3
Parameters: 0.999999 0.0010077 -0.000857174 -0.0010073 0.999999 0.000820865 0.000857827 -0.000820137 1 -0.0402839 0.0886656 -0.0311123
FixedParameters: 0 0 0

#Transform 308
Transform: AffineTransform_float_3_3
Parameters: 0.999999 0.00100782 -0.00104921 -0.00100718 0.999999 0.000780058 0.00105079 -0.000778942 0.999999 -0.0540644 0.0319592 -0.019332
FixedParameters: 0 0 0

#Transform 309
Transform: AffineTransform_float_3_3
Parameters: 0.999999 0.0010079 -0.00101211 -0.0010071 0.999999 0.00088502 0.00101389 -0.000883979 0.999999 -0.0462447 0.0895373 -0.0356563
FixedParameters: 0 0 0

#Transform 310
Transform: AffineTransform_float_3_3
Parameters: 0.999999 0.00100782 -0.00113027 -0.00100718 0.999999 0.000725139 0.00113073 -0.000723861 0.999999 -0.0426542 0.0715107 -0.0432854
FixedParameters: 0 0 0

#Transform 311
Transform: AffineTransform_float_3_3
Parameters: 0.999998 0.00100797 -0.00136428 -0.00100703 0.999999 0.000714375 0.00136472 -0.000713625 0.999999 -0.0385815 0.0909196 -0.0519622
FixedParameters: 0 0 0

#Transform 312
Transform: AffineTransform_float_3_3
Parameters: 0.999998 0.00119916 -0.00120885 -0.00119784 0.999999 0.000957449 0.00120915 -0.000956551 0.999999 -0.0351354 0.0882204 -0.0356465
FixedParameters: 0 0 0

#Transform 313
Transform: AffineTransform_float_3_3
Parameters: 0.999998 0.001008 -0.00140028 -0.001007 0.999999 0.000714411 0.00140072 -0.000713589 0.999999 -0.0404987 0.0906355 -0.0590438
FixedParameters: 0 0 0

#Transform 314
Transform: AffineTransform_float_3_3
Parameters: 0.999998 0.00120545 -0.00143679 -0.00120455 0.999999 0.00100873 0.00143822 -0.00100727 0.999999 -0.0477368 0.0785591 -0.0489376
FixedParameters: 0 0 0

#Transform 315
Transform: AffineTransform_float_3_3
Parameters: 0.999998 0.00125124 -0.00142891 -0.00124976 0.999999 0.000868787 0.00143008 -0.000866212 0.999998 -0.0543069 0.0685802 -0.0574878
FixedParameters: 0 0 0

#Transform 316
Transform: AffineTransform_float_3_3
Parameters: 0.999998 0.00100796 -0.00133828 -0.00100704 0.999999 0.000714349 0.00133972 -0.000713651 0.999999 -0.0503947 0.0597473 -0.0535172
FixedParameters: 0 0 0

#Transform 317
Transform: AffineTransform_float_3_3
Parameters: 0.999998 0.00128936 -0.00138274 -0.00128764 0.999998 0.000981782 0.00138427 -0.000980217 0.999999 -0.0556081 0.0485378 -0.0556189
FixedParameters: 0 0 0

#Transform 318
Transform: AffineTransform_float_3_3
Parameters: 0.999998 0.00130531 -0.00144181 -0.00130369 0.999998 0.000909881 0.00144319 -0.000908117 0.999998 -0.052544 0.0619836 -0.0533356
FixedParameters: 0 0 0

#Transform 319
Transform: AffineTransform_float_3_3
Parameters: 0.999998 0.00130404 -0.00146007 -0.00130296 0.999999 0.000714903 0.00146093 -0.000713096 0.999998 -0.0550368 0.0657989 -0.0538225
FixedParameters: 0 0 0

#Transform 320
Transform: AffineTransform_float_3_3
Parameters: 0.999998 0.00120945 -0.00143978 -0.00120755 0.999999 0.00101074 0.00144122 -0.00100926 0.999999 -0.0492968 0.0829788 -0.040888
FixedParameters: 0 0 0

#Transform 321
Transform: AffineTransform_float_3_3
Parameters: 0.999998 0.0013256 -0.00147356 -0.0013234 0.999998 0.00108595 0.00147544 -0.00108405 0.999999 -0.0551842 0.0693432 -0.049342
FixedParameters: 0 0 0

#Transform 322
Transform: AffineTransform_float_3_3
Parameters: 0.999999 0.00127198 -0.00136509 -0.00127103 0.999999 0.000714736 0.00136591 -0.000713264 0.999999 -0.0554926 0.112627 -0.0468992
FixedParameters: 0 0 0

#Transform 323
Transform: AffineTransform_float_3_3
Parameters: 0.999998 0.00131166 -0.00148754 -0.00131034 0.999998 0.00111795 0.00148947 -0.00111605 0.999999 -0.0461542 0.0462731 -0.049161
FixedParameters: 0 0 0

#Transform 324
Transform: AffineTransform_float_3_3
Parameters: 0.999999 0.00121713 -0.00131295 -0.00121587 0.999999 0.000863597 0.00131405 -0.000861402 0.999999 -0.0412517 0.105957 -0.0438321
FixedParameters: 0 0 0

#Transform 325
Transform: AffineTransform_float_3_3
Parameters: 0.999998 0.00127405 -0.00137102 -0.00127295 0.999999 0.000767746 0.00137198 -0.000766253 0.999999 -0.0491566 0.0635401 -0.0324157
FixedParameters: 0 0 0

#Transform 326
Transform: AffineTransform_float_3_3
Parameters: 0.999999 0.00128983 -0.00117409 -0.00128917 0.999999 0.000709515 0.00117491 -0.000707486 0.999999 -0.0503297 0.11734 -0.0362149
FixedParameters: 0 0 0

#Transform 327
Transform: AffineTransform_float_3_3
Parameters: 0.999999 0.00130415 -0.00121576 -0.00130285 0.999998 0.000949585 0.00121724 -0.000948414 0.999999 -0.0491199 0.0668468 -0.0420621
FixedParameters: 0 0 0

#Transform 328
Transform: AffineTransform_float_3_3
Parameters: 0.999998 0.00127446 -0.00148274 -0.00127254 0.999998 0.000986889 0.00148326 -0.000985112 0.999999 -0.0420057 0.0830659 -0.0413152
FixedParameters: 0 0 0

#Transform 329
Transform: AffineTransform_float_3_3
Parameters: 0.999999 0.00119851 -0.00134966 -0.00119649 0.999998 0.00111762 0.00135134 -0.00111638 0.999999 -0.0452208 0.0446627 -0.053295
FixedParameters: 0 0 0

#Transform 330
Transform: AffineTransform_float_3_3
Parameters: 0.999998 0.00133712 -0.00136391 -0.00133588 0.999999 0.000819823 0.00136509 -0.000817176 0.999998 -0.0469046 0.0798016 -0.0447203
FixedParameters: 0 0 0

#Transform 331
Transform: AffineTransform_float_3_3
Parameters: 0.999998 0.00133548 -0.00132351 -0.00133452 0.999998 0.00111777 0.00132549 -0.00111623 0.999998 -0.0496266 0.0617027 -0.0467569
FixedParameters: 0 0 0

#Transform 332
Transform: AffineTransform_float_3_3
Parameters: 0.999998 0.00133041 -0.00147172 -0.00132859 0.999998 0.000961957 0.00147228 -0.000959043 0.999999 -0.0491153 0.0914823 -0.0417645
FixedParameters: 0 0 0

#Transform 333
Transform: AffineTransform_float_3_3
Parameters: 0.999998 0.00128178 -0.00114512 -0.00128121 0.999999 0.000686468 0.00114588 -0.000684532 0.999999 -0.0431154 0.11443 -0.0668369
FixedParameters: 0 0 0

#Transform 334
Transform: AffineTransform_float_3_3
Parameters: 0.999999 0.00123287 -0.000594129 -0.00123013 0.999995 0.00314273 0.000597869 -0.00314227 0.999995 -0.0223587 0.0468905 -0.108278
FixedParameters: 0 0 0

#Transform 335
Transform: AffineTransform_float_3_3
Parameters: 0.999999 0.00128481 -0.000431608 -0.00128419 0.999998 0.00186256 0.000434393 -0.00186244 0.999998 -0.0330933 -0.00545666 -0.149058
FixedParameters: 0 0 0

#Transform 336
Transform: AffineTransform_float_3_3
Parameters: 0.999998 0.00144744 -0.000802399 -0.00144556 0.999998 0.00179816 0.000804599 -0.00179684 0.999998 -0.0342579 0.0308863 -0.13776
FixedParameters: 0 0 0

#Transform 337
Transform: AffineTransform_float_3_3
Parameters: 0.999999 0.00152587 -0.000883787 -0.00152413 0.999996 0.00210835 0.000887215 -0.00210665 0.999998 -0.0423268 -0.0292276 -0.118436
FixedParameters: 0 0 0

#Transform 338
Transform: AffineTransform_float_3_3
Parameters: 0.999999 0.00147782 -0.0010745 -0.00147618 0.999998 0.00169059 0.0010775 -0.00168841 0.999998 -0.0409753 0.0715283 -0.131161
FixedParameters: 0 0 0

#Transform 339
Transform: AffineTransform_float_3_3
Parameters: 0.999999 0.00147877 -0.0010034 -0.00147723 0.999998 0.00175949 0.0010056 -0.00175752 0.999998 -0.0396727 0.017122 -0.129604
FixedParameters: 0 0 0

#Transform 340
Transform: AffineTransform_float_3_3
Parameters: 0.999998 0.00146202 -0.00142493 -0.00145998 0.999998 0.00141808 0.00142707 -0.00141592 0.999998 -0.0444648 0.0949541 -0.147744
FixedParameters: 0 0 0

#Transform 341
Transform: AffineTransform_float_3_3
Parameters: 0.999998 0.00155406 -0.00131156 -0.00155194 0.999997 0.00156904 0.00131444 -0.00156796 0.999998 -0.0568752 0.0801172 -0.151701
FixedParameters: 0 0 0

#Transform 342
Transform: AffineTransform_float_3_3
Parameters: 0.999998 0.00158908 -0.00129645 -0.00158692 0.999998 0.00160606 0.00129855 -0.00160394 0.999998 -0.0537358 0.0514655 -0.15285
FixedParameters: 0 0 0

#Transform 343
Transform: AffineTransform_float_3_3
Parameters: 0.999998 0.00151121 -0.00132648 -0.00150879 0.999998 0.00166701 0.00132952 -0.00166499 0.999997 -0.0537256 0.0879675 -0.161813
FixedParameters: 0 0 0

#Transform 344
Transform: AffineTransform_float_3_3
Parameters: 0.999997 0.00161746 -0.00143623 -0.00161454 0.999997 0.00171432 0.00143877 -0.00171168 0.999998 -0.0540964 0.0291418 -0.14929
FixedParameters: 0 0 0

#Transform 345
Transform: AffineTransform_float_3_3
Parameters: 0.999998 0.00148709 -0.00147689 -0.0014849 0.999998 0.0014182 0.00147911 -0.0014158 0.999998 -0.0530653 0.0522393 -0.163395
FixedParameters: 0 0 0

#Transform 346
Transform: AffineTransform_float_3_3
Parameters: 0.999997 0.00158541 -0.00149946 -0.00158259 0.999998 0.00160438 0.00150254 -0.00160262 0.999997 -0.0579085 0.0140576 -0.155073
FixedParameters: 0 0 0

#Transform 347
Transform: AffineTransform_float_3_3
Parameters: 0.999997 0.00162408 -0.00154081 -0.00162192 0.999998 0.0013495 0.00154319 -0.0013465 0.999998 -0.0536089 0.0279144 -0.155005
FixedParameters: 0 0 0

#Transform 348
Transform: AffineTransform_float_3_3
Parameters: 0.999997 0.00157915 -0.00144064 -0.00157684 0.999997 0.00149527 0.00144336 -0.00149272 0.999998 -0.0591968 0.0145402 -0.148937
FixedParameters: 0 0 0

#Transform 349
Transform: AffineTransform_float_3_3
Parameters: 0.999998 0.0015203 -0.00144959 -0.00151769 0.999997 0.0015902 0.00145241 -0.00158779 0.999997 -0.0516287 0.0222251 -0.150043
FixedParameters: 0 0 0

#Transform 350
Transform: AffineTransform_float_3_3
Parameters: 0.999997 0.00153626 -0.00159682 -0.00153374 0.999998 0.00141845 0.00159817 -0.00141555 0.999997 -0.0520757 0.0494959 -0.153608
FixedParameters: 0 0 0

#Transform 351
Transform: AffineTransform_float_3_3
Parameters: 0.999997 0.0015782 -0.00155176 -0.0015758 0.999998 0.00141845 0.00155323 -0.00141555 0.999998 -0.0522528 0.0423724 -0.165545
FixedParameters: 0 0 0

#Transform 352
Transform: AffineTransform_float_3_3
Parameters: 0.999998 0.0015853 -0.00162375 -0.0015827 0.999997 0.00141857 0.00162624 -0.00141542 0.999997 -0.051633 0.0587565 -0.138707
FixedParameters: 0 0 0

#Transform 353
Transform: AffineTransform_float_3_3
Parameters: 0.999998 0.00164416 -0.00152367 -0.00164184 0.999997 0.0014185 0.00152633 -0.00141549 0.999998 -0.0543816 0.068676 -0.145462
FixedParameters: 0 0 0

#Transform 354
Transform: AffineTransform_float_3_3
Parameters: 0.999998 0.00166429 -0.00161364 -0.00166171 0.999997 0.00141868 0.00161636 -0.00141531 0.999997 -0.0617275 0.0679513 -0.153675
FixedParameters: 0 0 0

#Transform 355
Transform: AffineTransform_float_3_3
Parameters: 0.999998 0.0016353 -0.00162468 -0.0016327 0.999997 0.00141866 0.00162631 -0.00141534 0.999997 -0.0514458 0.0388877 -0.153573
FixedParameters: 0 0 0

#Transform 356
Transform: AffineTransform_float_3_3
Parameters: 0.999997 0.00168537 -0.00167361 -0.00168363 0.999997 0.00141882 0.00167639 -0.00141518 0.999997 -0.0543191 0.0534492 -0.139052
FixedParameters: 0 0 0

#Transform 357
Transform: AffineTransform_float_3_3
Parameters: 0.999997 0.00169226 -0.00170275 -0.00169074 0.999997 0.00132988 0.00170525 -0.00132712 0.999997 -0.0538498 0.0289328 -0.13457
FixedParameters: 0 0 0

#Transform 358
Transform: AffineTransform_float_3_3
Parameters: 0.999997 0.00170611 -0.00168987 -0.00170389 0.999998 0.00125188 0.00169213 -0.00124912 0.999998 -0.0552258 0.0560562 -0.129358
FixedParameters: 0 0 0

#Transform 359
Transform: AffineTransform_float_3_3
Parameters: 0.999997 0.00164449 -0.00175267 -0.00164251 0.999997 0.00141888 0.00175533 -0.00141612 0.999997 -0.0575699 0.0276125 -0.141269
FixedParameters: 0 0 0

#Transform 360
Transform: AffineTransform_float_3_3
Parameters: 0.999997 0.00166552 -0.00177664 -0.00166348 0.999997 0.00141896 0.00177936 -0.00141604 0.999998 -0.0567708 0.0548932 -0.136514
FixedParameters: 0 0 0

#Transform 361
Transform: AffineTransform_float_3_3
Parameters: 0.999997 0.00161224 -0.00173493 -0.00160977 0.999998 0.0012888 0.00173707 -0.0012862 0.999997 -0.0559082 0.0484268 -0.144553
FixedParameters: 0 0 0

#Transform 362
Transform: AffineTransform_float_3_3
Parameters: 0.999997 0.00176878 -0.00182527 -0.00176722 0.999998 0.000978229 0.00182673 -0.000975772 0.999998 -0.0577426 0.0485651 -0.129384
FixedParameters: 0 0 0

#Transform 363
Transform: AffineTransform_float_3_3
Parameters: 0.999997 0.00165228 -0.00171781 -0.00165072 0.999998 0.00132984 0.00172019 -0.00132716 0.999997 -0.0535695 0.0613343 -0.135077
FixedParameters: 0 0 0

#Transform 364
Transform: AffineTransform_float_3_3
Parameters: 0.999997 0.00177588 -0.00173508 -0.00177412 0.999998 0.00108508 0.00173692 -0.00108192 0.999998 -0.0548642 0.0773022 -0.125575
FixedParameters: 0 0 0

#Transform 365
Transform: AffineTransform_float_3_3
Parameters: 0.999997 0.00172995 -0.00182916 -0.00172805 0.999998 0.00106516 0.00183184 -0.00106183 0.999998 -0.0516699 0.0640436 -0.130551
FixedParameters: 0 0 0

#Transform 366
Transform: AffineTransform_float_3_3
Parameters: 0.999997 0.0016789 -0.00181724 -0.0016771 0.999998 0.00104805 0.00181876 -0.00104495 0.999998 -0.051582 0.0678879 -0.123897
FixedParameters: 0 0 0

#Transform 367
Transform: AffineTransform_float_3_3
Parameters: 0.999997 0.00171966 -0.00179641 -0.00171834 0.999998 0.00092609 0.00179859 -0.00092391 0.999998 -0.0557151 0.0745569 -0.13034
FixedParameters: 0 0 0

#Transform 368
Transform: AffineTransform_float_3_3
Parameters: 0.999998 0.00162756 -0.00161643 -0.00162644 0.999998 0.000964632 0.00161757 -0.00096137 0.999998 -0.054148 0.0582758 -0.112278
FixedParameters: 0 0 0

#Transform 369
Transform: AffineTransform_float_3_3
Parameters: 0.999998 0.00167192 -0.00158198 -0.00167008 0.999998 0.00121165 0.00158402 -0.00120935 0.999998 -0.0592959 0.0447637 -0.12032
FixedParameters: 0 0 0

#Transform 370
Transform: AffineTransform_float_3_3
Parameters: 0.999997 0.00178065 -0.00161318 -0.00177934 0.999998 0.00102687 0.00161582 -0.00102313 0.999998 -0.0553081 0.0565773 -0.12926
FixedParameters: 0 0 0

#Transform 371
Transform: AffineTransform_float_3_3
Parameters: 0.999997 0.00174106 -0.00166585 -0.00173894 0.999997 0.0012369 0.00166815 -0.0012341 0.999998 -0.0556712 0.0517067 -0.132051
FixedParameters: 0 0 0

#Transform 372
Transform: AffineTransform_float_3_3
Parameters: 0.999997 0.00172104 -0.00172297 -0.00171896 0.999998 0.00118396 0.00172503 -0.00118103 0.999998 -0.0591678 0.0741377 -0.125252
FixedParameters: 0 0 0

#Transform 373
Transform: AffineTransform_float_3_3
Parameters: 0.999997 0.00174131 -0.00171866 -0.00173969 0.999997 0.00134699 0.00172034 -0.00134401 0.999997 -0.0636167 0.0162107 -0.144013
FixedParameters: 0 0 0

#Transform 374
Transform: AffineTransform_float_3_3
Parameters: 0.999996 0.00164497 -0.00194934 -0.00164303 0.999998 0.00101021 0.00195066 -0.00100779 0.999997 -0.0554992 0.0916646 -0.148417
FixedParameters: 0 0 0
