#Insight Transform File V1.0
#Transform 0
Transform: AffineTransform_float_3_3
Parameters: 1 5.39474e-05 0.000186015 -5.40526e-05 1 0.00028299 -0.000185985 -0.00028301 1 -0.0123801 0.0223532 0.0237712
FixedParameters: 0 0 0

#Transform 1
Transform: AffineTransform_float_3_3
Parameters: 1 0 0 0 1 0 0 0 1 0.003542 0.038006 0.010648
FixedParameters: 0 0 0

#Transform 2
Transform: AffineTransform_float_3_3
Parameters: 1 0 0 0 1 -6.1e-05 0 6.1e-05 1 -0.005921 0.0517576 -0.00132907
FixedParameters: 0 0 0

#Transform 3
Transform: AffineTransform_float_3_3
Parameters: 1 1.5552e-08 0.000144 1.5552e-08 1 -0.000108 -0.000144 0.000108 1 -0.00688112 0.0363048 -0.00213165
FixedParameters: 0 0 0

#Transform 4
Transform: AffineTransform_float_3_3
Parameters: 1 5.1e-05 0.000189 -5.1e-05 1 -9.639e-09 -0.000189 -9.639e-09 1 -0.00616235 0.0380587 -0.0141168
FixedParameters: 0 0 0

#Transform 5
Transform: AffineTransform_float_3_3
Parameters: 1 6.8e-05 0.000258 -6.8e-05 1 -1.7544e-08 -0.000258 -1.7544e-08 1 -0.00709839 0.0380304 -0.00689688
FixedParameters: 0 0 0

#Transform 6
Transform: AffineTransform_float_3_3
Parameters: 1 0.00011 0.000169 -0.00011 1 -1.859e-08 -0.000169 -1.859e-08 1 -0.00771263 0.0381658 -0.0168943
FixedParameters: 0 0 0

#Transform 7
Transform: AffineTransform_float_3_3
Parameters: 1 0 0 0 1 0 0 0 1 -0.003824 0.021508 -0.010385
FixedParameters: 0 0 0

#Transform 8
Transform: AffineTransform_float_3_3
Parameters: 1 0 0 0 1 0.000373 0 -0.000373 1 0.004289 0.0552907 0.00793727
FixedParameters: 0 0 0

#Transform 9
Transform: AffineTransform_float_3_3
Parameters: 1 0 0 0 1 0.000139 0 -0.000139 1 0.004281 0.0277585 0.00300029
FixedParameters: 0 0 0

#Transform 10
Transform: AffineTransform_float_3_3
Parameters: 1 0 0 0 1 -0.00011 0 0.00011 1 -0.000128 0.0417512 -0.00241726
FixedParameters: 0 0 0

#Transform 11
Transform: AffineTransform_float_3_3
Parameters: 1 0 0 0 1 -6e-05 0 6e-05 1 0.004281 0.0298984 -0.00136522
FixedParameters: 0 0 0

#Transform 12
Transform: AffineTransform_float_3_3
Parameters: 1 0 0 0 1 7.7e-05 0 -7.7e-05 1 0.004281 0.0531609 0.00163261
FixedParameters: 0 0 0

#Transform 13
Transform: AffineTransform_float_3_3
Parameters: 1 0 0 0 1 -3.1e-05 0 3.1e-05 1 0.004281 0.0528774 -0.000656084
FixedParameters: 0 0 0

#Transform 14
Transform: AffineTransform_float_3_3
Parameters: 1 0 0 0 1 8.8e-05 0 -8.8e-05 1 0.004281 0.051658 0.00179654
FixedParameters: 0 0 0

#Transform 15
Transform: AffineTransform_float_3_3
Parameters: 1 2.03e-09 7e-05 2.03e-09 1 -2.9e-05 -7e-05 2.9e-05 1 0.0035559 0.030132 -0.000545997
FixedParameters: 0 0 0

#Transform 16
Transform: AffineTransform_float_3_3
Parameters: 1 -9.605e-09 0.000113 -9.605e-09 1 8.5e-05 -0.000113 -8.5e-05 1 0.00310175 0.0581805 0.00191419
FixedParameters: 0 0 0

#Transform 17
Transform: AffineTransform_float_3_3
Parameters: 1 0 0 0 1 8.9e-05 0 -8.9e-05 1 -0.007113 0.0422438 0.00189554
FixedParameters: 0 0 0

#Transform 18
Transform: AffineTransform_float_3_3
Parameters: 1 -5.3e-05 -9.54e-09 5.3e-05 1 0.00018 -9.54e-09 -0.00018 1 0.000740229 0.0615985 0.00381595
FixedParameters: 0 0 0

#Transform 19
Transform: AffineTransform_float_3_3
Parameters: 1 0 0 0 1 0.000192 0 -0.000192 1 -0.006703 0.0439963 -0.0138398
FixedParameters: 0 0 0

#Transform 20
Transform: AffineTransform_float_3_3
Parameters: 1 0 0 0 1 0.000256 0 -0.000256 1 -0.00329 -0.00267573 0.0053892
FixedParameters: 0 0 0

#Transform 21
Transform: AffineTransform_float_3_3
Parameters: 1 1.2669e-08 0.000123 1.2669e-08 1 -0.000103 -0.000123 0.000103 1 0.00299254 0.0136233 0.0140466
FixedParameters: 0 0 0

#Transform 22
Transform: AffineTransform_float_3_3
Parameters: 1 8.722e-08 0.00049 8.722e-08 1 -0.000178 -0.00049 0.000178 1 0.0110071 0.0616261 0.0479106
FixedParameters: 0 0 0

#Transform 23
Transform: AffineTransform_float_3_3
Parameters: 1 7.987e-08 0.00049 7.987e-08 1 -0.000163 -0.00049 0.000163 1 0.00884408 0.0811863 0.0173572
FixedParameters: 0 0 0

#Transform 24
Transform: AffineTransform_float_3_3
Parameters: 0.999999 -0.000175975 0.000976003 0.000176024 1 -2.48282e-05 -0.000975995 2.51718e-05 0.999999 0.00358537 0.0691301 0.0312716
FixedParameters: 0 0 0

#Transform 25
Transform: AffineTransform_float_3_3
Parameters: 1 -0.000164986 0.000590004 0.000165014 1 -2.39026e-05 -0.000589996 2.40973e-05 1 0.00155284 0.069126 0.0205273
FixedParameters: 0 0 0

#Transform 26
Transform: AffineTransform_float_3_3
Parameters: 0.999999 -0.000195113 0.000765971 0.000194887 1 0.000148149 -0.000766028 -0.000147851 0.999999 0.0155405 0.0590928 0.0375423
FixedParameters: 0 0 0

#Transform 27
Transform: AffineTransform_float_3_3
Parameters: 1 -0.000111053 0.000644991 0.000110946 1 8.30716e-05 -0.000645009 -8.29284e-05 1 0.00835059 0.0556661 0.0338317
FixedParameters: 0 0 0

#Transform 28
Transform: AffineTransform_float_3_3
Parameters: 1 -0.000140004 0.000610999 0.000139996 1 7.08554e-06 -0.000611001 -6.91446e-06 1 0.0133301 0.0428906 0.0376568
FixedParameters: 0 0 0

#Transform 29
Transform: AffineTransform_float_3_3
Parameters: 1 -9.702e-08 0.00049 -9.702e-08 1 0.000198 -0.00049 -0.000198 1 -0.000842362 0.0410362 0.0266549
FixedParameters: 0 0 0

#Transform 30
Transform: AffineTransform_float_3_3
Parameters: 1 -0.000268301 0.00089491 0.000268699 1 0.00033624 -0.00089509 -0.00033576 0.999999 0.00644592 0.0241822 0.0411749
FixedParameters: 0 0 0

#Transform 31
Transform: AffineTransform_float_3_3
Parameters: 0.999999 -0.000210146 0.000894965 0.000209854 1 0.000163188 -0.000895033 -0.000162812 0.999999 -0.000646944 0.0411281 0.0205042
FixedParameters: 0 0 0

#Transform 32
Transform: AffineTransform_float_3_3
Parameters: 0.999999 -0.000550117 0.000732912 0.000549883 1 0.000159403 -0.000733087 -0.000159597 0.999999 0.0155201 0.0408384 0.036256
FixedParameters: 0 0 0

#Transform 33
Transform: AffineTransform_float_3_3
Parameters: 1 -0.000450023 0.000894989 0.000449978 1 2.54027e-05 -0.000895012 -2.55972e-05 0.999999 0.0137778 0.0578987 0.0489488
FixedParameters: 0 0 0

#Transform 34
Transform: AffineTransform_float_3_3
Parameters: 0.999999 -0.000261097 0.000894972 0.000260902 1 0.000109234 -0.000895029 -0.000108766 1 0.0142347 0.0648276 0.0560617
FixedParameters: 0 0 0

#Transform 35
Transform: AffineTransform_float_3_3
Parameters: 1 -0.000257346 0.00101791 0.000256654 1 0.000340262 -0.00101709 -0.000339739 1 0.00478291 0.0735114 0.0430622
FixedParameters: 0 0 0

#Transform 36
Transform: AffineTransform_float_3_3
Parameters: 0.999999 -0.000260161 0.000832949 0.000259838 1 0.000194216 -0.00083305 -0.000193783 0.999999 0.0149623 0.0586169 0.0284426
FixedParameters: 0 0 0

#Transform 37
Transform: AffineTransform_float_3_3
Parameters: 0.999999 -0.000241322 0.000894912 0.000240678 1 0.000360215 -0.000895086 -0.000359784 0.999999 0.0143173 0.0666342 0.0294102
FixedParameters: 0 0 0

#Transform 38
Transform: AffineTransform_float_3_3
Parameters: 0.999999 -0.000325084 0.000894969 0.000324916 1 9.32908e-05 -0.00089503 -9.3709e-05 0.999999 0.0210032 0.0567 0.0327812
FixedParameters: 0 0 0

#Transform 39
Transform: AffineTransform_float_3_3
Parameters: 1 -0.00045043 0.000894785 0.00044957 1 0.000480403 -0.000895217 -0.000480597 1 0.0210764 0.0513028 0.0529786
FixedParameters: 0 0 0

#Transform 40
Transform: AffineTransform_float_3_3
Parameters: 0.999999 -0.000349065 0.000894974 0.000348935 1 7.23123e-05 -0.000895025 -7.26876e-05 0.999999 0.0187326 0.0527944 0.0441942
FixedParameters: 0 0 0

#Transform 41
Transform: AffineTransform_float_3_3
Parameters: 1 -0.000278378 0.00112091 0.000278622 1 0.000337313 -0.00112109 -0.000336688 1 0.0169037 0.0591053 0.0592192
FixedParameters: 0 0 0

#Transform 42
Transform: AffineTransform_float_3_3
Parameters: 1 -0.000243292 0.00102893 0.000242708 1 0.00028425 -0.00102907 -0.00028375 1 0.0122875 0.0697194 0.048932
FixedParameters: 0 0 0

#Transform 43
Transform: AffineTransform_float_3_3
Parameters: 1 -0.000232471 0.00116091 0.00023253 1 0.00040527 -0.0011611 -0.00040573 0.999999 0.012734 0.0642954 0.0516753
FixedParameters: 0 0 0

#Transform 44
Transform: AffineTransform_float_3_3
Parameters: 1 -0.000450336 0.000894831 0.000449664 1 0.000375402 -0.000895169 -0.000374597 0.999999 0.0163649 0.0565068 0.0360444
FixedParameters: 0 0 0

#Transform 45
Transform: AffineTransform_float_3_3
Parameters: 0.999999 -0.000329429 0.000894841 0.00032857 1 0.000480294 -0.000895157 -0.000479705 0.999999 0.0143192 0.0631388 0.0378369
FixedParameters: 0 0 0

#Transform 46
Transform: AffineTransform_float_3_3
Parameters: 0.999999 -0.000317429 0.000894847 0.00031657 1 0.000480283 -0.000895151 -0.000479716 0.999999 0.0150838 0.0696067 0.0383431
FixedParameters: 0 0 0

#Transform 47
Transform: AffineTransform_float_3_3
Parameters: 0.999999 -0.000258429 0.000894876 0.00025757 1 0.000480231 -0.000895124 -0.000479769 1 0.0129502 0.0619884 0.0417926
FixedParameters: 0 0 0

#Transform 48
Transform: AffineTransform_float_3_3
Parameters: 0.999999 -0.000312359 0.000894874 0.000312641 1 0.00040128 -0.000895125 -0.00040072 0.999999 0.0140891 0.0583011 0.0400699
FixedParameters: 0 0 0

#Transform 49
Transform: AffineTransform_float_3_3
Parameters: 0.999999 -0.000450476 0.000894761 0.000449524 1 0.000531403 -0.000895239 -0.000531597 1 0.0167197 0.0409563 0.0633915
FixedParameters: 0 0 0

#Transform 50
Transform: AffineTransform_float_3_3
Parameters: 1 -0.000360499 0.0008948 0.000360501 1 0.000557323 -0.000895202 -0.000557678 1 0.0151559 0.0522371 0.0504811
FixedParameters: 0 0 0

#Transform 51
Transform: AffineTransform_float_3_3
Parameters: 0.999999 -0.000450619 0.000894689 0.000450381 0.999999 0.000691403 -0.000895312 -0.000691597 1 0.0169727 0.0617112 0.071544
FixedParameters: 0 0 0

#Transform 52
Transform: AffineTransform_float_3_3
Parameters: 1 -0.000450642 0.00101172 0.000450359 0.999999 0.000634456 -0.00101129 -0.000634545 1 0.0127572 0.0623195 0.0596763
FixedParameters: 0 0 0

#Transform 53
Transform: AffineTransform_float_3_3
Parameters: 0.999999 -0.000392737 0.00121376 0.000391264 0.999999 0.000606475 -0.00121424 -0.000606524 0.999999 0.0110964 0.0438266 0.0544609
FixedParameters: 0 0 0

#Transform 54
Transform: AffineTransform_float_3_3
Parameters: 0.999999 -0.000367429 0.000894823 0.00036757 1 0.000480329 -0.000895176 -0.000479671 0.999999 0.0161403 0.0569855 0.0467843
FixedParameters: 0 0 0

#Transform 55
Transform: AffineTransform_float_3_3
Parameters: 1 -0.000450715 0.00110871 0.000450285 0.999999 0.0006445 -0.00110929 -0.0006445 0.999999 0.0154493 0.0622131 0.054241
FixedParameters: 0 0 0

#Transform 56
Transform: AffineTransform_float_3_3
Parameters: 1 -0.000450303 0.000957859 0.000449697 1 0.000316431 -0.000958143 -0.000315569 1 0.014101 0.0696494 0.0471438
FixedParameters: 0 0 0

#Transform 57
Transform: AffineTransform_float_3_3
Parameters: 0.999999 -0.000367564 0.00117382 0.000367436 1 0.000480432 -0.00117418 -0.000480569 0.999999 0.0163567 0.0513791 0.0686405
FixedParameters: 0 0 0

#Transform 58
Transform: AffineTransform_float_3_3
Parameters: 0.999999 -0.000450587 0.000894704 0.000449411 0.999999 0.000657402 -0.000895295 -0.000656597 1 0.0172495 0.0676295 0.0676025
FixedParameters: 0 0 0

#Transform 59
Transform: AffineTransform_float_3_3
Parameters: 0.999999 -0.000450556 0.00115678 0.000449444 1 0.00048052 -0.00115722 -0.000480479 0.999999 0.0259723 0.064045 0.0675901
FixedParameters: 0 0 0

#Transform 60
Transform: AffineTransform_float_3_3
Parameters: 1 -0.000341485 0.00101084 0.000340515 1 0.000480345 -0.00101116 -0.000479655 1 0.0096788 0.0698158 0.0585688
FixedParameters: 0 0 0

#Transform 61
Transform: AffineTransform_float_3_3
Parameters: 1 -0.000450529 0.00109978 0.000449472 1 0.000480495 -0.00109922 -0.000480505 1 0.0160583 0.0640314 0.0630574
FixedParameters: 0 0 0

#Transform 62
Transform: AffineTransform_float_3_3
Parameters: 1 -0.000450509 0.00105778 0.000449492 1 0.000480476 -0.00105722 -0.000480524 1 0.0165518 0.0640358 0.0488576
FixedParameters: 0 0 0

#Transform 63
Transform: AffineTransform_float_3_3
Parameters: 1 -0.00045043 0.000894785 0.00044957 1 0.000480403 -0.000895217 -0.000480597 1 0.018027 0.0570294 0.0487576
FixedParameters: 0 0 0

#Transform 64
Transform: AffineTransform_float_3_3
Parameters: 1 -0.000450646 0.000894676 0.000450354 0.999999 0.000722403 -0.000895326 -0.000721597 1 0.0199009 0.061426 0.0709323
FixedParameters: 0 0 0

#Transform 65
Transform: AffineTransform_float_3_3
Parameters: 0.999999 -0.000450333 0.000894832 0.000449667 1 0.000372402 -0.000895167 -0.000372597 0.999999 0.0175935 0.056913 0.0633579
FixedParameters: 0 0 0

#Transform 66
Transform: AffineTransform_float_3_3
Parameters: 1 -0.00045043 0.000894785 0.00044957 1 0.000480403 -0.000895217 -0.000480597 1 0.0197516 0.0640335 0.0640937
FixedParameters: 0 0 0

#Transform 67
Transform: AffineTransform_float_3_3
Parameters: 0.999999 -0.000301316 0.000894894 0.000300685 1 0.000352269 -0.000895106 -0.000352731 1 0.0158442 0.065557 0.0613001
FixedParameters: 0 0 0

#Transform 68
Transform: AffineTransform_float_3_3
Parameters: 1 -0.00045043 0.000894785 0.00044957 1 0.000480403 -0.000895217 -0.000480597 1 0.0234566 0.0640363 0.0663614
FixedParameters: 0 0 0

#Transform 69
Transform: AffineTransform_float_3_3
Parameters: 1 -0.000450207 0.000894896 0.000449794 1 0.000230403 -0.000895104 -0.000230597 0.999999 0.0183361 0.0666458 0.0637243
FixedParameters: 0 0 0

#Transform 70
Transform: AffineTransform_float_3_3
Parameters: 0.999999 -0.00031547 0.000835823 0.000314529 1 0.000563263 -0.000836177 -0.000562737 1 0.0168676 0.0633146 0.0840307
FixedParameters: 0 0 0

#Transform 71
Transform: AffineTransform_float_3_3
Parameters: 0.999999 -0.000368187 0.000685899 0.000367812 1 0.000273252 -0.0006861 -0.000272747 0.999999 0.0205252 0.071333 0.061003
FixedParameters: 0 0 0

#Transform 72
Transform: AffineTransform_float_3_3
Parameters: 0.999999 -0.000274502 0.000894846 0.000273498 1 0.000561245 -0.000895154 -0.000560755 1 0.0250428 0.063357 0.0770296
FixedParameters: 0 0 0

#Transform 73
Transform: AffineTransform_float_3_3
Parameters: 0.999999 -0.000204258 0.000813935 0.000204742 1 0.000317167 -0.000814064 -0.000316834 0.999999 0.0129312 0.0659541 0.0635174
FixedParameters: 0 0 0

#Transform 74
Transform: AffineTransform_float_3_3
Parameters: 1 -0.000450486 0.000894756 0.000449514 1 0.000543403 -0.000895245 -0.000542597 1 0.0163209 0.0633784 0.0775086
FixedParameters: 0 0 0

#Transform 75
Transform: AffineTransform_float_3_3
Parameters: 0.999999 -0.000337163 0.000836934 0.000336837 1 0.000195282 -0.000836065 -0.000194718 0.999999 0.0119241 0.0671051 0.0667417
FixedParameters: 0 0 0

#Transform 76
Transform: AffineTransform_float_3_3
Parameters: 0.999999 -0.000450325 0.00077381 0.000449675 1 0.000420348 -0.000773188 -0.000419652 0.999999 0.0165736 0.0613154 0.082589
FixedParameters: 0 0 0

#Transform 77
Transform: AffineTransform_float_3_3
Parameters: 0.999999 -0.000139292 0.000894954 0.000138708 1 0.000326124 -0.000895044 -0.000325875 0.999999 0.0100205 0.0659705 0.0712172
FixedParameters: 0 0 0

#Transform 78
Transform: AffineTransform_float_3_3
Parameters: 1 -0.000250419 0.0010019 0.000249581 1 0.00041825 -0.00100211 -0.000417749 1 0.0165035 0.0649538 0.0763826
FixedParameters: 0 0 0

#Transform 79
Transform: AffineTransform_float_3_3
Parameters: 1 -0.000247636 0.000894825 0.000246364 0.999999 0.000710221 -0.000895176 -0.000710779 1 0.0082338 0.0674818 0.0720427
FixedParameters: 0 0 0

#Transform 80
Transform: AffineTransform_float_3_3
Parameters: 0.999999 -0.000450348 0.000830811 0.000449652 1 0.000418374 -0.000831188 -0.000418626 0.999999 0.018712 0.064677 0.0742278
FixedParameters: 0 0 0

#Transform 81
Transform: AffineTransform_float_3_3
Parameters: 0.999999 -0.000206489 0.000894887 0.00020551 1 0.000547184 -0.000895113 -0.000546816 1 0.00880615 0.0822194 0.0755466
FixedParameters: 0 0 0

#Transform 82
Transform: AffineTransform_float_3_3
Parameters: 0.999999 -0.000327502 0.000800794 0.000327497 0.999999 0.000627262 -0.000801205 -0.000626737 0.999999 0.0159316 0.0717542 0.0701104
FixedParameters: 0 0 0

#Transform 83
Transform: AffineTransform_float_3_3
Parameters: 0.999999 -0.000167401 0.000894925 0.000166599 1 0.000448149 -0.000895075 -0.000447851 1 0.00943509 0.0918845 0.0663924
FixedParameters: 0 0 0

#Transform 84
Transform: AffineTransform_float_3_3
Parameters: 0.999999 -9.55795e-05 0.000813932 9.54203e-05 0.999999 0.000712078 -0.000814068 -0.000711923 1 0.00545813 0.0720075 0.0720067
FixedParameters: 0 0 0

#Transform 85
Transform: AffineTransform_float_3_3
Parameters: 0.999999 -8.84731e-05 0.000785946 8.75267e-05 1 0.000602069 -0.000786052 -0.00060193 0.999999 0.00530641 0.0903505 0.0403324
FixedParameters: 0 0 0

#Transform 86
Transform: AffineTransform_float_3_3
Parameters: 0.999999 -0.000146508 0.000894917 0.000145491 1 0.000568131 -0.000895083 -0.000567869 1 0.00603426 0.0710232 0.0560483
FixedParameters: 0 0 0

#Transform 87
Transform: AffineTransform_float_3_3
Parameters: 0.999999 -5.53651e-05 0.000894977 5.46348e-05 1 0.000408049 -0.000895022 -0.00040795 0.999999 0.0101278 0.0732688 0.0525945
FixedParameters: 0 0 0

#Transform 88
Transform: AffineTransform_float_3_3
Parameters: 0.999999 -4.46372e-05 0.000894968 4.43627e-05 0.999999 0.00071204 -0.000895032 -0.00071196 1 0.0156885 0.0645 0.0591833
FixedParameters: 0 0 0

#Transform 89
Transform: AffineTransform_float_3_3
Parameters: 0.999999 -1.25271e-05 0.000894993 1.14728e-05 1 0.000589011 -0.000895007 -0.000588989 1 0.00421319 0.0659133 0.056516
FixedParameters: 0 0 0

#Transform 90
Transform: AffineTransform_float_3_3
Parameters: 0.999999 -3.62128e-05 0.000738989 3.57871e-05 1 0.000288026 -0.00073901 -0.000287973 0.999999 0.0112449 0.0689724 0.0499278
FixedParameters: 0 0 0

#Transform 91
Transform: AffineTransform_float_3_3
Parameters: 0.999999 2.16876e-05 0.000895007 -2.23123e-05 1 0.00034898 -0.000894991 -0.000349019 0.999999 0.00563765 0.0684726 0.0615777
FixedParameters: 0 0 0

#Transform 92
Transform: AffineTransform_float_3_3
Parameters: 0.999999 2.85489e-05 0.000724017 -2.8451e-05 1 0.000622979 -0.000723982 -0.00062302 0.999999 0.00776716 0.0628229 0.0654292
FixedParameters: 0 0 0

#Transform 93
Transform: AffineTransform_float_3_3
Parameters: 0.999999 -2.46339e-06 0.000744998 1.53661e-06 1 0.000622001 -0.000745001 -0.000621998 0.999999 0.0208144 0.0655546 0.0570454
FixedParameters: 0 0 0

#Transform 94
Transform: AffineTransform_float_3_3
Parameters: 1 1.07365e-05 0.000500006 -1.12635e-05 1 0.000526994 -0.000499994 -0.000527005 0.999999 0.0230466 0.066533 0.0547292
FixedParameters: 0 0 0

#Transform 95
Transform: AffineTransform_float_3_3
Parameters: 1 7.73068e-05 0.00067108 -7.76931e-05 1 0.00103295 -0.00067092 -0.00103305 0.999999 0.0113541 0.0895049 0.0769955
FixedParameters: 0 0 0

#Transform 96
Transform: AffineTransform_float_3_3
Parameters: 0.999999 4.13267e-05 0.000765037 -4.16731e-05 0.999999 0.000879968 -0.000764964 -0.000880032 1 0.0093593 0.0686336 0.0840946
FixedParameters: 0 0 0

#Transform 97
Transform: AffineTransform_float_3_3
Parameters: 0.999999 8.61881e-05 0.000895078 -8.78116e-05 0.999999 0.000906922 -0.000894921 -0.000907077 0.999999 0.0116894 0.0998117 0.0847246
FixedParameters: 0 0 0

#Transform 98
Transform: AffineTransform_float_3_3
Parameters: 0.999999 -0.000227046 0.000894735 0.000225953 1 0.0011692 -0.000895264 -0.0011688 0.999999 0.0139863 0.0789302 0.0975736
FixedParameters: 0 0 0

#Transform 99
Transform: AffineTransform_float_3_3
Parameters: 1 -4.60815e-06 0.000671996 3.39184e-06 0.999999 0.000905002 -0.000672003 -0.000904997 1 0.0174775 0.0855501 0.084455
FixedParameters: 0 0 0

#Transform 100
Transform: AffineTransform_float_3_3
Parameters: 0.999999 2.47794e-06 0.000770002 -2.52206e-06 1 0.000677998 -0.000769999 -0.000678002 1 0.00609156 0.0855917 0.0748326
FixedParameters: 0 0 0

#Transform 101
Transform: AffineTransform_float_3_3
Parameters: 0.999999 5.05219e-05 0.00082003 -5.1478e-05 1 0.000582958 -0.00081997 -0.000583042 1 0.0148381 0.100887 0.0723027
FixedParameters: 0 0 0

#Transform 102
Transform: AffineTransform_float_3_3
Parameters: 0.999999 6.54898e-05 0.000895038 -6.55101e-05 1 0.000569942 -0.000894963 -0.000570059 1 0.000360043 0.0768729 0.0742823
FixedParameters: 0 0 0

#Transform 103
Transform: AffineTransform_float_3_3
Parameters: 0.999999 3.32141e-05 0.000895029 -3.37858e-05 0.999999 0.00087797 -0.000894971 -0.00087803 0.999999 0.0106026 0.0862949 0.080753
FixedParameters: 0 0 0

#Transform 104
Transform: AffineTransform_float_3_3
Parameters: 0.999999 0.000107343 0.000722098 -0.000108657 0.999999 0.000909922 -0.000721901 -0.000910078 1 0.00891865 0.0689001 0.0623602
FixedParameters: 0 0 0

#Transform 105
Transform: AffineTransform_float_3_3
Parameters: 0.999999 2.72975e-05 0.000792025 -2.87025e-05 0.999999 0.000886977 -0.000791975 -0.000887022 1 0.00771231 0.0696293 0.0604671
FixedParameters: 0 0 0

#Transform 106
Transform: AffineTransform_float_3_3
Parameters: 1 -4.6375e-07 0.000529999 -4.6375e-07 0.999999 0.000874999 -0.000529999 -0.000874999 0.999999 0.0145145 0.0684921 0.063884
FixedParameters: 0 0 0

#Transform 107
Transform: AffineTransform_float_3_3
Parameters: 0.999999 -8.49764e-05 0.000894907 8.40235e-05 1 0.00109108 -0.000895092 -0.00109092 0.999999 0.0153793 0.0704584 0.0784468
FixedParameters: 0 0 0

#Transform 108
Transform: AffineTransform_float_3_3
Parameters: 0.999999 -0.000107703 0.000894916 0.000106296 0.999999 0.000786095 -0.000895084 -0.000785904 1 0.0214763 0.0674077 0.0732191
FixedParameters: 0 0 0

#Transform 109
Transform: AffineTransform_float_3_3
Parameters: 0.999999 -0.000128539 0.000741907 0.000128461 0.999999 0.000726096 -0.000742094 -0.000725905 1 0.0182927 0.0877391 0.0673947
FixedParameters: 0 0 0

#Transform 110
Transform: AffineTransform_float_3_3
Parameters: 0.999999 -5.88573e-05 0.000894944 5.81425e-05 0.999999 0.000958052 -0.000895056 -0.000957947 0.999999 0.00996267 0.0695971 0.074109
FixedParameters: 0 0 0

#Transform 111
Transform: AffineTransform_float_3_3
Parameters: 0.999999 -7.49021e-05 0.000894925 7.40978e-05 1 0.00100807 -0.000895075 -0.00100793 0.999999 0.00969359 0.0848933 0.0793592
FixedParameters: 0 0 0

#Transform 112
Transform: AffineTransform_float_3_3
Parameters: 0.999999 0.000178181 0.000895163 -0.00017882 0.999999 0.00091584 -0.000894837 -0.00091516 0.999999 0.00208035 0.0676395 0.0773885
FixedParameters: 0 0 0

#Transform 113
Transform: AffineTransform_float_3_3
Parameters: 0.999999 -8.69002e-05 0.000894913 8.60995e-05 0.999999 0.00100608 -0.000895087 -0.00100592 0.999999 0.00665067 0.0783699 0.0792882
FixedParameters: 0 0 0

#Transform 114
Transform: AffineTransform_float_3_3
Parameters: 0.999999 -5.66909e-05 0.000894956 5.6309e-05 0.999999 0.000772051 -0.000895044 -0.00077195 1 -0.000486897 0.0777736 0.0743177
FixedParameters: 0 0 0

#Transform 115
Transform: AffineTransform_float_3_3
Parameters: 0.999999 -5.50829e-05 0.000894934 5.3917e-05 1 0.00121005 -0.000895065 -0.00120995 0.999999 0.00378255 0.0770752 0.0996716
FixedParameters: 0 0 0

#Transform 116
Transform: AffineTransform_float_3_3
Parameters: 1 -1.83238e-05 0.000546989 1.76762e-05 1 0.000592009 -0.00054701 -0.00059199 0.999999 0.00667832 0.0893894 0.0864232
FixedParameters: 0 0 0

#Transform 117
Transform: AffineTransform_float_3_3
Parameters: 0.999999 -0.000190812 0.00070178 0.000190189 1 0.00115713 -0.00070122 -0.00115687 0.999999 0.00881953 0.0902975 0.128814
FixedParameters: 0 0 0

#Transform 118
Transform: AffineTransform_float_3_3
Parameters: 0.999999 2.14907e-05 0.000895012 -2.25092e-05 1 0.00056898 -0.000894987 -0.00056902 1 0.00218507 0.0896462 0.114046
FixedParameters: 0 0 0

#Transform 119
Transform: AffineTransform_float_3_3
Parameters: 0.999999 -6.48582e-05 0.000894938 6.41416e-05 0.999999 0.000959057 -0.000895062 -0.000958942 0.999999 0.00405789 0.0904745 0.0972045
FixedParameters: 0 0 0

#Transform 120
Transform: AffineTransform_float_3_3
Parameters: 0.999999 -9.4358e-06 0.000729994 8.56418e-06 1 0.000597006 -0.000730005 -0.000596993 0.999999 0.00453349 0.0995341 0.0893298
FixedParameters: 0 0 0

#Transform 121
Transform: AffineTransform_float_3_3
Parameters: 1 0.000124461 0.000635106 -0.000125538 0.999999 0.000847921 -0.000634894 -0.000848079 1 0.00267301 0.0834804 0.0946302
FixedParameters: 0 0 0

#Transform 122
Transform: AffineTransform_float_3_3
Parameters: 1 0.000110885 0.000194066 -0.000111115 1 0.000593978 -0.000193934 -0.000594021 1 0.00756768 0.0972832 0.0844105
FixedParameters: 0 0 0

#Transform 123
Transform: AffineTransform_float_3_3
Parameters: 1 0.000120651 0.000364116 -0.000121349 0.999999 0.000958956 -0.000363884 -0.000959044 1 0.00565359 0.0856299 0.0966604
FixedParameters: 0 0 0

#Transform 124
Transform: AffineTransform_float_3_3
Parameters: 1 0.000247674 0.000400202 -0.000248325 0.999999 0.0008139 -0.000399798 -0.000814098 0.999999 0.00249019 0.0872031 0.0706589
FixedParameters: 0 0 0

#Transform 125
Transform: AffineTransform_float_3_3
Parameters: 1 0.00018463 0.000386177 -0.000184371 0.999999 0.000958929 -0.000386824 -0.000959071 1 0.00404564 0.0856236 0.0943586
FixedParameters: 0 0 0

#Transform 126
Transform: AffineTransform_float_3_3
Parameters: 1 0.00035363 0.000386339 -0.00035437 1 0.000958863 -0.00038566 -0.000958136 0.999999 0.000387176 0.0943076 0.0753003
FixedParameters: 0 0 0

#Transform 127
Transform: AffineTransform_float_3_3
Parameters: 1 0.000127646 0.000574079 -0.000128354 1 0.000616926 -0.000573921 -0.000617073 0.999999 0.00587136 0.0892269 0.0846571
FixedParameters: 0 0 0

#Transform 128
Transform: AffineTransform_float_3_3
Parameters: 1 0.000352517 0.000504338 -0.000353484 1 0.000958823 -0.000504662 -0.000958179 1 -0.00153396 0.0859677 0.0834995
FixedParameters: 0 0 0

#Transform 129
Transform: AffineTransform_float_3_3
Parameters: 0.999999 0.000209519 0.000738137 -0.000210481 1 0.000651845 -0.000737863 -0.000652155 1 -0.000867823 0.0889234 0.0883411
FixedParameters: 0 0 0

#Transform 130
Transform: AffineTransform_float_3_3
Parameters: 1 0.000297439 0.000468357 -0.00029856 0.999999 0.00119786 -0.000467643 -0.00119814 0.999999 -0.0086498 0.0833639 0.0996092
FixedParameters: 0 0 0

#Transform 131
Transform: AffineTransform_float_3_3
Parameters: 1 0.000124351 0.000692117 -0.000124648 0.999999 0.000936914 -0.000691884 -0.000937086 1 0.00512159 0.0858154 0.0942178
FixedParameters: 0 0 0

#Transform 132
Transform: AffineTransform_float_3_3
Parameters: 0.999999 0.000297477 0.000700223 -0.000298523 0.999999 0.000746791 -0.000699777 -0.000747208 1 -0.00238224 0.100412 0.0901012
FixedParameters: 0 0 0

#Transform 133
Transform: AffineTransform_float_3_3
Parameters: 0.999999 0.000297114 0.000895294 -0.000297886 1 0.000989734 -0.000894705 -0.000990267 0.999999 -0.00440708 0.0982396 0.0988453
FixedParameters: 0 0 0

#Transform 134
Transform: AffineTransform_float_3_3
Parameters: 0.999999 0.000297463 0.000895179 -0.000298537 1 0.000599733 -0.000894821 -0.000600267 1 -0.00442188 0.117238 0.0871616
FixedParameters: 0 0 0

#Transform 135
Transform: AffineTransform_float_3_3
Parameters: 0.999999 0.000297406 0.000832213 -0.000298594 0.999999 0.000713752 -0.000831787 -0.000714248 1 -0.00377005 0.0882343 0.0933069
FixedParameters: 0 0 0

#Transform 136
Transform: AffineTransform_float_3_3
Parameters: 0.999999 0.000297216 0.000792294 -0.000298784 1 0.000989764 -0.000791704 -0.000990236 0.999999 -0.00334139 0.0809423 0.0954159
FixedParameters: 0 0 0

#Transform 137
Transform: AffineTransform_float_3_3
Parameters: 1 0.000297458 0.000547295 -0.000298542 1 0.000989838 -0.000547705 -0.000990164 1 -0.000834663 0.0815833 0.0729321
FixedParameters: 0 0 0

#Transform 138
Transform: AffineTransform_float_3_3
Parameters: 0.999999 0.000351289 0.000622402 -0.000352711 1 0.00114278 -0.000621598 -0.00114222 0.999999 -0.00276262 0.0991081 0.0787661
FixedParameters: 0 0 0

#Transform 139
Transform: AffineTransform_float_3_3
Parameters: 1 0.000297474 0.000568276 -0.000298526 0.999999 0.00092583 -0.000567724 -0.000926169 1 -0.00104909 0.0859265 0.0683021
FixedParameters: 0 0 0

#Transform 140
Transform: AffineTransform_float_3_3
Parameters: 1 0.00029745 0.000555295 -0.00029855 1 0.000989835 -0.000555705 -0.000990166 1 -0.000922911 0.0853808 0.0754834
FixedParameters: 0 0 0

#Transform 141
Transform: AffineTransform_float_3_3
Parameters: 1 0.000297707 0.000443197 -0.000298293 0.999999 0.000662868 -0.000442802 -0.000662132 0.999999 0.000287098 0.0998555 0.0683781
FixedParameters: 0 0 0

#Transform 142
Transform: AffineTransform_float_3_3
Parameters: 0.999999 0.000297324 0.000683295 -0.000298676 1 0.000989797 -0.000682705 -0.000990204 1 -0.00220821 0.0854156 0.0829168
FixedParameters: 0 0 0

#Transform 143
Transform: AffineTransform_float_3_3
Parameters: 0.999999 0.000410455 0.000656341 -0.000411545 1 0.000830731 -0.000655658 -0.00083127 1 -0.00472101 0.0971372 0.0674064
FixedParameters: 0 0 0

#Transform 144
Transform: AffineTransform_float_3_3
Parameters: 1 0.00029756 0.000479273 -0.000298439 0.999999 0.000917857 -0.000478726 -0.000918143 1 0.00563472 0.0974853 0.0747863
FixedParameters: 0 0 0

#Transform 145
Transform: AffineTransform_float_3_3
Parameters: 1 0.000297563 0.000509255 -0.000298437 1 0.000857848 -0.000508744 -0.000858152 0.999999 0.00624208 0.097309 0.0656303
FixedParameters: 0 0 0

#Transform 146
Transform: AffineTransform_float_3_3
Parameters: 1 0.000297581 0.000441283 -0.00029842 1 0.000950869 -0.000441717 -0.000950132 1 0.0166416 0.0802274 0.0755147
FixedParameters: 0 0 0

#Transform 147
Transform: AffineTransform_float_3_3
Parameters: 0.999999 0.000297312 0.000676303 -0.000298688 1 0.0010178 -0.000675696 -0.0010182 1 0.00558806 0.0850818 0.0692248
FixedParameters: 0 0 0

#Transform 148
Transform: AffineTransform_float_3_3
Parameters: 1 0.000297541 0.000561244 -0.00029846 1 0.000818834 -0.000561756 -0.000819168 1 0.0154041 0.0871719 0.0649176
FixedParameters: 0 0 0

#Transform 149
Transform: AffineTransform_float_3_3
Parameters: 0.999999 0.000297348 0.000755257 -0.000298651 0.999999 0.000862775 -0.000754743 -0.000863225 1 0.00497395 0.0866443 0.0660021
FixedParameters: 0 0 0

#Transform 150
Transform: AffineTransform_float_3_3
Parameters: 1 0.000297032 0.000895322 -0.000297968 1 0.00108173 -0.000894679 -0.00108227 0.999999 0.00549628 0.0843414 0.0808383
FixedParameters: 0 0 0

#Transform 151
Transform: AffineTransform_float_3_3
Parameters: 0.999999 0.000297299 0.000698299 -0.000298701 1 0.00100379 -0.0006977 -0.00100421 1 0.000487862 0.109337 0.0747334
FixedParameters: 0 0 0

#Transform 152
Transform: AffineTransform_float_3_3
Parameters: 1 0.000203671 0.000434154 -0.000203329 0.999999 0.000757911 -0.000433846 -0.000758088 0.999999 0.0050138 0.0995827 0.0633621
FixedParameters: 0 0 0

#Transform 153
Transform: AffineTransform_float_3_3
Parameters: 0.999999 0.000297367 0.000694271 -0.000298633 0.999999 0.000911793 -0.000693728 -0.000912206 1 0.00348259 0.0947231 0.0786153
FixedParameters: 0 0 0

#Transform 154
Transform: AffineTransform_float_3_3
Parameters: 0.999999 0.000297324 0.000704286 -0.000298676 0.999999 0.00096079 -0.000703714 -0.000960209 1 0.0139679 0.0927652 0.0940684
FixedParameters: 0 0 0

#Transform 155
Transform: AffineTransform_float_3_3
Parameters: 0.999999 0.000354225 0.000895306 -0.000355774 0.999999 0.000864682 -0.000894692 -0.000865317 0.999999 0.00352629 0.110809 0.0940105
FixedParameters: 0 0 0

#Transform 156
Transform: AffineTransform_float_3_3
Parameters: 0.999999 0.000396328 0.000744358 -0.000397671 0.999999 0.000901704 -0.000744642 -0.000902295 1 0.0045386 0.100996 0.0924529
FixedParameters: 0 0 0

#Transform 157
Transform: AffineTransform_float_3_3
Parameters: 0.999999 0.000297259 0.000721306 -0.00029874 1 0.00102679 -0.000720693 -0.00102722 0.999999 0.0137829 0.109087 0.0766743
FixedParameters: 0 0 0

#Transform 158
Transform: AffineTransform_float_3_3
Parameters: 1 0.000297649 0.000470222 -0.000298351 0.999999 0.000746859 -0.000469777 -0.000747139 0.999999 0.0163718 0.0814325 0.0704045
FixedParameters: 0 0 0

#Transform 159
Transform: AffineTransform_float_3_3
Parameters: 0.999999 0.000297302 0.000719289 -0.000298698 1 0.000970786 -0.000718711 -0.000970215 1 0.0110137 0.092727 0.0897753
FixedParameters: 0 0 0

#Transform 160
Transform: AffineTransform_float_3_3
Parameters: 1 0.000440486 0.000530428 -0.000440515 1 0.000970767 -0.000530573 -0.000970235 1 0.00915255 0.0829113 0.0753633
FixedParameters: 0 0 0

#Transform 161
Transform: AffineTransform_float_3_3
Parameters: 0.999999 0.000297131 0.000818316 -0.00029787 1 0.00106176 -0.000818684 -0.00106224 0.999999 0.0127594 0.088427 0.0948639
FixedParameters: 0 0 0

#Transform 162
Transform: AffineTransform_float_3_3
Parameters: 0.999999 0.000297355 0.000895214 -0.000298645 0.999999 0.000720733 -0.000894785 -0.000720266 1 0.0119558 0.0984601 0.0740694
FixedParameters: 0 0 0

#Transform 163
Transform: AffineTransform_float_3_3
Parameters: 0.999999 0.000297311 0.000710289 -0.000298689 1 0.000970789 -0.000709711 -0.000970212 1 0.0138839 0.088199 0.0783233
FixedParameters: 0 0 0

#Transform 164
Transform: AffineTransform_float_3_3
Parameters: 0.999999 0.000297511 0.000679214 -0.000298489 0.999999 0.000720797 -0.000678785 -0.000720202 0.999999 0.0141936 0.106527 0.0860895
FixedParameters: 0 0 0

#Transform 165
Transform: AffineTransform_float_3_3
Parameters: 1 0.000297464 0.000601266 -0.000298536 0.999999 0.000891821 -0.000600734 -0.000892179 1 0.0150391 0.0889317 0.091178
FixedParameters: 0 0 0

#Transform 166
Transform: AffineTransform_float_3_3
Parameters: 1 0.000297454 0.000609267 -0.000298547 1 0.000896819 -0.000609733 -0.000897182 1 0.0149164 0.105432 0.0812882
FixedParameters: 0 0 0

#Transform 167
Transform: AffineTransform_float_3_3
Parameters: 0.999999 0.000297437 0.000690243 -0.000298563 0.999999 0.000815794 -0.000690757 -0.000815206 1 0.0140622 0.0866857 0.0722385
FixedParameters: 0 0 0

#Transform 168
Transform: AffineTransform_float_3_3
Parameters: 1 0.000297549 0.00053725 -0.000298452 0.999999 0.000839839 -0.000537749 -0.000840159 0.999999 0.0103513 0.105813 0.0724797
FixedParameters: 0 0 0

#Transform 169
Transform: AffineTransform_float_3_3
Parameters: 1 0.000297745 0.000469162 -0.000298255 1 0.00054386 -0.000468838 -0.000544139 0.999999 0.0163981 0.0925211 0.0830436
FixedParameters: 0 0 0

#Transform 170
Transform: AffineTransform_float_3_3
Parameters: 1 0.000297448 0.00060827 -0.000298552 0.999999 0.000906819 -0.00060873 -0.000907181 1 0.00919839 0.088746 0.0909865
FixedParameters: 0 0 0

#Transform 171
Transform: AffineTransform_float_3_3
Parameters: 1 0.0002977 0.000474188 -0.0002983 1 0.000632858 -0.000473811 -0.000633141 0.999999 0.0132935 0.0916153 0.0707376
FixedParameters: 0 0 0

#Transform 172
Transform: AffineTransform_float_3_3
Parameters: 1 0.000297567 0.000549234 -0.000298432 0.999999 0.000787836 -0.000548765 -0.000788163 0.999999 0.00773828 0.102124 0.0802553
FixedParameters: 0 0 0

#Transform 173
Transform: AffineTransform_float_3_3
Parameters: 1 0.000297469 0.000591268 -0.000298531 1 0.000898825 -0.000590732 -0.000899177 1 0.0151565 0.0889332 0.0903751
FixedParameters: 0 0 0

#Transform 174
Transform: AffineTransform_float_3_3
Parameters: 1 0.000297763 0.00050214 -0.000298236 1 0.00047085 -0.000501859 -0.000471149 1 0.00919841 0.0932809 0.0811408
FixedParameters: 0 0 0

#Transform 175
Transform: AffineTransform_float_3_3
Parameters: 0.999999 0.000197437 0.000778143 -0.000198562 0.999999 0.000722846 -0.000777857 -0.000723154 1 0.0153204 0.0905731 0.0930927
FixedParameters: 0 0 0

#Transform 176
Transform: AffineTransform_float_3_3
Parameters: 1 0.000359472 0.000603315 -0.000359528 1 0.000874784 -0.000602686 -0.000875218 1 0.00820391 0.118588 0.0898467
FixedParameters: 0 0 0

#Transform 177
Transform: AffineTransform_float_3_3
Parameters: 1 0.000297489 0.000582262 -0.000298511 0.999999 0.000877826 -0.000581738 -0.000878173 1 0.0152252 0.0852377 0.0819533
FixedParameters: 0 0 0

#Transform 178
Transform: AffineTransform_float_3_3
Parameters: 0.999999 0.000297473 0.000701224 -0.000298527 0.999999 0.000750791 -0.000701776 -0.000751209 1 0.00761568 0.110582 0.0814888
FixedParameters: 0 0 0

#Transform 179
Transform: AffineTransform_float_3_3
Parameters: 0.999999 0.000297327 0.000895223 -0.000298672 0.999999 0.000750733 -0.000894776 -0.000751266 1 0.0119687 0.0971525 0.0877591
FixedParameters: 0 0 0

#Transform 180
Transform: AffineTransform_float_3_3
Parameters: 1 0.000297574 0.000535237 -0.000298426 0.999999 0.00079684 -0.000534762 -0.000796159 0.999999 0.0157101 0.101667 0.100133
FixedParameters: 0 0 0

#Transform 181
Transform: AffineTransform_float_3_3
Parameters: 0.999999 0.00029717 0.000834296 -0.00029783 1 0.000994753 -0.000833704 -0.000995249 0.999999 0.0126174 0.0894003 0.102006
FixedParameters: 0 0 0

#Transform 182
Transform: AffineTransform_float_3_3
Parameters: 1 0.000297537 0.000567243 -0.000298462 0.999999 0.000815831 -0.000566757 -0.000816169 1 0.0153935 0.109912 0.100594
FixedParameters: 0 0 0

#Transform 183
Transform: AffineTransform_float_3_3
Parameters: 0.999999 0.000368377 0.000639359 -0.000368623 1 0.000973765 -0.000639641 -0.000974237 1 0.0154322 0.0840577 0.0771072
FixedParameters: 0 0 0

#Transform 184
Transform: AffineTransform_float_3_3
Parameters: 0.999999 0.00029738 0.000656281 -0.000298619 0.999999 0.000943804 -0.000655718 -0.000944195 1 0.0165808 0.100775 0.0982505
FixedParameters: 0 0 0

#Transform 185
Transform: AffineTransform_float_3_3
Parameters: 0.999999 0.000297373 0.000660283 -0.000298628 1 0.000949804 -0.000660717 -0.000950198 1 0.0144002 0.08903 0.0984917
FixedParameters: 0 0 0

#Transform 186
Transform: AffineTransform_float_3_3
Parameters: 1 0.000297416 0.000582299 -0.000298585 1 0.00100483 -0.000581701 -0.00100417 1 0.0152363 0.093541 0.103724
FixedParameters: 0 0 0

#Transform 187
Transform: AffineTransform_float_3_3
Parameters: 1 0.000362546 0.000539306 -0.000362453 0.999999 0.000841805 -0.000538695 -0.000842196 1 0.0143774 0.0892506 0.093783
FixedParameters: 0 0 0

#Transform 188
Transform: AffineTransform_float_3_3
Parameters: 1 0.000297446 0.000586281 -0.000298554 1 0.000944826 -0.000585718 -0.000945175 1 0.0172267 0.097086 0.0979283
FixedParameters: 0 0 0

#Transform 189
Transform: AffineTransform_float_3_3
Parameters: 1 0.0002974 0.000585305 -0.000298599 1 0.00102483 -0.000584694 -0.00102517 1 0.0152035 0.0875252 0.102338
FixedParameters: 0 0 0

#Transform 190
Transform: AffineTransform_float_3_3
Parameters: 0.999999 0.000297283 0.00068831 -0.000298717 1 0.0010418 -0.000687689 -0.00104221 0.999999 0.0141623 0.100037 0.102739
FixedParameters: 0 0 0

#Transform 191
Transform: AffineTransform_float_3_3
Parameters: 0.999999 0.000446508 0.000605363 -0.000446491 0.999999 0.000812729 -0.000604637 -0.000813269 0.999999 0.0118659 0.089389 0.0977259
FixedParameters: 0 0 0

#Transform 192
Transform: AffineTransform_float_3_3
Parameters: 0.999999 0.000377996 0.000895424 -0.000379004 1 0.00112166 -0.000894575 -0.00112134 0.999999 0.010314 0.106873 0.098216
FixedParameters: 0 0 0

#Transform 193
Transform: AffineTransform_float_3_3
Parameters: 0.999999 0.000297289 0.000680311 -0.000298711 1 0.0010458 -0.000679688 -0.0010462 0.999999 0.0197422 0.0957304 0.0918573
FixedParameters: 0 0 0

#Transform 194
Transform: AffineTransform_float_3_3
Parameters: 1 0.000297576 0.000434291 -0.000298425 1 0.000976871 -0.000434709 -0.00097713 1 0.0167585 0.108306 0.0935264
FixedParameters: 0 0 0

#Transform 195
Transform: AffineTransform_float_3_3
Parameters: 1 0.000437663 0.000362407 -0.000438337 1 0.000929841 -0.000361592 -0.000930158 0.999999 0.0145606 0.097196 0.0923229
FixedParameters: 0 0 0

#Transform 196
Transform: AffineTransform_float_3_3
Parameters: 1 0.000297404 0.000587302 -0.000298596 0.999999 0.00101582 -0.000586697 -0.00101517 1 0.0151964 0.099659 0.0945366
FixedParameters: 0 0 0

#Transform 197
Transform: AffineTransform_float_3_3
Parameters: 0.999999 0.000297069 0.000895309 -0.000297931 1 0.00104073 -0.00089469 -0.00104027 0.999999 0.0119798 0.0848784 0.0953774
FixedParameters: 0 0 0

#Transform 198
Transform: AffineTransform_float_3_3
Parameters: 1 0.000297421 0.000608283 -0.000298578 0.999999 0.000950818 -0.000607716 -0.000951181 1 0.014962 0.103157 0.0930896
FixedParameters: 0 0 0

#Transform 199
Transform: AffineTransform_float_3_3
Parameters: 0.999999 0.000297251 0.000839265 -0.000298748 0.999999 0.000891749 -0.000838734 -0.000892249 1 0.0198067 0.0959681 0.0920988
FixedParameters: 0 0 0

#Transform 200
Transform: AffineTransform_float_3_3
Parameters: 0.999999 0.000297295 0.000709296 -0.000298705 0.999999 0.000992788 -0.000709704 -0.000993211 1 0.0138777 0.108068 0.0864456
FixedParameters: 0 0 0

#Transform 201
Transform: AffineTransform_float_3_3
Parameters: 0.999999 0.00029737 0.000681275 -0.00029863 1 0.000924798 -0.000680724 -0.000925203 1 0.0141718 0.0839013 0.0730197
FixedParameters: 0 0 0

#Transform 202
Transform: AffineTransform_float_3_3
Parameters: 0.999999 0.000297061 0.000895312 -0.000297939 1 0.00104973 -0.000894688 -0.00104927 0.999999 0.0119639 0.107479 0.0834319
FixedParameters: 0 0 0

#Transform 203
Transform: AffineTransform_float_3_3
Parameters: 0.999999 0.000297243 0.000694325 -0.000298757 1 0.00109079 -0.000693674 -0.00109121 0.999999 0.0140481 0.0952231 0.0905943
FixedParameters: 0 0 0

#Transform 204
Transform: AffineTransform_float_3_3
Parameters: 1 0.000297409 0.000540326 -0.000298592 1 0.00109584 -0.000539673 -0.00109516 1 0.0156543 0.107093 0.0945774
FixedParameters: 0 0 0

#Transform 205
Transform: AffineTransform_float_3_3
Parameters: 0.999999 0.000488459 0.000615429 -0.00048854 1 0.0008787 -0.00061457 -0.0008793 0.999999 0.0139644 0.10945 0.0794471
FixedParameters: 0 0 0

#Transform 206
Transform: AffineTransform_float_3_3
Parameters: 0.999999 0.000296748 0.000895415 -0.000298252 0.999999 0.00139873 -0.000894583 -0.00139827 0.999998 0.0119876 0.0948174 0.100765
FixedParameters: 0 0 0

#Transform 207
Transform: AffineTransform_float_3_3
Parameters: 0.999999 0.000297159 0.000784319 -0.000297841 1 0.00107277 -0.000783681 -0.00107323 0.999999 0.0131158 0.099754 0.076204
FixedParameters: 0 0 0

#Transform 208
Transform: AffineTransform_float_3_3
Parameters: 0.999999 0.000296822 0.000842415 -0.000298179 0.999999 0.00139875 -0.000842583 -0.00139825 0.999998 0.0124902 0.0999048 0.083309
FixedParameters: 0 0 0

#Transform 209
Transform: AffineTransform_float_3_3
Parameters: 1 0.000569572 0.00089591 -0.000571428 0.999998 0.00159449 -0.00089509 -0.00159551 0.999999 -0.0007777 0.122254 0.0848108
FixedParameters: 0 0 0

#Transform 210
Transform: AffineTransform_float_3_3
Parameters: 0.999999 0.000482826 0.000814696 -0.000484173 0.999999 0.00144161 -0.000813302 -0.00144139 0.999998 0.00888078 0.10565 0.064926
FixedParameters: 0 0 0

#Transform 211
Transform: AffineTransform_float_3_3
Parameters: 0.999999 0.000503804 0.000815739 -0.000505195 0.999999 0.00146559 -0.000815259 -0.00146641 0.999998 0.00837633 0.103263 0.0713135
FixedParameters: 0 0 0

#Transform 212
Transform: AffineTransform_float_3_3
Parameters: 1 0.000463619 0.000895717 -0.000465382 0.999998 0.00154258 -0.000895284 -0.00154242 0.999999 0.0165742 0.100267 0.0670201
FixedParameters: 0 0 0

#Transform 213
Transform: AffineTransform_float_3_3
Parameters: 0.999999 0.000618882 0.000751921 -0.000620117 0.999998 0.00148653 -0.000751079 -0.00148747 0.999999 0.0066517 0.103175 0.0700173
FixedParameters: 0 0 0

#Transform 214
Transform: AffineTransform_float_3_3
Parameters: 0.999999 0.000514513 0.000783978 -0.000515488 0.999998 0.0018986 -0.000783022 -0.0018984 0.999998 0.00855007 0.09132 0.0827031
FixedParameters: 0 0 0

#Transform 215
Transform: AffineTransform_float_3_3
Parameters: 0.999999 0.000642051 0.000713854 -0.000642949 0.999999 0.00132954 -0.000713146 -0.00132946 0.999999 0.00657117 0.10082 0.0499794
FixedParameters: 0 0 0

#Transform 216
Transform: AffineTransform_float_3_3
Parameters: 0.999999 0.000597053 0.000695813 -0.000597946 0.999999 0.00136058 -0.000695186 -0.00136142 0.999999 0.014673 0.104405 0.0675499
FixedParameters: 0 0 0

#Transform 217
Transform: AffineTransform_float_3_3
Parameters: 0.999999 0.000534701 0.000837829 -0.000536298 0.999998 0.00155055 -0.000837168 -0.00155145 0.999998 0.0075195 0.10239 0.0717634
FixedParameters: 0 0 0

#Transform 218
Transform: AffineTransform_float_3_3
Parameters: 0.999999 0.000296897 0.000836392 -0.000298102 0.999999 0.00131875 -0.000835607 -0.00131925 0.999999 0.0254022 0.10456 0.0737953
FixedParameters: 0 0 0

#Transform 219
Transform: AffineTransform_float_3_3
Parameters: 0.999999 0.000564908 0.000813759 -0.000566092 0.999999 0.00134254 -0.00081324 -0.00134246 0.999999 0.00711726 0.117701 0.0743633
FixedParameters: 0 0 0

#Transform 220
Transform: AffineTransform_float_3_3
Parameters: 1 0.000494292 0.000895945 -0.00049571 0.999998 0.00190856 -0.000895056 -0.00190844 0.999998 0.0144793 0.0986003 0.0876998
FixedParameters: 0 0 0

#Transform 221
Transform: AffineTransform_float_3_3
Parameters: 0.999999 0.000548713 0.000797886 -0.000550287 0.999999 0.00161356 -0.000797113 -0.00161444 0.999999 0.0155705 0.12244 0.0800038
FixedParameters: 0 0 0

#Transform 222
Transform: AffineTransform_float_3_3
Parameters: 1 0.000649786 0.000895882 -0.000651215 0.999999 0.00135642 -0.000895118 -0.00135658 0.999998 0.0118092 0.109667 0.067691
FixedParameters: 0 0 0

#Transform 223
Transform: AffineTransform_float_3_3
Parameters: 1 0.000546319 0.000896027 -0.000547681 0.999998 0.00187651 -0.000894974 -0.00187749 0.999998 0.00663317 0.113821 0.0907386
FixedParameters: 0 0 0

#Transform 224
Transform: AffineTransform_float_3_3
Parameters: 0.999999 0.000428892 0.00075463 -0.000430108 0.999999 0.00146868 -0.000754368 -0.00146932 0.999998 0.010615 0.115105 0.069889
FixedParameters: 0 0 0

#Transform 225
Transform: AffineTransform_float_3_3
Parameters: 1 0.000501463 0.000895863 -0.000503538 0.999999 0.00171655 -0.000895137 -0.00171745 0.999998 0.0130588 0.11256 0.0892206
FixedParameters: 0 0 0

#Transform 226
Transform: AffineTransform_float_3_3
Parameters: 1 0.000598563 0.000895962 -0.000600437 0.999998 0.00160446 -0.000895039 -0.00160454 0.999999 0.00541795 0.110999 0.0782641
FixedParameters: 0 0 0

#Transform 227
Transform: AffineTransform_float_3_3
Parameters: 1 0.000486148 0.000896008 -0.000487853 0.999997 0.00206856 -0.000894994 -0.00206844 0.999998 0.0118911 0.117525 0.0829019
FixedParameters: 0 0 0

#Transform 228
Transform: AffineTransform_float_3_3
Parameters: 0.999999 0.000296669 0.000837472 -0.000298331 0.999998 0.00158875 -0.000837527 -0.00158925 0.999999 0.0125622 0.10485 0.0726675
FixedParameters: 0 0 0

#Transform 229
Transform: AffineTransform_float_3_3
Parameters: 1 0.000296193 0.0008956 -0.000297808 0.999998 0.00201773 -0.000895401 -0.00201827 0.999997 0.0118926 0.117832 0.100151
FixedParameters: 0 0 0

#Transform 230
Transform: AffineTransform_float_3_3
Parameters: 0.999999 0.000296805 0.000816435 -0.000298194 0.999999 0.00146376 -0.000815564 -0.00146424 0.999998 0.0162584 0.113136 0.0635783
FixedParameters: 0 0 0

#Transform 231
Transform: AffineTransform_float_3_3
Parameters: 1 0.000449173 0.000981838 -0.000450828 0.999998 0.00186156 -0.000981162 -0.00186244 0.999998 0.00774071 0.119645 0.0957664
FixedParameters: 0 0 0

#Transform 232
Transform: AffineTransform_float_3_3
Parameters: 1 0.000439725 0.000895628 -0.000440276 0.999999 0.00142461 -0.000895374 -0.00142439 0.999998 0.00892381 0.124192 0.0796082
FixedParameters: 0 0 0

#Transform 233
Transform: AffineTransform_float_3_3
Parameters: 0.999999 0.00051851 0.000804961 -0.000519488 0.999998 0.00185158 -0.000803039 -0.00185242 0.999998 0.0115342 0.11985 0.0884635
FixedParameters: 0 0 0

#Transform 234
Transform: AffineTransform_float_3_3
Parameters: 1 0.00046426 0.000895904 -0.000465741 0.999998 0.00194358 -0.000895097 -0.00194342 0.999997 0.00840437 0.12418 0.0906527
FixedParameters: 0 0 0

#Transform 235
Transform: AffineTransform_float_3_3
Parameters: 0.999999 0.000295978 0.000992605 -0.00029802 0.999998 0.00203671 -0.000991395 -0.0020373 0.999998 0.00306604 0.100154 0.0662673
FixedParameters: 0 0 0

#Transform 236
Transform: AffineTransform_float_3_3
Parameters: 0.999999 0.000212657 0.000895559 -0.000215344 0.999996 0.00261681 -0.000895439 -0.00261719 0.999996 0.0138219 0.0946155 0.142344
FixedParameters: 0 0 0

#Transform 237
Transform: AffineTransform_float_3_3
Parameters: 0.999999 0.000295252 0.00130762 -0.000298748 0.999997 0.00210261 -0.00130637 -0.00210239 0.999997 0.0197922 0.0800698 0.155742
FixedParameters: 0 0 0

#Transform 238
Transform: AffineTransform_float_3_3
Parameters: 0.999999 0.0002948 0.00149563 -0.000298202 0.999997 0.00214055 -0.00149536 -0.00214044 0.999996 0.0180674 0.162911 0.138077
FixedParameters: 0 0 0

#Transform 239
Transform: AffineTransform_float_3_3
Parameters: 0.999999 0.00029566 0.00123656 -0.000298339 0.999998 0.00189263 -0.00123544 -0.00189337 0.999998 0.0218031 0.144952 0.121193
FixedParameters: 0 0 0

#Transform 240
Transform: AffineTransform_float_3_3
Parameters: 1 0.000502573 0.000895803 -0.000504427 0.999998 0.00159355 -0.000895198 -0.00159345 0.999999 0.0125592 0.142393 0.0874686
FixedParameters: 0 0 0

#Transform 241
Transform: AffineTransform_float_3_3
Parameters: 1 0.000495752 0.000895692 -0.000496249 0.999999 0.00139356 -0.000895309 -0.00139444 0.999998 0.0157974 0.11209 0.0804482
FixedParameters: 0 0 0

#Transform 242
Transform: AffineTransform_float_3_3
Parameters: 1 0.000511275 0.000895986 -0.000513725 0.999998 0.00192554 -0.000895012 -0.00192646 0.999997 0.00731821 0.125237 0.100325
FixedParameters: 0 0 0

#Transform 243
Transform: AffineTransform_float_3_3
Parameters: 1 0.000655406 0.000896169 -0.000656595 0.999998 0.00178041 -0.000894833 -0.00178059 0.999998 0.00430598 0.11119 0.0904884
FixedParameters: 0 0 0

#Transform 244
Transform: AffineTransform_float_3_3
Parameters: 1 0.000481255 0.00089594 -0.000482745 0.999998 0.00194857 -0.000895061 -0.00194943 0.999997 0.00801535 0.0765024 0.0667205
FixedParameters: 0 0 0

#Transform 245
Transform: AffineTransform_float_3_3
Parameters: 0.999999 0.000170696 0.00130117 -0.000172305 0.999999 0.00100278 -0.00130083 -0.00100222 0.999998 0.0195473 0.0791924 0.054217
FixedParameters: 0 0 0

#Transform 246
Transform: AffineTransform_float_3_3
Parameters: 1 0.000768979 0.0008729 -0.000770021 0.999999 0.00116933 -0.0008721 -0.00117067 0.999999 0.00507393 0.117381 0.0701174
FixedParameters: 0 0 0

#Transform 247
Transform: AffineTransform_float_3_3
Parameters: 0.999999 0.00064607 0.000447345 -0.00064693 0.999997 0.00208071 -0.000446654 -0.00208129 0.999997 -0.00335532 0.148744 0.0887898
FixedParameters: 0 0 0
