#Insight Transform File V1.0
#Transform 0
Transform: AffineTransform_float_3_3
Parameters: 1 -0.000393471 -0.000263791 0.000393527 0.999998 0.0020089 0.00026221 -0.0020091 0.999998 0.0258976 -0.0312371 0.0251257
FixedParameters: 0 0 0

#Transform 1
Transform: AffineTransform_float_3_3
Parameters: 1 -0.000499784 -0.000122884 0.000500217 0.999999 0.00176794 0.000122116 -0.00176806 0.999999 0.025679 -0.0124919 0.0291982
FixedParameters: 0 0 0

#Transform 2
Transform: AffineTransform_float_3_3
Parameters: 1 -0.000499551 -0.000247908 0.00050045 0.999998 0.00181588 0.000247092 -0.00181612 0.999999 0.0272211 -0.0357926 0.0292262
FixedParameters: 0 0 0

#Transform 3
Transform: AffineTransform_float_3_3
Parameters: 1 -0.000499568 -0.00024588 0.000500432 0.999999 0.00175988 0.00024512 -0.00176012 0.999999 0.0238857 -0.0271595 0.0394134
FixedParameters: 0 0 0

#Transform 4
Transform: AffineTransform_float_3_3
Parameters: 1 -0.000499575 -0.000285744 0.000500425 0.999999 0.00148886 0.000285255 -0.00148914 0.999999 0.0203435 -0.0353413 0.0144623
FixedParameters: 0 0 0

#Transform 5
Transform: AffineTransform_float_3_3
Parameters: 1 -0.000311999 -5.3196e-07 0.000312001 0.999998 0.001705 4.68039e-07 -0.001705 0.999999 0.0173705 -0.0401371 0.034005
FixedParameters: 0 0 0

#Transform 6
Transform: AffineTransform_float_3_3
Parameters: 1 -0.000185 -2.01835e-07 0.000185 1 0.001091 -2.01835e-07 -0.001091 1 0.0152681 -0.0250638 0.0160383
FixedParameters: 0 0 0

#Transform 7
Transform: AffineTransform_float_3_3
Parameters: 1 -0.000205 -2.993e-07 0.000205 0.999999 0.00146 -2.993e-07 -0.00146 0.999999 0.0153959 -0.0363208 0.0308462
FixedParameters: 0 0 0

#Transform 8
Transform: AffineTransform_float_3_3
Parameters: 1 -0.000184 -1.19416e-07 0.000184 1 0.000649 -1.19416e-07 -0.000649 1 0.00653298 -0.000720506 -0.00388257
FixedParameters: 0 0 0

#Transform 9
Transform: AffineTransform_float_3_3
Parameters: 1 -0.000338 -3.72476e-07 0.000338 1 0.001102 -3.72476e-07 -0.001102 1 0.0139336 -0.0177966 0.0300232
FixedParameters: 0 0 0

#Transform 10
Transform: AffineTransform_float_3_3
Parameters: 1 -0.000246 -1.84254e-07 0.000246 0.999999 0.000749 -1.84254e-07 -0.000749 0.999999 0.00497964 0.0103705 0.00879344
FixedParameters: 0 0 0

#Transform 11
Transform: AffineTransform_float_3_3
Parameters: 1 -0.000104 -7.28e-08 0.000104 0.999999 0.0007 -7.28e-08 -0.0007 1 0.00205894 -0.0220262 0.0240471
FixedParameters: 0 0 0

#Transform 12
Transform: AffineTransform_float_3_3
Parameters: 1 -0.000120999 -0.000154001 0.000121001 1 8.98137e-06 0.000153999 -9.01863e-06 1 0.00508298 -0.0080239 -0.00303231
FixedParameters: 0 0 0

#Transform 13
Transform: AffineTransform_float_3_3
Parameters: 1 -8.8e-05 -3.5816e-08 8.8e-05 1 0.000407 -3.5816e-08 -0.000407 1 0.00173722 -0.0591913 0.0244073
FixedParameters: 0 0 0

#Transform 14
Transform: AffineTransform_float_3_3
Parameters: 1 -9.6337e-07 -9.00004e-05 1.03663e-06 1 0.000407 8.99996e-05 -0.000407 1 6.57721e-05 -0.00230887 0.00483271
FixedParameters: 0 0 0

#Transform 15
Transform: AffineTransform_float_3_3
Parameters: 1 -7.2e-05 -3.5784e-08 7.2e-05 1 0.000497 -3.5784e-08 -0.000497 1 0.00143649 -0.0294582 0.012366
FixedParameters: 0 0 0

#Transform 16
Transform: AffineTransform_float_3_3
Parameters: 1 -2.6e-05 -7.254e-09 2.6e-05 1 0.000279 -7.254e-09 -0.000279 1 0.000383183 -0.0199953 0.0203097
FixedParameters: 0 0 0

#Transform 17
Transform: AffineTransform_float_3_3
Parameters: 1 -5.3e-05 -2.067e-09 5.3e-05 1 3.9e-05 -2.067e-09 -3.9e-05 1 0.00101623 0.0320673 0.0153772
FixedParameters: 0 0 0

#Transform 18
Transform: AffineTransform_float_3_3
Parameters: 1 -3.69789e-05 -6.30124e-05 3.70211e-05 1 0.000334998 6.29876e-05 -0.000335002 1 0.000770882 -0.027584 0.0182369
FixedParameters: 0 0 0

#Transform 19
Transform: AffineTransform_float_3_3
Parameters: 1 -0.000200992 -0.000107014 0.000201007 1 6.99785e-05 0.000106986 -7.00215e-05 1 0.00417382 -0.0184017 0.010845
FixedParameters: 0 0 0

#Transform 20
Transform: AffineTransform_float_3_3
Parameters: 1 1.8e-05 1.44e-09 -1.8e-05 1 8e-05 1.44e-09 -8e-05 1 -0.00511202 -0.00976463 0.00129997
FixedParameters: 0 0 0

#Transform 21
Transform: AffineTransform_float_3_3
Parameters: 1 -5.70036e-05 -6.9997e-05 5.69964e-05 1 -5.2004e-05 7.0003e-05 5.1996e-05 1 -0.0020895 -0.00171009 0.0136654
FixedParameters: 0 0 0

#Transform 22
Transform: AffineTransform_float_3_3
Parameters: 1 0.000137 -3.9867e-08 -0.000137 1 -0.000291 -3.9867e-08 0.000291 1 -0.00296881 0.0417404 -0.0180562
FixedParameters: 0 0 0

#Transform 23
Transform: AffineTransform_float_3_3
Parameters: 1 3.48221e-05 -0.00031602 -3.51779e-05 1 -0.000562989 0.00031598 0.000563011 1 -0.00889711 -0.0314148 -0.0225716
FixedParameters: 0 0 0

#Transform 24
Transform: AffineTransform_float_3_3
Parameters: 1 5.5e-05 -1.936e-08 -5.5e-05 1 -0.000352 -1.936e-08 0.000352 1 -0.0114135 -0.0431231 0.0139458
FixedParameters: 0 0 0

#Transform 25
Transform: AffineTransform_float_3_3
Parameters: 1 0.000331 -1.34386e-07 -0.000331 1 -0.000406 -1.34386e-07 0.000406 1 -0.0167638 0.00172091 0.0189261
FixedParameters: 0 0 0

#Transform 26
Transform: AffineTransform_float_3_3
Parameters: 1 0.000195998 -9.90037e-05 -0.000196002 1 -1.89806e-05 9.89963e-05 1.90194e-05 1 -0.00861169 0.00472891 0.0213216
FixedParameters: 0 0 0

#Transform 27
Transform: AffineTransform_float_3_3
Parameters: 1 0.000176976 -8.3052e-05 -0.000177024 1 -0.000293985 8.2948e-05 0.000294015 1 -0.0106947 0.0145597 -0.0243823
FixedParameters: 0 0 0

#Transform 28
Transform: AffineTransform_float_3_3
Parameters: 1 0.000199963 -7.90944e-05 -0.000200037 1 -0.000471984 7.89056e-05 0.000472016 1 -0.0127779 0.0224109 -0.0016975
FixedParameters: 0 0 0

#Transform 29
Transform: AffineTransform_float_3_3
Parameters: 1 0.000100007 2.2971e-05 -9.99933e-05 1 -0.000290002 -2.3029e-05 0.000289998 1 -0.00676767 -0.0162217 -0.0106099
FixedParameters: 0 0 0

#Transform 30
Transform: AffineTransform_float_3_3
Parameters: 1 0.000191965 -4.71444e-05 -0.000191035 0.999999 -0.000751991 4.68563e-05 0.000752009 0.999999 -0.0106598 0.00583901 -0.0267418
FixedParameters: 0 0 0

#Transform 31
Transform: AffineTransform_float_3_3
Parameters: 1 6.59739e-05 -4.70365e-05 -6.6026e-05 1 -0.000553997 4.69634e-05 0.000554003 1 0.000612278 -0.0325492 -0.0154564
FixedParameters: 0 0 0

#Transform 32
Transform: AffineTransform_float_3_3
Parameters: 1 0.000223962 -4.71805e-05 -0.000224038 0.999999 -0.000805989 4.68194e-05 0.00080601 0.999999 -0.0122699 0.00574195 -0.0279471
FixedParameters: 0 0 0

#Transform 33
Transform: AffineTransform_float_3_3
Parameters: 1 3.89778e-05 -4.70184e-05 -3.90222e-05 1 -0.000471998 4.69816e-05 0.000472002 1 -0.00834369 -0.0267257 -0.008165
FixedParameters: 0 0 0

#Transform 34
Transform: AffineTransform_float_3_3
Parameters: 1 0.000408943 -4.74904e-05 -0.000409057 0.999999 -0.00119898 4.75096e-05 0.00119902 1 -0.0190541 0.0398887 -0.0540934
FixedParameters: 0 0 0

#Transform 35
Transform: AffineTransform_float_3_3
Parameters: 1 0.000130858 -0.000149124 -0.000130142 0.999999 -0.00095098 0.000148876 0.000951019 0.999999 -0.0156306 -0.0244141 -0.0302322
FixedParameters: 0 0 0

#Transform 36
Transform: AffineTransform_float_3_3
Parameters: 1 0.000177978 -4.7084e-05 -0.000177022 1 -0.000471992 4.69164e-05 0.000472008 1 -0.0188849 -0.0330693 -0.0152495
FixedParameters: 0 0 0

#Transform 37
Transform: AffineTransform_float_3_3
Parameters: 1 0.000261774 -0.000259228 -0.000262226 1 -0.000872932 0.000258771 0.000873068 0.999999 -0.0182285 0.0175522 -0.0405549
FixedParameters: 0 0 0

#Transform 38
Transform: AffineTransform_float_3_3
Parameters: 1 0.000220881 -0.000188139 -0.000221118 1 -0.000629958 0.000187861 0.000630041 1 -0.0109628 0.00380878 -0.0245678
FixedParameters: 0 0 0

#Transform 39
Transform: AffineTransform_float_3_3
Parameters: 1 0.000257866 -0.00018119 -0.000257133 0.999999 -0.000737953 0.00018081 0.000738046 0.999999 -0.0126498 0.0171309 -0.031584
FixedParameters: 0 0 0

#Transform 40
Transform: AffineTransform_float_3_3
Parameters: 1 0.000201797 -0.000244168 -0.000202204 0.999999 -0.00083295 0.000244832 0.000833049 0.999999 -0.0136554 0.0525196 -0.0139524
FixedParameters: 0 0 0

#Transform 41
Transform: AffineTransform_float_3_3
Parameters: 1 0.000224117 -0.000618321 -0.000224883 0.999999 -0.00142886 0.000617679 0.00142914 0.999999 -0.0188966 0.0341272 -0.0874454
FixedParameters: 0 0 0

#Transform 42
Transform: AffineTransform_float_3_3
Parameters: 1 0.00016974 -0.000604073 -0.00017026 1 -0.000429897 0.000603927 0.000430102 0.999999 -0.0164219 -0.018271 -0.0131645
FixedParameters: 0 0 0

#Transform 43
Transform: AffineTransform_float_3_3
Parameters: 1 0.000215974 -0.000444013 -0.000216027 1 -5.99041e-05 0.000443987 5.90959e-05 1 -0.0194263 -0.0229647 0.00735721
FixedParameters: 0 0 0

#Transform 44
Transform: AffineTransform_float_3_3
Parameters: 1 0.000293773 -0.000363184 -0.000294227 1 -0.000624893 0.000363816 0.000625107 0.999999 -0.0229052 -0.0128843 0.0130135
FixedParameters: 0 0 0

#Transform 45
Transform: AffineTransform_float_3_3
Parameters: 0.999999 0.000408783 -0.00058915 -0.000409217 1 -0.000367759 0.000589849 0.000368241 1 -0.0219235 -0.0103324 0.0180645
FixedParameters: 0 0 0

#Transform 46
Transform: AffineTransform_float_3_3
Parameters: 1 0.000262896 -0.000621044 -0.000262104 1 -0.000166837 0.000620956 0.000167163 1 -0.0219044 0.0158288 0.00223525
FixedParameters: 0 0 0

#Transform 47
Transform: AffineTransform_float_3_3
Parameters: 1 0.000408511 -0.000927217 -0.00040949 1 -0.000527621 0.000927785 0.000527379 1 -0.0213554 0.0218267 -0.0227745
FixedParameters: 0 0 0

#Transform 48
Transform: AffineTransform_float_3_3
Parameters: 0.999999 0.000260858 -0.000710052 -0.000261142 1 -0.000199815 0.000709947 0.000200185 0.999999 -0.0185959 -0.0135732 -0.02308
FixedParameters: 0 0 0

#Transform 49
Transform: AffineTransform_float_3_3
Parameters: 0.999999 0.000194454 -0.000786135 -0.000195546 0.999999 -0.000694847 0.000785864 0.000695153 1 -0.0132454 0.0149632 -0.0439895
FixedParameters: 0 0 0

#Transform 50
Transform: AffineTransform_float_3_3
Parameters: 0.999999 0.000408752 -0.000665152 -0.000409247 1 -0.000371728 0.000664847 0.000372272 0.999999 -0.0159795 -0.0138508 -0.0162068
FixedParameters: 0 0 0

#Transform 51
Transform: AffineTransform_float_3_3
Parameters: 0.999999 0.000273585 -0.000747152 -0.000274415 1 -0.000555795 0.000746847 0.000555204 0.999999 -0.0170465 0.020411 -0.0258203
FixedParameters: 0 0 0

#Transform 52
Transform: AffineTransform_float_3_3
Parameters: 0.999999 0.000408872 -0.000856061 -0.000409128 1 -0.00014965 0.000855938 0.00014935 0.999999 -0.0170443 -0.00750087 -0.0170509
FixedParameters: 0 0 0

#Transform 53
Transform: AffineTransform_float_3_3
Parameters: 0.999999 0.000408361 -0.000849307 -0.000408638 0.999999 -0.000751653 0.000848693 0.000752347 1 -0.0171406 0.0202018 -0.0427324
FixedParameters: 0 0 0

#Transform 54
Transform: AffineTransform_float_3_3
Parameters: 0.999999 0.0002488 -0.000927053 -0.000248201 1 -0.00021677 0.000926946 0.000216231 0.999999 -0.00895957 -0.0251091 -0.00192026
FixedParameters: 0 0 0

#Transform 55
Transform: AffineTransform_float_3_3
Parameters: 0.999999 0.000105755 -0.000808032 -0.000105245 1 -0.000302915 0.000807968 0.000303085 0.999999 -0.00621358 -0.0019638 -0.039252
FixedParameters: 0 0 0

#Transform 56
Transform: AffineTransform_float_3_3
Parameters: 0.999999 4.72475e-05 -0.000926987 -4.67524e-05 1 0.000267043 0.000927012 -0.000266956 0.999999 -0.00679761 -0.0551921 0.0179109
FixedParameters: 0 0 0

#Transform 57
Transform: AffineTransform_float_3_3
Parameters: 0.999999 -4.20741e-06 -0.000927004 4.79258e-06 0.999999 0.000854996 0.000926996 -0.000855004 0.999999 0.00436991 -0.0110555 0.0475269
FixedParameters: 0 0 0

#Transform 58
Transform: AffineTransform_float_3_3
Parameters: 0.999999 0.00019389 -0.000927022 -0.000194109 1 -0.00011782 0.000926976 0.00011818 0.999999 -0.008934 0.0143251 0.00734891
FixedParameters: 0 0 0

#Transform 59
Transform: AffineTransform_float_3_3
Parameters: 0.999999 -4.9183e-06 -0.000736 5.08169e-06 1 0.000110996 0.000735999 -0.000111004 0.999999 -0.0049566 -0.0144398 0.0146329
FixedParameters: 0 0 0

#Transform 60
Transform: AffineTransform_float_3_3
Parameters: 0.999999 -0.00030015 -0.0013954 0.000301851 0.999999 0.00132658 0.0013946 -0.00132642 0.999998 0.0111717 0.0241322 0.0521828
FixedParameters: 0 0 0

#Transform 61
Transform: AffineTransform_float_3_3
Parameters: 0.999999 -0.000313827 -0.00139626 0.000315172 0.999999 0.00083956 0.00139574 -0.000840438 0.999998 0.0114475 0.0281357 0.0290531
FixedParameters: 0 0 0

#Transform 62
Transform: AffineTransform_float_3_3
Parameters: 1 -1.57153e-05 -0.00118302 1.72847e-05 1 0.00108598 0.00118298 -0.00108602 0.999998 -0.00684399 0.0267634 0.0320407
FixedParameters: 0 0 0

#Transform 63
Transform: AffineTransform_float_3_3
Parameters: 0.999999 7.52915e-05 -0.00129793 -7.37084e-05 1 0.000995097 0.00129807 -0.000994903 0.999998 -0.0040754 -0.00660004 0.0449076
FixedParameters: 0 0 0

#Transform 64
Transform: AffineTransform_float_3_3
Parameters: 0.999999 8.0148e-05 -0.00134593 -7.88517e-05 0.999999 0.000853106 0.00134607 -0.000852892 0.999998 -0.00457903 0.0196395 0.0421533
FixedParameters: 0 0 0

#Transform 65
Transform: AffineTransform_float_3_3
Parameters: 0.999999 0.000206736 -0.00134289 -0.000206265 1 0.000547277 0.00134311 -0.000547723 0.999999 -0.0102796 0.0333939 0.0358522
FixedParameters: 0 0 0

#Transform 66
Transform: AffineTransform_float_3_3
Parameters: 0.999998 0.000116086 -0.00187263 -0.000109915 0.999994 0.00325021 0.00187237 -0.00324979 0.999993 -0.0224895 0.0543387 -0.0030315
FixedParameters: 0 0 0

#Transform 67
Transform: AffineTransform_float_3_3
Parameters: 0.999996 5.36952e-05 -0.00287572 -3.63027e-05 0.999981 0.00615313 0.00287628 -0.00615287 0.999977 0.00366532 -0.0931797 -0.0258252
FixedParameters: 0 0 0

#Transform 68
Transform: AffineTransform_float_3_3
Parameters: 0.999998 0.000266385 -0.00200904 -0.000258617 0.999993 0.00367453 0.00200996 -0.00367447 0.999991 -0.0178157 -0.0361633 0.0763383
FixedParameters: 0 0 0

#Transform 69
Transform: AffineTransform_float_3_3
Parameters: 0.999998 0.000266785 -0.0017051 -0.000260215 0.999994 0.00339245 0.00170589 -0.00339155 0.999993 -0.00533845 -0.0543464 0.0962419
FixedParameters: 0 0 0

#Transform 70
Transform: AffineTransform_float_3_3
Parameters: 0.999998 0.00044082 -0.00152733 -0.000435181 0.999992 0.00380867 0.00152867 -0.00380833 0.999991 -0.0116164 -0.0118771 0.133467
FixedParameters: 0 0 0

#Transform 71
Transform: AffineTransform_float_3_3
Parameters: 0.999999 0.000441377 -0.00148141 -0.000436621 0.999994 0.00362765 0.00148359 -0.00362735 0.999993 -0.0119509 0.00501269 0.0965643
FixedParameters: 0 0 0

#Transform 72
Transform: AffineTransform_float_3_3
Parameters: 0.999998 0.000567908 -0.00161328 -0.000563093 0.999995 0.00304091 0.00161472 -0.00304009 0.999994 -0.0117843 0.0959812 0.0665127
FixedParameters: 0 0 0

#Transform 73
Transform: AffineTransform_float_3_3
Parameters: 0.999998 0.000577969 -0.00153351 -0.000574028 0.999996 0.00258788 0.00153549 -0.00258712 0.999996 -0.00891056 0.0831357 0.0211057
FixedParameters: 0 0 0

#Transform 74
Transform: AffineTransform_float_3_3
Parameters: 0.999998 0.000440434 -0.00153202 -0.000437565 0.999998 0.00224167 0.00153298 -0.00224033 0.999997 -0.0117147 0.0435317 0.0356993
FixedParameters: 0 0 0

#Transform 75
Transform: AffineTransform_float_3_3
Parameters: 0.999999 0.000543025 -0.00148353 -0.000538977 0.999996 0.0027118 0.00148447 -0.0027112 0.999995 -0.0160808 0.0103531 0.062709
FixedParameters: 0 0 0

#Transform 76
Transform: AffineTransform_float_3_3
Parameters: 0.999999 0.000718996 -0.00133038 -0.000716005 0.999997 0.00225095 0.00133161 -0.00225004 0.999996 -0.0213632 0.0456696 0.0455781
FixedParameters: 0 0 0

#Transform 77
Transform: AffineTransform_float_3_3
Parameters: 0.999998 0.000795109 -0.0014483 -0.000791893 0.999998 0.00214515 0.0014497 -0.00214485 0.999996 -0.0186694 0.00860275 0.0297039
FixedParameters: 0 0 0

#Transform 78
Transform: AffineTransform_float_3_3
Parameters: 0.999999 0.000496904 -0.001436 -0.000494095 0.999998 0.00202271 0.001437 -0.00202129 0.999997 -0.021935 -0.000664427 0.0144402
FixedParameters: 0 0 0

#Transform 79
Transform: AffineTransform_float_3_3
Parameters: 0.999999 0.000765724 -0.00122893 -0.000763275 0.999998 0.00140294 0.00123007 -0.00140206 0.999999 -0.0279842 0.036358 0.000205372
FixedParameters: 0 0 0

#Transform 80
Transform: AffineTransform_float_3_3
Parameters: 0.999999 0.000698068 -0.00129889 -0.000695933 0.999998 0.0015919 0.00129911 -0.00159109 0.999998 -0.0237068 -0.0135928 0.0135685
FixedParameters: 0 0 0

#Transform 81
Transform: AffineTransform_float_3_3
Parameters: 0.999999 0.000630072 -0.00132154 -0.000626927 0.999997 0.00232383 0.00132346 -0.00232317 0.999996 -0.0219255 -0.0565433 0.0525175
FixedParameters: 0 0 0

#Transform 82
Transform: AffineTransform_float_3_3
Parameters: 0.999998 0.000789864 -0.00142041 -0.000787134 0.999997 0.00201612 0.00142259 -0.00201488 0.999997 -0.025794 0.00894336 0.0504157
FixedParameters: 0 0 0

#Transform 83
Transform: AffineTransform_float_3_3
Parameters: 0.999998 0.000977598 -0.00132008 -0.0009754 0.999997 0.00196829 0.00132192 -0.00196671 0.999997 -0.0321086 0.0486733 0.0503294
FixedParameters: 0 0 0

#Transform 84
Transform: AffineTransform_float_3_3
Parameters: 0.999999 0.00090929 -0.00110312 -0.000906711 0.999998 0.002074 0.00110488 -0.002073 0.999997 -0.0315978 0.054102 0.0225811
FixedParameters: 0 0 0

#Transform 85
Transform: AffineTransform_float_3_3
Parameters: 0.999998 0.000844233 -0.00134898 -0.000840766 0.999997 0.00239614 0.00135102 -0.00239486 0.999996 -0.0288029 0.0662237 0.0609495
FixedParameters: 0 0 0

#Transform 86
Transform: AffineTransform_float_3_3
Parameters: 0.999998 0.000764364 -0.00154834 -0.000760638 0.999998 0.00217118 0.00154966 -0.00217082 0.999997 -0.0302712 0.066849 0.0673677
FixedParameters: 0 0 0

#Transform 87
Transform: AffineTransform_float_3_3
Parameters: 0.999999 0.000889758 -0.00126907 -0.000887241 0.999997 0.00217113 0.00127193 -0.00217087 0.999997 -0.0307889 0.0664003 0.0302916
FixedParameters: 0 0 0

#Transform 88
Transform: AffineTransform_float_3_3
Parameters: 0.999998 0.000826281 -0.00151021 -0.000822718 0.999998 0.00217125 0.00151279 -0.00217075 0.999997 -0.0285263 0.0341357 0.0522014
FixedParameters: 0 0 0

#Transform 89
Transform: AffineTransform_float_3_3
Parameters: 0.999998 0.00063427 -0.00150563 -0.00063173 0.999998 0.00217096 0.00150737 -0.00217005 0.999997 -0.0239208 -0.0180597 0.0557241
FixedParameters: 0 0 0

#Transform 90
Transform: AffineTransform_float_3_3
Parameters: 0.999998 0.000746218 -0.00148138 -0.000743781 0.999998 0.0021711 0.00148362 -0.0021709 0.999996 -0.030582 -0.035605 0.0692442
FixedParameters: 0 0 0

#Transform 91
Transform: AffineTransform_float_3_3
Parameters: 0.999998 0.000743122 -0.00143739 -0.000739879 0.999998 0.00217107 0.00143861 -0.00216993 0.999996 -0.0304693 -0.0131855 0.0611801
FixedParameters: 0 0 0

#Transform 92
Transform: AffineTransform_float_3_3
Parameters: 0.999999 0.000787153 -0.001624 -0.000782849 0.999997 0.00255528 0.00162601 -0.00255473 0.999996 -0.0293311 0.0134183 0.0791612
FixedParameters: 0 0 0

#Transform 93
Transform: AffineTransform_float_3_3
Parameters: 0.999998 0.00081204 -0.00141726 -0.000808962 0.999998 0.00214315 0.00141874 -0.00214285 0.999996 -0.0330229 0.0493419 0.0240767
FixedParameters: 0 0 0

#Transform 94
Transform: AffineTransform_float_3_3
Parameters: 0.999998 0.000632856 -0.00150638 -0.000629145 0.999997 0.00255895 0.00150761 -0.00255805 0.999995 -0.0252904 0.0166266 0.0709391
FixedParameters: 0 0 0

#Transform 95
Transform: AffineTransform_float_3_3
Parameters: 0.999999 0.00078537 -0.00129557 -0.000783631 0.999998 0.00182902 0.00129644 -0.00182798 0.999998 -0.0300754 0.0816023 0.0456559
FixedParameters: 0 0 0

#Transform 96
Transform: AffineTransform_float_3_3
Parameters: 0.999999 0.000616321 -0.00144659 -0.000612678 0.999997 0.00229489 0.00144841 -0.00229411 0.999997 -0.025426 0.0280115 0.0622499
FixedParameters: 0 0 0

#Transform 97
Transform: AffineTransform_float_3_3
Parameters: 0.999998 0.00066981 -0.00154735 -0.000666187 0.999996 0.00246203 0.00154964 -0.00246096 0.999996 -0.0275846 0.0403257 0.0908656
FixedParameters: 0 0 0

#Transform 98
Transform: AffineTransform_float_3_3
Parameters: 0.999999 0.000824597 -0.00156611 -0.000820405 0.999997 0.00229529 0.00156789 -0.00229471 0.999996 -0.0301705 0.0528645 0.0459823
FixedParameters: 0 0 0

#Transform 99
Transform: AffineTransform_float_3_3
Parameters: 0.999999 0.000724357 -0.00138225 -0.000720643 0.999997 0.002428 0.00138375 -0.002427 0.999996 -0.0220915 0.00879848 0.0648163
FixedParameters: 0 0 0

#Transform 100
Transform: AffineTransform_float_3_3
Parameters: 0.999998 0.000679761 -0.0014437 -0.000677238 0.999998 0.00191198 0.0014453 -0.00191102 0.999997 -0.027741 0.0326098 0.0377219
FixedParameters: 0 0 0

#Transform 101
Transform: AffineTransform_float_3_3
Parameters: 0.999998 0.000866231 -0.00151516 -0.000862768 0.999998 0.00213231 0.00151684 -0.00213069 0.999996 -0.0349011 0.0142722 0.0424826
FixedParameters: 0 0 0

#Transform 102
Transform: AffineTransform_float_3_3
Parameters: 0.999998 0.000774874 -0.0015916 -0.000772125 0.999998 0.00180523 0.0015934 -0.00180477 0.999997 -0.0342443 0.0236143 0.0523716
FixedParameters: 0 0 0

#Transform 103
Transform: AffineTransform_float_3_3
Parameters: 0.999999 0.000739371 -0.00158043 -0.000735631 0.999998 0.00213217 0.00158157 -0.00213084 0.999997 -0.0390876 0.00552242 0.0616791
FixedParameters: 0 0 0

#Transform 104
Transform: AffineTransform_float_3_3
Parameters: 0.999998 0.000852613 -0.0014835 -0.000849387 0.999998 0.00176126 0.0014845 -0.00175974 0.999998 -0.0396209 0.0286835 0.0455523
FixedParameters: 0 0 0

#Transform 105
Transform: AffineTransform_float_3_3
Parameters: 0.999999 0.000670204 -0.00132989 -0.000667796 0.999999 0.00165689 0.00133111 -0.00165611 0.999997 -0.0364271 0.0322874 0.00604275
FixedParameters: 0 0 0

#Transform 106
Transform: AffineTransform_float_3_3
Parameters: 0.999999 0.000650663 -0.00140877 -0.000647338 0.999998 0.00188991 0.00140923 -0.00188909 0.999997 -0.0322935 0.00419109 0.0472537
FixedParameters: 0 0 0

#Transform 107
Transform: AffineTransform_float_3_3
Parameters: 0.999998 0.00087996 -0.00150727 -0.00087704 0.999997 0.00196332 0.00150872 -0.00196267 0.999997 -0.0368953 0.0344295 0.0646163
FixedParameters: 0 0 0

#Transform 108
Transform: AffineTransform_float_3_3
Parameters: 0.999999 0.00089579 -0.00160044 -0.000893211 0.999998 0.00174243 0.00160256 -0.00174157 0.999997 -0.0378628 0.0571959 0.0180177
FixedParameters: 0 0 0

#Transform 109
Transform: AffineTransform_float_3_3
Parameters: 0.999998 0.000799454 -0.00171039 -0.000796546 0.999997 0.00201937 0.00171161 -0.00201764 0.999997 -0.0339644 0.0382008 0.055726
FixedParameters: 0 0 0

#Transform 110
Transform: AffineTransform_float_3_3
Parameters: 0.999998 0.000895323 -0.00169625 -0.000891678 0.999997 0.00195851 0.00169775 -0.00195748 0.999996 -0.0369382 0.0453377 0.0245854
FixedParameters: 0 0 0

#Transform 111
Transform: AffineTransform_float_3_3
Parameters: 0.999999 0.000764978 -0.00170622 -0.000761024 0.999997 0.0023303 0.00170778 -0.0023297 0.999996 -0.0338484 0.0103904 0.03963
FixedParameters: 0 0 0

#Transform 112
Transform: AffineTransform_float_3_3
Parameters: 0.999999 0.000763531 -0.0016784 -0.000759471 0.999998 0.00210328 0.0016796 -0.00210172 0.999997 -0.0400999 0.027137 0.0525275
FixedParameters: 0 0 0

#Transform 113
Transform: AffineTransform_float_3_3
Parameters: 0.999999 0.000895269 -0.0016262 -0.00089173 0.999997 0.00201045 0.00162779 -0.00200854 0.999996 -0.0367086 0.0399324 0.0388887
FixedParameters: 0 0 0

#Transform 114
Transform: AffineTransform_float_3_3
Parameters: 0.999998 0.000929442 -0.00163505 -0.00092556 0.999998 0.00210352 0.00163695 -0.00210248 0.999997 -0.0366208 0.0397329 0.0502178
FixedParameters: 0 0 0

#Transform 115
Transform: AffineTransform_float_3_3
Parameters: 0.999999 0.000959048 -0.00158616 -0.000955952 0.999997 0.00192152 0.00158784 -0.00191948 0.999997 -0.0419076 0.05229 0.0207959
FixedParameters: 0 0 0

#Transform 116
Transform: AffineTransform_float_3_3
Parameters: 0.999998 0.000779502 -0.00144165 -0.000777497 0.999998 0.00173512 0.00144335 -0.00173388 0.999998 -0.033988 0.0457378 0.0277473
FixedParameters: 0 0 0

#Transform 117
Transform: AffineTransform_float_3_3
Parameters: 0.999998 0.000755069 -0.001555 -0.00075393 0.999999 0.00133117 0.001556 -0.00132983 0.999998 -0.0334099 0.0407989 0.0197795
FixedParameters: 0 0 0

#Transform 118
Transform: AffineTransform_float_3_3
Parameters: 0.999999 0.000713311 -0.0012687 -0.000710689 0.999998 0.0018209 0.0012703 -0.0018201 0.999998 -0.0376955 0.00281141 0.0290175
FixedParameters: 0 0 0

#Transform 119
Transform: AffineTransform_float_3_3
Parameters: 0.999998 0.00086386 -0.00135418 -0.000861138 0.999998 0.00211117 0.00135682 -0.00210983 0.999997 -0.0358936 0.00551754 0.0536054
FixedParameters: 0 0 0

#Transform 120
Transform: AffineTransform_float_3_3
Parameters: 0.999998 0.00101561 -0.00133001 -0.00101239 0.999998 0.00195835 0.00133198 -0.00195665 0.999997 -0.0434699 0.059128 0.0410312
FixedParameters: 0 0 0

#Transform 121
Transform: AffineTransform_float_3_3
Parameters: 0.999999 0.000943601 -0.00121599 -0.000941399 0.999998 0.00213815 0.00121801 -0.00213685 0.999997 -0.0377952 0.0589126 0.027405
FixedParameters: 0 0 0

#Transform 122
Transform: AffineTransform_float_3_3
Parameters: 0.999998 0.000836888 -0.00140729 -0.000834111 0.999997 0.00205218 0.00140871 -0.00205082 0.999997 -0.037237 0.0493055 0.034156
FixedParameters: 0 0 0

#Transform 123
Transform: AffineTransform_float_3_3
Parameters: 0.999998 0.000913021 -0.00132092 -0.000909978 0.999997 0.00228621 0.00132308 -0.0022848 0.999997 -0.0438083 0.0601561 0.0649836
FixedParameters: 0 0 0

#Transform 124
Transform: AffineTransform_float_3_3
Parameters: 0.999999 0.000829789 -0.00125716 -0.00082721 0.999997 0.00221704 0.00125984 -0.00221596 0.999997 -0.031302 0.0411226 0.0460302
FixedParameters: 0 0 0

#Transform 125
Transform: AffineTransform_float_3_3
Parameters: 0.999999 0.000768177 -0.00110349 -0.000765824 0.999998 0.00197185 0.00110451 -0.00197115 0.999998 -0.0379653 0.0318089 0.0386481
FixedParameters: 0 0 0

#Transform 126
Transform: AffineTransform_float_3_3
Parameters: 0.999999 0.000827359 -0.00125445 -0.00082464 0.999998 0.00188004 0.00125655 -0.00187896 0.999998 -0.0453554 0.024882 0.040667
FixedParameters: 0 0 0

#Transform 127
Transform: AffineTransform_float_3_3
Parameters: 0.999999 0.000773352 -0.00125655 -0.000770649 0.999998 0.00187097 0.00125744 -0.00187003 0.999997 -0.0402549 0.0220465 0.0303587
FixedParameters: 0 0 0

#Transform 128
Transform: AffineTransform_float_3_3
Parameters: 0.999999 0.000802152 -0.00110344 -0.000799849 0.999998 0.00194888 0.00110456 -0.00194811 0.999997 -0.0431353 0.0248615 0.0404311
FixedParameters: 0 0 0

#Transform 129
Transform: AffineTransform_float_3_3
Parameters: 0.999999 0.000784184 -0.00110345 -0.000782817 0.999997 0.00197786 0.00110455 -0.00197713 0.999997 -0.0412479 0.0394512 0.0281851
FixedParameters: 0 0 0

#Transform 130
Transform: AffineTransform_float_3_3
Parameters: 0.999999 0.000826419 -0.00110319 -0.000824582 0.999998 0.00219091 0.00110481 -0.00219009 0.999997 -0.0415519 0.015944 0.0326359
FixedParameters: 0 0 0

#Transform 131
Transform: AffineTransform_float_3_3
Parameters: 0.999999 0.000834167 -0.00110336 -0.000831833 0.999997 0.00196392 0.00110463 -0.00196208 0.999997 -0.0317557 0.0357817 0.0549594
FixedParameters: 0 0 0

#Transform 132
Transform: AffineTransform_float_3_3
Parameters: 0.999999 0.000796307 -0.00110334 -0.000793695 0.999998 0.00208888 0.00110466 -0.00208812 0.999997 -0.030952 0.0528152 0.0434827
FixedParameters: 0 0 0

#Transform 133
Transform: AffineTransform_float_3_3
Parameters: 0.999999 0.000870159 -0.0011033 -0.000868841 0.999997 0.00195596 0.0011047 -0.00195504 0.999997 -0.032526 0.086273 0.0402497
FixedParameters: 0 0 0

#Transform 134
Transform: AffineTransform_float_3_3
Parameters: 0.999999 0.000639079 -0.0011038 -0.000636923 0.999998 0.0018827 0.0011042 -0.0018823 0.999997 -0.0276844 0.0551911 0.0201159
FixedParameters: 0 0 0

#Transform 135
Transform: AffineTransform_float_3_3
Parameters: 0.999999 0.000681619 -0.00110339 -0.000678383 0.999997 0.00237175 0.00110461 -0.00237125 0.999996 -0.0285965 0.0332063 0.0619824
FixedParameters: 0 0 0

#Transform 136
Transform: AffineTransform_float_3_3
Parameters: 0.999999 0.00071497 -0.00110373 -0.000713032 0.999998 0.00178379 0.00110427 -0.00178321 0.999998 -0.0402702 0.0484821 0.0422939
FixedParameters: 0 0 0

#Transform 137
Transform: AffineTransform_float_3_3
Parameters: 0.999999 0.000804271 -0.00110335 -0.00080173 0.999997 0.00205689 0.00110465 -0.00205611 0.999998 -0.0398309 0.0397045 0.0398463
FixedParameters: 0 0 0

#Transform 138
Transform: AffineTransform_float_3_3
Parameters: 0.999999 0.000804995 -0.00110355 -0.000803006 0.999998 0.00180689 0.00110445 -0.00180611 0.999998 -0.0311641 0.0276749 0.0244272
FixedParameters: 0 0 0

#Transform 139
Transform: AffineTransform_float_3_3
Parameters: 0.999999 0.000743293 -0.00118456 -0.000740708 0.999998 0.00193488 0.00118543 -0.00193412 0.999997 -0.0296947 0.040064 0.0312863
FixedParameters: 0 0 0

#Transform 140
Transform: AffineTransform_float_3_3
Parameters: 0.999999 0.000830507 -0.00125735 -0.000828493 0.999997 0.00199304 0.00125865 -0.00199196 0.999997 -0.0382202 0.039704 0.0328246
FixedParameters: 0 0 0

#Transform 141
Transform: AffineTransform_float_3_3
Parameters: 0.999999 0.000799628 -0.0011031 -0.000797372 0.999997 0.00238088 0.0011049 -0.00238012 0.999996 -0.0388638 0.0364085 0.0616946
FixedParameters: 0 0 0

#Transform 142
Transform: AffineTransform_float_3_3
Parameters: 0.999999 0.000730228 -0.00117962 -0.000727773 0.999998 0.00188786 0.00118038 -0.00188714 0.999997 -0.0294215 0.0402244 0.0268349
FixedParameters: 0 0 0

#Transform 143
Transform: AffineTransform_float_3_3
Parameters: 0.999999 0.000629443 -0.00110361 -0.00062656 0.999998 0.00221169 0.00110439 -0.00221131 0.999997 -0.0275454 0.0214066 0.0593586
FixedParameters: 0 0 0

#Transform 144
Transform: AffineTransform_float_3_3
Parameters: 0.999999 0.000805177 -0.00110342 -0.000802824 0.999997 0.00197189 0.00110459 -0.00197111 0.999998 -0.0369106 0.0398231 0.0527345
FixedParameters: 0 0 0

#Transform 145
Transform: AffineTransform_float_3_3
Parameters: 0.999999 0.000870523 -0.00110301 -0.000867477 0.999997 0.00228596 0.00110499 -0.00228504 0.999997 -0.0383197 0.0391156 0.0535812
FixedParameters: 0 0 0

#Transform 146
Transform: AffineTransform_float_3_3
Parameters: 0.999999 0.000967241 -0.00110304 -0.00096476 0.999998 0.00203007 0.00110496 -0.00202894 0.999998 -0.0343806 0.0768266 0.0315528
FixedParameters: 0 0 0

#Transform 147
Transform: AffineTransform_float_3_3
Parameters: 0.999999 0.000983026 -0.0011032 -0.000980973 0.999998 0.00183608 0.0011048 -0.00183492 0.999997 -0.0347497 0.0606882 0.00974227
FixedParameters: 0 0 0

#Transform 148
Transform: AffineTransform_float_3_3
Parameters: 0.999999 0.000867894 -0.00101739 -0.000866106 0.999998 0.00186088 0.00101861 -0.00186012 0.999998 -0.0324949 0.0379649 0.027681
FixedParameters: 0 0 0

#Transform 149
Transform: AffineTransform_float_3_3
Parameters: 0.999999 0.000771178 -0.00110348 -0.000768823 0.999998 0.00197285 0.00110452 -0.00197215 0.999998 -0.0380253 0.0546648 0.0620466
FixedParameters: 0 0 0

#Transform 150
Transform: AffineTransform_float_3_3
Parameters: 0.999999 0.000861449 -0.000935669 -0.000859552 0.999999 0.00154681 0.000937331 -0.0015462 0.999999 -0.0405813 0.050188 0.0176745
FixedParameters: 0 0 0

#Transform 151
Transform: AffineTransform_float_3_3
Parameters: 0.999999 0.000949124 -0.00110317 -0.000946875 0.999997 0.00192505 0.00110482 -0.00192395 0.999997 -0.0443352 0.0428279 0.0504024
FixedParameters: 0 0 0

#Transform 152
Transform: AffineTransform_float_3_3
Parameters: 1 0.000863003 -0.000866002 -0.000861997 0.999999 0.00115775 0.000866999 -0.00115725 0.999999 -0.0370993 0.0555986 0.00472959
FixedParameters: 0 0 0

#Transform 153
Transform: AffineTransform_float_3_3
Parameters: 0.999999 0.000691962 -0.000664999 -0.000691037 0.999998 0.00144646 0.000666 -0.00144654 0.999998 -0.0294636 0.0337506 0.023666
FixedParameters: 0 0 0

#Transform 154
Transform: AffineTransform_float_3_3
Parameters: 1 0.000824551 -0.000780365 -0.000823448 0.999997 0.00198564 0.000782637 -0.00198535 0.999997 -0.039075 0.0210489 0.0304059
FixedParameters: 0 0 0

#Transform 155
Transform: AffineTransform_float_3_3
Parameters: 1 0.000953136 -0.000732525 -0.000951865 0.999999 0.0015497 0.000733476 -0.0015483 0.999999 -0.0432455 0.052198 0.030167
FixedParameters: 0 0 0

#Transform 156
Transform: AffineTransform_float_3_3
Parameters: 1 0.000891646 -0.000828231 -0.000890354 0.999997 0.00198574 0.00082977 -0.00198526 0.999997 -0.0426486 0.0400637 0.0218186
FixedParameters: 0 0 0

#Transform 157
Transform: AffineTransform_float_3_3
Parameters: 1 0.000886183 -0.000681465 -0.000884817 0.999998 0.0017336 0.000683535 -0.0017324 0.999999 -0.0410958 0.0670051 0.0243638
FixedParameters: 0 0 0

#Transform 158
Transform: AffineTransform_float_3_3
Parameters: 1 0.000843335 -0.000698391 -0.000841664 0.999998 0.00190959 0.000700608 -0.00190841 0.999998 -0.0325441 0.0505119 0.0280803
FixedParameters: 0 0 0

#Transform 159
Transform: AffineTransform_float_3_3
Parameters: 1 0.000928187 -0.000698427 -0.000926813 0.999998 0.00169665 0.000700574 -0.00169635 0.999999 -0.0416812 0.0545683 0.023685
FixedParameters: 0 0 0

#Transform 160
Transform: AffineTransform_float_3_3
Parameters: 0.999999 0.000929533 -0.000852332 -0.000928468 0.999998 0.00179679 0.00085367 -0.00179621 0.999998 -0.0401111 0.0469121 0.0263249
FixedParameters: 0 0 0

#Transform 161
Transform: AffineTransform_float_3_3
Parameters: 1 0.000873445 -0.000758338 -0.000871553 0.999998 0.00190466 0.000760661 -0.00190334 0.999998 -0.0383268 0.0127048 0.0282889
FixedParameters: 0 0 0

#Transform 162
Transform: AffineTransform_float_3_3
Parameters: 1 0.000830203 -0.000698573 -0.000828797 0.999998 0.00172058 0.000700427 -0.00171942 0.999999 -0.045602 0.0353092 0.040123
FixedParameters: 0 0 0

#Transform 163
Transform: AffineTransform_float_3_3
Parameters: 0.999999 0.00072309 -0.000559594 -0.000721908 0.999998 0.0019464 0.000561406 -0.00194659 0.999998 -0.0301942 0.0501446 0.0481479
FixedParameters: 0 0 0

#Transform 164
Transform: AffineTransform_float_3_3
Parameters: 0.999999 0.00053941 -0.000698913 -0.000537589 0.999998 0.00201638 0.000700085 -0.00201562 0.999997 -0.0261829 0.00203855 0.0501935
FixedParameters: 0 0 0

#Transform 165
Transform: AffineTransform_float_3_3
Parameters: 1 0.000925273 -0.000698316 -0.000923726 0.999998 0.00182165 0.000700683 -0.00182035 0.999998 -0.0418074 0.0309894 0.0381028
FixedParameters: 0 0 0

#Transform 166
Transform: AffineTransform_float_3_3
Parameters: 1 0.000905225 -0.000647291 -0.000904776 0.999998 0.00188959 0.000648711 -0.00188941 0.999998 -0.0416898 0.0397582 0.0348664
FixedParameters: 0 0 0

#Transform 167
Transform: AffineTransform_float_3_3
Parameters: 0.999999 0.00107867 -0.000697418 -0.00107732 0.999996 0.00239575 0.000700582 -0.00239424 0.999997 -0.0446485 0.0630264 0.0753909
FixedParameters: 0 0 0

#Transform 168
Transform: AffineTransform_float_3_3
Parameters: 1 0.000960422 -0.000698049 -0.000959579 0.999998 0.00203367 0.000699953 -0.00203333 0.999997 -0.03494 0.055463 0.0267115
FixedParameters: 0 0 0

#Transform 169
Transform: AffineTransform_float_3_3
Parameters: 0.999999 0.00101733 -0.00069806 -0.00101567 0.999997 0.00190871 0.000699939 -0.00190729 0.999998 -0.042038 0.0510538 0.0272051
FixedParameters: 0 0 0

#Transform 170
Transform: AffineTransform_float_3_3
Parameters: 1 0.000865719 -0.000763055 -0.000863282 0.999997 0.00224966 0.000764944 -0.00224934 0.999997 -0.0428867 0.0448266 0.0661159
FixedParameters: 0 0 0

#Transform 171
Transform: AffineTransform_float_3_3
Parameters: 0.999999 0.00104424 -0.000698147 -0.00104376 0.999998 0.00177573 0.000700854 -0.00177427 0.999998 -0.0478755 0.0687078 0.0330143
FixedParameters: 0 0 0

#Transform 172
Transform: AffineTransform_float_3_3
Parameters: 1 0.000867638 -0.000697969 -0.000866362 0.999997 0.00234361 0.000700033 -0.00234339 0.999997 -0.0331112 0.0379439 0.0479702
FixedParameters: 0 0 0

#Transform 173
Transform: AffineTransform_float_3_3
Parameters: 0.999999 0.0010353 -0.00069807 -0.0010337 0.999997 0.00186572 0.000699929 -0.00186428 0.999998 -0.0456415 0.0554117 0.0502048
FixedParameters: 0 0 0

#Transform 174
Transform: AffineTransform_float_3_3
Parameters: 0.999999 0.00103813 -0.000698322 -0.00103687 0.999998 0.00161773 0.000700679 -0.00161727 0.999999 -0.0469764 0.0557723 0.0310841
FixedParameters: 0 0 0

#Transform 175
Transform: AffineTransform_float_3_3
Parameters: 1 0.000867398 -0.000753393 -0.000865602 0.999998 0.00185465 0.000754606 -0.00185335 0.999998 -0.0364989 0.055986 0.0410326
FixedParameters: 0 0 0

#Transform 176
Transform: AffineTransform_float_3_3
Parameters: 0.999999 0.00106013 -0.00069829 -0.00105987 0.999998 0.00161374 0.00070071 -0.00161226 0.999998 -0.0467363 0.0382493 0.0215921
FixedParameters: 0 0 0

#Transform 177
Transform: AffineTransform_float_3_3
Parameters: 1 0.000867289 -0.000698402 -0.00086571 0.999998 0.00184461 0.000700598 -0.00184339 0.999998 -0.0331128 0.0231454 0.0548775
FixedParameters: 0 0 0

#Transform 178
Transform: AffineTransform_float_3_3
Parameters: 0.999999 0.000866823 -0.00052865 -0.000866174 0.999998 0.00155746 0.000530349 -0.00155654 0.999998 -0.0474261 0.0746056 0.0288866
FixedParameters: 0 0 0

#Transform 179
Transform: AffineTransform_float_3_3
Parameters: 1 0.00100585 -0.00052838 -0.00100515 0.999998 0.00161153 0.000529621 -0.00161147 0.999998 -0.0433604 0.0740607 0.0278476
FixedParameters: 0 0 0

#Transform 180
Transform: AffineTransform_float_3_3
Parameters: 1 0.00086733 -0.000698352 -0.000865669 0.999998 0.00190261 0.000700648 -0.00190139 0.999998 -0.0374873 0.057454 0.0336808
FixedParameters: 0 0 0

#Transform 181
Transform: AffineTransform_float_3_3
Parameters: 1 0.000867431 -0.000698225 -0.000865566 0.999997 0.0020486 0.000700774 -0.00204739 0.999997 -0.0330723 0.0737938 0.051123
FixedParameters: 0 0 0

#Transform 182
Transform: AffineTransform_float_3_3
Parameters: 0.999999 0.00106618 -0.000698204 -0.00106482 0.999998 0.00168575 0.000700796 -0.00168525 0.999999 -0.0482495 0.0736286 0.0207872
FixedParameters: 0 0 0

#Transform 183
Transform: AffineTransform_float_3_3
Parameters: 1 0.000866828 -0.000698975 -0.000866173 0.999999 0.00118361 0.000700026 -0.00118339 0.999999 -0.0404056 0.0199671 0.0106431
FixedParameters: 0 0 0

#Transform 184
Transform: AffineTransform_float_3_3
Parameters: 1 0.000867072 -0.000636544 -0.000865931 0.999998 0.00168055 0.000637457 -0.00168045 0.999999 -0.0421811 0.019227 0.0500012
FixedParameters: 0 0 0

#Transform 185
Transform: AffineTransform_float_3_3
Parameters: 1 0.000996243 -0.000698231 -0.000994756 0.999998 0.0017777 0.00070077 -0.0017773 0.999998 -0.0481036 0.0508769 0.0371965
FixedParameters: 0 0 0

#Transform 186
Transform: AffineTransform_float_3_3
Parameters: 0.999999 0.00107518 -0.000698195 -0.00107382 0.999998 0.00168075 0.000700806 -0.00168025 0.999999 -0.0498105 0.070907 0.0398281
FixedParameters: 0 0 0

#Transform 187
Transform: AffineTransform_float_3_3
Parameters: 0.999999 0.00110483 -0.000698689 -0.00110317 0.999998 0.00118777 0.00070031 -0.00118623 0.999999 -0.0488171 0.073393 0.00902055
FixedParameters: 0 0 0

#Transform 188
Transform: AffineTransform_float_3_3
Parameters: 1 0.000867176 -0.000698544 -0.000865825 0.999998 0.00168061 0.000700457 -0.00168039 0.999999 -0.0412734 0.0550227 0.0508568
FixedParameters: 0 0 0

#Transform 189
Transform: AffineTransform_float_3_3
Parameters: 0.999999 0.00112961 -0.000699013 -0.00112939 0.999999 0.000874791 0.000699988 -0.00087421 1 -0.0505347 0.0884388 0.00809213
FixedParameters: 0 0 0

#Transform 190
Transform: AffineTransform_float_3_3
Parameters: 1 0.00086693 -0.000698848 -0.00086607 0.999998 0.00132961 0.000700152 -0.00132939 0.999999 -0.0399684 0.0469944 0.0122965
FixedParameters: 0 0 0

#Transform 191
Transform: AffineTransform_float_3_3
Parameters: 1 0.000866446 -0.000699449 -0.000865555 1 0.000636606 0.000700551 -0.000636393 0.999999 -0.0330661 0.0302506 -0.0116596
FixedParameters: 0 0 0

#Transform 192
Transform: AffineTransform_float_3_3
Parameters: 1 0.000866953 -0.000643717 -0.000866046 0.999998 0.00148056 0.000645282 -0.00147944 0.999998 -0.0408157 -0.000833311 0.0409237
FixedParameters: 0 0 0

#Transform 193
Transform: AffineTransform_float_3_3
Parameters: 0.999999 0.00100747 -0.000983502 -0.00100554 0.999999 0.00148899 0.000984498 -0.00148801 0.999999 -0.0496433 0.0407687 0.0357461
FixedParameters: 0 0 0

#Transform 194
Transform: AffineTransform_float_3_3
Parameters: 0.999999 0.00106845 -0.000945368 -0.00106755 0.999999 0.00152901 0.000947633 -0.00152799 0.999999 -0.0466123 0.0595617 0.0354625
FixedParameters: 0 0 0

#Transform 195
Transform: AffineTransform_float_3_3
Parameters: 0.999999 0.00114135 -0.000885257 -0.00114065 0.999998 0.00152901 0.000886745 -0.00152799 0.999999 -0.0439351 0.0671756 0.0221293
FixedParameters: 0 0 0

#Transform 196
Transform: AffineTransform_float_3_3
Parameters: 0.999999 0.00103433 -0.000828347 -0.00103267 0.999998 0.00159986 0.000829653 -0.00159914 0.999999 -0.0434885 0.059525 0.0442348
FixedParameters: 0 0 0

#Transform 197
Transform: AffineTransform_float_3_3
Parameters: 0.999999 0.00122904 -0.000952653 -0.00122795 0.999998 0.00109717 0.000954347 -0.00109583 0.999999 -0.0485082 0.0797134 0.00642418
FixedParameters: 0 0 0

#Transform 198
Transform: AffineTransform_float_3_3
Parameters: 0.999999 0.000867272 -0.000896771 -0.000865728 0.999998 0.00141778 0.000898228 -0.00141722 0.999998 -0.0431687 0.024869 0.0233257
FixedParameters: 0 0 0

#Transform 199
Transform: AffineTransform_float_3_3
Parameters: 1 0.000866875 -0.000862121 -0.000866125 0.999999 0.00101475 0.00086288 -0.00101425 0.999999 -0.049409 0.063135 0.0148822
FixedParameters: 0 0 0

#Transform 200
Transform: AffineTransform_float_3_3
Parameters: 1 0.0008669 -0.000698886 -0.0008661 0.999999 0.00128661 0.000700115 -0.00128639 0.999999 -0.0475925 0.0296892 0.0454186
FixedParameters: 0 0 0

#Transform 201
Transform: AffineTransform_float_3_3
Parameters: 1 0.000866605 -0.000850385 -0.000866396 1 0.000710738 0.000851616 -0.000710263 1 -0.0494734 0.0798693 0.0102745
FixedParameters: 0 0 0

#Transform 202
Transform: AffineTransform_float_3_3
Parameters: 0.999999 0.00103129 -0.000956693 -0.00103072 1 0.000297986 0.000957306 -0.000297013 0.999999 -0.0438958 0.0259928 0.0316602
FixedParameters: 0 0 0

#Transform 203
Transform: AffineTransform_float_3_3
Parameters: 0.999999 0.00105705 -0.000699923 -0.00105695 1 7.27399e-05 0.000700077 -7.22601e-05 1 -0.0526779 0.0718008 -0.00531306
FixedParameters: 0 0 0

#Transform 204
Transform: AffineTransform_float_3_3
Parameters: 0.999999 0.00105221 -0.000699687 -0.00105179 1 0.000297736 0.000700312 -0.000296263 0.999999 -0.0522975 0.0475251 0.00853027
FixedParameters: 0 0 0

#Transform 205
Transform: AffineTransform_float_3_3
Parameters: 1 0.000995067 -0.000699904 -0.000994932 0.999999 9.66964e-05 0.000700096 -9.63034e-05 1 -0.0514388 0.0613129 -0.0119654
FixedParameters: 0 0 0

#Transform 206
Transform: AffineTransform_float_3_3
Parameters: 0.999999 0.0011478 -0.000700335 -0.0011482 1 -0.000291196 0.000700664 0.000292804 0.999999 -0.0556116 0.0720823 -0.0199437
FixedParameters: 0 0 0

#Transform 207
Transform: AffineTransform_float_3_3
Parameters: 0.999999 0.00111476 -0.00070038 -0.00111524 1 -0.000340219 0.00070062 0.000340781 0.999999 -0.0521924 0.0723796 -0.0519867
FixedParameters: 0 0 0

#Transform 208
Transform: AffineTransform_float_3_3
Parameters: 0.999999 0.000937716 -0.00034577 -0.000938283 0.999999 -0.000820676 0.00034523 0.000820324 0.999999 -0.0509019 0.0257332 -0.0826866
FixedParameters: 0 0 0

#Transform 209
Transform: AffineTransform_float_3_3
Parameters: 1 0.000865784 -0.000700266 -0.000866216 0.999999 -0.000307393 0.000700733 0.000308607 0.999999 -0.048481 -0.0150926 -0.0193591
FixedParameters: 0 0 0

#Transform 210
Transform: AffineTransform_float_3_3
Parameters: 0.999999 0.00101172 -0.000700406 -0.00101228 1 -0.000401291 0.000700594 0.000401709 0.999999 -0.0524952 0.029925 -0.00556526
FixedParameters: 0 0 0

#Transform 211
Transform: AffineTransform_float_3_3
Parameters: 0.999999 0.00101787 -0.000700196 -0.00101814 1 -0.000192287 0.000700804 0.000192714 0.999999 -0.0523057 0.0348292 -0.0170075
FixedParameters: 0 0 0

#Transform 212
Transform: AffineTransform_float_3_3
Parameters: 0.999999 0.00108589 -0.000581209 -0.00108511 1 -0.00019237 0.00058079 0.000193631 1 -0.0545677 0.0804081 -0.0312128
FixedParameters: 0 0 0

#Transform 213
Transform: AffineTransform_float_3_3
Parameters: 0.999999 0.00112076 -0.000502547 -0.00112125 1 -0.000487437 0.000501454 0.000487562 1 -0.053196 0.0747384 -0.0326593
FixedParameters: 0 0 0

#Transform 214
Transform: AffineTransform_float_3_3
Parameters: 1 0.00105282 -0.000579327 -0.00105318 1 -0.00031039 0.000578673 0.00031061 1 -0.0483313 0.0658501 0.00120829
FixedParameters: 0 0 0

#Transform 215
Transform: AffineTransform_float_3_3
Parameters: 0.999999 0.00114165 -0.000483836 -0.00114235 0.999999 -0.000731448 0.000483164 0.000732553 1 -0.0517075 0.0743542 -0.00775302
FixedParameters: 0 0 0

#Transform 216
Transform: AffineTransform_float_3_3
Parameters: 1 0.00101775 -0.000464553 -0.00101725 1 -0.000542528 0.000464448 0.000543473 0.999999 -0.0467702 0.0487086 -0.00401107
FixedParameters: 0 0 0

#Transform 217
Transform: AffineTransform_float_3_3
Parameters: 1 0.00108185 -0.000224739 -0.00108215 0.999999 -0.000682757 0.000223262 0.000682242 0.999999 -0.0514 0.07893 -0.0077421
FixedParameters: 0 0 0

#Transform 218
Transform: AffineTransform_float_3_3
Parameters: 1 0.0010617 -0.00034691 -0.0010623 0.999999 -0.000856632 0.000346091 0.000856368 0.999999 -0.0505836 0.0338733 -0.0358033
FixedParameters: 0 0 0

#Transform 219
Transform: AffineTransform_float_3_3
Parameters: 0.999999 0.000865881 -0.000295346 -0.000866117 0.999999 -0.000399744 0.000294653 0.000400255 1 -0.0466496 0.0118352 -0.00269153
FixedParameters: 0 0 0

#Transform 220
Transform: AffineTransform_float_3_3
Parameters: 1 0.00100068 -0.000296086 -0.00100132 0.999999 -0.0010847 0.000294915 0.0010843 1 -0.049382 0.0472914 -0.0362552
FixedParameters: 0 0 0

#Transform 221
Transform: AffineTransform_float_3_3
Parameters: 1 0.000949935 -0.000125502 -0.000950067 1 -0.000527881 0.000124498 0.000528119 1 -0.0409561 0.0304831 -0.0253475
FixedParameters: 0 0 0

#Transform 222
Transform: AffineTransform_float_3_3
Parameters: 1 0.00102867 -0.000296138 -0.00102933 0.999999 -0.0011057 0.000294862 0.0011063 1 -0.0432637 0.0777535 -0.04452
FixedParameters: 0 0 0

#Transform 223
Transform: AffineTransform_float_3_3
Parameters: 0.999999 0.000865815 -0.000295543 -0.000866185 1 -0.000627744 0.000294456 0.000628255 1 -0.0438032 0.0607599 -0.0267336
FixedParameters: 0 0 0

#Transform 224
Transform: AffineTransform_float_3_3
Parameters: 1 0.00086573 -0.000425551 -0.000866272 1 -0.000636632 0.000425449 0.000636369 0.999999 -0.0368074 0.077622 -0.0265812
FixedParameters: 0 0 0

#Transform 225
Transform: AffineTransform_float_3_3
Parameters: 1 0.00086568 -0.000428649 -0.000866321 1 -0.000749629 0.000427351 0.00074937 0.999999 -0.0335052 0.0778 -0.028852
FixedParameters: 0 0 0

#Transform 226
Transform: AffineTransform_float_3_3
Parameters: 0.999999 0.000865563 -0.000498759 -0.000866437 0.999999 -0.000876568 0.00049824 0.000877431 0.999999 -0.0427209 0.0780618 -0.0430319
FixedParameters: 0 0 0

#Transform 227
Transform: AffineTransform_float_3_3
Parameters: 1 0.00093381 -0.000440406 -0.000934192 1 -0.000434589 0.000439595 0.000434411 1 -0.0348842 0.058812 -0.0223306
FixedParameters: 0 0 0

#Transform 228
Transform: AffineTransform_float_3_3
Parameters: 1 0.00101763 -0.00046181 -0.00101737 0.999999 -0.00079553 0.00046119 0.00079647 0.999999 -0.0475656 0.0671989 -0.0382018
FixedParameters: 0 0 0

#Transform 229
Transform: AffineTransform_float_3_3
Parameters: 0.999999 0.000865713 -0.00029584 -0.000866286 0.999999 -0.000969745 0.00029516 0.000970257 1 -0.0404355 0.0417435 -0.0338107
FixedParameters: 0 0 0

#Transform 230
Transform: AffineTransform_float_3_3
Parameters: 1 0.000925741 -0.000580413 -0.000926259 0.999999 -0.000445462 0.000580587 0.000446537 0.999999 -0.0453489 -0.00389104 -0.0220431
FixedParameters: 0 0 0

#Transform 231
Transform: AffineTransform_float_3_3
Parameters: 0.999999 0.00109451 -0.000568943 -0.00109449 0.999999 -0.000860378 0.000568058 0.000861623 1 -0.0526965 0.0322828 -0.0370089
FixedParameters: 0 0 0

#Transform 232
Transform: AffineTransform_float_3_3
Parameters: 0.999999 0.000865844 -0.000295455 -0.000866154 0.999999 -0.000525744 0.000294544 0.000526255 1 -0.0336412 0.0325093 -0.0247132
FixedParameters: 0 0 0

#Transform 233
Transform: AffineTransform_float_3_3
Parameters: 1 0.000995779 -0.000295746 -0.000996222 0.999999 -0.000748706 0.000295254 0.000749294 0.999999 -0.0518591 0.0630184 -0.0207259
FixedParameters: 0 0 0

#Transform 234
Transform: AffineTransform_float_3_3
Parameters: 1 0.00110381 -0.000492417 -0.00110419 1 -0.000377457 0.000492582 0.000378544 1 -0.0504329 0.0682761 0.00199238
FixedParameters: 0 0 0

#Transform 235
Transform: AffineTransform_float_3_3
Parameters: 1 0.00107581 -0.000295681 -0.00107619 0.999999 -0.000632682 0.000295319 0.000633318 1 -0.0507069 0.111484 -0.0212823
FixedParameters: 0 0 0

#Transform 236
Transform: AffineTransform_float_3_3
Parameters: 1 0.00109276 -0.000381692 -0.00109324 0.999999 -0.000632583 0.000381308 0.000633417 0.999999 -0.0506613 0.0630129 -0.0209328
FixedParameters: 0 0 0

#Transform 237
Transform: AffineTransform_float_3_3
Parameters: 1 0.00086583 -0.000295503 -0.000866172 1 -0.000580744 0.000294498 0.000580255 1 -0.0456739 0.0673731 -0.0151133
FixedParameters: 0 0 0

#Transform 238
Transform: AffineTransform_float_3_3
Parameters: 0.999999 0.000865839 -0.000295473 -0.000866161 1 -0.000546744 0.000294527 0.000546255 1 -0.0461018 0.0594814 -0.0182146
FixedParameters: 0 0 0

#Transform 239
Transform: AffineTransform_float_3_3
Parameters: 0.999999 0.000865981 -0.000295054 -0.000866018 0.999999 -6.27445e-05 0.000294945 6.32554e-05 1 -0.0336488 0.0383975 0.007953
FixedParameters: 0 0 0

#Transform 240
Transform: AffineTransform_float_3_3
Parameters: 1 0.00109069 -0.000397854 -0.00109131 0.999999 -0.000782566 0.000397145 0.000783433 0.999999 -0.0506518 0.0850948 -0.0227128
FixedParameters: 0 0 0

#Transform 241
Transform: AffineTransform_float_3_3
Parameters: 1 0.000865865 -0.000384305 -0.000866135 0.999999 -0.000351667 0.000383696 0.000351332 1 -0.0392529 0.0255658 -0.0138515
FixedParameters: 0 0 0

#Transform 242
Transform: AffineTransform_float_3_3
Parameters: 0.999999 0.000865687 -0.00037572 -0.000866312 1 -0.000831675 0.000375279 0.000832325 0.999999 -0.0456508 0.0422336 -0.0238234
FixedParameters: 0 0 0

#Transform 243
Transform: AffineTransform_float_3_3
Parameters: 0.999999 0.000865845 -0.000295451 -0.000866153 0.999999 -0.000520744 0.000294548 0.000521255 1 -0.0471214 0.0362837 -0.00267939
FixedParameters: 0 0 0

#Transform 244
Transform: AffineTransform_float_3_3
Parameters: 1 0.000948883 -0.000295378 -0.000949118 1 -0.00039772 0.000294622 0.00039828 1 -0.0354277 0.0605897 -0.00494663
FixedParameters: 0 0 0

#Transform 245
Transform: AffineTransform_float_3_3
Parameters: 1 0.000962839 -0.000393395 -0.000963161 0.999999 -0.000409621 0.000392605 0.000410378 1 -0.045407 0.0604747 -0.00920577
FixedParameters: 0 0 0

#Transform 246
Transform: AffineTransform_float_3_3
Parameters: 0.999999 0.000865813 -0.000295549 -0.000866187 1 -0.000633744 0.000294451 0.000634255 1 -0.0403825 0.0811775 -0.0163309
FixedParameters: 0 0 0

#Transform 247
Transform: AffineTransform_float_3_3
Parameters: 1 0.000981846 -0.000295514 -0.000982155 1 -0.00052371 0.000294485 0.00052429 1 -0.0464028 0.0706852 -0.0114059
FixedParameters: 0 0 0

#Transform 248
Transform: AffineTransform_float_3_3
Parameters: 1 0.000865818 -0.000433363 -0.000866181 0.999999 -0.000418625 0.000432637 0.000419375 1 -0.0447696 0.0761725 0.000700541
FixedParameters: 0 0 0

#Transform 249
Transform: AffineTransform_float_3_3
Parameters: 1 0.0010897 -0.000296112 -0.0010903 0.999999 -0.00101968 0.000294888 0.00102032 1 -0.0487518 0.0895714 -0.00742837
FixedParameters: 0 0 0

#Transform 250
Transform: AffineTransform_float_3_3
Parameters: 0.999999 0.00086581 -0.000295557 -0.00086619 1 -0.000643744 0.000294442 0.000644255 0.999999 -0.0436895 0.0250296 -0.00831026
FixedParameters: 0 0 0

#Transform 251
Transform: AffineTransform_float_3_3
Parameters: 0.999999 0.000865627 -0.000296091 -0.000866372 0.999999 -0.00125974 0.000294908 0.00126026 0.999999 -0.0418525 0.0432691 -0.0125348
FixedParameters: 0 0 0

#Transform 252
Transform: AffineTransform_float_3_3
Parameters: 0.999999 0.000865772 -0.000295668 -0.000866228 1 -0.000771744 0.000295331 0.000772256 0.999999 -0.0484528 0.0185504 -0.00254159
FixedParameters: 0 0 0

#Transform 253
Transform: AffineTransform_float_3_3
Parameters: 1 0.000865638 -0.000296062 -0.000866363 0.999999 -0.00122674 0.000294937 0.00122726 0.999999 -0.0473155 0.0572304 -0.0156978
FixedParameters: 0 0 0

#Transform 254
Transform: AffineTransform_float_3_3
Parameters: 0.999999 0.000865788 -0.000295621 -0.000866212 1 -0.000716744 0.00029538 0.000716256 0.999999 -0.0498127 0.0342109 -0.00464608
FixedParameters: 0 0 0

#Transform 255
Transform: AffineTransform_float_3_3
Parameters: 1 0.00103466 -0.000296206 -0.00103534 0.999999 -0.00116469 0.000294794 0.00116531 1 -0.0503505 0.0840608 -0.0272056
FixedParameters: 0 0 0

#Transform 256
Transform: AffineTransform_float_3_3
Parameters: 0.999999 0.000865716 -0.000295831 -0.000866284 0.999999 -0.000959745 0.000295169 0.000959257 1 -0.0418304 0.0657222 -0.0213999
FixedParameters: 0 0 0

#Transform 257
Transform: AffineTransform_float_3_3
Parameters: 0.999999 0.000865419 -0.00041621 -0.000865581 0.999998 -0.00139764 0.000415791 0.00139736 0.999999 -0.0333863 0.0849367 -0.0417032
FixedParameters: 0 0 0

#Transform 258
Transform: AffineTransform_float_3_3
Parameters: 1 0.00103666 -0.00029619 -0.00103634 0.999999 -0.00114769 0.000294812 0.00114731 1 -0.0465769 0.0669741 -0.0248038
FixedParameters: 0 0 0

#Transform 259
Transform: AffineTransform_float_3_3
Parameters: 1 0.00103656 -0.00029655 -0.00103744 0.999999 -0.00149469 0.00029445 0.00149431 0.999999 -0.0492597 0.0549718 -0.0440303
FixedParameters: 0 0 0

#Transform 260
Transform: AffineTransform_float_3_3
Parameters: 0.999999 0.00086563 -0.000296083 -0.000866369 0.999999 -0.00125074 0.000294916 0.00125126 0.999999 -0.0469896 0.0304899 -0.00891023
FixedParameters: 0 0 0

#Transform 261
Transform: AffineTransform_float_3_3
Parameters: 0.999999 0.000931328 -0.000454378 -0.00093267 0.999998 -0.00147958 0.000452621 0.00147942 0.999999 -0.0499717 0.0490385 0.0132136
FixedParameters: 0 0 0

#Transform 262
Transform: AffineTransform_float_3_3
Parameters: 1 0.00105848 -0.000296858 -0.00105852 0.999998 -0.00175469 0.000295143 0.00175531 0.999999 -0.0538789 0.0681836 -0.0163727
FixedParameters: 0 0 0

#Transform 263
Transform: AffineTransform_float_3_3
Parameters: 0.999999 0.00109621 -0.000855305 -0.00109779 0.999997 -0.00210006 0.000852696 0.00210094 0.999998 -0.0469294 0.046871 -0.0164753
FixedParameters: 0 0 0

#Transform 264
Transform: AffineTransform_float_3_3
Parameters: 0.999998 0.00108859 -0.00124786 -0.00109341 0.999993 -0.00353964 0.00124414 0.00354136 0.999993 -0.049713 0.0670952 -0.0497979
FixedParameters: 0 0 0

#Transform 265
Transform: AffineTransform_float_3_3
Parameters: 0.999998 0.00112675 -0.00117413 -0.00113025 0.999995 -0.00277067 0.00117087 0.00277132 0.999995 -0.0472119 0.0423696 -0.0271265
FixedParameters: 0 0 0

#Transform 266
Transform: AffineTransform_float_3_3
Parameters: 0.999998 0.00125296 -0.00118628 -0.00125704 0.999994 -0.00341152 0.00118172 0.00341249 0.999994 -0.0533894 0.0805678 -0.0327908
FixedParameters: 0 0 0

#Transform 267
Transform: AffineTransform_float_3_3
Parameters: 0.999998 0.0011277 -0.00116221 -0.0011313 0.999996 -0.00283969 0.00115879 0.00284031 0.999996 -0.050655 0.0453545 -0.000713658
FixedParameters: 0 0 0

#Transform 268
Transform: AffineTransform_float_3_3
Parameters: 0.999998 0.00119394 -0.00116318 -0.00119806 0.999993 -0.00349861 0.00115882 0.00349939 0.999993 -0.0489808 0.0804331 -0.00980285
FixedParameters: 0 0 0

#Transform 269
Transform: AffineTransform_float_3_3
Parameters: 0.999999 0.00106553 -0.00102263 -0.00106847 0.999993 -0.00340091 0.00101937 0.00340109 0.999993 -0.0491006 0.0447773 -0.036709
FixedParameters: 0 0 0

#Transform 270
Transform: AffineTransform_float_3_3
Parameters: 0.999999 0.00102163 -0.00116285 -0.00102637 0.999993 -0.00376081 0.00115915 0.00376219 0.999993 -0.0495475 0.050353 -0.0334104
FixedParameters: 0 0 0

#Transform 271
Transform: AffineTransform_float_3_3
Parameters: 0.999998 0.00109179 -0.00116297 -0.00109621 0.999993 -0.00362773 0.00115903 0.00362927 0.999992 -0.053483 0.0536507 -0.0200702
FixedParameters: 0 0 0

#Transform 272
Transform: AffineTransform_float_3_3
Parameters: 0.999999 0.000861801 -0.00116213 -0.000866199 0.999993 -0.003618 0.00115887 0.003619 0.999993 -0.0388276 0.0501439 -0.0305904
FixedParameters: 0 0 0

#Transform 273
Transform: AffineTransform_float_3_3
Parameters: 0.999999 0.00105742 -0.000991833 -0.00106158 0.999993 -0.00361795 0.000988165 0.00361905 0.999993 -0.0468759 0.058065 -0.026046
FixedParameters: 0 0 0

#Transform 274
Transform: AffineTransform_float_3_3
Parameters: 0.999999 0.0010616 -0.00116303 -0.0010664 0.999992 -0.00379177 0.00115896 0.00379224 0.999992 -0.0472987 0.0282577 -0.0553583
FixedParameters: 0 0 0

#Transform 275
Transform: AffineTransform_float_3_3
Parameters: 0.999999 0.00101108 -0.00139631 -0.00101692 0.999991 -0.00424759 0.00139169 0.00424942 0.99999 -0.0488116 0.0828293 -0.048139
FixedParameters: 0 0 0

#Transform 276
Transform: AffineTransform_float_3_3
Parameters: 0.999999 0.000862296 -0.00116176 -0.000865704 0.999994 -0.003191 0.00115924 0.003192 0.999994 -0.0386047 -0.000841837 0.0116756
FixedParameters: 0 0 0

#Transform 277
Transform: AffineTransform_float_3_3
Parameters: 0.999999 0.00103221 -0.00116327 -0.00103679 0.999991 -0.0041238 0.00115873 0.0041252 0.999991 -0.0443666 0.0938577 -0.0410458
FixedParameters: 0 0 0

#Transform 278
Transform: AffineTransform_float_3_3
Parameters: 0.999999 0.00102988 -0.00109091 -0.00103412 0.999993 -0.00378688 0.00108709 0.00378813 0.999992 -0.0454023 0.0384316 -0.0702242
FixedParameters: 0 0 0

#Transform 279
Transform: AffineTransform_float_3_3
Parameters: 0.999999 0.000861275 -0.00116252 -0.000865723 0.999992 -0.00407 0.00115849 0.004071 0.999991 -0.0358685 0.0544017 -0.0671543
FixedParameters: 0 0 0

#Transform 280
Transform: AffineTransform_float_3_3
Parameters: 0.999998 0.00100136 -0.00130036 -0.00100664 0.99999 -0.0043437 0.00129564 0.0043453 0.999989 -0.0418047 0.0681185 -0.0772331
FixedParameters: 0 0 0

#Transform 281
Transform: AffineTransform_float_3_3
Parameters: 0.999999 0.000861463 -0.00116238 -0.000865535 0.999992 -0.003908 0.00115863 0.003909 0.999991 -0.0353882 0.0320036 -0.053115
FixedParameters: 0 0 0

#Transform 282
Transform: AffineTransform_float_3_3
Parameters: 0.999999 0.000861177 -0.00116259 -0.00086582 0.999991 -0.004154 0.00115841 0.004155 0.99999 -0.0365659 0.0470263 -0.0654338
FixedParameters: 0 0 0

#Transform 283
Transform: AffineTransform_float_3_3
Parameters: 0.999998 0.00102734 -0.00129451 -0.00103366 0.99999 -0.00438167 0.00129048 0.00438333 0.99999 -0.0397568 0.0585405 -0.069577
FixedParameters: 0 0 0

#Transform 284
Transform: AffineTransform_float_3_3
Parameters: 0.999999 0.000861558 -0.00116231 -0.000866441 0.999993 -0.003827 0.00115869 0.003828 0.999992 -0.0356502 0.0381357 -0.0493926
FixedParameters: 0 0 0

#Transform 285
Transform: AffineTransform_float_3_3
Parameters: 0.999999 0.000929815 -0.00158424 -0.000937184 0.99999 -0.00454053 0.00157976 0.00454248 0.999989 -0.0360476 0.0978672 -0.0977569
FixedParameters: 0 0 0

#Transform 286
Transform: AffineTransform_float_3_3
Parameters: 0.999998 0.000860081 -0.00151637 -0.000865918 0.999992 -0.00390769 0.00151263 0.00390831 0.999991 -0.0363143 0.0279719 -0.0591504
FixedParameters: 0 0 0

#Transform 287
Transform: AffineTransform_float_3_3
Parameters: 0.999999 0.000930503 -0.00149606 -0.000936503 0.99999 -0.00434861 0.00149294 0.0043494 0.99999 -0.0370065 0.0694482 -0.0905784
FixedParameters: 0 0 0

#Transform 288
Transform: AffineTransform_float_3_3
Parameters: 0.999999 0.000860881 -0.00116281 -0.00086612 0.99999 -0.004409 0.00115919 0.00441 0.999989 -0.036149 0.0316126 -0.0708293
FixedParameters: 0 0 0

#Transform 289
Transform: AffineTransform_float_3_3
Parameters: 0.999998 0.000860173 -0.00136768 -0.000865822 0.99999 -0.00426482 0.00136332 0.00426618 0.99999 -0.0367681 0.0523493 -0.0539379
FixedParameters: 0 0 0

#Transform 290
Transform: AffineTransform_float_3_3
Parameters: 0.999998 0.00086052 -0.00138043 -0.000866477 0.999991 -0.00397381 0.00137657 0.00397519 0.999991 -0.0369508 0.0652861 -0.0605854
FixedParameters: 0 0 0

#Transform 291
Transform: AffineTransform_float_3_3
Parameters: 0.999999 0.00072801 -0.00132475 -0.000733987 0.999992 -0.00377003 0.00132124 0.00377096 0.999992 -0.0404823 0.0661797 -0.0733364
FixedParameters: 0 0 0

#Transform 292
Transform: AffineTransform_float_3_3
Parameters: 0.999998 0.000958314 -0.00138794 -0.000963687 0.999991 -0.00410267 0.00138406 0.00410333 0.99999 -0.0462409 0.0703107 -0.0801117
FixedParameters: 0 0 0

#Transform 293
Transform: AffineTransform_float_3_3
Parameters: 0.999998 0.000860005 -0.00146254 -0.000865996 0.999991 -0.00410274 0.00145946 0.00410426 0.99999 -0.0408877 0.0555483 -0.0850104
FixedParameters: 0 0 0

#Transform 294
Transform: AffineTransform_float_3_3
Parameters: 0.999999 0.000949236 -0.0011629 -0.000953764 0.999991 -0.0041029 0.0011591 0.00410411 0.999991 -0.0454168 0.0654723 -0.0856242
FixedParameters: 0 0 0

#Transform 295
Transform: AffineTransform_float_3_3
Parameters: 0.999999 0.000861546 -0.00116231 -0.000866453 0.999993 -0.003837 0.00115868 0.003838 0.999992 -0.0358895 0.0716519 -0.0681391
FixedParameters: 0 0 0

#Transform 296
Transform: AffineTransform_float_3_3
Parameters: 0.999999 0.000861839 -0.0011621 -0.000866161 0.999993 -0.003585 0.0011589 0.003586 0.999993 -0.0359118 0.040559 -0.0703454
FixedParameters: 0 0 0

#Transform 297
Transform: AffineTransform_float_3_3
Parameters: 0.999999 0.00086198 -0.00116199 -0.000866019 0.999993 -0.003463 0.00115901 0.003464 0.999994 -0.0352342 0.0216672 -0.0651615
FixedParameters: 0 0 0

#Transform 298
Transform: AffineTransform_float_3_3
Parameters: 0.999999 0.000861655 -0.00116223 -0.000866344 0.999992 -0.003743 0.00115877 0.003744 0.999993 -0.0369384 0.0473157 -0.0734485
FixedParameters: 0 0 0

#Transform 299
Transform: AffineTransform_float_3_3
Parameters: 0.999999 0.000861821 -0.00116211 -0.000866178 0.999993 -0.0036 0.00115889 0.003601 0.999993 -0.0347874 0.0471219 -0.0666649
FixedParameters: 0 0 0

#Transform 300
Transform: AffineTransform_float_3_3
Parameters: 0.999999 0.000960418 -0.00123657 -0.000965579 0.999992 -0.00370981 0.00123243 0.00371119 0.999993 -0.0366407 0.0930633 -0.0723787
FixedParameters: 0 0 0

#Transform 301
Transform: AffineTransform_float_3_3
Parameters: 0.999999 0.000861941 -0.00126877 -0.000866059 0.999994 -0.0032019 0.00126623 0.00320309 0.999994 -0.0346075 0.0510008 -0.0336923
FixedParameters: 0 0 0

#Transform 302
Transform: AffineTransform_float_3_3
Parameters: 0.999999 0.000861371 -0.00116244 -0.000865626 0.999991 -0.003987 0.00115856 0.003988 0.999992 -0.0347897 0.0701537 -0.0544146
FixedParameters: 0 0 0

#Transform 303
Transform: AffineTransform_float_3_3
Parameters: 0.999999 0.000861512 -0.00130098 -0.000866487 0.999993 -0.00345288 0.00129802 0.00345412 0.999993 -0.0345781 0.0330858 -0.0431631
FixedParameters: 0 0 0

#Transform 304
Transform: AffineTransform_float_3_3
Parameters: 0.999999 0.000861286 -0.00116251 -0.000865713 0.999992 -0.004061 0.00115849 0.004062 0.999991 -0.0348024 0.0602208 -0.0559814
FixedParameters: 0 0 0

#Transform 305
Transform: AffineTransform_float_3_3
Parameters: 0.999999 0.000861931 -0.00116203 -0.000866068 0.999993 -0.003505 0.00115897 0.003506 0.999993 -0.0348163 0.0420149 -0.0447269
FixedParameters: 0 0 0

#Transform 306
Transform: AffineTransform_float_3_3
Parameters: 0.999998 0.000860145 -0.00143752 -0.000865856 0.999992 -0.00407676 0.00143448 0.00407824 0.99999 -0.0353555 0.0656892 -0.0757644
FixedParameters: 0 0 0

#Transform 307
Transform: AffineTransform_float_3_3
Parameters: 0.999998 0.000926843 -0.00136751 -0.000932158 0.999993 -0.00377473 0.00136449 0.00377627 0.999992 -0.0370699 0.0595665 -0.0633088
FixedParameters: 0 0 0

#Transform 308
Transform: AffineTransform_float_3_3
Parameters: 0.999998 0.000860712 -0.00141423 -0.000866285 0.999992 -0.00374178 0.00141077 0.00374322 0.999992 -0.037724 0.0597341 -0.0601166
FixedParameters: 0 0 0

#Transform 309
Transform: AffineTransform_float_3_3
Parameters: 0.999998 0.0008602 -0.00134772 -0.000865801 0.999991 -0.00430884 0.00134428 0.00431016 0.99999 -0.0346853 0.0607257 -0.0719932
FixedParameters: 0 0 0

#Transform 310
Transform: AffineTransform_float_3_3
Parameters: 0.999998 0.000739397 -0.00151774 -0.000744603 0.999993 -0.00369387 0.00151526 0.00369513 0.999992 -0.0334792 0.0487133 -0.0409536
FixedParameters: 0 0 0

#Transform 311
Transform: AffineTransform_float_3_3
Parameters: 0.999998 0.000860554 -0.00143827 -0.000866448 0.999993 -0.00378976 0.00143573 0.00379124 0.999992 -0.0391625 0.0797452 -0.04469
FixedParameters: 0 0 0

#Transform 312
Transform: AffineTransform_float_3_3
Parameters: 0.999998 0.000858752 -0.00178151 -0.00086625 0.999992 -0.00407147 0.00177849 0.00407354 0.99999 -0.0341304 0.0693346 -0.0756224
FixedParameters: 0 0 0

#Transform 313
Transform: AffineTransform_float_3_3
Parameters: 0.999998 0.000767293 -0.00172999 -0.000773709 0.999992 -0.00388067 0.00172701 0.00388133 0.999991 -0.034413 0.0413507 -0.0615423
FixedParameters: 0 0 0

#Transform 314
Transform: AffineTransform_float_3_3
Parameters: 0.999998 0.000858548 -0.00166985 -0.000866453 0.999989 -0.00446756 0.00166615 0.00446844 0.999988 -0.0343308 0.10833 -0.079327
FixedParameters: 0 0 0

#Transform 315
Transform: AffineTransform_float_3_3
Parameters: 0.999998 0.000581709 -0.00158632 -0.000587293 0.999992 -0.00396807 0.00158468 0.00396893 0.999991 -0.0286099 0.0602359 -0.0737789
FixedParameters: 0 0 0

#Transform 316
Transform: AffineTransform_float_3_3
Parameters: 0.999999 0.000524454 -0.00116106 -0.000529547 0.999992 -0.00391939 0.00115893 0.00391961 0.999991 -0.023785 0.013315 -0.046919
FixedParameters: 0 0 0

#Transform 317
Transform: AffineTransform_float_3_3
Parameters: 0.999999 0.000570985 -0.0013741 -0.000576015 0.999993 -0.00365221 0.00137191 0.00365279 0.999993 -0.0289048 0.0173011 -0.0568142
FixedParameters: 0 0 0

#Transform 318
Transform: AffineTransform_float_3_3
Parameters: 0.999998 0.000741291 -0.00152579 -0.00074671 0.999992 -0.00374486 0.00152321 0.00374513 0.999992 -0.0320717 0.0414502 -0.0652646
FixedParameters: 0 0 0

#Transform 319
Transform: AffineTransform_float_3_3
Parameters: 0.999998 0.000840256 -0.00147728 -0.000846742 0.999992 -0.00389176 0.00147371 0.00389325 0.999992 -0.032235 0.0733862 -0.0683288
FixedParameters: 0 0 0

#Transform 320
Transform: AffineTransform_float_3_3
Parameters: 0.999999 0.000771389 -0.00154482 -0.000776614 0.999993 -0.00363581 0.00154219 0.0036362 0.999992 -0.0326966 0.0752121 -0.0628047
FixedParameters: 0 0 0

#Transform 321
Transform: AffineTransform_float_3_3
Parameters: 0.999999 0.000874151 -0.00148945 -0.000880849 0.999992 -0.00393169 0.00148555 0.0039323 0.999991 -0.0387902 0.0902138 -0.0873162
FixedParameters: 0 0 0

#Transform 322
Transform: AffineTransform_float_3_3
Parameters: 0.999999 0.000808998 -0.00156113 -0.000815003 0.999993 -0.00384874 0.00155788 0.00384927 0.999992 -0.0309154 0.0747461 -0.0719905
FixedParameters: 0 0 0

#Transform 323
Transform: AffineTransform_float_3_3
Parameters: 0.999998 0.000767644 -0.00176322 -0.000775359 0.999991 -0.00417464 0.00176078 0.00417636 0.999989 -0.0319756 0.0741696 -0.102796
FixedParameters: 0 0 0

#Transform 324
Transform: AffineTransform_float_3_3
Parameters: 0.999999 0.000779772 -0.00163898 -0.00078623 0.999993 -0.00380372 0.00163602 0.00380428 0.999991 -0.0290221 0.0314756 -0.070014
FixedParameters: 0 0 0

#Transform 325
Transform: AffineTransform_float_3_3
Parameters: 0.999998 0.000756412 -0.00180719 -0.000763589 0.999991 -0.00420263 0.00180381 0.00420337 0.999989 -0.0287823 0.0629246 -0.0734231
FixedParameters: 0 0 0

#Transform 326
Transform: AffineTransform_float_3_3
Parameters: 0.999998 0.000723258 -0.001632 -0.000729743 0.999991 -0.00413482 0.001629 0.00413519 0.99999 -0.0355076 0.043129 -0.0852753
FixedParameters: 0 0 0

#Transform 327
Transform: AffineTransform_float_3_3
Parameters: 0.999999 0.000701416 -0.00167577 -0.000708586 0.999992 -0.00393182 0.00167323 0.00393318 0.999991 -0.0278495 0.0512467 -0.0719714
FixedParameters: 0 0 0

#Transform 328
Transform: AffineTransform_float_3_3
Parameters: 0.999998 0.000966027 -0.00171994 -0.000972974 0.999992 -0.00405834 0.00171607 0.00405967 0.999991 -0.0372611 0.0619939 -0.0707048
FixedParameters: 0 0 0

#Transform 329
Transform: AffineTransform_float_3_3
Parameters: 0.999998 0.000647432 -0.00191324 -0.000654571 0.999994 -0.00343476 0.00191176 0.00343525 0.999993 -0.0245625 0.0274997 -0.0758626
FixedParameters: 0 0 0

#Transform 330
Transform: AffineTransform_float_3_3
Parameters: 0.999998 0.000809958 -0.00175427 -0.00081704 0.999991 -0.00401657 0.00175073 0.00401843 0.999991 -0.0308873 0.0776906 -0.0687916
FixedParameters: 0 0 0

#Transform 331
Transform: AffineTransform_float_3_3
Parameters: 0.999999 0.000684759 -0.0017175 -0.000691243 0.999993 -0.00363582 0.0017155 0.00363718 0.999992 -0.0279441 0.0483339 -0.0423523
FixedParameters: 0 0 0

#Transform 332
Transform: AffineTransform_float_3_3
Parameters: 0.999998 0.000805179 -0.00175614 -0.000811822 0.999992 -0.00388758 0.00175286 0.00388842 0.999991 -0.0300187 0.0766822 -0.0625324
FixedParameters: 0 0 0

#Transform 333
Transform: AffineTransform_float_3_3
Parameters: 0.999999 0.00056879 -0.00175902 -0.00057421 0.999993 -0.003532 0.00175698 0.003533 0.999992 -0.021255 0.131469 -0.0397932
FixedParameters: 0 0 0

#Transform 334
Transform: AffineTransform_float_3_3
Parameters: 0.999999 0.000762216 -0.00168309 -0.000769784 0.999992 -0.00403372 0.00167991 0.00403529 0.999991 -0.0280283 0.0374073 -0.061644
FixedParameters: 0 0 0

#Transform 335
Transform: AffineTransform_float_3_3
Parameters: 0.999997 0.00105371 -0.00191558 -0.00106229 0.99999 -0.00433297 0.00191141 0.00433502 0.999989 -0.0349046 0.052342 -0.0722288
FixedParameters: 0 0 0

#Transform 336
Transform: AffineTransform_float_3_3
Parameters: 0.999998 0.000749943 -0.00178199 -0.000757057 0.999992 -0.00396266 0.00177901 0.00396434 0.99999 -0.0251016 0.0377555 -0.0650549
FixedParameters: 0 0 0

#Transform 337
Transform: AffineTransform_float_3_3
Parameters: 0.999999 0.000760108 -0.00160281 -0.000765895 0.999993 -0.00367978 0.00160019 0.00368022 0.999992 -0.0266124 -0.00205161 -0.0558166
FixedParameters: 0 0 0

#Transform 338
Transform: AffineTransform_float_3_3
Parameters: 0.999998 0.000854943 -0.00174647 -0.000862057 0.999992 -0.00404451 0.00174253 0.0040455 0.999991 -0.0335175 0.0804903 -0.0356177
FixedParameters: 0 0 0

#Transform 339
Transform: AffineTransform_float_3_3
Parameters: 0.999999 0.000774153 -0.00165675 -0.000780845 0.999994 -0.00353172 0.00165325 0.00353329 0.999993 -0.02971 0.0400351 -0.0668572
FixedParameters: 0 0 0

#Transform 340
Transform: AffineTransform_float_3_3
Parameters: 0.999998 0.000861953 -0.00180039 -0.00086905 0.999992 -0.00391744 0.00179761 0.00391856 0.99999 -0.0352654 0.0771203 -0.0639899
FixedParameters: 0 0 0

#Transform 341
Transform: AffineTransform_float_3_3
Parameters: 0.999999 0.000664625 -0.00166256 -0.000671377 0.999993 -0.00383689 0.00166044 0.00383811 0.999992 -0.0275501 0.0496999 -0.0794005
FixedParameters: 0 0 0

#Transform 342
Transform: AffineTransform_float_3_3
Parameters: 0.999998 0.000726527 -0.00178007 -0.000734474 0.999991 -0.0042017 0.00177693 0.0042023 0.999989 -0.030292 0.0806949 -0.0863777
FixedParameters: 0 0 0

#Transform 343
Transform: AffineTransform_float_3_3
Parameters: 0.999998 0.000687117 -0.00153564 -0.000692885 0.999993 -0.00383394 0.00153335 0.00383506 0.999991 -0.0276652 0.0603905 -0.0608007
FixedParameters: 0 0 0

#Transform 344
Transform: AffineTransform_float_3_3
Parameters: 0.999998 0.000737638 -0.00177408 -0.000744362 0.999991 -0.00415269 0.00177092 0.00415431 0.99999 -0.0293408 0.0770813 -0.0688988
FixedParameters: 0 0 0

#Transform 345
Transform: AffineTransform_float_3_3
Parameters: 0.999998 0.000746527 -0.00183365 -0.000752474 0.999994 -0.00353163 0.00183135 0.00353338 0.999992 -0.0292235 0.0438512 -0.0621639
FixedParameters: 0 0 0

#Transform 346
Transform: AffineTransform_float_3_3
Parameters: 0.999998 0.000804065 -0.00190337 -0.000811933 0.999991 -0.00417146 0.00189963 0.00417353 0.999989 -0.0291604 0.0631201 -0.088194
FixedParameters: 0 0 0

#Transform 347
Transform: AffineTransform_float_3_3
Parameters: 0.999998 0.000803341 -0.00176351 -0.000810657 0.99999 -0.00434658 0.00175949 0.00434842 0.999989 -0.0305844 0.0763734 -0.0922377
FixedParameters: 0 0 0

#Transform 348
Transform: AffineTransform_float_3_3
Parameters: 0.999998 0.000796854 -0.00178067 -0.000804148 0.999989 -0.00457858 0.00177734 0.00458043 0.999988 -0.0330217 0.0441201 -0.100299
FixedParameters: 0 0 0

#Transform 349
Transform: AffineTransform_float_3_3
Parameters: 0.999997 0.000799599 -0.00196544 -0.000807399 0.99999 -0.00427742 0.00196156 0.00427858 0.999989 -0.0303847 0.0179869 -0.0903005
FixedParameters: 0 0 0

#Transform 350
Transform: AffineTransform_float_3_3
Parameters: 0.999997 0.000629489 -0.00203166 -0.000637513 0.999991 -0.00419171 0.00202935 0.00419229 0.999989 -0.0269756 0.0343591 -0.0613355
FixedParameters: 0 0 0

#Transform 351
Transform: AffineTransform_float_3_3
Parameters: 0.999998 0.000861757 -0.00217568 -0.00087124 0.99999 -0.00425111 0.00217131 0.00425288 0.999988 -0.0316165 0.0621566 -0.0684264
FixedParameters: 0 0 0

#Transform 352
Transform: AffineTransform_float_3_3
Parameters: 0.999998 0.00093714 -0.002086 -0.000945862 0.999991 -0.00425104 0.002082 0.00425296 0.999989 -0.0326711 0.0921192 -0.0685879
FixedParameters: 0 0 0

#Transform 353
Transform: AffineTransform_float_3_3
Parameters: 0.999998 0.000895712 -0.0021325 -0.000904287 0.999992 -0.00388908 0.0021285 0.00389092 0.99999 -0.0386462 0.0975892 -0.0882937
FixedParameters: 0 0 0

#Transform 354
Transform: AffineTransform_float_3_3
Parameters: 0.999997 0.00089373 -0.00224013 -0.00090427 0.999989 -0.00458799 0.00223587 0.00459001 0.999987 -0.0308584 0.0837481 -0.102854
FixedParameters: 0 0 0

#Transform 355
Transform: AffineTransform_float_3_3
Parameters: 0.999997 0.000828372 -0.00223522 -0.000837628 0.999992 -0.00386214 0.00223178 0.00386386 0.99999 -0.0306107 0.082612 -0.0547756
FixedParameters: 0 0 0

#Transform 356
Transform: AffineTransform_float_3_3
Parameters: 0.999997 0.000810477 -0.00224147 -0.000820522 0.999991 -0.00425117 0.00223753 0.00425283 0.999988 -0.0358366 0.0777465 -0.0721948
FixedParameters: 0 0 0

#Transform 357
Transform: AffineTransform_float_3_3
Parameters: 0.999998 0.000923063 -0.00210394 -0.000931939 0.999991 -0.00425105 0.00210006 0.00425295 0.999989 -0.0391321 0.0913054 -0.0726591
FixedParameters: 0 0 0

#Transform 358
Transform: AffineTransform_float_3_3
Parameters: 0.999997 0.000723835 -0.00207487 -0.000732164 0.999992 -0.00393649 0.00207213 0.00393851 0.99999 -0.0280103 0.0458421 -0.0842419
FixedParameters: 0 0 0

#Transform 359
Transform: AffineTransform_float_3_3
Parameters: 0.999997 0.000790065 -0.00201952 -0.000798937 0.99999 -0.0044274 0.00201648 0.0044286 0.999988 -0.0305699 0.0547294 -0.0742032
FixedParameters: 0 0 0

#Transform 360
Transform: AffineTransform_float_3_3
Parameters: 0.999997 0.000699428 -0.00203861 -0.000707572 0.999993 -0.00371557 0.00203638 0.00371743 0.999991 -0.0354209 0.0538509 -0.0512386
FixedParameters: 0 0 0

#Transform 361
Transform: AffineTransform_float_3_3
Parameters: 0.999997 0.000862279 -0.00205268 -0.000870717 0.99999 -0.00425122 0.00204832 0.00425277 0.999989 -0.039427 0.0736645 -0.0959584
FixedParameters: 0 0 0

#Transform 362
Transform: AffineTransform_float_3_3
Parameters: 0.999998 0.000840041 -0.00216849 -0.000848962 0.999991 -0.00413417 0.00216551 0.00413583 0.999989 -0.0304781 0.0844159 -0.0700337
FixedParameters: 0 0 0

#Transform 363
Transform: AffineTransform_float_3_3
Parameters: 0.999997 0.000890748 -0.00217781 -0.000900253 0.99999 -0.00425105 0.00217419 0.00425294 0.999988 -0.0314688 0.0844497 -0.0916905
FixedParameters: 0 0 0

#Transform 364
Transform: AffineTransform_float_3_3
Parameters: 0.999998 0.000773886 -0.00214531 -0.000783114 0.99999 -0.00425133 0.00214169 0.00425267 0.999988 -0.0292185 0.0677953 -0.0726162
FixedParameters: 0 0 0

#Transform 365
Transform: AffineTransform_float_3_3
Parameters: 0.999998 0.000841333 -0.0021564 -0.000850668 0.999992 -0.00402218 0.0021526 0.00402382 0.999989 -0.0381533 0.0750012 -0.0649746
FixedParameters: 0 0 0

#Transform 366
Transform: AffineTransform_float_3_3
Parameters: 0.999997 0.000886441 -0.00219189 -0.000896556 0.99999 -0.00436405 0.00218711 0.00436595 0.999988 -0.0414916 0.0879938 -0.0821179
FixedParameters: 0 0 0

#Transform 367
Transform: AffineTransform_float_3_3
Parameters: 0.999997 0.000797927 -0.00201821 -0.000806072 0.999991 -0.00400238 0.00201479 0.00400362 0.99999 -0.0351699 0.0621028 -0.0679304
FixedParameters: 0 0 0

#Transform 368
Transform: AffineTransform_float_3_3
Parameters: 0.999997 0.000848106 -0.00232863 -0.000857895 0.99999 -0.00425101 0.00232537 0.00425298 0.999989 -0.0303127 0.08148 -0.0772261
FixedParameters: 0 0 0

#Transform 369
Transform: AffineTransform_float_3_3
Parameters: 0.999997 0.000868735 -0.00218072 -0.000878266 0.99999 -0.0042511 0.00217729 0.0042529 0.999989 -0.0373339 0.0699507 -0.060441
FixedParameters: 0 0 0

#Transform 370
Transform: AffineTransform_float_3_3
Parameters: 0.999997 0.0010513 -0.00214727 -0.00106269 0.999987 -0.00498573 0.00214173 0.00498827 0.999986 -0.0348681 0.0905198 -0.0826557
FixedParameters: 0 0 0

#Transform 371
Transform: AffineTransform_float_3_3
Parameters: 0.999998 0.000948007 -0.00214145 -0.00095799 0.999988 -0.00466996 0.00213655 0.00467204 0.999987 -0.038542 0.0430302 -0.0786277
FixedParameters: 0 0 0

#Transform 372
Transform: AffineTransform_float_3_3
Parameters: 0.999997 0.000948729 -0.00199244 -0.000958273 0.999988 -0.0046571 0.00198856 0.0046589 0.999987 -0.0328106 0.0458835 -0.117046
FixedParameters: 0 0 0

#Transform 373
Transform: AffineTransform_float_3_3
Parameters: 0.999997 0.000949213 -0.00192536 -0.00095779 0.999989 -0.00456817 0.00192164 0.00456983 0.999987 -0.0329682 0.0125012 -0.0979261
FixedParameters: 0 0 0

#Transform 374
Transform: AffineTransform_float_3_3
Parameters: 0.999997 0.000880123 -0.00205925 -0.000889875 0.999988 -0.00480018 0.00205475 0.00480182 0.999987 -0.0378439 0.07234 -0.0982682
FixedParameters: 0 0 0

#Transform 375
Transform: AffineTransform_float_3_3
Parameters: 0.999997 0.000949374 -0.00195222 -0.000957624 0.99999 -0.00442214 0.00194778 0.00442386 0.999989 -0.0407525 0.0740452 -0.090857
FixedParameters: 0 0 0

#Transform 376
Transform: AffineTransform_float_3_3
Parameters: 0.999998 0.00095016 -0.00184606 -0.000957841 0.999991 -0.00425124 0.00184194 0.00425276 0.99999 -0.0435805 0.105892 -0.110913
FixedParameters: 0 0 0

#Transform 377
Transform: AffineTransform_float_3_3
Parameters: 0.999997 0.000949136 -0.00192739 -0.00095786 0.999989 -0.00460216 0.00192261 0.00460483 0.999987 -0.0389709 0.0808112 -0.108343
FixedParameters: 0 0 0

#Transform 378
Transform: AffineTransform_float_3_3
Parameters: 0.999997 0.000873031 -0.00197798 -0.000881967 0.99999 -0.00453727 0.00197402 0.00453973 0.999987 -0.0415567 0.0942415 -0.101974
FixedParameters: 0 0 0

#Transform 379
Transform: AffineTransform_float_3_3
Parameters: 0.999997 0.000948468 -0.0019347 -0.000957534 0.999988 -0.00493216 0.0019303 0.00493384 0.999986 -0.040734 0.0820077 -0.115956
FixedParameters: 0 0 0

#Transform 380
Transform: AffineTransform_float_3_3
Parameters: 0.999998 0.000948483 -0.00209035 -0.000957517 0.999989 -0.00455701 0.00208566 0.00455899 0.999988 -0.0398126 0.0619565 -0.0757644
FixedParameters: 0 0 0

#Transform 381
Transform: AffineTransform_float_3_3
Parameters: 0.999998 0.000741114 -0.00209452 -0.000750882 0.999988 -0.00472244 0.00209048 0.00472456 0.999986 -0.0390708 0.0631255 -0.1088
FixedParameters: 0 0 0

#Transform 382
Transform: AffineTransform_float_3_3
Parameters: 0.999997 0.000949154 -0.0019653 -0.000957845 0.99999 -0.00450513 0.0019607 0.00450687 0.999988 -0.0447535 0.0646317 -0.0829672
FixedParameters: 0 0 0

#Transform 383
Transform: AffineTransform_float_3_3
Parameters: 0.999998 0.0008092 -0.00207146 -0.000817799 0.99999 -0.00425131 0.00206754 0.00425268 0.999989 -0.0341034 0.0354482 -0.0822979
FixedParameters: 0 0 0

#Transform 384
Transform: AffineTransform_float_3_3
Parameters: 0.999998 0.000949112 -0.00203617 -0.000957889 0.99999 -0.00436906 0.00203184 0.00437094 0.999989 -0.0434423 0.0762857 -0.0696185
FixedParameters: 0 0 0

#Transform 385
Transform: AffineTransform_float_3_3
Parameters: 0.999997 0.000949268 -0.00202511 -0.000957731 0.99999 -0.00431507 0.00202088 0.00431693 0.999988 -0.0377406 0.0657279 -0.102336
FixedParameters: 0 0 0

#Transform 386
Transform: AffineTransform_float_3_3
Parameters: 0.999997 0.000827162 -0.00232253 -0.000836835 0.99999 -0.00423807 0.00231847 0.00423993 0.999989 -0.0340388 0.0683329 -0.0661966
FixedParameters: 0 0 0
