#Insight Transform File V1.0
#Transform 0
Transform: AffineTransform_float_3_3
Parameters: 1 -4.4484e-08 -0.000337 -4.4484e-08 1 -0.000132 0.000337 0.000132 1 0.00442203 0.0202674 0.0475007
FixedParameters: 0 0 0

#Transform 1
Transform: AffineTransform_float_3_3
Parameters: 1 -0.000155082 -0.000204938 0.000154918 1 -0.000400032 0.000205062 0.000399968 1 -0.00144442 0.0435831 0.0316452
FixedParameters: 0 0 0

#Transform 2
Transform: AffineTransform_float_3_3
Parameters: 1 -0.000195 5.421e-08 0.000195 1 -0.000278 5.421e-08 0.000278 1 -0.00228525 0.0621982 0.0217954
FixedParameters: 0 0 0

#Transform 3
Transform: AffineTransform_float_3_3
Parameters: 1 0 -0.00017 0 1 0 0.00017 0 1 0.00223899 0.002754 0.0204396
FixedParameters: 0 0 0

#Transform 4
Transform: AffineTransform_float_3_3
Parameters: 1 -0.000171 0 0.000171 1 0 0 0 1 -0.00213667 0.0158915 0.024701
FixedParameters: 0 0 0

#Transform 5
Transform: AffineTransform_float_3_3
Parameters: 1 -0.000143 1.02245e-07 0.000143 0.999999 -0.000715 1.02245e-07 0.000715 0.999999 -0.00246969 0.085785 0.00968445
FixedParameters: 0 0 0

#Transform 6
Transform: AffineTransform_float_3_3
Parameters: 1 -0.000126033 -0.000280985 0.000125967 1 -0.000117035 0.000281015 0.000116965 1 -0.00301528 0.0109782 0.0226505
FixedParameters: 0 0 0

#Transform 7
Transform: AffineTransform_float_3_3
Parameters: 1 0 -0.000227 0 1 0 0.000227 0 1 -0.00268406 0.008077 0.0249979
FixedParameters: 0 0 0

#Transform 8
Transform: AffineTransform_float_3_3
Parameters: 1 0 -0.000133 0 1 0 0.000133 0 1 -0.00722539 0.028832 0.0305444
FixedParameters: 0 0 0

#Transform 9
Transform: AffineTransform_float_3_3
Parameters: 1 4.8279e-08 -0.000133 4.8279e-08 1 0.000363 0.000133 -0.000363 1 0.00171635 -0.0177644 0.0324717
FixedParameters: 0 0 0

#Transform 10
Transform: AffineTransform_float_3_3
Parameters: 1 0 0 0 1 -3.3e-05 0 3.3e-05 1 0 0.048795 0.0282941
FixedParameters: 0 0 0

#Transform 11
Transform: AffineTransform_float_3_3
Parameters: 1 0 0 0 1 0.000311 0 -0.000311 1 1e-05 -0.0122892 0.0312812
FixedParameters: 0 0 0

#Transform 12
Transform: AffineTransform_float_3_3
Parameters: 1 0 0 0 1 0.000219 0 -0.000219 1 -0.003712 0.0285925 0.0292494
FixedParameters: 0 0 0

#Transform 13
Transform: AffineTransform_float_3_3
Parameters: 1 -1.9e-05 -3.325e-09 1.9e-05 1 0.000175 -3.325e-09 -0.000175 1 0.000377947 0.0440054 0.028316
FixedParameters: 0 0 0

#Transform 14
Transform: AffineTransform_float_3_3
Parameters: 1 0.000141 7.7691e-08 -0.000141 1 0.000551 7.7691e-08 -0.000551 1 -0.00543183 -0.000519643 0.036209
FixedParameters: 0 0 0

#Transform 15
Transform: AffineTransform_float_3_3
Parameters: 1 8.9e-05 2.492e-08 -8.9e-05 1 0.00028 2.492e-08 -0.00028 1 -0.00182132 0.0802547 0.0304882
FixedParameters: 0 0 0

#Transform 16
Transform: AffineTransform_float_3_3
Parameters: 1 0.000132 2.2836e-08 -0.000132 1 0.000173 2.2836e-08 -0.000173 1 -0.00269082 0.0246269 0.0323466
FixedParameters: 0 0 0

#Transform 17
Transform: AffineTransform_float_3_3
Parameters: 1 0.000111076 -0.000177953 -0.000110924 1 0.00042702 0.000178047 -0.00042698 1 6.61737e-05 0.0173585 0.0196217
FixedParameters: 0 0 0

#Transform 18
Transform: AffineTransform_float_3_3
Parameters: 1 -2.6e-05 1.508e-08 2.6e-05 1 -0.00058 1.508e-08 0.00058 1 0.000600845 0.0694438 -0.00609631
FixedParameters: 0 0 0

#Transform 19
Transform: AffineTransform_float_3_3
Parameters: 1 -7.79849e-05 6.80173e-05 7.80151e-05 1 -0.000221995 -6.79827e-05 0.000222005 1 -0.00148752 -0.00011604 0.00444604
FixedParameters: 0 0 0

#Transform 20
Transform: AffineTransform_float_3_3
Parameters: 1 -5e-05 2.4e-09 5e-05 1 -4.8e-05 2.4e-09 4.8e-05 1 0.0011404 0.00173334 0.00232742
FixedParameters: 0 0 0

#Transform 21
Transform: AffineTransform_float_3_3
Parameters: 1 -4.5e-05 -4.095e-09 4.5e-05 1 9.1e-05 -4.095e-09 -9.1e-05 1 0.0010238 0.0362832 -0.00773702
FixedParameters: 0 0 0

#Transform 22
Transform: AffineTransform_float_3_3
Parameters: 1 -0.000109 2.6051e-08 0.000109 1 -0.000239 2.6051e-08 0.000239 1 0.00242901 0.0701223 -0.00969814
FixedParameters: 0 0 0

#Transform 23
Transform: AffineTransform_float_3_3
Parameters: 1 -4.3e-05 -9.546e-09 4.3e-05 1 0.000222 -9.546e-09 -0.000222 1 0.000969321 -0.0164242 -0.00491241
FixedParameters: 0 0 0

#Transform 24
Transform: AffineTransform_float_3_3
Parameters: 1 -0.000138 -1.3524e-08 0.000138 1 9.8e-05 -1.3524e-08 -9.8e-05 1 0.00303026 0.0382117 0.0064844
FixedParameters: 0 0 0

#Transform 25
Transform: AffineTransform_float_3_3
Parameters: 1 -0.000147 -3.2634e-08 0.000147 1 0.000222 -3.2634e-08 -0.000222 1 0.00321066 0.0649808 0.0230035
FixedParameters: 0 0 0

#Transform 26
Transform: AffineTransform_float_3_3
Parameters: 1 -9.6e-05 -2.7168e-08 9.6e-05 1 0.000283 -2.7168e-08 -0.000283 1 0.00659312 0.00209127 1.33557e-06
FixedParameters: 0 0 0

#Transform 27
Transform: AffineTransform_float_3_3
Parameters: 1 -0.000155 -1.55e-09 0.000155 1 1e-05 -1.55e-09 -1e-05 1 0.0105291 0.079971 0.0069163
FixedParameters: 0 0 0

#Transform 28
Transform: AffineTransform_float_3_3
Parameters: 1 -0.000145 -5.8e-08 0.000145 1 0.0004 -5.8e-08 -0.0004 1 0.0109227 0.025814 0.0215045
FixedParameters: 0 0 0

#Transform 29
Transform: AffineTransform_float_3_3
Parameters: 1 -8.89561e-05 -9.10429e-05 8.90438e-05 1 0.000481992 9.09571e-05 -0.000482008 1 0.00313189 0.00778218 0.0210163
FixedParameters: 0 0 0

#Transform 30
Transform: AffineTransform_float_3_3
Parameters: 1 -0.00014 -1.526e-08 0.00014 1 0.000109 -1.526e-08 -0.000109 1 0.00310119 0.0797113 0.015374
FixedParameters: 0 0 0

#Transform 31
Transform: AffineTransform_float_3_3
Parameters: 1 -9.6e-05 -5.0016e-08 9.6e-05 1 0.000521 -5.0016e-08 -0.000521 1 0.00209907 -0.00777385 0.0241255
FixedParameters: 0 0 0

#Transform 32
Transform: AffineTransform_float_3_3
Parameters: 1 -6.3e-05 -3.3201e-08 6.3e-05 1 0.000527 -3.3201e-08 -0.000527 1 0.00139112 0.026843 0.0241827
FixedParameters: 0 0 0

#Transform 33
Transform: AffineTransform_float_3_3
Parameters: 1 -0.000161 -5.5867e-08 0.000161 1 0.000347 -5.5867e-08 -0.000347 1 0.00346551 0.0773082 0.0164913
FixedParameters: 0 0 0

#Transform 34
Transform: AffineTransform_float_3_3
Parameters: 1 -0.000266 -1.42576e-07 0.000266 1 0.000536 -1.42576e-07 -0.000536 1 0.00568701 -0.00393144 0.0148237
FixedParameters: 0 0 0

#Transform 35
Transform: AffineTransform_float_3_3
Parameters: 1 -0.000126 -4.6494e-08 0.000126 1 0.000369 -4.6494e-08 -0.000369 1 0.00792516 0.0353447 0.0153331
FixedParameters: 0 0 0

#Transform 36
Transform: AffineTransform_float_3_3
Parameters: 1 -0.000223 -4.906e-09 0.000223 1 2.2e-05 -4.906e-09 -2.2e-05 1 0.00475926 0.058705 0.00939972
FixedParameters: 0 0 0

#Transform 37
Transform: AffineTransform_float_3_3
Parameters: 1 -0.000205 -1.17875e-07 0.000205 1 0.000575 -1.17875e-07 -0.000575 1 0.00442615 -0.000852016 0.016463
FixedParameters: 0 0 0

#Transform 38
Transform: AffineTransform_float_3_3
Parameters: 1 -0.00018199 -6.50288e-05 0.00018201 1 0.000157988 6.49714e-05 -0.000157012 1 0.00476084 0.079483 0.00201338
FixedParameters: 0 0 0

#Transform 39
Transform: AffineTransform_float_3_3
Parameters: 1 -0.000193 -8.8587e-08 0.000193 1 0.000459 -8.8587e-08 -0.000459 1 0.00420328 0.0299261 0.00419829
FixedParameters: 0 0 0

#Transform 40
Transform: AffineTransform_float_3_3
Parameters: 1 -0.000142 -8.094e-08 0.000142 1 0.00057 -8.094e-08 -0.00057 1 0.00315112 0.0214398 -0.00198873
FixedParameters: 0 0 0

#Transform 41
Transform: AffineTransform_float_3_3
Parameters: 1 -0.000161 -5.0876e-08 0.000161 1 0.000316 -5.0876e-08 -0.000316 1 0.00349325 0.0788905 0.00623352
FixedParameters: 0 0 0

#Transform 42
Transform: AffineTransform_float_3_3
Parameters: 1 -0.000152 -8.7552e-08 0.000152 1 0.000576 -8.7552e-08 -0.000576 1 0.00336705 -0.00518666 0.00867094
FixedParameters: 0 0 0

#Transform 43
Transform: AffineTransform_float_3_3
Parameters: 1 -0.000187976 -0.000108041 0.000188024 1 0.00021998 0.000107959 -0.00022002 1 0.00541214 0.0624028 0.00582183
FixedParameters: 0 0 0

#Transform 44
Transform: AffineTransform_float_3_3
Parameters: 1 -0.000161912 -0.000166086 0.000162088 1 0.000531973 0.000165914 -0.000532027 1 0.00567615 0.0107042 0.0125249
FixedParameters: 0 0 0

#Transform 45
Transform: AffineTransform_float_3_3
Parameters: 1 -0.000143974 -0.000149025 0.000144026 1 0.000173979 0.000148975 -0.000174021 1 0.00515077 0.0212599 0.00205958
FixedParameters: 0 0 0

#Transform 46
Transform: AffineTransform_float_3_3
Parameters: 1 -0.000187971 -9.60562e-05 0.000188029 1 0.000298982 9.59438e-05 -0.000299018 1 0.00535727 0.0678219 0.0194861
FixedParameters: 0 0 0

#Transform 47
Transform: AffineTransform_float_3_3
Parameters: 1 -0.000183945 -0.000105096 0.000184055 1 0.000522981 0.000104904 -0.000523019 1 0.00543415 0.00355069 0.011039
FixedParameters: 0 0 0

#Transform 48
Transform: AffineTransform_float_3_3
Parameters: 1 -0.000183966 -0.000134046 0.000184034 1 0.000251975 0.000133954 -0.000252025 1 0.00578699 0.0668266 -0.00206388
FixedParameters: 0 0 0

#Transform 49
Transform: AffineTransform_float_3_3
Parameters: 1 -0.000184 -8.2248e-08 0.000184 1 0.000447 -8.2248e-08 -0.000447 1 0.00402356 0.0207515 -0.00819717
FixedParameters: 0 0 0

#Transform 50
Transform: AffineTransform_float_3_3
Parameters: 1 -0.000184 -4.0664e-08 0.000184 1 0.000221 -4.0664e-08 -0.000221 1 0.0040218 0.0302779 -0.00410516
FixedParameters: 0 0 0

#Transform 51
Transform: AffineTransform_float_3_3
Parameters: 1 -0.000184 -5.9248e-08 0.000184 1 0.000322 -5.9248e-08 -0.000322 1 0.00401586 0.0625691 -0.000138244
FixedParameters: 0 0 0

#Transform 52
Transform: AffineTransform_float_3_3
Parameters: 1 -0.000184 -1.19416e-07 0.000184 1 0.000649 -1.19416e-07 -0.000649 1 0.00977361 0.00957292 0.00940364
FixedParameters: 0 0 0

#Transform 53
Transform: AffineTransform_float_3_3
Parameters: 1 -0.000353957 -0.000163093 0.000354043 1 0.000263942 0.000162907 -0.000264058 1 0.00980911 0.0663318 -0.00543486
FixedParameters: 0 0 0

#Transform 54
Transform: AffineTransform_float_3_3
Parameters: 1 -0.000354 -2.29746e-07 0.000354 0.999999 0.000649 -2.29746e-07 -0.000649 1 0.00766557 0.0323289 0.00911587
FixedParameters: 0 0 0

#Transform 55
Transform: AffineTransform_float_3_3
Parameters: 1 -0.000184 -5.98e-08 0.000184 1 0.000325 -5.98e-08 -0.000325 1 0.00402006 0.0397269 -0.000895779
FixedParameters: 0 0 0

#Transform 56
Transform: AffineTransform_float_3_3
Parameters: 1 -0.000184 -4.9312e-08 0.000184 1 0.000268 -4.9312e-08 -0.000268 1 0.00401466 0.0691129 0.00205926
FixedParameters: 0 0 0

#Transform 57
Transform: AffineTransform_float_3_3
Parameters: 1 -0.000183906 -0.000121143 0.000184094 0.999999 0.000776977 0.000120857 -0.000777022 0.999999 0.0143378 0.0111348 0.0129033
FixedParameters: 0 0 0

#Transform 58
Transform: AffineTransform_float_3_3
Parameters: 1 -0.000353954 -8.91812e-05 0.000354045 1 0.000511968 8.88187e-05 -0.000512031 1 0.0088186 0.0730577 0.00733721
FixedParameters: 0 0 0

#Transform 59
Transform: AffineTransform_float_3_3
Parameters: 1 -0.000184 -1.19416e-07 0.000184 1 0.000649 -1.19416e-07 -0.000649 1 0.015742 0.0294395 0.0100817
FixedParameters: 0 0 0

#Transform 60
Transform: AffineTransform_float_3_3
Parameters: 1 -0.000183906 -0.000178097 0.000184094 1 0.000528967 0.000177903 -0.000529033 1 0.0105197 0.0354002 0.00785103
FixedParameters: 0 0 0

#Transform 61
Transform: AffineTransform_float_3_3
Parameters: 1 -0.000127947 -0.000172039 0.000128053 1 0.000307978 0.000171961 -0.000308022 1 0.00507297 0.0674507 0.0187907
FixedParameters: 0 0 0

#Transform 62
Transform: AffineTransform_float_3_3
Parameters: 1 -0.000104801 -0.000307068 0.000104199 1 0.000648968 0.000306932 -0.000649032 0.999999 0.00633382 0.0100084 0.0265644
FixedParameters: 0 0 0

#Transform 63
Transform: AffineTransform_float_3_3
Parameters: 1 -0.000183953 -7.31194e-05 0.000184047 1 0.000648986 7.28806e-05 -0.000649013 1 0.0138645 0.0759088 0.0203918
FixedParameters: 0 0 0

#Transform 64
Transform: AffineTransform_float_3_3
Parameters: 1 -0.000133795 -0.000315087 0.000134204 1 0.000648957 0.000314913 -0.000649042 0.999999 0.016855 0.0364713 0.0277375
FixedParameters: 0 0 0

#Transform 65
Transform: AffineTransform_float_3_3
Parameters: 1 -0.000183568 -0.000447178 0.000184433 0.999999 0.000966918 0.000447822 -0.000967082 1 0.0184298 0.0300652 0.0345917
FixedParameters: 0 0 0

#Transform 66
Transform: AffineTransform_float_3_3
Parameters: 1 -0.00018376 -0.000370119 0.00018424 1 0.000648932 0.00036988 -0.000649068 0.999999 0.00886688 0.0824557 0.0278007
FixedParameters: 0 0 0

#Transform 67
Transform: AffineTransform_float_3_3
Parameters: 1 -0.000183832 -0.000258119 0.000184167 1 0.000648952 0.00025788 -0.000649047 1 0.00741358 0.0177233 0.027686
FixedParameters: 0 0 0

#Transform 68
Transform: AffineTransform_float_3_3
Parameters: 1 -0.000184 -6.2008e-08 0.000184 1 0.000337 -6.2008e-08 -0.000337 1 0.00401436 0.0707106 0.0206302
FixedParameters: 0 0 0

#Transform 69
Transform: AffineTransform_float_3_3
Parameters: 1 -0.000183905 -0.000147119 0.000184096 1 0.000648973 0.000147881 -0.000649027 1 0.00597495 0.0304369 0.0274736
FixedParameters: 0 0 0

#Transform 70
Transform: AffineTransform_float_3_3
Parameters: 1 -0.000184 -1.19416e-07 0.000184 1 0.000649 -1.19416e-07 -0.000649 1 0.00402104 0.034404 0.0250785
FixedParameters: 0 0 0

#Transform 71
Transform: AffineTransform_float_3_3
Parameters: 1 -0.000184 -8.1328e-08 0.000184 1 0.000442 -8.1328e-08 -0.000442 1 0.0040075 0.0699482 0.0342751
FixedParameters: 0 0 0

#Transform 72
Transform: AffineTransform_float_3_3
Parameters: 1 -0.000184 -1.04696e-07 0.000184 1 0.000569 -1.04696e-07 -0.000569 1 0.00402997 0.0347937 0.0256413
FixedParameters: 0 0 0

#Transform 73
Transform: AffineTransform_float_3_3
Parameters: 1 -0.000184 -1.00464e-07 0.000184 1 0.000546 -1.00464e-07 -0.000546 1 0.0040197 0.0906086 0.0425682
FixedParameters: 0 0 0

#Transform 74
Transform: AffineTransform_float_3_3
Parameters: 1 -0.000183896 -0.000144133 0.000184104 0.999999 0.000723973 0.000143867 -0.000724026 0.999999 0.00805493 0.0223174 0.0462097
FixedParameters: 0 0 0

#Transform 75
Transform: AffineTransform_float_3_3
Parameters: 1 -0.000184 -5.336e-08 0.000184 1 0.00029 -5.336e-08 -0.00029 1 0.00401312 0.0774598 0.0230823
FixedParameters: 0 0 0

#Transform 76
Transform: AffineTransform_float_3_3
Parameters: 1 -0.000183861 -0.000198129 0.000184139 0.999999 0.000701963 0.000197871 -0.000702036 0.999999 0.00930795 0.0505456 0.0287195
FixedParameters: 0 0 0

#Transform 77
Transform: AffineTransform_float_3_3
Parameters: 1 -0.000183865 -0.000203122 0.000184134 1 0.000662962 0.000202878 -0.000663037 1 0.00669542 0.0294788 0.0242431
FixedParameters: 0 0 0

#Transform 78
Transform: AffineTransform_float_3_3
Parameters: 1 -0.000184 -6.7528e-08 0.000184 1 0.000367 -6.7528e-08 -0.000367 1 0.00401127 0.0875144 0.0213892
FixedParameters: 0 0 0

#Transform 79
Transform: AffineTransform_float_3_3
Parameters: 1 -0.000184 -1.15736e-07 0.000184 1 0.000629 -1.15736e-07 -0.000629 1 0.00402342 0.0215021 0.0269611
FixedParameters: 0 0 0

#Transform 80
Transform: AffineTransform_float_3_3
Parameters: 1 -0.000183902 -0.000118153 0.000184098 0.999999 0.000829978 0.000117847 -0.000830021 0.999999 0.00997965 0.0390128 0.0313848
FixedParameters: 0 0 0

#Transform 81
Transform: AffineTransform_float_3_3
Parameters: 1 -0.000184 -7.36e-08 0.000184 1 0.0004 -7.36e-08 -0.0004 1 0.00400847 0.102719 0.0220228
FixedParameters: 0 0 0

#Transform 82
Transform: AffineTransform_float_3_3
Parameters: 1 -0.000183914 -0.000140113 0.000184086 1 0.000612974 0.000139887 -0.000613025 1 0.00581753 0.0356273 0.0266997
FixedParameters: 0 0 0

#Transform 83
Transform: AffineTransform_float_3_3
Parameters: 1 -0.000184 -1.68176e-07 0.000184 0.999999 0.000913999 -1.68176e-07 -0.000913999 0.999999 0.00402521 0.0443444 0.0328489
FixedParameters: 0 0 0

#Transform 84
Transform: AffineTransform_float_3_3
Parameters: 1 -0.000184014 -0.000180985 0.000183986 1 -8.00333e-05 0.000181015 7.99667e-05 1 0.00637615 0.0848056 -0.00147879
FixedParameters: 0 0 0

#Transform 85
Transform: AffineTransform_float_3_3
Parameters: 1 -0.000183883 -0.000176122 0.000184117 1 0.000663967 0.000175878 -0.000664032 1 0.00631438 0.011914 0.0231502
FixedParameters: 0 0 0

#Transform 86
Transform: AffineTransform_float_3_3
Parameters: 1 -0.000184 -7.6728e-08 0.000184 1 0.000417 -7.6728e-08 -0.000417 1 0.0129489 0.0623512 0.0223728
FixedParameters: 0 0 0

#Transform 87
Transform: AffineTransform_float_3_3
Parameters: 1 -0.000184 -8.4088e-08 0.000184 1 0.000457 -8.4088e-08 -0.000457 1 0.00401809 0.0341353 0.0412036
FixedParameters: 0 0 0

#Transform 88
Transform: AffineTransform_float_3_3
Parameters: 1 -0.00018373 -0.000295168 0.00018427 0.999999 0.000914945 0.000294831 -0.000915053 0.999999 0.00786688 0.0143229 0.0314077
FixedParameters: 0 0 0

#Transform 89
Transform: AffineTransform_float_3_3
Parameters: 1 -0.000353966 -0.000211057 0.000354034 1 0.000160925 0.000210943 -0.000161075 1 0.0104218 0.0746825 0.00915675
FixedParameters: 0 0 0

#Transform 90
Transform: AffineTransform_float_3_3
Parameters: 1 -0.000183888 -0.000222093 0.000184112 1 0.000505959 0.000221907 -0.000506041 1 0.0069141 0.0358731 0.0245661
FixedParameters: 0 0 0

#Transform 91
Transform: AffineTransform_float_3_3
Parameters: 1 -0.000183919 -0.00021307 0.000184081 1 0.000380961 0.00021293 -0.000381039 1 0.00679347 0.070136 0.0143907
FixedParameters: 0 0 0

#Transform 92
Transform: AffineTransform_float_3_3
Parameters: 1 -0.000183881 -0.000236093 0.000184119 1 0.000505956 0.000235907 -0.000506043 1 0.00712206 0.0696831 0.0246188
FixedParameters: 0 0 0

#Transform 93
Transform: AffineTransform_float_3_3
Parameters: 1 -0.000183845 -0.000250114 0.000184155 1 0.000619954 0.000249886 -0.000620046 1 0.0073046 0.0428612 0.026997
FixedParameters: 0 0 0

#Transform 94
Transform: AffineTransform_float_3_3
Parameters: 1 -0.000102 -3.468e-08 0.000102 1 0.00034 -3.468e-08 -0.00034 1 0.00225418 0.0843755 0.0207386
FixedParameters: 0 0 0

#Transform 95
Transform: AffineTransform_float_3_3
Parameters: 1 -0.000183793 -0.000263145 0.000184208 0.999999 0.000787951 0.000263855 -0.000788048 0.999999 0.00751278 0.021763 0.0305271
FixedParameters: 0 0 0

#Transform 96
Transform: AffineTransform_float_3_3
Parameters: 1 -0.000184 -9.3104e-08 0.000184 1 0.000506 -9.3104e-08 -0.000506 1 0.00401522 0.0660634 0.0242618
FixedParameters: 0 0 0

#Transform 97
Transform: AffineTransform_float_3_3
Parameters: 1 -0.000183919 -0.00018708 0.000184081 1 0.000433965 0.00018692 -0.000434034 1 0.00645135 0.0632812 0.0229513
FixedParameters: 0 0 0

#Transform 98
Transform: AffineTransform_float_3_3
Parameters: 1 -0.000183887 -0.000158131 0.000184113 0.999999 0.000713971 0.000157869 -0.000714029 0.999999 0.00606727 0.0456569 0.0288896
FixedParameters: 0 0 0

#Transform 99
Transform: AffineTransform_float_3_3
Parameters: 1 -0.00018393 -0.000139093 0.00018407 1 0.000505974 0.000138907 -0.000506025 1 0.00583533 0.0850216 0.0278951
FixedParameters: 0 0 0

#Transform 100
Transform: AffineTransform_float_3_3
Parameters: 1 -0.000184 -1.28984e-07 0.000184 0.999999 0.000701 -1.28984e-07 -0.000701 1 0.00401283 0.0301159 0.032066
FixedParameters: 0 0 0

#Transform 101
Transform: AffineTransform_float_3_3
Parameters: 1 -0.000184 -8.28e-08 0.000184 1 0.00045 -8.28e-08 -0.00045 1 0.012321 0.0672422 0.0231171
FixedParameters: 0 0 0

#Transform 102
Transform: AffineTransform_float_3_3
Parameters: 1 -0.000269 -1.36114e-07 0.000269 1 0.000506 -1.36114e-07 -0.000506 1 0.0168143 0.0592018 0.0242663
FixedParameters: 0 0 0

#Transform 103
Transform: AffineTransform_float_3_3
Parameters: 1 -0.000184 -9.3104e-08 0.000184 1 0.000506 -9.3104e-08 -0.000506 1 0.00402094 0.0349704 0.0242776
FixedParameters: 0 0 0

#Transform 104
Transform: AffineTransform_float_3_3
Parameters: 1 -0.000184 -8.0224e-08 0.000184 1 0.000436 -8.0224e-08 -0.000436 1 0.00402068 0.0798757 0.0273288
FixedParameters: 0 0 0

#Transform 105
Transform: AffineTransform_float_3_3
Parameters: 1 -0.000442 -2.23652e-07 0.000442 1 0.000506 -2.23652e-07 -0.000506 1 0.0186167 0.0212836 0.0242945
FixedParameters: 0 0 0

#Transform 106
Transform: AffineTransform_float_3_3
Parameters: 1 -0.000455 -2.3023e-07 0.000455 1 0.000506 -2.3023e-07 -0.000506 1 0.0180092 0.0576096 0.0242771
FixedParameters: 0 0 0

#Transform 107
Transform: AffineTransform_float_3_3
Parameters: 1 -0.000416 -2.10496e-07 0.000416 1 0.000506 -2.10496e-07 -0.000506 1 0.0164937 0.0666246 0.0272296
FixedParameters: 0 0 0

#Transform 108
Transform: AffineTransform_float_3_3
Parameters: 1 -0.000496114 0.00017668 0.000495885 0.999999 0.000645087 -0.00017732 -0.000644912 1 0.0188639 0.0326986 0.0235962
FixedParameters: 0 0 0

#Transform 109
Transform: AffineTransform_float_3_3
Parameters: 1 -0.000536154 0.000405797 0.000535846 1 0.000378217 -0.000406203 -0.000378782 1 0.0190758 0.0959842 0.0209048
FixedParameters: 0 0 0

#Transform 110
Transform: AffineTransform_float_3_3
Parameters: 1 -0.000530201 0.000337685 0.000529799 0.999999 0.000594179 -0.000337315 -0.000594821 1 0.0187148 0.0282355 0.025555
FixedParameters: 0 0 0

#Transform 111
Transform: AffineTransform_float_3_3
Parameters: 1 -0.000506201 0.000330693 0.000505799 0.999999 0.000607167 -0.000331307 -0.000607832 1 0.0151821 0.0504905 0.0228694
FixedParameters: 0 0 0

#Transform 112
Transform: AffineTransform_float_3_3
Parameters: 1 -0.000484139 0.000405834 0.000483861 1 0.000342196 -0.000406165 -0.000341803 1 0.0181988 0.0700635 0.0202124
FixedParameters: 0 0 0

#Transform 113
Transform: AffineTransform_float_3_3
Parameters: 1 -0.000495289 0.000405647 0.00049471 0.999999 0.0007122 -0.000406353 -0.000712798 0.999999 0.0191296 0.015596 0.0280079
FixedParameters: 0 0 0

#Transform 114
Transform: AffineTransform_float_3_3
Parameters: 1 -0.000519126 0.000405839 0.000519874 1 0.000310211 -0.000406161 -0.000309789 1 0.0175387 0.0809641 0.0194614
FixedParameters: 0 0 0

#Transform 115
Transform: AffineTransform_float_3_3
Parameters: 1 -0.000527205 0.000405733 0.000526794 0.999999 0.000506214 -0.000406266 -0.000505786 1 0.0147363 0.0264649 0.0323886
FixedParameters: 0 0 0

#Transform 116
Transform: AffineTransform_float_3_3
Parameters: 1 -0.000481248 0.000333642 0.000481752 0.999999 0.00074416 -0.000333358 -0.000743839 0.999999 0.0146256 0.0538411 0.0287867
FixedParameters: 0 0 0

#Transform 117
Transform: AffineTransform_float_3_3
Parameters: 0.999999 -0.00070016 0.000405723 0.000699839 0.999999 0.000395284 -0.000406276 -0.000394715 1 0.00962111 0.075984 0.0279496
FixedParameters: 0 0 0

#Transform 118
Transform: AffineTransform_float_3_3
Parameters: 1 -0.000516332 0.000405576 0.000516667 0.999999 0.000820209 -0.000406423 -0.00081979 0.999999 0.0209219 0.0212384 0.0303107
FixedParameters: 0 0 0

#Transform 119
Transform: AffineTransform_float_3_3
Parameters: 1 -0.000446218 0.00040576 0.000445782 1 0.000537181 -0.000406239 -0.000536819 1 0.0126075 0.0912065 0.0155665
FixedParameters: 0 0 0

#Transform 120
Transform: AffineTransform_float_3_3
Parameters: 1 -0.000432186 0.000268701 0.000431814 0.999999 0.000691116 -0.000269298 -0.000690883 0.999999 0.0192713 0.0570539 0.0270029
FixedParameters: 0 0 0

#Transform 121
Transform: AffineTransform_float_3_3
Parameters: 1 -0.000451232 0.000405742 0.000450768 0.999999 0.000571183 -0.000406258 -0.000571816 1 0.0131014 0.0506882 0.0376247
FixedParameters: 0 0 0

#Transform 122
Transform: AffineTransform_float_3_3
Parameters: 1 -0.000493187 0.000405772 0.000492813 1 0.0004612 -0.000406227 -0.0004608 1 0.0156898 0.0880247 0.0320246
FixedParameters: 0 0 0

#Transform 123
Transform: AffineTransform_float_3_3
Parameters: 1 -0.000458162 0.000190611 0.000457838 0.999999 0.000848087 -0.000190388 -0.000847912 0.999999 0.0187092 0.0169919 0.0427148
FixedParameters: 0 0 0

#Transform 124
Transform: AffineTransform_float_3_3
Parameters: 1 -0.000469143 0.000405835 0.000468857 1 0.00035219 -0.000406165 -0.000351809 1 0.0176924 0.074326 0.0196065
FixedParameters: 0 0 0

#Transform 125
Transform: AffineTransform_float_3_3
Parameters: 1 -0.000503162 0.000257683 0.000502837 0.999999 0.000629129 -0.000258316 -0.00062887 1 0.0209372 0.0285989 0.0278786
FixedParameters: 0 0 0

#Transform 126
Transform: AffineTransform_float_3_3
Parameters: 0.999999 -0.000619128 0.000405804 0.000618871 1 0.000317251 -0.000406196 -0.000316748 1 0.0153699 0.054154 0.0189131
FixedParameters: 0 0 0

#Transform 127
Transform: AffineTransform_float_3_3
Parameters: 1 -0.000463128 0.000405853 0.000463871 1 0.000317188 -0.000406147 -0.000316812 1 0.0202384 0.0704536 0.02744
FixedParameters: 0 0 0

#Transform 128
Transform: AffineTransform_float_3_3
Parameters: 1 -0.000463261 0.000315617 0.000462739 0.999999 0.000827145 -0.000315383 -0.000826853 0.999999 0.0206404 0.0408527 0.0298055
FixedParameters: 0 0 0

#Transform 129
Transform: AffineTransform_float_3_3
Parameters: 1 -0.000442052 0.000271916 0.000441948 1 0.00019012 -0.000272084 -0.00018988 1 0.020018 0.105014 0.0164311
FixedParameters: 0 0 0

#Transform 130
Transform: AffineTransform_float_3_3
Parameters: 1 -0.000392133 0.000160676 0.000392867 0.999999 0.000827063 -0.000161325 -0.000826936 0.999999 0.0178057 0.0386623 0.0436413
FixedParameters: 0 0 0

#Transform 131
Transform: AffineTransform_float_3_3
Parameters: 1 -0.000424121 0.000146649 0.000423878 0.999999 0.000827062 -0.000147351 -0.000826937 0.999999 0.0140489 0.0707277 0.0439742
FixedParameters: 0 0 0

#Transform 132
Transform: AffineTransform_float_3_3
Parameters: 1 -0.000448104 0.000187752 0.000447896 0.999999 0.000554084 -0.000188248 -0.000553915 1 0.0213845 0.0648232 0.0419576
FixedParameters: 0 0 0

#Transform 133
Transform: AffineTransform_float_3_3
Parameters: 1 -0.000184146 0.000176848 0.000183853 0.999999 0.000827032 -0.000177152 -0.000826967 0.999999 0.0149857 0.0266625 0.0422375
FixedParameters: 0 0 0

#Transform 134
Transform: AffineTransform_float_3_3
Parameters: 1 -0.000440116 0.000321841 0.000440884 1 0.000360142 -0.000321159 -0.000359859 1 0.0173534 0.10278 0.0339882
FixedParameters: 0 0 0

#Transform 135
Transform: AffineTransform_float_3_3
Parameters: 1 -0.000469108 0.000212763 0.000468892 1 0.0005061 -0.000213237 -0.0005059 1 0.00730723 0.0358115 0.0421377
FixedParameters: 0 0 0

#Transform 136
Transform: AffineTransform_float_3_3
Parameters: 0.999999 -0.000643197 0.00029557 0.000642801 0.999999 0.00066919 -0.00029643 -0.000668809 0.999999 0.0168217 0.0758425 0.0386161
FixedParameters: 0 0 0

#Transform 137
Transform: AffineTransform_float_3_3
Parameters: 0.999999 -0.000594072 0.000405894 0.000593927 1 0.000178241 -0.000406106 -0.000177759 1 0.0202303 0.0647023 0.0324319
FixedParameters: 0 0 0

#Transform 138
Transform: AffineTransform_float_3_3
Parameters: 1 -0.000559193 0.000405734 0.000558806 0.999999 0.000476227 -0.000406266 -0.000475773 1 0.0207364 0.0201895 0.0406066
FixedParameters: 0 0 0

#Transform 139
Transform: AffineTransform_float_3_3
Parameters: 0.999999 -0.000587036 0.000405948 0.000586964 1 8.92383e-05 -0.000406052 -8.87616e-05 1 0.0230326 0.0971933 0.0393741
FixedParameters: 0 0 0

#Transform 140
Transform: AffineTransform_float_3_3
Parameters: 1 -0.000589135 0.000328757 0.000588864 0.999999 0.000412194 -0.000329242 -0.000411806 1 0.0188322 0.0472515 0.0519074
FixedParameters: 0 0 0

#Transform 141
Transform: AffineTransform_float_3_3
Parameters: 0.999999 -0.00058918 0.000405738 0.000588819 0.999999 0.000445239 -0.000406262 -0.000444761 1 0.0160031 0.0553453 0.0398518
FixedParameters: 0 0 0

#Transform 142
Transform: AffineTransform_float_3_3
Parameters: 0.999999 -0.00065704 0.000509948 0.00065696 1 7.8335e-05 -0.000510052 -7.86649e-05 1 0.0208679 0.100424 0.0297491
FixedParameters: 0 0 0

#Transform 143
Transform: AffineTransform_float_3_3
Parameters: 0.999999 -0.000589188 0.000405727 0.000588812 0.999999 0.000463239 -0.000406273 -0.000463761 1 0.0206436 0.0359844 0.0401607
FixedParameters: 0 0 0

#Transform 144
Transform: AffineTransform_float_3_3
Parameters: 0.999999 -0.000589079 0.000405885 0.000588921 1 0.000195239 -0.000406115 -0.000195761 1 0.0214196 0.0556899 0.0220663
FixedParameters: 0 0 0

#Transform 145
Transform: AffineTransform_float_3_3
Parameters: 0.999999 -0.000588841 0.000576162 0.000589159 1 -0.000275661 -0.000575837 0.000276339 1 0.0192944 0.177521 0.0120603
FixedParameters: 0 0 0

#Transform 146
Transform: AffineTransform_float_3_3
Parameters: 0.999999 -0.000654112 0.000405819 0.000653887 0.999999 0.000277265 -0.000406181 -0.000276734 1 0.0230115 0.0295523 0.0484426
FixedParameters: 0 0 0

#Transform 147
Transform: AffineTransform_float_3_3
Parameters: 1 -0.000589139 0.000340759 0.000588861 0.999999 0.000408201 -0.00034124 -0.000407799 1 0.0201925 -0.00106085 0.0425696
FixedParameters: 0 0 0

#Transform 148
Transform: AffineTransform_float_3_3
Parameters: 1 -0.000589214 0.000302582 0.000588785 0.999999 0.000709178 -0.000303417 -0.000708821 0.999999 0.0192067 0.0274435 0.0387586
FixedParameters: 0 0 0

#Transform 149
Transform: AffineTransform_float_3_3
Parameters: 1 -0.000589176 0.000321677 0.000588823 0.999999 0.000548189 -0.000322323 -0.00054781 1 0.0196822 0.0780021 0.0292601
FixedParameters: 0 0 0

#Transform 150
Transform: AffineTransform_float_3_3
Parameters: 1 -0.000508167 0.000178526 0.000507833 1 0.000933091 -0.000179474 -0.000932909 0.999999 0.018127 0.0475712 0.0402188
FixedParameters: 0 0 0

#Transform 151
Transform: AffineTransform_float_3_3
Parameters: 1 -0.000589165 0.000171434 0.000588835 1 0.000961101 -0.000172566 -0.000960898 0.999999 0.0204195 0.0860165 0.024838
FixedParameters: 0 0 0

#Transform 152
Transform: AffineTransform_float_3_3
Parameters: 1 -0.000589077 0.000139676 0.000588923 0.999999 0.000550082 -0.000140324 -0.000549917 1 0.0205369 0.115762 0.00906209
FixedParameters: 0 0 0

#Transform 153
Transform: AffineTransform_float_3_3
Parameters: 1 -0.000519957 -5.83842e-05 0.000520043 0.999999 0.000738969 5.86157e-05 -0.00073903 0.999999 0.0206434 0.0611302 0.0169793
FixedParameters: 0 0 0

#Transform 154
Transform: AffineTransform_float_3_3
Parameters: 1 -0.000589002 5.72493e-06 0.000588997 0.999999 0.000467003 -6.27506e-06 -0.000466996 1 0.024091 0.109659 0.0172492
FixedParameters: 0 0 0

#Transform 155
Transform: AffineTransform_float_3_3
Parameters: 0.999999 -0.00058928 0.000405593 0.000588719 0.999999 0.000690238 -0.000406406 -0.00068976 0.999999 0.0198026 0.052973 0.0278807
FixedParameters: 0 0 0

#Transform 156
Transform: AffineTransform_float_3_3
Parameters: 1 -0.000589177 0.000192458 0.000588822 1 0.000919113 -0.000193541 -0.000918886 0.999999 0.020905 0.0363636 0.0306025
FixedParameters: 0 0 0

#Transform 157
Transform: AffineTransform_float_3_3
Parameters: 1 -0.000509106 0.000220756 0.000508894 1 0.000480112 -0.000221244 -0.000479887 1 0.0151974 0.0791681 0.0179625
FixedParameters: 0 0 0

#Transform 158
Transform: AffineTransform_float_3_3
Parameters: 1 -0.000507172 0.00022361 0.000506828 0.999999 0.000768113 -0.000224389 -0.000767886 0.999999 0.0211631 0.0336016 0.0273624
FixedParameters: 0 0 0

#Transform 159
Transform: AffineTransform_float_3_3
Parameters: 1 -0.000589242 0.000284499 0.000588759 1 0.000850168 -0.0002845 -0.000849833 0.999999 0.0242104 0.0411484 0.0320375
FixedParameters: 0 0 0

#Transform 160
Transform: AffineTransform_float_3_3
Parameters: 0.999999 -0.000589332 0.000405518 0.000588668 1 0.000817239 -0.000406481 -0.000817761 0.999999 0.0230282 0.0876122 0.0327617
FixedParameters: 0 0 0

#Transform 161
Transform: AffineTransform_float_3_3
Parameters: 1 -0.000589233 0.000230404 0.000588767 1 0.00101114 -0.000230595 -0.00101087 1 0.0259875 0.0302613 0.0324713
FixedParameters: 0 0 0

#Transform 162
Transform: AffineTransform_float_3_3
Parameters: 0.999999 -0.000589276 0.000405598 0.000588723 0.999999 0.000682238 -0.000406401 -0.00068176 0.999999 0.0193341 0.101321 0.0252831
FixedParameters: 0 0 0

#Transform 163
Transform: AffineTransform_float_3_3
Parameters: 0.999999 -0.000589297 0.000405568 0.000588702 0.999999 0.000732238 -0.000406431 -0.00073176 0.999999 0.0260406 0.0592713 0.0444136
FixedParameters: 0 0 0

#Transform 164
Transform: AffineTransform_float_3_3
Parameters: 0.999999 -0.000589275 0.0004056 0.000588724 0.999999 0.000679238 -0.0004064 -0.00067876 0.999999 0.0198436 0.0674816 0.0415589
FixedParameters: 0 0 0

#Transform 165
Transform: AffineTransform_float_3_3
Parameters: 0.999999 -0.000763193 0.000405636 0.000762806 0.999999 0.000476309 -0.000406363 -0.00047569 1 0.0285545 0.0842862 0.0370299
FixedParameters: 0 0 0

#Transform 166
Transform: AffineTransform_float_3_3
Parameters: 0.999999 -0.000734309 0.000405441 0.000733691 1 0.000761298 -0.000406558 -0.000760702 0.999999 0.0303932 0.0321442 0.0317066
FixedParameters: 0 0 0

#Transform 167
Transform: AffineTransform_float_3_3
Parameters: 0.999999 -0.000754257 0.000405521 0.000754741 0.999999 0.000635306 -0.000406479 -0.000634693 0.999999 0.0277539 0.0871178 0.0406272
FixedParameters: 0 0 0

#Transform 168
Transform: AffineTransform_float_3_3
Parameters: 1 -0.000589218 0.000324604 0.000588782 0.999999 0.000671191 -0.000324395 -0.000670809 0.999999 0.0253433 0.0265385 0.0434773
FixedParameters: 0 0 0

#Transform 169
Transform: AffineTransform_float_3_3
Parameters: 1 -0.000589157 0.000328718 0.000588842 0.999999 0.000478193 -0.000329281 -0.000477806 1 0.0251858 0.0751501 0.0336189
FixedParameters: 0 0 0

#Transform 170
Transform: AffineTransform_float_3_3
Parameters: 0.999999 -0.00058925 0.000405636 0.000588749 0.999999 0.000617239 -0.000406363 -0.00061676 0.999999 0.0216743 0.0511793 0.056459
FixedParameters: 0 0 0

#Transform 171
Transform: AffineTransform_float_3_3
Parameters: 0.999999 -0.000589337 0.000546636 0.000588662 0.999999 0.000617322 -0.000547363 -0.000616677 0.999999 0.0133763 0.0509017 0.0406574
FixedParameters: 0 0 0

#Transform 172
Transform: AffineTransform_float_3_3
Parameters: 0.999999 -0.000589207 0.000405699 0.000588792 0.999999 0.000511239 -0.000406301 -0.00051176 1 0.0213527 0.056391 0.0355049
FixedParameters: 0 0 0

#Transform 173
Transform: AffineTransform_float_3_3
Parameters: 1 -0.00058906 6.04174e-05 0.00058894 1 0.000989036 -6.05824e-05 -0.000988964 0.999999 0.0287224 0.0133786 0.032687
FixedParameters: 0 0 0

#Transform 174
Transform: AffineTransform_float_3_3
Parameters: 0.999999 -0.00073406 0.000194772 0.000733939 0.999999 0.000311143 -0.000195228 -0.000310857 1 0.0323865 0.103195 0.0316953
FixedParameters: 0 0 0

#Transform 175
Transform: AffineTransform_float_3_3
Parameters: 1 -0.000670093 0.000159607 0.000669906 0.999999 0.000587107 -0.000160393 -0.000586892 1 0.0294209 0.0292091 0.0486416
FixedParameters: 0 0 0

#Transform 176
Transform: AffineTransform_float_3_3
Parameters: 0.999999 -0.000589238 0.000405654 0.000588761 0.999999 0.000587239 -0.000406345 -0.00058676 0.999999 0.0251338 0.0757765 0.0391714
FixedParameters: 0 0 0

#Transform 177
Transform: AffineTransform_float_3_3
Parameters: 0.999999 -0.000768113 0.000289698 0.000767885 0.999999 0.000393222 -0.000290302 -0.000392777 1 0.0296502 0.0789298 0.0580098
FixedParameters: 0 0 0

#Transform 178
Transform: AffineTransform_float_3_3
Parameters: 1 -0.000589211 0.000290572 0.000588788 0.999999 0.000727171 -0.000291429 -0.000727828 0.999999 0.0299241 0.0352552 0.0623187
FixedParameters: 0 0 0

#Transform 179
Transform: AffineTransform_float_3_3
Parameters: 1 -0.000589048 0.000301905 0.000588951 1 0.000161178 -0.000302095 -0.000160822 1 0.0310039 0.0961308 0.0476572
FixedParameters: 0 0 0

#Transform 180
Transform: AffineTransform_float_3_3
Parameters: 0.999999 -0.000723114 0.000231642 0.000722885 0.999999 0.000495167 -0.000232358 -0.000494832 1 0.0305106 0.0429422 0.0514248
FixedParameters: 0 0 0

#Transform 181
Transform: AffineTransform_float_3_3
Parameters: 1 -0.000589175 0.000327685 0.000588824 0.999999 0.000534193 -0.000328314 -0.000533806 1 0.025225 0.0644079 0.048785
FixedParameters: 0 0 0

#Transform 182
Transform: AffineTransform_float_3_3
Parameters: 1 -0.000589047 0.000334916 0.000588952 1 0.000142197 -0.000335083 -0.000141803 1 0.0254696 0.0668229 0.0470398
FixedParameters: 0 0 0

#Transform 183
Transform: AffineTransform_float_3_3
Parameters: 0.999999 -0.000589238 0.000405654 0.000588761 0.999999 0.000587239 -0.000406345 -0.00058676 0.999999 0.0175381 0.0401958 0.0523864
FixedParameters: 0 0 0

#Transform 184
Transform: AffineTransform_float_3_3
Parameters: 0.999999 -0.000788176 0.000405658 0.000787823 0.999999 0.00043432 -0.000406342 -0.00043468 1 0.0311515 0.0975343 0.0549468
FixedParameters: 0 0 0

#Transform 185
Transform: AffineTransform_float_3_3
Parameters: 1 -0.000589149 0.000253654 0.00058885 0.999999 0.000587149 -0.000254346 -0.00058685 1 0.024057 0.0379702 0.0584158
FixedParameters: 0 0 0

#Transform 186
Transform: AffineTransform_float_3_3
Parameters: 0.999999 -0.000842214 0.000405553 0.000842784 0.999999 0.000530342 -0.000406446 -0.000529658 1 0.0293917 0.0861981 0.0570082
FixedParameters: 0 0 0

#Transform 187
Transform: AffineTransform_float_3_3
Parameters: 0.999999 -0.000758074 0.000195711 0.000757925 0.999999 0.000381148 -0.000196289 -0.000380851 1 0.0280123 0.0786171 0.0662493
FixedParameters: 0 0 0

#Transform 188
Transform: AffineTransform_float_3_3
Parameters: 0.999999 -0.00058913 0.000405811 0.00058887 1 0.000320239 -0.000406188 -0.000319761 1 0.0232285 0.0650175 0.0525485
FixedParameters: 0 0 0

#Transform 189
Transform: AffineTransform_float_3_3
Parameters: 0.999999 -0.000819137 0.000300625 0.000818862 0.999999 0.000457246 -0.000300375 -0.000457754 1 0.0292056 0.105781 0.0694617
FixedParameters: 0 0 0

#Transform 190
Transform: AffineTransform_float_3_3
Parameters: 0.999999 -0.000816335 0.000405326 0.000815665 1 0.000825331 -0.000406673 -0.000825668 0.999999 0.0277169 0.042873 0.0724604
FixedParameters: 0 0 0

#Transform 191
Transform: AffineTransform_float_3_3
Parameters: 0.999999 -0.000812238 0.000405523 0.000811762 1 0.00058733 -0.000406476 -0.00058667 0.999999 0.0276357 0.099985 0.0716642
FixedParameters: 0 0 0

#Transform 192
Transform: AffineTransform_float_3_3
Parameters: 0.999999 -0.000870295 0.000502489 0.000869704 1 0.000587437 -0.00050351 -0.000586562 0.999999 0.0262718 0.0465079 0.0745776
FixedParameters: 0 0 0

#Transform 193
Transform: AffineTransform_float_3_3
Parameters: 0.999999 -0.000909088 0.000405802 0.000908911 0.999999 0.000217369 -0.000406198 -0.000217631 1 0.0335717 0.0934093 0.069018
FixedParameters: 0 0 0

#Transform 194
Transform: AffineTransform_float_3_3
Parameters: 1 -0.000992399 0.000679417 0.000991602 1 0.000587674 -0.000679582 -0.000586326 0.999999 0.0337398 0.0609941 0.0796244
FixedParameters: 0 0 0

#Transform 195
Transform: AffineTransform_float_3_3
Parameters: 1 -0.00100628 0.000561506 0.00100672 1 0.000491566 -0.000562494 -0.000490434 0.999999 0.0371 0.0701837 0.0597129
FixedParameters: 0 0 0

#Transform 196
Transform: AffineTransform_float_3_3
Parameters: 1 -0.000990183 0.000632715 0.000989819 1 0.000288627 -0.000632286 -0.000288374 1 0.0362611 0.0870801 0.0703951
FixedParameters: 0 0 0

#Transform 197
Transform: AffineTransform_float_3_3
Parameters: 0.999999 -0.000906175 0.000405609 0.000906825 1 0.000431368 -0.00040639 -0.000430632 1 0.039369 0.0541792 0.0657989
FixedParameters: 0 0 0

#Transform 198
Transform: AffineTransform_float_3_3
Parameters: 0.999999 -0.000589375 0.000639654 0.000588624 0.999999 0.000587376 -0.000640345 -0.000586622 0.999999 0.0282919 0.114912 0.0773027
FixedParameters: 0 0 0

#Transform 199
Transform: AffineTransform_float_3_3
Parameters: 1 -0.000915262 0.000405411 0.000915739 1 0.000643372 -0.00040659 -0.000643628 0.999999 0.0417645 0.0508268 0.0746128
FixedParameters: 0 0 0

#Transform 200
Transform: AffineTransform_float_3_3
Parameters: 1 -0.000903233 0.000578636 0.000903767 0.999999 0.000403523 -0.000578364 -0.000402478 1 0.0385721 0.0892657 0.069674
FixedParameters: 0 0 0

#Transform 201
Transform: AffineTransform_float_3_3
Parameters: 0.999999 -0.000912101 0.000405772 0.000911898 0.999999 0.00025037 -0.000406228 -0.000250629 1 0.0393932 0.085358 0.0694661
FixedParameters: 0 0 0

#Transform 202
Transform: AffineTransform_float_3_3
Parameters: 1 -0.000956205 0.000718728 0.000956796 1 0.000284688 -0.000719272 -0.000284312 0.999999 0.0360957 0.0552337 0.066483
FixedParameters: 0 0 0

#Transform 203
Transform: AffineTransform_float_3_3
Parameters: 1 -0.000936032 0.000709957 0.000935967 0.999999 4.66645e-05 -0.000710043 -4.53354e-05 0.999999 0.0329411 0.100666 0.0734693
FixedParameters: 0 0 0

#Transform 204
Transform: AffineTransform_float_3_3
Parameters: 1 -0.000991094 0.00040577 0.000990906 0.999999 0.000232402 -0.000406231 -0.000232597 1 0.0375488 0.0488325 0.0699235
FixedParameters: 0 0 0

#Transform 205
Transform: AffineTransform_float_3_3
Parameters: 0.999999 -0.00104215 0.000712787 0.00104185 1 0.000204743 -0.000713212 -0.000203257 0.999999 0.0351552 0.0578308 0.0726083
FixedParameters: 0 0 0

#Transform 206
Transform: AffineTransform_float_3_3
Parameters: 1 -0.00099111 0.000624825 0.00099089 0.999999 0.000176619 -0.000625174 -0.00017538 1 0.0369653 0.074563 0.069272
FixedParameters: 0 0 0

#Transform 207
Transform: AffineTransform_float_3_3
Parameters: 0.999999 -0.00110408 0.000783889 0.00110392 1 0.000100865 -0.00078411 -9.91344e-05 0.999999 0.0389629 0.0556875 0.0611705
FixedParameters: 0 0 0

#Transform 208
Transform: AffineTransform_float_3_3
Parameters: 0.999999 -0.00110497 0.000619047 0.00110503 1 -4.2316e-05 -0.000618952 4.3684e-05 1 0.0416264 0.109862 0.0667572
FixedParameters: 0 0 0

#Transform 209
Transform: AffineTransform_float_3_3
Parameters: 1 -0.000991135 0.000405673 0.000990867 1 0.000330402 -0.000406328 -0.000330598 1 0.0422794 0.0499036 0.0814286
FixedParameters: 0 0 0

#Transform 210
Transform: AffineTransform_float_3_3
Parameters: 0.999999 -0.00099099 0.000740013 0.00099101 0.999999 -1.32666e-05 -0.000739987 1.37333e-05 0.999999 0.0344972 0.110164 0.0671925
FixedParameters: 0 0 0

#Transform 211
Transform: AffineTransform_float_3_3
Parameters: 0.999999 -0.0011973 0.000811553 0.0011977 0.999999 0.000373972 -0.000811447 -0.000373029 0.999999 0.044721 0.0581518 0.0851951
FixedParameters: 0 0 0

#Transform 212
Transform: AffineTransform_float_3_3
Parameters: 0.999999 -0.000991049 0.000751934 0.00099095 0.999999 6.67451e-05 -0.000752065 -6.52547e-05 0.999999 0.0430163 0.0957164 0.0784968
FixedParameters: 0 0 0

#Transform 213
Transform: AffineTransform_float_3_3
Parameters: 0.999999 -0.000991162 0.000811802 0.000990838 0.999999 0.000199804 -0.000811198 -0.000199196 0.999999 0.0434638 0.0820472 0.0814232
FixedParameters: 0 0 0

#Transform 214
Transform: AffineTransform_float_3_3
Parameters: 0.999999 -0.000991329 0.000811599 0.000990673 1 0.000404804 -0.000811401 -0.000404196 0.999999 0.0412041 0.0623134 0.0798682
FixedParameters: 0 0 0

#Transform 215
Transform: AffineTransform_float_3_3
Parameters: 0.999999 -0.00119791 0.000812134 0.00119709 1 -0.000112028 -0.000811865 0.000112973 0.999999 0.0397639 0.124417 0.0765131
FixedParameters: 0 0 0

#Transform 216
Transform: AffineTransform_float_3_3
Parameters: 0.999999 -0.00120439 0.000811429 0.00120462 0.999999 0.000474978 -0.000811572 -0.000474023 1 0.0491952 0.0364297 0.0895635
FixedParameters: 0 0 0

#Transform 217
Transform: AffineTransform_float_3_3
Parameters: 0.999999 -0.000991082 0.000888908 0.000990917 0.999999 9.28808e-05 -0.000889091 -9.21188e-05 0.999999 0.0422121 0.108459 0.0743422
FixedParameters: 0 0 0

#Transform 218
Transform: AffineTransform_float_3_3
Parameters: 0.999999 -0.0009912 0.000811756 0.000990801 1 0.000246805 -0.000811243 -0.000245196 0.999999 0.0417027 0.0579687 0.0863746
FixedParameters: 0 0 0

#Transform 219
Transform: AffineTransform_float_3_3
Parameters: 0.999999 -0.0009912 0.000811756 0.000990801 1 0.000246805 -0.000811243 -0.000245196 0.999999 0.0426169 0.0924275 0.0818184
FixedParameters: 0 0 0

#Transform 220
Transform: AffineTransform_float_3_3
Parameters: 0.999999 -0.0009912 0.000811756 0.000990801 1 0.000246805 -0.000811243 -0.000245196 0.999999 0.0433867 0.0894155 0.0828675
FixedParameters: 0 0 0

#Transform 221
Transform: AffineTransform_float_3_3
Parameters: 0.999999 -0.00119242 0.000947469 0.00119258 0.999999 0.000446131 -0.000948533 -0.00044587 1 0.0533334 0.0715531 0.0895768
FixedParameters: 0 0 0

#Transform 222
Transform: AffineTransform_float_3_3
Parameters: 0.999999 -0.000991137 0.000811831 0.000990861 0.999999 0.000170804 -0.000811168 -0.000169196 0.999999 0.0426915 0.0993265 0.0836091
FixedParameters: 0 0 0

#Transform 223
Transform: AffineTransform_float_3_3
Parameters: 0.999999 -0.00117442 0.000811394 0.00117358 0.999999 0.000515953 -0.000811605 -0.000515047 0.999999 0.0547204 0.0569851 0.0828165
FixedParameters: 0 0 0

#Transform 224
Transform: AffineTransform_float_3_3
Parameters: 0.999999 -0.0012302 0.000811696 0.0012298 0.999999 0.000246998 -0.000811303 -0.000246002 0.999999 0.0510099 0.131895 0.0852592
FixedParameters: 0 0 0

#Transform 225
Transform: AffineTransform_float_3_3
Parameters: 0.999999 -0.000991593 0.000811277 0.000990409 0.999999 0.000729805 -0.000811723 -0.000729196 1 0.0434118 0.0504068 0.0932521
FixedParameters: 0 0 0

#Transform 226
Transform: AffineTransform_float_3_3
Parameters: 0.999999 -0.000991257 0.000811687 0.000990745 1 0.000315804 -0.000811313 -0.000315196 0.999999 0.0507267 0.106618 0.0791886
FixedParameters: 0 0 0

#Transform 227
Transform: AffineTransform_float_3_3
Parameters: 0.999999 -0.00115834 0.000811517 0.00115766 0.999999 0.00041694 -0.000811482 -0.00041606 0.999999 0.0489323 0.072471 0.0872039
FixedParameters: 0 0 0

#Transform 228
Transform: AffineTransform_float_3_3
Parameters: 0.999999 -0.00119759 0.000811127 0.00119641 0.999999 0.000729972 -0.000811873 -0.000729029 1 0.0462693 0.0569925 0.088821
FixedParameters: 0 0 0

#Transform 229
Transform: AffineTransform_float_3_3
Parameters: 0.999999 -0.00117515 0.000811785 0.00117585 1 0.000182955 -0.000811214 -0.000182047 0.999999 0.0449534 0.117676 0.0791589
FixedParameters: 0 0 0

#Transform 230
Transform: AffineTransform_float_3_3
Parameters: 0.999999 -0.000991486 0.000811408 0.000990516 1 0.000597805 -0.000811593 -0.000597196 1 0.0434606 0.0538011 0.0811436
FixedParameters: 0 0 0

#Transform 231
Transform: AffineTransform_float_3_3
Parameters: 0.999999 -0.000991439 0.000811464 0.000990562 1 0.000540804 -0.000811535 -0.000540196 0.999999 0.0435693 0.107848 0.0901019
FixedParameters: 0 0 0

#Transform 232
Transform: AffineTransform_float_3_3
Parameters: 0.999999 -0.000991486 0.000811407 0.000990515 1 0.000598805 -0.000811594 -0.000598196 1 0.0408218 0.0623357 0.093025
FixedParameters: 0 0 0

#Transform 233
Transform: AffineTransform_float_3_3
Parameters: 0.999999 -0.00115144 0.000738317 0.00115156 0.999999 0.000593851 -0.000738684 -0.00059315 1 0.0551484 0.080983 0.0899198
FixedParameters: 0 0 0

#Transform 234
Transform: AffineTransform_float_3_3
Parameters: 0.999999 -0.000991284 0.000811655 0.000990718 1 0.000348804 -0.000811345 -0.000348196 0.999999 0.0407324 0.100527 0.0837848
FixedParameters: 0 0 0

#Transform 235
Transform: AffineTransform_float_3_3
Parameters: 0.999999 -0.00108046 0.000811389 0.00108054 1 0.000566878 -0.000811612 -0.000565124 1 0.0460866 0.0734314 0.081775
FixedParameters: 0 0 0

#Transform 236
Transform: AffineTransform_float_3_3
Parameters: 0.999999 -0.00129522 0.000811647 0.00129478 0.999999 0.000273051 -0.000811353 -0.00027195 1 0.0493557 0.119973 0.0855761
FixedParameters: 0 0 0

#Transform 237
Transform: AffineTransform_float_3_3
Parameters: 0.999999 -0.00126033 0.00074544 0.00125967 0.999999 0.000444939 -0.00074656 -0.000444059 0.999999 0.0487895 0.0550151 0.0867766
FixedParameters: 0 0 0

#Transform 238
Transform: AffineTransform_float_3_3
Parameters: 0.999999 -0.00125836 0.00081144 0.00125764 0.999999 0.000445021 -0.000811559 -0.000443979 0.999999 0.0497233 0.0875036 0.083713
FixedParameters: 0 0 0

#Transform 239
Transform: AffineTransform_float_3_3
Parameters: 0.999999 -0.00129036 0.000811427 0.00128964 0.999999 0.000445047 -0.000811575 -0.000444954 1 0.0512392 0.0875269 0.0881092
FixedParameters: 0 0 0

#Transform 240
Transform: AffineTransform_float_3_3
Parameters: 0.999999 -0.00133833 0.000742405 0.00133767 0.999999 0.000444993 -0.000742594 -0.000444007 0.999999 0.0552284 0.0728543 0.0833746
FixedParameters: 0 0 0

#Transform 241
Transform: AffineTransform_float_3_3
Parameters: 0.999999 -0.00116026 0.000932683 0.00115975 1 0.000274082 -0.000932318 -0.000272919 1 0.0527901 0.129264 0.0855728
FixedParameters: 0 0 0

#Transform 242
Transform: AffineTransform_float_3_3
Parameters: 0.999999 -0.0012304 0.000899453 0.0012296 0.999999 0.000445107 -0.000900548 -0.000444893 1 0.0546837 0.0515449 0.0881355
FixedParameters: 0 0 0

#Transform 243
Transform: AffineTransform_float_3_3
Parameters: 0.999999 -0.00132428 0.000811546 0.00132372 0.999999 0.000343075 -0.000811453 -0.000341926 0.999999 0.0578808 0.101417 0.0943377
FixedParameters: 0 0 0

#Transform 244
Transform: AffineTransform_float_3_3
Parameters: 0.999999 -0.00131147 0.000811248 0.00131053 0.999999 0.000574064 -0.000811752 -0.000572936 1 0.057659 0.0558032 0.10594
FixedParameters: 0 0 0

#Transform 245
Transform: AffineTransform_float_3_3
Parameters: 0.999999 -0.00138833 0.000749382 0.00138867 0.999999 0.000445041 -0.000750618 -0.000444958 0.999999 0.0600763 0.0784056 0.0860234
FixedParameters: 0 0 0

#Transform 246
Transform: AffineTransform_float_3_3
Parameters: 0.999999 -0.00134319 0.000752663 0.00134281 0.999999 0.000251011 -0.000752336 -0.00024999 0.999999 0.053539 0.0923359 0.0833039
FixedParameters: 0 0 0

#Transform 247
Transform: AffineTransform_float_3_3
Parameters: 0.999998 -0.00137166 0.000952047 0.00137134 0.999999 0.000695307 -0.000952952 -0.000693694 1 0.049444 0.0548052 0.100596
FixedParameters: 0 0 0

#Transform 248
Transform: AffineTransform_float_3_3
Parameters: 0.999998 -0.0013202 0.000980734 0.0013198 0.999999 0.000201295 -0.000981265 -0.000200705 0.999999 0.0496367 0.11763 0.08527
FixedParameters: 0 0 0

#Transform 249
Transform: AffineTransform_float_3_3
Parameters: 0.999998 -0.00136757 0.000811033 0.00136743 0.999999 0.00070811 -0.000811968 -0.000706891 1 0.0589114 0.0392179 0.0959436
FixedParameters: 0 0 0

#Transform 250
Transform: AffineTransform_float_3_3
Parameters: 0.999999 -0.00128304 0.000811934 0.00128296 0.999999 5.20417e-05 -0.000812066 -5.09581e-05 0.999999 0.0569507 0.130211 0.0752606
FixedParameters: 0 0 0

#Transform 251
Transform: AffineTransform_float_3_3
Parameters: 0.999999 -0.000991698 0.000811147 0.000990302 0.999999 0.000860804 -0.000811852 -0.000859196 1 0.0507993 0.04137 0.0890516
FixedParameters: 0 0 0

#Transform 252
Transform: AffineTransform_float_3_3
Parameters: 0.999999 -0.000991776 0.00108929 0.000990224 1 0.00071308 -0.00108971 -0.00071192 0.999999 0.0470833 0.0872931 0.0703935
FixedParameters: 0 0 0

#Transform 253
Transform: AffineTransform_float_3_3
Parameters: 0.999998 -0.00119573 0.00106117 0.00119527 0.999999 0.000692269 -0.00106183 -0.000690731 0.999999 0.0468343 0.0817441 0.0774575
FixedParameters: 0 0 0

#Transform 254
Transform: AffineTransform_float_3_3
Parameters: 0.999999 -0.000991657 0.000811198 0.000990344 0.999999 0.000809804 -0.000811802 -0.000809196 1 0.0507687 0.0631238 0.0729426
FixedParameters: 0 0 0

#Transform 255
Transform: AffineTransform_float_3_3
Parameters: 0.999998 -0.00127367 0.00117828 0.00127233 0.999999 0.0005665 -0.00117872 -0.0005645 0.999999 0.0519451 0.106587 0.0621472
FixedParameters: 0 0 0

#Transform 256
Transform: AffineTransform_float_3_3
Parameters: 0.999999 -0.00117377 0.000873966 0.00117223 0.999999 0.000882026 -0.000875034 -0.000880974 0.999999 0.046442 0.0529538 0.0748071
FixedParameters: 0 0 0

#Transform 257
Transform: AffineTransform_float_3_3
Parameters: 0.999999 -0.000991465 0.000997539 0.000990536 1 0.000465989 -0.000997462 -0.000465012 1 0.0386576 0.109912 0.061613
FixedParameters: 0 0 0

#Transform 258
Transform: AffineTransform_float_3_3
Parameters: 0.999999 -0.00119757 0.000986309 0.00119643 0.999999 0.000578181 -0.000986691 -0.000576819 1 0.0389954 0.0442104 0.0681335
FixedParameters: 0 0 0

#Transform 259
Transform: AffineTransform_float_3_3
Parameters: 0.999999 -0.000991571 0.00100644 0.00099043 1 0.000566998 -0.00100656 -0.000566003 1 0.0354615 0.0843171 0.0573231
FixedParameters: 0 0 0

#Transform 260
Transform: AffineTransform_float_3_3
Parameters: 0.999999 -0.000991716 0.000811127 0.000990285 0.999999 0.000881804 -0.000811874 -0.000881196 1 0.0427215 0.0622056 0.0641298
FixedParameters: 0 0 0

#Transform 261
Transform: AffineTransform_float_3_3
Parameters: 0.999999 -0.000991664 0.000752127 0.000990337 0.999999 0.000881746 -0.000752874 -0.000881254 1 0.0350957 0.0532481 0.0642315
FixedParameters: 0 0 0

#Transform 262
Transform: AffineTransform_float_3_3
Parameters: 0.999999 -0.000991478 0.000811416 0.000990522 1 0.000589805 -0.000811584 -0.000588196 1 0.046329 0.109177 0.0678785
FixedParameters: 0 0 0

#Transform 263
Transform: AffineTransform_float_3_3
Parameters: 1 -0.000991564 0.000675173 0.000990437 0.999999 0.00083467 -0.000675827 -0.000834331 1 0.0434473 0.0502843 0.073198
FixedParameters: 0 0 0

#Transform 264
Transform: AffineTransform_float_3_3
Parameters: 0.999999 -0.00121249 0.000811261 0.00121151 0.999999 0.000609984 -0.000811739 -0.000609017 1 0.0554699 0.0949656 0.068297
FixedParameters: 0 0 0

#Transform 265
Transform: AffineTransform_float_3_3
Parameters: 0.999999 -0.00119538 0.000811437 0.00119562 0.999999 0.000470971 -0.000811562 -0.00047003 0.999999 0.0464126 0.0911947 0.0762863
FixedParameters: 0 0 0

#Transform 266
Transform: AffineTransform_float_3_3
Parameters: 1 -0.000991255 0.000417396 0.000990747 1 0.000609414 -0.000417604 -0.000609586 0.999999 0.0464801 0.0719864 0.0746054
FixedParameters: 0 0 0

#Transform 267
Transform: AffineTransform_float_3_3
Parameters: 0.999999 -0.00116438 0.000811454 0.00116362 0.999999 0.000468945 -0.000811545 -0.000468055 0.999999 0.0461551 0.100813 0.0795524
FixedParameters: 0 0 0

#Transform 268
Transform: AffineTransform_float_3_3
Parameters: 1 -0.000991256 0.000418396 0.000990746 1 0.000609415 -0.000418604 -0.000609585 0.999999 0.0434317 0.0509738 0.0786039
FixedParameters: 0 0 0

#Transform 269
Transform: AffineTransform_float_3_3
Parameters: 0.999999 -0.00112445 0.000729315 0.00112356 0.999999 0.00060982 -0.000729685 -0.00060918 0.999999 0.0436598 0.105196 0.0783986
FixedParameters: 0 0 0

#Transform 270
Transform: AffineTransform_float_3_3
Parameters: 0.999999 -0.000991443 0.000811459 0.000990558 1 0.000545804 -0.00081154 -0.000545196 0.999999 0.0377826 0.0599043 0.0935693
FixedParameters: 0 0 0

#Transform 271
Transform: AffineTransform_float_3_3
Parameters: 0.999999 -0.00107041 0.000678348 0.00106959 0.999999 0.000609726 -0.000678652 -0.000609274 0.999999 0.0440893 0.0805627 0.0831661
FixedParameters: 0 0 0

#Transform 272
Transform: AffineTransform_float_3_3
Parameters: 1 -0.000991291 0.000717598 0.000990709 0.999999 0.000405711 -0.000717402 -0.000405289 0.999999 0.0431023 0.108629 0.0877194
FixedParameters: 0 0 0

#Transform 273
Transform: AffineTransform_float_3_3
Parameters: 0.999999 -0.000991495 0.000811396 0.000990506 1 0.000609805 -0.000811605 -0.000609196 1 0.050803 0.045058 0.0980483
FixedParameters: 0 0 0

#Transform 274
Transform: AffineTransform_float_3_3
Parameters: 0.999999 -0.00099115 0.000811817 0.00099085 0.999999 0.000184804 -0.000811183 -0.000184196 0.999999 0.0507201 0.134169 0.104758
FixedParameters: 0 0 0

#Transform 275
Transform: AffineTransform_float_3_3
Parameters: 0.999999 -0.0009915 0.000903453 0.000990501 1 0.000552896 -0.000904548 -0.000552104 1 0.041441 0.0640716 0.11666
FixedParameters: 0 0 0

#Transform 276
Transform: AffineTransform_float_3_3
Parameters: 0.999999 -0.000991171 0.000811789 0.000990827 0.999999 0.000212804 -0.00081121 -0.000211196 0.999999 0.0383113 0.116031 0.0938591
FixedParameters: 0 0 0

#Transform 277
Transform: AffineTransform_float_3_3
Parameters: 0.999999 -0.000991244 0.000811703 0.000990758 1 0.000299804 -0.000811297 -0.000299196 0.999999 0.0457375 0.0988065 0.0878881
FixedParameters: 0 0 0

#Transform 278
Transform: AffineTransform_float_3_3
Parameters: 1 -0.00086042 0.000687476 0.000860581 1 0.000609592 -0.000688525 -0.000609408 0.999999 0.0398361 0.069778 0.095558
FixedParameters: 0 0 0

#Transform 279
Transform: AffineTransform_float_3_3
Parameters: 0.999999 -0.00094013 0.000811849 0.00093987 0.999999 0.000160763 -0.000811151 -0.000160237 0.999999 0.0417476 0.136984 0.084043
FixedParameters: 0 0 0

#Transform 280
Transform: AffineTransform_float_3_3
Parameters: 1 -0.000882387 0.00061845 0.000882615 1 0.000623546 -0.000618551 -0.000623455 0.999999 0.0320601 0.0522433 0.0954346
FixedParameters: 0 0 0

#Transform 281
Transform: AffineTransform_float_3_3
Parameters: 1 -0.0009912 0.000633689 0.000990801 1 0.000314628 -0.000634312 -0.000314372 0.999999 0.0372162 0.130831 0.0908568
FixedParameters: 0 0 0

#Transform 282
Transform: AffineTransform_float_3_3
Parameters: 0.999999 -0.00099164 0.000811219 0.000990361 0.999999 0.000788804 -0.000811782 -0.000788196 1 0.037458 0.0595694 0.100964
FixedParameters: 0 0 0

#Transform 283
Transform: AffineTransform_float_3_3
Parameters: 1 -0.000798415 0.000811592 0.000798584 0.999999 0.000512649 -0.000811409 -0.000511353 1 0.0260443 0.0932233 0.088382
FixedParameters: 0 0 0

#Transform 284
Transform: AffineTransform_float_3_3
Parameters: 1 -0.000869347 0.000675555 0.000868655 1 0.000512587 -0.000675445 -0.000511413 0.999999 0.0364439 0.07658 0.0900361
FixedParameters: 0 0 0

#Transform 285
Transform: AffineTransform_float_3_3
Parameters: 1 -0.000991343 0.000474286 0.000990659 0.999999 0.00072047 -0.000474714 -0.00072053 0.999999 0.0423048 0.0848955 0.0861107
FixedParameters: 0 0 0

#Transform 286
Transform: AffineTransform_float_3_3
Parameters: 1 -0.000803343 0.000556505 0.000803657 0.999999 0.000616447 -0.000557495 -0.000615552 0.999999 0.0369138 0.127609 0.0854494
FixedParameters: 0 0 0

#Transform 287
Transform: AffineTransform_float_3_3
Parameters: 0.999999 -0.00067548 0.000572434 0.00067452 1 0.000838387 -0.000572566 -0.000838614 1 0.033974 0.0649288 0.0883838
FixedParameters: 0 0 0

#Transform 288
Transform: AffineTransform_float_3_3
Parameters: 0.999999 -0.000629144 0.000437792 0.000628855 0.999999 0.000330275 -0.000437207 -0.000329725 1 0.0370633 0.130881 0.0838663
FixedParameters: 0 0 0

#Transform 289
Transform: AffineTransform_float_3_3
Parameters: 1 -0.000479269 0.000425697 0.00047973 0.999999 0.000632204 -0.000426303 -0.000631795 0.999999 0.0310196 0.0818811 0.0910422
FixedParameters: 0 0 0

#Transform 290
Transform: AffineTransform_float_3_3
Parameters: 1 -0.00050422 0.000377706 0.000503779 0.999999 0.00058319 -0.000378294 -0.000582809 1 0.0292401 0.0972659 0.0724031
FixedParameters: 0 0 0

#Transform 291
Transform: AffineTransform_float_3_3
Parameters: 1 -0.000473209 0.000295664 0.00047279 0.999999 0.000709139 -0.000295335 -0.00070886 0.999999 0.0301897 0.103234 0.0816727
FixedParameters: 0 0 0

#Transform 292
Transform: AffineTransform_float_3_3
Parameters: 1 -0.000496209 0.000227546 0.000496791 1 0.000915113 -0.000228454 -0.000914887 0.999999 0.0349369 0.0585961 0.0848421
FixedParameters: 0 0 0

#Transform 293
Transform: AffineTransform_float_3_3
Parameters: 1 -0.000515156 0.000341764 0.000514843 1 0.000458176 -0.000342236 -0.000457824 1 0.0338159 0.119385 0.0710587
FixedParameters: 0 0 0

#Transform 294
Transform: AffineTransform_float_3_3
Parameters: 1 -0.00045625 0.000368691 0.000456749 0.999999 0.000678168 -0.00036931 -0.000678831 0.999999 0.0240738 0.0513411 0.076971
FixedParameters: 0 0 0

#Transform 295
Transform: AffineTransform_float_3_3
Parameters: 1 -0.000523223 0.000456744 0.000523776 0.999999 0.000489239 -0.000457256 -0.000488761 1 0.029868 0.120619 0.0873968
FixedParameters: 0 0 0

#Transform 296
Transform: AffineTransform_float_3_3
Parameters: 0.999999 -0.000607425 0.000456435 0.000606576 1 0.000929277 -0.000456564 -0.000929723 0.999999 0.0328877 0.0733645 0.0977945
FixedParameters: 0 0 0

#Transform 297
Transform: AffineTransform_float_3_3
Parameters: 1 -0.000459292 0.000403668 0.000458707 0.999999 0.000723185 -0.000404331 -0.000722814 0.999999 0.0332621 0.111612 0.0844759
FixedParameters: 0 0 0

#Transform 298
Transform: AffineTransform_float_3_3
Parameters: 1 -0.00051421 0.000405734 0.00051379 0.999999 0.000517208 -0.000406265 -0.000516791 1 0.0347618 0.104313 0.0803764
FixedParameters: 0 0 0

#Transform 299
Transform: AffineTransform_float_3_3
Parameters: 1 -0.000493286 0.000456691 0.000492714 0.999999 0.000626225 -0.000457308 -0.000625774 0.999999 0.034343 0.0832134 0.0748637
FixedParameters: 0 0 0

#Transform 300
Transform: AffineTransform_float_3_3
Parameters: 0.999999 -0.00054226 0.000599764 0.000541739 1 0.000434325 -0.000600235 -0.000433674 0.999999 0.0266565 0.118993 0.0823957
FixedParameters: 0 0 0

#Transform 301
Transform: AffineTransform_float_3_3
Parameters: 0.999999 -0.000569286 0.000456643 0.000568713 0.999999 0.000626259 -0.000457356 -0.000625739 0.999999 0.0361304 0.0591343 0.076889
FixedParameters: 0 0 0

#Transform 302
Transform: AffineTransform_float_3_3
Parameters: 0.999999 -0.000555145 0.000456824 0.000554855 1 0.000317253 -0.000457176 -0.000316746 1 0.0366009 0.13013 0.082965
FixedParameters: 0 0 0

#Transform 303
Transform: AffineTransform_float_3_3
Parameters: 0.999999 -0.000596286 0.000456626 0.000595713 0.999999 0.000626272 -0.000457373 -0.000625727 0.999999 0.0471059 0.0591573 0.081309
FixedParameters: 0 0 0

#Transform 304
Transform: AffineTransform_float_3_3
Parameters: 0.999999 -0.000547156 0.000456813 0.000546843 1 0.00034225 -0.000457187 -0.00034175 1 0.0362435 0.0945985 0.0640893
FixedParameters: 0 0 0

#Transform 305
Transform: AffineTransform_float_3_3
Parameters: 0.999999 -0.000543129 0.000456847 0.000542871 1 0.000282248 -0.000457153 -0.000281752 1 0.0459353 0.0953761 0.0739827
FixedParameters: 0 0 0

#Transform 306
Transform: AffineTransform_float_3_3
Parameters: 0.999999 -0.000590286 0.00045663 0.000590713 0.999999 0.000626269 -0.00045737 -0.00062573 0.999999 0.0470473 0.0771004 0.0836298
FixedParameters: 0 0 0

#Transform 307
Transform: AffineTransform_float_3_3
Parameters: 0.999999 -0.000575331 0.000695725 0.000574667 0.999999 0.0004774 -0.000696274 -0.000476599 0.999999 0.0356974 0.130454 0.0722205
FixedParameters: 0 0 0

#Transform 308
Transform: AffineTransform_float_3_3
Parameters: 0.999999 -0.000561389 0.000456521 0.00056061 1 0.000852256 -0.000457477 -0.000851743 0.999999 0.0420923 0.0540485 0.0765588
FixedParameters: 0 0 0

#Transform 309
Transform: AffineTransform_float_3_3
Parameters: 0.999999 -0.000600251 0.000713789 0.000599749 1 0.000351428 -0.00071421 -0.000351571 0.999999 0.0393012 0.132527 0.0654275
FixedParameters: 0 0 0

#Transform 310
Transform: AffineTransform_float_3_3
Parameters: 0.999999 -0.000640285 0.000456599 0.000639713 0.999999 0.000626292 -0.0004574 -0.000625707 0.999999 0.0480775 0.0596993 0.0845912
FixedParameters: 0 0 0

#Transform 311
Transform: AffineTransform_float_3_3
Parameters: 0.999999 -0.000561286 0.000456648 0.000561713 0.999999 0.000626256 -0.000457351 -0.000625743 0.999999 0.0299201 0.0972306 0.074383
FixedParameters: 0 0 0

#Transform 312
Transform: AffineTransform_float_3_3
Parameters: 0.999999 -0.000597344 0.000639679 0.000596656 0.999999 0.000537382 -0.000640321 -0.000537617 0.999999 0.0362026 0.0804308 0.0785148
FixedParameters: 0 0 0

#Transform 313
Transform: AffineTransform_float_3_3
Parameters: 0.999999 -0.000553341 0.000773755 0.000552657 0.999999 0.000442428 -0.000774244 -0.000441571 0.999999 0.042062 0.110067 0.0621687
FixedParameters: 0 0 0

#Transform 314
Transform: AffineTransform_float_3_3
Parameters: 0.999999 -0.000671402 0.000456409 0.000670598 1 0.000881307 -0.000456591 -0.000880695 1 0.0370855 0.0761275 0.0872617
FixedParameters: 0 0 0

#Transform 315
Transform: AffineTransform_float_3_3
Parameters: 0.999999 -0.000370417 0.000665768 0.000369583 0.999999 0.000626246 -0.000665231 -0.000625753 0.999999 0.0269653 0.0789347 0.0740014
FixedParameters: 0 0 0

#Transform 316
Transform: AffineTransform_float_3_3
Parameters: 0.999999 -0.000590291 0.000627726 0.000589708 0.999999 0.00046437 -0.000628274 -0.000464629 0.999999 0.032882 0.115914 0.0753202
FixedParameters: 0 0 0

#Transform 317
Transform: AffineTransform_float_3_3
Parameters: 0.999999 -0.000568286 0.000456644 0.000567713 0.999999 0.000626259 -0.000457355 -0.00062574 0.999999 0.0375578 0.0562309 0.0792502
FixedParameters: 0 0 0

#Transform 318
Transform: AffineTransform_float_3_3
Parameters: 0.999999 -0.00060314 0.000769889 0.000602859 1 0.000182464 -0.000770109 -0.000181536 0.999999 0.0384052 0.130778 0.0675675
FixedParameters: 0 0 0

#Transform 319
Transform: AffineTransform_float_3_3
Parameters: 0.999999 -0.000743407 0.000456338 0.000743594 1 0.00089034 -0.000456663 -0.000890662 1 0.0420272 0.051482 0.0770588
FixedParameters: 0 0 0

#Transform 320
Transform: AffineTransform_float_3_3
Parameters: 0.999999 -0.000610343 0.000645675 0.000609656 0.999999 0.000531393 -0.000646324 -0.000531605 0.999999 0.0385673 0.0912069 0.0743666
FixedParameters: 0 0 0

#Transform 321
Transform: AffineTransform_float_3_3
Parameters: 0.999999 -0.000586314 0.00074075 0.000585685 0.999999 0.000425434 -0.000740248 -0.000424566 0.999999 0.0313766 0.0998671 0.0754963
FixedParameters: 0 0 0

#Transform 322
Transform: AffineTransform_float_3_3
Parameters: 0.999999 -0.000585286 0.000456633 0.000585713 0.999999 0.000626267 -0.000457366 -0.000625732 0.999999 0.0358175 0.0591841 0.0735311
FixedParameters: 0 0 0

#Transform 323
Transform: AffineTransform_float_3_3
Parameters: 0.999999 -0.000577279 0.000632746 0.000576721 0.999999 0.000440365 -0.000632254 -0.000440635 0.999999 0.0346663 0.130292 0.075056
FixedParameters: 0 0 0

#Transform 324
Transform: AffineTransform_float_3_3
Parameters: 1 -0.00051134 0.000456619 0.000511659 0.999999 0.000744233 -0.000457381 -0.000744766 0.999999 0.037216 0.0547655 0.0783375
FixedParameters: 0 0 0

#Transform 325
Transform: AffineTransform_float_3_3
Parameters: 0.999999 -0.00048726 0.000644803 0.00048674 1 0.000403314 -0.000645196 -0.000403686 0.999999 0.0355326 0.121739 0.0689141
FixedParameters: 0 0 0

#Transform 326
Transform: AffineTransform_float_3_3
Parameters: 0.999999 -0.000548354 0.000456574 0.000548644 0.999999 0.000777251 -0.000457427 -0.000776749 1 0.0367687 0.0763775 0.0813743
FixedParameters: 0 0 0

#Transform 327
Transform: AffineTransform_float_3_3
Parameters: 1 -0.00044743 0.00045658 0.00044657 1 0.000940205 -0.00045742 -0.000940796 1 0.0246148 0.0818568 0.0817684
FixedParameters: 0 0 0

#Transform 328
Transform: AffineTransform_float_3_3
Parameters: 0.999999 -0.000442272 0.000579792 0.000441727 1 0.000470256 -0.000580207 -0.000469743 0.999999 0.0265017 0.119263 0.0749071
FixedParameters: 0 0 0

#Transform 329
Transform: AffineTransform_float_3_3
Parameters: 1 -0.000431352 0.000456667 0.000430647 0.999999 0.000771196 -0.000457332 -0.000770802 0.999999 0.0313407 0.0563833 0.0647761
FixedParameters: 0 0 0

#Transform 330
Transform: AffineTransform_float_3_3
Parameters: 0.999999 -0.000485412 0.000600667 0.000485587 0.999999 0.000686291 -0.000601333 -0.000685708 0.999999 0.0317493 0.128564 0.0772057
FixedParameters: 0 0 0

#Transform 331
Transform: AffineTransform_float_3_3
Parameters: 1 -0.0004973 0.000456673 0.000496699 0.999999 0.000657227 -0.000457327 -0.000657772 0.999999 0.0316617 0.0610135 0.075737
FixedParameters: 0 0 0

#Transform 332
Transform: AffineTransform_float_3_3
Parameters: 0.999999 -0.000461444 0.000721716 0.000460555 0.999999 0.000615332 -0.000722283 -0.000614666 0.999999 0.0322863 0.105217 0.065716
FixedParameters: 0 0 0

#Transform 333
Transform: AffineTransform_float_3_3
Parameters: 0.999999 -0.000547436 0.000695656 0.000546562 0.999999 0.00062838 -0.000696343 -0.000627619 0.999999 0.0324672 0.065484 0.0608337
FixedParameters: 0 0 0

#Transform 334
Transform: AffineTransform_float_3_3
Parameters: 0.999999 -0.000511287 0.000696788 0.000510712 1 0.000413356 -0.00069721 -0.000412643 0.999999 0.0324905 0.102605 0.0500707
FixedParameters: 0 0 0

#Transform 335
Transform: AffineTransform_float_3_3
Parameters: 0.999999 -0.000565304 0.000601714 0.000564695 0.999999 0.00050634 -0.000602285 -0.000505659 0.999999 0.0373948 0.0976161 0.0646367
FixedParameters: 0 0 0

#Transform 336
Transform: AffineTransform_float_3_3
Parameters: 0.999999 -0.000561381 0.000754716 0.000561618 0.999999 0.000506424 -0.000754284 -0.000505577 1 0.0425559 0.0683994 0.0635149
FixedParameters: 0 0 0

#Transform 337
Transform: AffineTransform_float_3_3
Parameters: 0.999999 -0.000554362 0.000716719 0.000553637 0.999999 0.000506397 -0.00071728 -0.000505602 0.999999 0.0336665 0.101787 0.0734438
FixedParameters: 0 0 0

#Transform 338
Transform: AffineTransform_float_3_3
Parameters: 0.999999 -0.000770473 0.000572364 0.000769528 1 0.000825442 -0.000572636 -0.00082556 1 0.0400873 0.0567934 0.0731585
FixedParameters: 0 0 0

#Transform 339
Transform: AffineTransform_float_3_3
Parameters: 0.999999 -0.000577313 0.000750759 0.000577686 0.999999 0.000417434 -0.000751241 -0.000417566 0.999999 0.0346148 0.131819 0.0773642
FixedParameters: 0 0 0

#Transform 340
Transform: AffineTransform_float_3_3
Parameters: 0.999999 -0.000630474 0.000518424 0.000629525 1 0.000914327 -0.000519576 -0.000913673 1 0.0469452 0.0747764 0.0836125
FixedParameters: 0 0 0

#Transform 341
Transform: AffineTransform_float_3_3
Parameters: 1 -0.000684359 0.000836707 0.000684642 0.999999 0.000428573 -0.000837294 -0.000428427 0.999999 0.0387741 0.132183 0.0697734
FixedParameters: 0 0 0

#Transform 342
Transform: AffineTransform_float_3_3
Parameters: 0.999999 -0.000594417 0.000456457 0.000594583 1 0.000914272 -0.000456544 -0.00091373 1 0.04195 0.0864331 0.0944771
FixedParameters: 0 0 0

#Transform 343
Transform: AffineTransform_float_3_3
Parameters: 1 -0.000707685 0.000748354 0.000707316 1 0.00091453 -0.000748648 -0.000914471 1 0.0455606 0.086567 0.0843386
FixedParameters: 0 0 0

#Transform 344
Transform: AffineTransform_float_3_3
Parameters: 0.999999 -0.000604416 0.000776676 0.000604584 0.999999 0.000535469 -0.000777323 -0.00053553 0.999999 0.0431177 0.112947 0.0877465
FixedParameters: 0 0 0

#Transform 345
Transform: AffineTransform_float_3_3
Parameters: 0.999999 -0.000607357 0.000747709 0.000607642 0.999999 0.000478454 -0.00074829 -0.000477545 0.999999 0.0435766 0.0921234 0.0689341
FixedParameters: 0 0 0

#Transform 346
Transform: AffineTransform_float_3_3
Parameters: 0.999999 -0.000615516 0.000858629 0.000614483 0.999999 0.000602528 -0.00085837 -0.000601472 1 0.0375335 0.118386 0.0855161
FixedParameters: 0 0 0

#Transform 347
Transform: AffineTransform_float_3_3
Parameters: 1 -0.000599539 0.000858624 0.000598461 0.999999 0.000628514 -0.000858377 -0.000627486 1 0.0340036 0.059247 0.0850918
FixedParameters: 0 0 0

#Transform 348
Transform: AffineTransform_float_3_3
Parameters: 1 -0.000573734 0.000858511 0.000573267 1 0.000854493 -0.00085849 -0.000853509 1 0.0339898 0.141316 0.090164
FixedParameters: 0 0 0

#Transform 349
Transform: AffineTransform_float_3_3
Parameters: 0.999999 -0.000538026 0.000858357 0.000536974 0.999999 0.00119546 -0.000858642 -0.00119454 0.999999 0.0282725 0.0720456 0.0969072
FixedParameters: 0 0 0

#Transform 350
Transform: AffineTransform_float_3_3
Parameters: 0.999999 -0.000435717 0.000694551 0.000435282 1 0.0010323 -0.000695449 -0.0010317 0.999999 0.0307116 0.142642 0.103328
FixedParameters: 0 0 0

#Transform 351
Transform: AffineTransform_float_3_3
Parameters: 0.999999 -0.000472976 0.000747382 0.000472024 0.999999 0.00130635 -0.000747617 -0.00130565 0.999999 0.0340584 0.0702421 0.0987985
FixedParameters: 0 0 0
