#Insight Transform File V1.0
#Transform 0
Transform: AffineTransform_float_3_3
Parameters: 1 0.000171945 -6.91369e-05 -0.000172055 0.999999 -0.000795988 6.8863e-05 0.000796011 0.999999 -0.0147672 0.000426143 -0.0201113
FixedParameters: 0 0 0

#Transform 1
Transform: AffineTransform_float_3_3
Parameters: 1 -7.4732e-08 -0.000119 -7.4732e-08 1 -0.000628 0.000119 0.000628 1 -0.0137679 0.0369593 -0.011644
FixedParameters: 0 0 0

#Transform 2
Transform: AffineTransform_float_3_3
Parameters: 1 -1.5192e-07 -0.00036 -1.5192e-07 1 -0.000422 0.00036 0.000422 1 -0.012401 0.00620162 -0.0208163
FixedParameters: 0 0 0

#Transform 3
Transform: AffineTransform_float_3_3
Parameters: 1 0.000109935 -0.000439016 -0.000110065 1 -0.000147952 0.000438984 0.000148048 1 -0.0112985 0.00281726 -0.00159191
FixedParameters: 0 0 0

#Transform 4
Transform: AffineTransform_float_3_3
Parameters: 1 -1.254e-08 -0.000209 -1.254e-08 1 -6e-05 0.000209 6e-05 1 -0.00609967 0.0102819 -0.0188442
FixedParameters: 0 0 0

#Transform 5
Transform: AffineTransform_float_3_3
Parameters: 1 -4.6926e-08 -0.000474 -4.6926e-08 1 -9.9e-05 0.000474 9.9e-05 1 -0.0076019 0.00365567 -0.0118246
FixedParameters: 0 0 0

#Transform 6
Transform: AffineTransform_float_3_3
Parameters: 1 -8.2586e-08 -0.000238 -8.2586e-08 1 -0.000347 0.000238 0.000347 1 -0.00986197 -0.00868523 -0.0147857
FixedParameters: 0 0 0

#Transform 7
Transform: AffineTransform_float_3_3
Parameters: 1 -1.06212e-07 -0.000212 -1.06212e-07 1 -0.000501 0.000212 0.000501 1 -0.00873788 -0.00169824 0.0026404
FixedParameters: 0 0 0

#Transform 8
Transform: AffineTransform_float_3_3
Parameters: 1 5.09253e-05 -0.000180021 -5.10747e-05 1 -0.000414991 0.000179979 0.000415009 1 -0.013085 0.014277 0.00872101
FixedParameters: 0 0 0

#Transform 9
Transform: AffineTransform_float_3_3
Parameters: 1 -3.5644e-08 -0.000134 -3.5644e-08 1 -0.000266 0.000134 0.000266 1 -0.00913273 0.00290602 0.00692769
FixedParameters: 0 0 0

#Transform 10
Transform: AffineTransform_float_3_3
Parameters: 1 -1.8096e-08 -5.2e-05 -1.8096e-08 1 -0.000348 5.2e-05 0.000348 1 -0.00884835 0.00378832 0.000241287
FixedParameters: 0 0 0

#Transform 11
Transform: AffineTransform_float_3_3
Parameters: 1 0 0 0 1 -0.000356 0 0.000356 1 1.42109e-14 0.00391015 0.000981245
FixedParameters: 0 0 0

#Transform 12
Transform: AffineTransform_float_3_3
Parameters: 1 -0.000207948 0.000213051 0.000208052 1 -0.000242956 -0.000212949 0.000243044 1 0.00151747 0.0166029 0.00635815
FixedParameters: 0 0 0

#Transform 13
Transform: AffineTransform_float_3_3
Parameters: 1 -0.000147 5.4978e-08 0.000147 1 -0.000374 5.4978e-08 0.000374 1 -0.00254414 0.0219162 0.00448818
FixedParameters: 0 0 0

#Transform 14
Transform: AffineTransform_float_3_3
Parameters: 1 0 0 0 1 -0.000353 0 0.000353 1 1.42109e-14 0.0349825 0.00491435
FixedParameters: 0 0 0

#Transform 15
Transform: AffineTransform_float_3_3
Parameters: 1 -0.000105 1.134e-08 0.000105 1 -0.000108 1.134e-08 0.000108 1 0.00202903 0.00977753 0.00968185
FixedParameters: 0 0 0

#Transform 16
Transform: AffineTransform_float_3_3
Parameters: 1 0 0 0 1 -0.000124 0 0.000124 1 1.42109e-14 0.0136707 0.00702472
FixedParameters: 0 0 0

#Transform 17
Transform: AffineTransform_float_3_3
Parameters: 1 -8.29597e-05 0.000147023 8.30403e-05 1 -0.000273988 -0.000146977 0.000274012 1 -7.18497e-05 0.0316837 0.0060675
FixedParameters: 0 0 0

#Transform 18
Transform: AffineTransform_float_3_3
Parameters: 1 -9.735e-09 -5.5e-05 -9.735e-09 1 -0.000177 5.5e-05 0.000177 1 0.00064636 0.0243541 0.0106439
FixedParameters: 0 0 0

#Transform 19
Transform: AffineTransform_float_3_3
Parameters: 1 0 0 0 1 -9e-05 0 9e-05 1 1.42109e-14 0.00395693 0.00789402
FixedParameters: 0 0 0

#Transform 20
Transform: AffineTransform_float_3_3
Parameters: 1 0 0 0 1 0 0 0 1 1.42109e-14 0.005917 0.000117
FixedParameters: 0 0 0

#Transform 21
Transform: AffineTransform_float_3_3
Parameters: 1 0 0 0 1 -0.000123 0 0.000123 1 1.42109e-14 0.0239668 -0.000269976
FixedParameters: 0 0 0

#Transform 22
Transform: AffineTransform_float_3_3
Parameters: 1 1.488e-08 0.000155 1.488e-08 1 -9.6e-05 -0.000155 9.6e-05 1 -0.00176007 0.0169024 -0.0119637
FixedParameters: 0 0 0

#Transform 23
Transform: AffineTransform_float_3_3
Parameters: 1 0 0 0 1 0 0 0 1 1.42109e-14 0.015836 -0.009687
FixedParameters: 0 0 0

#Transform 24
Transform: AffineTransform_float_3_3
Parameters: 1 -0.000232 -3.3408e-08 0.000232 1 0.000144 -3.3408e-08 -0.000144 1 0.00439974 0.0147956 0.00525381
FixedParameters: 0 0 0

#Transform 25
Transform: AffineTransform_float_3_3
Parameters: 1 -0.000224013 0.000196986 0.000223987 1 6.40441e-05 -0.000197014 -6.39559e-05 1 0.00533874 0.024633 -0.0014845
FixedParameters: 0 0 0

#Transform 26
Transform: AffineTransform_float_3_3
Parameters: 1 -0.000454059 0.000271901 0.000453941 1 0.000218123 -0.000272099 -0.000217876 1 0.012681 0.0214488 0.001303
FixedParameters: 0 0 0

#Transform 27
Transform: AffineTransform_float_3_3
Parameters: 1 -0.000393097 0.000303875 0.000392903 1 0.000318119 -0.000304125 -0.00031788 1 0.0113116 0.00366926 0.00645352
FixedParameters: 0 0 0

#Transform 28
Transform: AffineTransform_float_3_3
Parameters: 1 -0.000441116 0.000304832 0.000440884 1 0.000380134 -0.000304167 -0.000379866 1 0.0142817 0.0095456 0.0108181
FixedParameters: 0 0 0

#Transform 29
Transform: AffineTransform_float_3_3
Parameters: 1 -0.000457 0.000248 0.000457 1 1.13336e-07 -0.000248 1.13336e-07 1 0.0228324 0.0171473 0.00159482
FixedParameters: 0 0 0

#Transform 30
Transform: AffineTransform_float_3_3
Parameters: 1 -0.000215 8.4e-05 0.000215 1 1.806e-08 -8.4e-05 1.806e-08 1 0.0087194 0.016407 0.00753627
FixedParameters: 0 0 0

#Transform 31
Transform: AffineTransform_float_3_3
Parameters: 1 -0.000253 -5.8443e-08 0.000253 1 0.000231 -5.8443e-08 -0.000231 1 0.0089531 0.00823204 0.0144322
FixedParameters: 0 0 0

#Transform 32
Transform: AffineTransform_float_3_3
Parameters: 1 -0.000248 -6.2744e-08 0.000248 1 0.000253 -6.2744e-08 -0.000253 1 0.010247 0.0198949 0.0148172
FixedParameters: 0 0 0

#Transform 33
Transform: AffineTransform_float_3_3
Parameters: 1 -0.000188033 6.99105e-05 0.000187967 1 0.000476013 -7.00895e-05 -0.000475987 1 0.0128905 0.0109527 0.0271335
FixedParameters: 0 0 0

#Transform 34
Transform: AffineTransform_float_3_3
Parameters: 1 -0.000181083 0.000173914 0.000180917 1 0.000476031 -0.000174086 -0.000475968 1 0.0108052 0.0203353 0.0280397
FixedParameters: 0 0 0

#Transform 35
Transform: AffineTransform_float_3_3
Parameters: 1 -0.000211096 0.0002009 0.000210904 1 0.000476042 -0.0002011 -0.000475957 1 0.00945195 0.0172574 0.0185364
FixedParameters: 0 0 0

#Transform 36
Transform: AffineTransform_float_3_3
Parameters: 1 -0.000165065 0.00021395 0.000164935 1 0.000305035 -0.00021405 -0.000304965 1 0.00465289 0.00425064 0.0273489
FixedParameters: 0 0 0

#Transform 37
Transform: AffineTransform_float_3_3
Parameters: 1 -0.000182 -5.5146e-08 0.000182 1 0.000303 -5.5146e-08 -0.000303 1 0.00551074 0.0111064 0.0157632
FixedParameters: 0 0 0

#Transform 38
Transform: AffineTransform_float_3_3
Parameters: 1 -0.00023 -7.728e-08 0.00023 1 0.000336 -7.728e-08 -0.000336 1 0.00776406 0.0174904 0.0164263
FixedParameters: 0 0 0

#Transform 39
Transform: AffineTransform_float_3_3
Parameters: 1 -0.000133 -5.2269e-08 0.000133 1 0.000393 -5.2269e-08 -0.000393 1 0.0106963 0.0161549 0.0175536
FixedParameters: 0 0 0

#Transform 40
Transform: AffineTransform_float_3_3
Parameters: 1 -3.8e-05 -2.071e-08 3.8e-05 1 0.000545 -2.071e-08 -0.000545 1 0.00166653 0.00799832 0.0355619
FixedParameters: 0 0 0

#Transform 41
Transform: AffineTransform_float_3_3
Parameters: 1 0.000109 7.5428e-08 -0.000109 1 0.000692 7.5428e-08 -0.000692 1 -0.00435002 0.0296715 0.0394348
FixedParameters: 0 0 0

#Transform 42
Transform: AffineTransform_float_3_3
Parameters: 1 0.000172 1.34676e-07 -0.000172 0.999999 0.000782999 1.34676e-07 -0.000782999 0.999999 -0.0053855 0.0220029 0.0313575
FixedParameters: 0 0 0

#Transform 43
Transform: AffineTransform_float_3_3
Parameters: 1 0.000237 2.18751e-07 -0.000237 0.999999 0.000922999 2.18751e-07 -0.000922999 0.999999 -0.0099723 0.0131279 0.0456903
FixedParameters: 0 0 0

#Transform 44
Transform: AffineTransform_float_3_3
Parameters: 1 -3.7e-05 -3.9257e-08 3.7e-05 1 0.001061 -3.9257e-08 -0.001061 1 -0.00545234 0.030456 0.0683441
FixedParameters: 0 0 0

#Transform 45
Transform: AffineTransform_float_3_3
Parameters: 1 2.20449e-05 -5.39817e-05 -2.29551e-05 0.999999 0.000832001 5.40191e-05 -0.000831998 0.999999 -0.00171719 0.0366313 0.0577179
FixedParameters: 0 0 0

#Transform 46
Transform: AffineTransform_float_3_3
Parameters: 1 4.8e-05 4.1184e-08 -4.8e-05 0.999999 0.000857999 4.1184e-08 -0.000857999 0.999999 -0.00549713 0.0247079 0.0579361
FixedParameters: 0 0 0

#Transform 47
Transform: AffineTransform_float_3_3
Parameters: 1 6.98504e-05 0.000197053 -7.01495e-05 0.999999 0.000758986 -0.000196947 -0.000759013 0.999999 -0.00475227 0.0341603 0.0555796
FixedParameters: 0 0 0

#Transform 48
Transform: AffineTransform_float_3_3
Parameters: 1 -9.49999e-05 -8.76849e-08 9.49999e-05 0.999999 0.000922999 -8.76849e-08 -0.000922999 0.999999 0.00120692 0.0279725 0.0428136
FixedParameters: 0 0 0

#Transform 49
Transform: AffineTransform_float_3_3
Parameters: 1 -0.000169153 0.000152831 0.000168847 0.999999 0.00100002 -0.000153169 -0.000999973 0.999999 0.00318186 0.0206311 0.0516123
FixedParameters: 0 0 0

#Transform 50
Transform: AffineTransform_float_3_3
Parameters: 1 -0.000242213 0.000260802 0.000242787 0.999999 0.000817063 -0.000261198 -0.000816936 0.999999 0.0098382 0.00599807 0.0346793
FixedParameters: 0 0 0

#Transform 51
Transform: AffineTransform_float_3_3
Parameters: 1 -0.000106194 0.000209902 0.000105806 0.999999 0.000923021 -0.000210098 -0.000922977 0.999999 0.0077091 0.0162545 0.0422668
FixedParameters: 0 0 0

#Transform 52
Transform: AffineTransform_float_3_3
Parameters: 1 -8.20971e-06 0.000256993 8.79028e-06 0.999999 0.000816002 -0.000257007 -0.000815997 0.999999 -0.00071564 0.0208086 0.0433534
FixedParameters: 0 0 0

#Transform 53
Transform: AffineTransform_float_3_3
Parameters: 1 -2.01508e-05 0.000172982 1.98491e-05 0.999999 0.000872003 -0.000173017 -0.000871996 0.999999 0.00651279 0.0177784 0.0469463
FixedParameters: 0 0 0

#Transform 54
Transform: AffineTransform_float_3_3
Parameters: 1 -0.000154322 0.000348858 0.000153678 0.999999 0.000923053 -0.000349142 -0.000922945 0.999999 0.0070965 0.00870809 0.0418139
FixedParameters: 0 0 0

#Transform 55
Transform: AffineTransform_float_3_3
Parameters: 1 -3.24153e-05 0.00044997 3.15846e-05 0.999999 0.000923014 -0.00045003 -0.000922986 1 -0.00053826 0.015748 0.0597659
FixedParameters: 0 0 0

#Transform 56
Transform: AffineTransform_float_3_3
Parameters: 1 -5.74153e-05 0.000449947 5.65846e-05 0.999999 0.000923026 -0.000450053 -0.000922974 1 0.00405024 0.02606 0.0470573
FixedParameters: 0 0 0

#Transform 57
Transform: AffineTransform_float_3_3
Parameters: 1 -0.000141415 0.00044987 0.000141584 0.999999 0.000923064 -0.000450131 -0.000922936 1 0.00574653 0.0197772 0.0415913
FixedParameters: 0 0 0

#Transform 58
Transform: AffineTransform_float_3_3
Parameters: 1 -0.000123474 0.00044987 0.000122526 1 0.00105306 -0.000450129 -0.00105295 1 0.00534258 0.00960588 0.0400629
FixedParameters: 0 0 0

#Transform 59
Transform: AffineTransform_float_3_3
Parameters: 1 -0.000154534 0.000449817 0.000153466 1 0.00118607 -0.000450182 -0.00118593 0.999999 0.00592214 0.00709307 0.0466848
FixedParameters: 0 0 0

#Transform 60
Transform: AffineTransform_float_3_3
Parameters: 1 -0.000161496 0.000449822 0.000161504 1 0.00110307 -0.000450178 -0.00110293 1 0.0060969 0.028277 0.0597599
FixedParameters: 0 0 0

#Transform 61
Transform: AffineTransform_float_3_3
Parameters: 1 -0.000346496 0.000449618 0.000345504 1 0.00110216 -0.000450381 -0.00110284 1 0.00960488 0.0165886 0.0558752
FixedParameters: 0 0 0

#Transform 62
Transform: AffineTransform_float_3_3
Parameters: 1 2.54429e-06 0.000398003 -3.45571e-06 1 0.001145 -0.000397996 -0.001145 1 0.00346609 0.0160155 0.0520583
FixedParameters: 0 0 0

#Transform 63
Transform: AffineTransform_float_3_3
Parameters: 1 0.000194551 0.000450194 -0.000195448 0.999999 0.000996912 -0.000449805 -0.000997088 1 -0.00324858 0.0134895 0.0430577
FixedParameters: 0 0 0

#Transform 64
Transform: AffineTransform_float_3_3
Parameters: 1 0.000297585 0.000450275 -0.000297415 0.999999 0.000922866 -0.000449726 -0.000922134 1 -0.000516281 0.0288085 0.0326198
FixedParameters: 0 0 0

#Transform 65
Transform: AffineTransform_float_3_3
Parameters: 1 0.000189585 0.000450175 -0.000189415 0.999999 0.000922915 -0.000449826 -0.000922085 1 0.00367896 0.0291347 0.0328236
FixedParameters: 0 0 0

#Transform 66
Transform: AffineTransform_float_3_3
Parameters: 1 0.000124585 0.000450115 -0.000125415 0.999999 0.000922944 -0.000449885 -0.000922056 1 0.0027755 0.0173654 0.0412099
FixedParameters: 0 0 0

#Transform 67
Transform: AffineTransform_float_3_3
Parameters: 1 8.84478e-05 0.000450109 -8.85521e-05 0.999999 0.00122696 -0.000449892 -0.00122704 0.999999 0.0055361 -0.000121009 0.0568645
FixedParameters: 0 0 0

#Transform 68
Transform: AffineTransform_float_3_3
Parameters: 1 0.000166482 0.000450192 -0.000167518 1 0.00115193 -0.000449807 -0.00115208 0.999999 0.00196469 0.0196635 0.0614347
FixedParameters: 0 0 0

#Transform 69
Transform: AffineTransform_float_3_3
Parameters: 1 0.000110367 0.000544129 -0.000110633 1 0.00116394 -0.000543872 -0.00116406 0.999999 0.00204724 0.00856081 0.0505925
FixedParameters: 0 0 0

#Transform 70
Transform: AffineTransform_float_3_3
Parameters: 1 -1.06121e-05 0.000546989 9.38902e-06 1 0.00111901 -0.000546011 -0.001119 0.999999 0.00429087 0.00708255 0.0596589
FixedParameters: 0 0 0

#Transform 71
Transform: AffineTransform_float_3_3
Parameters: 0.999999 -1.69192e-05 0.000735979 1.60807e-05 0.999999 0.00124901 -0.00073602 -0.00124899 0.999999 0.00847994 0.015385 0.0607724
FixedParameters: 0 0 0

#Transform 72
Transform: AffineTransform_float_3_3
Parameters: 1 -1.80123e-06 0.000652998 1.19877e-06 0.999999 0.001227 -0.000653002 -0.001227 0.999999 0.0108157 0.0146687 0.0515051
FixedParameters: 0 0 0

#Transform 73
Transform: AffineTransform_float_3_3
Parameters: 0.999999 -6.10271e-05 0.000828925 5.99728e-05 0.999999 0.00123905 -0.000829075 -0.00123895 0.999999 0.0121915 0.009933 0.0512194
FixedParameters: 0 0 0

#Transform 74
Transform: AffineTransform_float_3_3
Parameters: 0.999999 8.50314e-05 0.000741111 -8.59684e-05 0.999999 0.00130694 -0.000740888 -0.00130706 0.999999 0.00889123 0.00410285 0.0528286
FixedParameters: 0 0 0

#Transform 75
Transform: AffineTransform_float_3_3
Parameters: 0.999999 3.603e-05 0.00070805 -3.79699e-05 0.999999 0.00136997 -0.000707948 -0.00137003 0.999999 0.0140888 0.0057529 0.0541591
FixedParameters: 0 0 0

#Transform 76
Transform: AffineTransform_float_3_3
Parameters: 0.999999 5.19449e-05 0.000834066 -5.30549e-05 0.999999 0.00126496 -0.000833933 -0.00126504 0.999999 0.0159669 0.0055552 0.0482316
FixedParameters: 0 0 0

#Transform 77
Transform: AffineTransform_float_3_3
Parameters: 0.999999 0.000231035 0.000887252 -0.000232965 1 0.00108779 -0.000886747 -0.00108821 0.999999 0.0139754 0.00478604 0.043846
FixedParameters: 0 0 0

#Transform 78
Transform: AffineTransform_float_3_3
Parameters: 0.999999 3.49143e-05 0.000887043 -3.60856e-05 1 0.00122397 -0.000886956 -0.00122403 0.999999 0.0156495 -0.00777713 0.0405428
FixedParameters: 0 0 0

#Transform 79
Transform: AffineTransform_float_3_3
Parameters: 0.999999 0.000324996 0.000887368 -0.000326004 1 0.00113171 -0.000886631 -0.00113229 0.999999 0.0100555 0.00675079 0.0455872
FixedParameters: 0 0 0

#Transform 80
Transform: AffineTransform_float_3_3
Parameters: 1 0.000622018 0.000887689 -0.000622983 0.999999 0.00110645 -0.000887311 -0.00110755 0.999999 0.00432463 0.0167602 0.0462725
FixedParameters: 0 0 0

#Transform 81
Transform: AffineTransform_float_3_3
Parameters: 1 0.000649215 0.000832614 -0.000649786 1 0.00094346 -0.000832387 -0.000944541 0.999999 0.00442446 0.00799891 0.0450359
FixedParameters: 0 0 0

#Transform 82
Transform: AffineTransform_float_3_3
Parameters: 0.999999 0.000632207 0.000780643 -0.000632794 1 0.00101651 -0.000780357 -0.00101649 0.999999 0.00534954 0.00720011 0.0465843
FixedParameters: 0 0 0

#Transform 83
Transform: AffineTransform_float_3_3
Parameters: 1 0.000666044 0.000984648 -0.000666957 1 0.000971344 -0.000984353 -0.000971657 0.999999 0.00235884 -0.000232696 0.0375492
FixedParameters: 0 0 0

#Transform 84
Transform: AffineTransform_float_3_3
Parameters: 1 0.000425032 0.000887465 -0.000425968 1 0.00109062 -0.000886536 -0.00109138 0.999999 0.00803689 0.0154693 0.0503467
FixedParameters: 0 0 0

#Transform 85
Transform: AffineTransform_float_3_3
Parameters: 1 0.000775939 0.000887928 -0.000777061 0.999999 0.00119431 -0.000887072 -0.00119569 0.999999 0.00134866 0.0271472 0.0460455
FixedParameters: 0 0 0

#Transform 86
Transform: AffineTransform_float_3_3
Parameters: 1 0.000806074 0.000887842 -0.000806927 0.999999 0.00104328 -0.000887158 -0.00104472 0.999999 0.00269926 0.00756333 0.0370666
FixedParameters: 0 0 0

#Transform 87
Transform: AffineTransform_float_3_3
Parameters: 0.999999 0.000853904 0.000888055 -0.000855096 0.999999 0.00123424 -0.000886944 -0.00123576 0.999999 0.00198715 -0.00204807 0.0438928
FixedParameters: 0 0 0

#Transform 88
Transform: AffineTransform_float_3_3
Parameters: 1 0.000752643 0.000888152 -0.000754356 0.999998 0.00152833 -0.000886849 -0.00152867 0.999999 0.00176055 -0.0020397 0.05553
FixedParameters: 0 0 0

#Transform 89
Transform: AffineTransform_float_3_3
Parameters: 1 0.000824785 0.00088813 -0.000826215 0.999998 0.00136927 -0.000886869 -0.00136973 0.999998 0.00603155 0.0045821 0.0523069
FixedParameters: 0 0 0

#Transform 90
Transform: AffineTransform_float_3_3
Parameters: 0.999999 0.000935644 0.000888432 -0.000936357 0.999999 0.00152817 -0.00088657 -0.00152883 0.999999 0.00258454 -0.0108892 0.0538068
FixedParameters: 0 0 0

#Transform 91
Transform: AffineTransform_float_3_3
Parameters: 0.999999 0.000923588 0.000821591 -0.000925412 0.999998 0.00172024 -0.000819409 -0.00172076 0.999998 -0.000720439 -0.0117753 0.0753171
FixedParameters: 0 0 0

#Transform 92
Transform: AffineTransform_float_3_3
Parameters: 0.999999 0.000899389 0.000888634 -0.000900612 0.999998 0.0018142 -0.000887368 -0.0018148 0.999998 0.00117887 -0.0122854 0.0768679
FixedParameters: 0 0 0

#Transform 93
Transform: AffineTransform_float_3_3
Parameters: 0.999999 0.00109139 0.000888982 -0.00109361 0.999998 0.00181403 -0.000887017 -0.00181497 0.999998 -0.0022883 0.00794142 0.0772463
FixedParameters: 0 0 0

#Transform 94
Transform: AffineTransform_float_3_3
Parameters: 0.999999 0.00107648 0.000835955 -0.00107852 0.999998 0.0018141 -0.000834045 -0.0018149 0.999998 -0.00168083 0.00608231 0.0718988
FixedParameters: 0 0 0

#Transform 95
Transform: AffineTransform_float_3_3
Parameters: 0.999999 0.00114539 0.00088908 -0.00114761 0.999997 0.00181398 -0.000886919 -0.00181502 0.999998 -0.00577608 -0.00992376 0.0624598
FixedParameters: 0 0 0

#Transform 96
Transform: AffineTransform_float_3_3
Parameters: 0.999999 0.00103339 0.000888877 -0.00103461 0.999998 0.00181408 -0.000887124 -0.00181492 0.999998 -0.0012533 -0.00592804 0.0580995
FixedParameters: 0 0 0

#Transform 97
Transform: AffineTransform_float_3_3
Parameters: 0.999999 0.00098359 0.000888564 -0.00098441 0.999999 0.00158813 -0.000886438 -0.00158887 0.999999 0.00174704 0.014463 0.0542128
FixedParameters: 0 0 0

#Transform 98
Transform: AffineTransform_float_3_3
Parameters: 0.999999 0.00095884 0.000888253 -0.000960159 0.999998 0.00130615 -0.000886746 -0.00130685 0.999999 0.00234619 0.00922105 0.0579784
FixedParameters: 0 0 0

#Transform 99
Transform: AffineTransform_float_3_3
Parameters: 0.999999 0.000856658 0.000888297 -0.000858341 0.999998 0.00151124 -0.000886704 -0.00151176 0.999999 -0.000221685 -0.0125753 0.0702159
FixedParameters: 0 0 0

#Transform 100
Transform: AffineTransform_float_3_3
Parameters: 0.999999 0.000902333 0.00111036 -0.000904667 0.999999 0.001502 -0.00110864 -0.001503 0.999999 -0.00362479 -0.0149816 0.0635333
FixedParameters: 0 0 0

#Transform 101
Transform: AffineTransform_float_3_3
Parameters: 1 0.000777779 0.000888071 -0.000778221 0.999999 0.00137531 -0.00088693 -0.00137569 0.999998 0.00849129 0.0151103 0.0663775
FixedParameters: 0 0 0

#Transform 102
Transform: AffineTransform_float_3_3
Parameters: 0.999999 0.00089984 0.000888176 -0.000901159 0.999998 0.0013062 -0.000886823 -0.0013068 0.999999 0.00702443 0.0233897 0.0626757
FixedParameters: 0 0 0

#Transform 103
Transform: AffineTransform_float_3_3
Parameters: 0.999999 0.00101668 0.00105827 -0.00101832 0.999998 0.00125092 -0.00105673 -0.00125207 0.999998 0.00116651 0.00935259 0.0496927
FixedParameters: 0 0 0

#Transform 104
Transform: AffineTransform_float_3_3
Parameters: 0.999998 0.00122051 0.0011386 -0.00122149 0.999999 0.00130561 -0.0011374 -0.00130739 0.999999 0.00684477 -0.00337878 0.049486
FixedParameters: 0 0 0

#Transform 105
Transform: AffineTransform_float_3_3
Parameters: 0.999999 0.00122034 0.0012736 -0.00122166 0.999999 0.00130545 -0.00127241 -0.00130756 0.999999 -0.00204185 0.000506154 0.0434337
FixedParameters: 0 0 0

#Transform 106
Transform: AffineTransform_float_3_3
Parameters: 0.999998 0.00103229 0.00120048 -0.00103371 0.999999 0.00142776 -0.00119952 -0.00142924 0.999999 0.00438713 0.00869929 0.0514862
FixedParameters: 0 0 0

#Transform 107
Transform: AffineTransform_float_3_3
Parameters: 0.999999 0.00123827 0.00132562 -0.00124073 0.999999 0.00130536 -0.00132338 -0.00130664 0.999999 -0.00123279 -0.000540001 0.0454015
FixedParameters: 0 0 0

#Transform 108
Transform: AffineTransform_float_3_3
Parameters: 0.999998 0.0011315 0.00114548 -0.0011325 0.999998 0.0013057 -0.00114452 -0.0013073 0.999998 0.00851076 0.0173517 0.0415353
FixedParameters: 0 0 0

#Transform 109
Transform: AffineTransform_float_3_3
Parameters: 0.999999 0.000711719 0.00114979 -0.000713281 0.999999 0.00111418 -0.00114921 -0.00111482 0.999998 0.0164081 0.0207468 0.0472261
FixedParameters: 0 0 0

#Transform 110
Transform: AffineTransform_float_3_3
Parameters: 0.999998 0.000872807 0.00132778 -0.000873193 0.999999 0.000897842 -0.00132722 -0.000899159 0.999998 0.0114585 0.00223088 0.0459802
FixedParameters: 0 0 0

#Transform 111
Transform: AffineTransform_float_3_3
Parameters: 0.999998 0.000877158 0.00132756 -0.000877842 1 0.000633836 -0.00132644 -0.000635165 0.999999 0.01134 0.0119377 0.0453747
FixedParameters: 0 0 0

#Transform 112
Transform: AffineTransform_float_3_3
Parameters: 0.999999 0.00102913 0.00107284 -0.00102987 0.999999 0.000810896 -0.00107216 -0.000812104 0.999999 0.00827114 0.0207197 0.0572254
FixedParameters: 0 0 0

#Transform 113
Transform: AffineTransform_float_3_3
Parameters: 0.999999 0.00136635 0.00102287 -0.00136665 0.999999 0.000637603 -0.00102213 -0.000639398 1 -0.00433547 -0.0385808 0.0365108
FixedParameters: 0 0 0

#Transform 114
Transform: AffineTransform_float_3_3
Parameters: 0.999998 0.00135273 0.000901398 -0.00135326 0.999999 0.000293781 -0.000900602 -0.000295219 1 -0.0115552 0.107408 0.0879226
FixedParameters: 0 0 0

#Transform 115
Transform: AffineTransform_float_3_3
Parameters: 0.999998 0.00153252 0.000726007 -0.00153248 0.999998 0.000656888 -0.000724992 -0.000658111 0.999999 -0.0164245 0.0472673 0.0871341
FixedParameters: 0 0 0

#Transform 116
Transform: AffineTransform_float_3_3
Parameters: 0.999999 0.00134748 0.000656062 -0.00134852 0.999999 0.000787116 -0.000654939 -0.000787884 1 -0.00832961 0.0581931 0.0867058
FixedParameters: 0 0 0

#Transform 117
Transform: AffineTransform_float_3_3
Parameters: 0.999998 0.00140452 0.000843796 -0.00140548 0.999999 0.000566814 -0.000843202 -0.000568185 0.999999 -0.00558917 0.0629419 0.0633089
FixedParameters: 0 0 0

#Transform 118
Transform: AffineTransform_float_3_3
Parameters: 0.999999 0.00153244 0.000928919 -0.00153256 0.999998 0.000598577 -0.000928083 -0.000599423 1 -0.00955826 0.0512469 0.0587652
FixedParameters: 0 0 0

#Transform 119
Transform: AffineTransform_float_3_3
Parameters: 0.999999 0.00153266 0.000928566 -0.00153234 0.999999 0.000368577 -0.000928435 -0.000369423 0.999999 -0.00655558 0.0248013 0.0374406
FixedParameters: 0 0 0

#Transform 120
Transform: AffineTransform_float_3_3
Parameters: 0.999999 0.00153278 0.000928362 -0.00153222 0.999999 0.000235578 -0.000928637 -0.000237424 0.999999 -0.00217426 0.0205387 0.0232695
FixedParameters: 0 0 0

#Transform 121
Transform: AffineTransform_float_3_3
Parameters: 0.999999 0.00153272 0.000928457 -0.00153228 0.999999 0.000297578 -0.000928544 -0.000298423 0.999999 -0.00780357 0.0333019 0.0244986
FixedParameters: 0 0 0

#Transform 122
Transform: AffineTransform_float_3_3
Parameters: 0.999999 0.00153267 0.000928543 -0.00153233 0.999999 0.000353577 -0.000928458 -0.000354423 0.999999 0.00316051 0.0130871 0.0256254
FixedParameters: 0 0 0

#Transform 123
Transform: AffineTransform_float_3_3
Parameters: 0.999999 0.00131532 0.0012867 -0.00131669 0.999999 0.000531307 -0.0012863 -0.000532693 0.999999 0.0031649 -0.00342373 0.0274569
FixedParameters: 0 0 0

#Transform 124
Transform: AffineTransform_float_3_3
Parameters: 0.999998 0.00139044 0.00135457 -0.00139156 0.999999 0.000409116 -0.00135443 -0.000410884 0.999999 0.00102903 0.0129222 0.0224795
FixedParameters: 0 0 0

#Transform 125
Transform: AffineTransform_float_3_3
Parameters: 0.999998 0.00135837 0.00135463 -0.00135863 0.999999 0.00046316 -0.00135437 -0.000464841 0.999999 0.00168816 0.0123691 0.0230337
FixedParameters: 0 0 0

#Transform 126
Transform: AffineTransform_float_3_3
Parameters: 0.999998 0.00129111 0.00135485 -0.00129289 0.999999 0.000658249 -0.00135415 -0.000659749 0.999999 0.00288944 0.0104104 0.0262904
FixedParameters: 0 0 0

#Transform 127
Transform: AffineTransform_float_3_3
Parameters: 0.999998 0.00140803 0.00135501 -0.00140897 0.999999 0.000717092 -0.00135399 -0.000718908 0.999999 0.000701236 0.00248937 0.0324813
FixedParameters: 0 0 0

#Transform 128
Transform: AffineTransform_float_3_3
Parameters: 0.999998 0.00130914 0.00135483 -0.00130986 0.999999 0.000634226 -0.00135417 -0.000636774 0.999999 0.00542385 0.0435286 0.0268111
FixedParameters: 0 0 0

#Transform 129
Transform: AffineTransform_float_3_3
Parameters: 0.999998 0.00137693 0.00149699 -0.00137807 0.999999 0.000716938 -0.00149601 -0.000719061 0.999998 0.00341825 0.0179555 0.0264421
FixedParameters: 0 0 0

#Transform 130
Transform: AffineTransform_float_3_3
Parameters: 0.999998 0.00146038 0.00135467 -0.00146062 0.999999 0.000455022 -0.00135433 -0.000456979 0.999999 -0.000206404 0.0348149 0.0151328
FixedParameters: 0 0 0

#Transform 131
Transform: AffineTransform_float_3_3
Parameters: 0.999998 0.00140324 0.00135478 -0.00140376 0.999999 0.000558099 -0.00135422 -0.000559901 0.999999 0.00395868 0.0268957 0.026532
FixedParameters: 0 0 0

#Transform 132
Transform: AffineTransform_float_3_3
Parameters: 0.999998 0.00150627 0.00135481 -0.00150773 0.999998 0.000535958 -0.00135419 -0.000538041 0.999999 -0.00117308 0.0101159 0.0285485
FixedParameters: 0 0 0

#Transform 133
Transform: AffineTransform_float_3_3
Parameters: 0.999997 0.00164114 0.00135504 -0.00164186 0.999999 0.000632777 -0.00135396 -0.000634224 0.999999 -0.00369889 0.00182502 0.0270278
FixedParameters: 0 0 0

#Transform 134
Transform: AffineTransform_float_3_3
Parameters: 0.999997 0.00169515 0.00135507 -0.00169585 0.999999 0.000629704 -0.00135393 -0.000631297 0.999999 -0.00473651 -0.00466557 0.0328591
FixedParameters: 0 0 0

#Transform 135
Transform: AffineTransform_float_3_3
Parameters: 0.999997 0.00167625 0.00130097 -0.00167675 0.999999 0.00057782 -0.00130003 -0.000579181 0.999999 -0.00376632 0.0207799 0.0352456
FixedParameters: 0 0 0

#Transform 136
Transform: AffineTransform_float_3_3
Parameters: 0.999997 0.00173209 0.00126524 -0.00173291 0.999998 0.000716809 -0.00126476 -0.000719192 0.999999 -0.00448915 0.00980271 0.0285518
FixedParameters: 0 0 0

#Transform 137
Transform: AffineTransform_float_3_3
Parameters: 0.999998 0.00164516 0.00117118 -0.00164684 0.999999 0.000717073 -0.00116982 -0.000718926 0.999999 -0.00855477 0.000846104 0.0283713
FixedParameters: 0 0 0

#Transform 138
Transform: AffineTransform_float_3_3
Parameters: 0.999998 0.00171386 0.00123558 -0.00171414 0.999998 0.000921884 -0.00123442 -0.000924118 0.999999 -0.00372888 0.00269263 0.0340247
FixedParameters: 0 0 0

#Transform 139
Transform: AffineTransform_float_3_3
Parameters: 0.999998 0.00180334 0.000917296 -0.00180466 0.999998 0.000717346 -0.000915705 -0.000718653 1 -0.00684378 0.0212357 0.0285572
FixedParameters: 0 0 0

#Transform 140
Transform: AffineTransform_float_3_3
Parameters: 0.999998 0.00200617 0.000981698 -0.00200683 0.999997 0.000845032 -0.000980303 -0.000846969 0.999999 -0.00656437 0.0296159 0.0289915
FixedParameters: 0 0 0

#Transform 141
Transform: AffineTransform_float_3_3
Parameters: 0.999998 0.00203871 0.00115728 -0.0020403 0.999998 0.00111864 -0.00115472 -0.00112036 0.999998 -0.0122949 0.00781816 0.0324324
FixedParameters: 0 0 0

#Transform 142
Transform: AffineTransform_float_3_3
Parameters: 0.999998 0.0019758 0.00116204 -0.0019772 0.999998 0.00103071 -0.00115996 -0.00103329 0.999999 -0.00806763 0.000836949 0.0282531
FixedParameters: 0 0 0

#Transform 143
Transform: AffineTransform_float_3_3
Parameters: 0.999998 0.00207592 0.00103117 -0.00207708 0.999998 0.00104586 -0.00102883 -0.00104814 0.999999 -0.0116627 0.00945381 0.0229885
FixedParameters: 0 0 0

#Transform 144
Transform: AffineTransform_float_3_3
Parameters: 0.999997 0.00214685 0.00120704 -0.00214815 0.999997 0.00095041 -0.00120496 -0.00095259 0.999999 -0.0182286 0.00122647 0.0161097
FixedParameters: 0 0 0

#Transform 145
Transform: AffineTransform_float_3_3
Parameters: 0.999997 0.00220268 0.00116948 -0.00220332 0.999997 0.00112543 -0.00116652 -0.00112757 0.999998 -0.0123844 -0.000989041 0.0223644
FixedParameters: 0 0 0

#Transform 146
Transform: AffineTransform_float_3_3
Parameters: 0.999997 0.00193141 0.00135627 -0.0019326 0.999998 0.00117438 -0.00135473 -0.00117762 0.999999 -0.00936832 -0.000761196 0.0236717
FixedParameters: 0 0 0

#Transform 147
Transform: AffineTransform_float_3_3
Parameters: 0.999998 0.00193148 0.00129327 -0.00193252 0.999998 0.0011745 -0.00129173 -0.0011775 0.999999 -0.00867303 -0.000778015 0.0258162
FixedParameters: 0 0 0

#Transform 148
Transform: AffineTransform_float_3_3
Parameters: 0.999998 0.00193158 0.00129412 -0.00193342 0.999998 0.0010955 -0.00129188 -0.0010985 0.999998 -0.008596 0.0259174 0.0321307
FixedParameters: 0 0 0

#Transform 149
Transform: AffineTransform_float_3_3
Parameters: 0.999997 0.00193141 0.00135627 -0.0019326 0.999998 0.00117438 -0.00135473 -0.00117762 0.999999 -0.00932197 0.0154328 0.0347866
FixedParameters: 0 0 0

#Transform 150
Transform: AffineTransform_float_3_3
Parameters: 0.999997 0.00193141 0.00135627 -0.0019326 0.999998 0.00117438 -0.00135473 -0.00117762 0.999999 -0.00934834 0.00345706 0.0324067
FixedParameters: 0 0 0

#Transform 151
Transform: AffineTransform_float_3_3
Parameters: 0.999997 0.0017502 0.00135632 -0.0017518 0.999997 0.00132463 -0.00135468 -0.00132737 0.999998 -0.00188324 0.020224 0.0362681
FixedParameters: 0 0 0

#Transform 152
Transform: AffineTransform_float_3_3
Parameters: 0.999998 0.00146115 0.001356 -0.00146285 0.999998 0.00136602 -0.001354 -0.00136798 0.999998 -0.000275195 0.0276724 0.0437035
FixedParameters: 0 0 0

#Transform 153
Transform: AffineTransform_float_3_3
Parameters: 0.999997 0.00166214 0.00135628 -0.00166486 0.999997 0.00136874 -0.00135472 -0.00137025 0.999998 -0.00415086 0.0172566 0.0501995
FixedParameters: 0 0 0

#Transform 154
Transform: AffineTransform_float_3_3
Parameters: 0.999997 0.00176009 0.00135648 -0.00176191 0.999998 0.00140461 -0.00135452 -0.00140739 0.999998 -0.0138515 0.00768931 0.0643992
FixedParameters: 0 0 0

#Transform 155
Transform: AffineTransform_float_3_3
Parameters: 0.999998 0.00166188 0.00129173 -0.00166412 0.999998 0.00164285 -0.00128927 -0.00164515 0.999998 -0.00337856 0.0173257 0.0757029
FixedParameters: 0 0 0

#Transform 156
Transform: AffineTransform_float_3_3
Parameters: 0.999997 0.00170677 0.00135681 -0.00170923 0.999997 0.00164268 -0.00135419 -0.00164532 0.999997 -0.00497563 0.00929256 0.0592352
FixedParameters: 0 0 0

#Transform 157
Transform: AffineTransform_float_3_3
Parameters: 0.999998 0.00166699 0.00122174 -0.00166901 0.999998 0.00164296 -0.00121826 -0.00164503 0.999998 -0.00264738 0.0240248 0.0577046
FixedParameters: 0 0 0

#Transform 158
Transform: AffineTransform_float_3_3
Parameters: 0.999998 0.00146059 0.0012189 -0.00146341 0.999997 0.00198122 -0.0012161 -0.00198278 0.999998 0.00125799 0.00853419 0.0675213
FixedParameters: 0 0 0

#Transform 159
Transform: AffineTransform_float_3_3
Parameters: 0.999999 0.00146097 0.00101692 -0.00146303 0.999997 0.00199752 -0.00101408 -0.00199949 0.999998 0.00354743 0.0236254 0.0763468
FixedParameters: 0 0 0

#Transform 160
Transform: AffineTransform_float_3_3
Parameters: 0.999997 0.00172045 0.0012934 -0.00172255 0.999997 0.00197278 -0.0012896 -0.00197522 0.999997 -0.0105272 0.0246622 0.0821035
FixedParameters: 0 0 0

#Transform 161
Transform: AffineTransform_float_3_3
Parameters: 0.999998 0.0017486 0.00117459 -0.0017504 0.999997 0.00204795 -0.00117042 -0.00205005 0.999997 -0.0102773 0.0161674 0.0688278
FixedParameters: 0 0 0

#Transform 162
Transform: AffineTransform_float_3_3
Parameters: 0.999998 0.00168486 0.00118903 -0.00168714 0.999997 0.001798 -0.00118597 -0.0018 0.999997 -0.00270253 0.0011396 0.0683533
FixedParameters: 0 0 0

#Transform 163
Transform: AffineTransform_float_3_3
Parameters: 0.999998 0.00175962 0.00108985 -0.00176238 0.999996 0.00218508 -0.00108615 -0.00218792 0.999997 -0.00301431 0.0102558 0.0713493
FixedParameters: 0 0 0

#Transform 164
Transform: AffineTransform_float_3_3
Parameters: 0.999998 0.00174937 0.00110119 -0.00175163 0.999995 0.00239208 -0.00109681 -0.00239392 0.999997 -0.00282836 0.00468271 0.0749458
FixedParameters: 0 0 0

#Transform 165
Transform: AffineTransform_float_3_3
Parameters: 0.999998 0.00168233 0.00103735 -0.00168467 0.999996 0.00258026 -0.00103266 -0.00258174 0.999996 -0.012896 -0.00130769 0.0802663
FixedParameters: 0 0 0

#Transform 166
Transform: AffineTransform_float_3_3
Parameters: 0.999997 0.00194041 0.000994066 -0.00194359 0.999994 0.00260807 -0.000988932 -0.00260992 0.999996 -0.0170308 0.00995553 0.0834205
FixedParameters: 0 0 0

#Transform 167
Transform: AffineTransform_float_3_3
Parameters: 0.999998 0.00191622 0.000650259 -0.00191778 0.999995 0.00274276 -0.000645743 -0.00274324 0.999996 -0.0129288 0.00849852 0.0666084
FixedParameters: 0 0 0

#Transform 168
Transform: AffineTransform_float_3_3
Parameters: 0.999998 0.00208705 0.000797129 -0.00208895 0.999995 0.00245534 -0.000792872 -0.00245666 0.999996 -0.0144121 0.0112197 0.0710681
FixedParameters: 0 0 0

#Transform 169
Transform: AffineTransform_float_3_3
Parameters: 0.999998 0.00210414 0.000784013 -0.00210586 0.999995 0.00238035 -0.000778989 -0.00238164 0.999997 -0.0107578 -0.00259494 0.0826069
FixedParameters: 0 0 0

#Transform 170
Transform: AffineTransform_float_3_3
Parameters: 0.999997 0.00202796 0.000912539 -0.00203004 0.999996 0.00223615 -0.000907461 -0.00223785 0.999997 -0.00600698 0.013991 0.0921273
FixedParameters: 0 0 0

#Transform 171
Transform: AffineTransform_float_3_3
Parameters: 0.999997 0.00189685 0.00103992 -0.00189815 0.999996 0.00206603 -0.00103608 -0.00206797 0.999998 -0.00493624 0.0161878 0.0843294
FixedParameters: 0 0 0

#Transform 172
Transform: AffineTransform_float_3_3
Parameters: 0.999998 0.00190952 0.00119896 -0.00191248 0.999996 0.00207171 -0.00119504 -0.00207329 0.999997 -0.0172083 0.016141 0.0840687
FixedParameters: 0 0 0

#Transform 173
Transform: AffineTransform_float_3_3
Parameters: 0.999998 0.00185226 0.00123612 -0.00185474 0.999996 0.00222171 -0.00123188 -0.00222429 0.999997 -0.014282 0.017241 0.103978
FixedParameters: 0 0 0

#Transform 174
Transform: AffineTransform_float_3_3
Parameters: 0.999997 0.00185273 0.00145019 -0.00185627 0.999995 0.00225731 -0.00144581 -0.00226069 0.999997 -0.0159767 0.0206228 0.11855
FixedParameters: 0 0 0

#Transform 175
Transform: AffineTransform_float_3_3
Parameters: 0.999997 0.00162355 0.00144987 -0.00162645 0.999996 0.00238065 -0.00144613 -0.00238235 0.999996 -0.00426583 0.0389034 0.111894
FixedParameters: 0 0 0

#Transform 176
Transform: AffineTransform_float_3_3
Parameters: 0.999998 0.00172163 0.00145001 -0.00172537 0.999996 0.0023265 -0.00144599 -0.0023295 0.999996 -0.00631772 0.0360172 0.10801
FixedParameters: 0 0 0

#Transform 177
Transform: AffineTransform_float_3_3
Parameters: 0.999998 0.00145918 0.00165837 -0.00146283 0.999997 0.00230758 -0.00165463 -0.00230942 0.999996 -0.00360165 0.0381319 0.10415
FixedParameters: 0 0 0

#Transform 178
Transform: AffineTransform_float_3_3
Parameters: 0.999998 0.0016924 0.00153498 -0.0016966 0.999996 0.0023464 -0.00153102 -0.0023486 0.999996 -0.00677552 0.018534 0.112029
FixedParameters: 0 0 0

#Transform 179
Transform: AffineTransform_float_3_3
Parameters: 0.999997 0.00166897 0.00164908 -0.00167303 0.999995 0.00244325 -0.00164491 -0.00244675 0.999995 -0.0137654 0.0138171 0.134847
FixedParameters: 0 0 0

#Transform 180
Transform: AffineTransform_float_3_3
Parameters: 0.999998 0.00145954 0.00144949 -0.00146345 0.999996 0.00238588 -0.00144551 -0.00238812 0.999996 -0.00116132 0.0283048 0.135744
FixedParameters: 0 0 0

#Transform 181
Transform: AffineTransform_float_3_3
Parameters: 0.999997 0.00155493 0.001585 -0.00155907 0.999995 0.00256954 -0.001581 -0.00257146 0.999996 -0.00445788 0.0287657 0.140343
FixedParameters: 0 0 0

#Transform 182
Transform: AffineTransform_float_3_3
Parameters: 0.999997 0.00145882 0.00163873 -0.00146318 0.999995 0.00255261 -0.00163527 -0.00255539 0.999996 -0.000559202 0.0268463 0.130081
FixedParameters: 0 0 0

#Transform 183
Transform: AffineTransform_float_3_3
Parameters: 0.999998 0.00145862 0.00175166 -0.00146338 0.999996 0.00250044 -0.00174735 -0.00250256 0.999996 -0.00257517 0.0243635 0.104641
FixedParameters: 0 0 0

#Transform 184
Transform: AffineTransform_float_3_3
Parameters: 0.999998 0.00145859 0.00172973 -0.00146341 0.999995 0.00255148 -0.00172527 -0.00255352 0.999996 -0.00164837 0.0252658 0.113333
FixedParameters: 0 0 0

#Transform 185
Transform: AffineTransform_float_3_3
Parameters: 0.999997 0.00133868 0.00177626 -0.00134332 0.999996 0.00243262 -0.00177274 -0.00243438 0.999996 0.00445579 0.043307 0.111248
FixedParameters: 0 0 0

#Transform 186
Transform: AffineTransform_float_3_3
Parameters: 0.999997 0.00121271 0.00183384 -0.00121729 0.999997 0.00233977 -0.00183115 -0.00234223 0.999995 0.0152997 0.0382419 0.100976
FixedParameters: 0 0 0

#Transform 187
Transform: AffineTransform_float_3_3
Parameters: 0.999997 0.00111295 0.00189738 -0.00111705 0.999997 0.00213589 -0.00189462 -0.00213711 0.999996 0.0165846 0.0267322 0.102084
FixedParameters: 0 0 0

#Transform 188
Transform: AffineTransform_float_3_3
Parameters: 0.999997 0.0011919 0.00183267 -0.0011961 0.999997 0.00223681 -0.00182933 -0.00223818 0.999996 0.0157067 0.00995841 0.10751
FixedParameters: 0 0 0

#Transform 189
Transform: AffineTransform_float_3_3
Parameters: 0.999998 0.00105791 0.00182737 -0.00106209 0.999997 0.00223706 -0.00182463 -0.00223893 0.999996 0.0183769 0.0151055 0.108794
FixedParameters: 0 0 0

#Transform 190
Transform: AffineTransform_float_3_3
Parameters: 0.999998 0.00121946 0.00196083 -0.00122354 0.999996 0.0023146 -0.00195817 -0.00231739 0.999995 0.013703 0.0201295 0.106576
FixedParameters: 0 0 0

#Transform 191
Transform: AffineTransform_float_3_3
Parameters: 0.999998 0.00117076 0.00189763 -0.00117424 0.999997 0.00223678 -0.00189538 -0.00223822 0.999995 0.0153287 0.00693633 0.0952385
FixedParameters: 0 0 0

#Transform 192
Transform: AffineTransform_float_3_3
Parameters: 0.999998 0.00120639 0.00189794 -0.00121061 0.999997 0.00243171 -0.00189506 -0.00243329 0.999995 0.0146393 0.0116243 0.0891167
FixedParameters: 0 0 0

#Transform 193
Transform: AffineTransform_float_3_3
Parameters: 0.999998 0.00113273 0.00197204 -0.00113827 0.999996 0.00267376 -0.00196896 -0.00267624 0.999995 0.0182698 0.0163029 0.103489
FixedParameters: 0 0 0

#Transform 194
Transform: AffineTransform_float_3_3
Parameters: 0.999998 0.00118585 0.00189823 -0.00119115 0.999995 0.00271374 -0.00189477 -0.00271625 0.999994 0.0150402 0.0133795 0.106037
FixedParameters: 0 0 0

#Transform 195
Transform: AffineTransform_float_3_3
Parameters: 0.999997 0.00105721 0.00189767 -0.00106179 0.999997 0.00252299 -0.00189533 -0.00252501 0.999995 0.0175736 0.032843 0.0996651
FixedParameters: 0 0 0

#Transform 196
Transform: AffineTransform_float_3_3
Parameters: 0.999997 0.00105619 0.00223076 -0.00106181 0.999996 0.00260664 -0.00222824 -0.00260936 0.999994 0.0137842 0.0267009 0.101579
FixedParameters: 0 0 0

#Transform 197
Transform: AffineTransform_float_3_3
Parameters: 0.999997 0.00105765 0.00189743 -0.00106235 0.999997 0.00229299 -0.00189457 -0.00229501 0.999995 0.0175663 0.0302852 0.0972117
FixedParameters: 0 0 0

#Transform 198
Transform: AffineTransform_float_3_3
Parameters: 0.999997 0.00105757 0.00218815 -0.00106243 0.999998 0.00202468 -0.00218585 -0.00202632 0.999995 0.0184674 0.0333865 0.0907334
FixedParameters: 0 0 0

#Transform 199
Transform: AffineTransform_float_3_3
Parameters: 0.999997 0.00125005 0.00217485 -0.00125495 0.999996 0.00227428 -0.00217215 -0.00227672 0.999995 0.0107894 0.0191765 0.105606
FixedParameters: 0 0 0

#Transform 200
Transform: AffineTransform_float_3_3
Parameters: 0.999997 0.0012022 0.00214969 -0.0012078 0.999997 0.00223341 -0.00214731 -0.00223659 0.999995 0.0181319 0.0169703 0.102956
FixedParameters: 0 0 0

#Transform 201
Transform: AffineTransform_float_3_3
Parameters: 0.999997 0.00119603 0.00204491 -0.00120097 0.999997 0.00243055 -0.00204209 -0.00243345 0.999995 0.0201892 0.011782 0.104455
FixedParameters: 0 0 0

#Transform 202
Transform: AffineTransform_float_3_3
Parameters: 0.999996 0.00105623 0.00233062 -0.00106177 0.999997 0.00247553 -0.00232838 -0.00247747 0.999994 0.0205502 0.00490057 0.0952342
FixedParameters: 0 0 0

#Transform 203
Transform: AffineTransform_float_3_3
Parameters: 0.999996 0.00105638 0.00235852 -0.00106262 0.999996 0.0023815 -0.00235648 -0.0023835 0.999995 0.0306427 0.00302703 0.0906188
FixedParameters: 0 0 0

#Transform 204
Transform: AffineTransform_float_3_3
Parameters: 0.999996 0.00105674 0.0024193 -0.00106226 0.999997 0.00217244 -0.00241669 -0.00217556 0.999994 0.029983 0.0315653 0.0777787
FixedParameters: 0 0 0

#Transform 205
Transform: AffineTransform_float_3_3
Parameters: 0.999996 0.000905418 0.00243608 -0.000911583 0.999997 0.00229179 -0.00243392 -0.00229321 0.999995 0.0326909 0.0262061 0.0719916
FixedParameters: 0 0 0

#Transform 206
Transform: AffineTransform_float_3_3
Parameters: 0.999998 0.000849551 0.0021038 -0.000853451 0.999998 0.00211521 -0.0021022 -0.00211679 0.999995 0.0374477 0.0210001 0.0694604
FixedParameters: 0 0 0

#Transform 207
Transform: AffineTransform_float_3_3
Parameters: 0.999998 0.000917449 0.00211798 -0.000922552 0.999998 0.00214905 -0.00211602 -0.00215095 0.999996 0.0302232 0.00195885 0.0825078
FixedParameters: 0 0 0

#Transform 208
Transform: AffineTransform_float_3_3
Parameters: 0.999997 0.000988629 0.00250013 -0.000993373 0.999997 0.00214852 -0.00249787 -0.00215048 0.999994 0.0302992 -0.00985625 0.0762119
FixedParameters: 0 0 0

#Transform 209
Transform: AffineTransform_float_3_3
Parameters: 0.999997 0.001056 0.00250054 -0.001062 0.999996 0.00239935 -0.00249746 -0.00240165 0.999994 0.0289761 0.0111476 0.0736316
FixedParameters: 0 0 0

#Transform 210
Transform: AffineTransform_float_3_3
Parameters: 0.999997 0.000974359 0.00250021 -0.000979642 0.999997 0.00225656 -0.0024978 -0.00225844 0.999995 0.0305728 0.0165714 0.0721561
FixedParameters: 0 0 0

#Transform 211
Transform: AffineTransform_float_3_3
Parameters: 0.999997 0.00091463 0.00249997 -0.000919373 0.999998 0.00214871 -0.00249803 -0.00215029 0.999994 0.038592 0.00137527 0.06785
FixedParameters: 0 0 0

#Transform 212
Transform: AffineTransform_float_3_3
Parameters: 0.999996 0.000973756 0.0024411 -0.000979245 0.999997 0.00214862 -0.0024389 -0.00215038 0.999994 0.0364002 0.00534632 0.0694096
FixedParameters: 0 0 0

#Transform 213
Transform: AffineTransform_float_3_3
Parameters: 0.999996 0.00125563 0.0025007 -0.00126037 0.999997 0.00214786 -0.0024973 -0.00215114 0.999994 0.0251916 0.00927366 0.0589224
FixedParameters: 0 0 0

#Transform 214
Transform: AffineTransform_float_3_3
Parameters: 0.999996 0.00140513 0.00243382 -0.00141087 0.999997 0.00199957 -0.00243018 -0.00200342 0.999995 0.0295852 0.0163461 0.062298
FixedParameters: 0 0 0

#Transform 215
Transform: AffineTransform_float_3_3
Parameters: 0.999995 0.00152363 0.00250128 -0.00152937 0.999997 0.00214718 -0.00249772 -0.00215082 0.999994 0.0200538 0.00444279 0.068525
FixedParameters: 0 0 0

#Transform 216
Transform: AffineTransform_float_3_3
Parameters: 0.999995 0.00151779 0.00250117 -0.00152321 0.999996 0.0020822 -0.00249783 -0.0020858 0.999994 0.0278206 6.63228e-05 0.0658129
FixedParameters: 0 0 0

#Transform 217
Transform: AffineTransform_float_3_3
Parameters: 0.999996 0.00176211 0.00250145 -0.00176689 0.999996 0.00195259 -0.00249755 -0.00195741 0.999995 0.02316 -0.00150697 0.0655274
FixedParameters: 0 0 0

#Transform 218
Transform: AffineTransform_float_3_3
Parameters: 0.999996 0.00171113 0.00250134 -0.00171588 0.999996 0.00194872 -0.00249766 -0.00195228 0.999995 0.0236548 0.0161197 0.0839427
FixedParameters: 0 0 0

#Transform 219
Transform: AffineTransform_float_3_3
Parameters: 0.999996 0.00196497 0.00232142 -0.00196903 0.999997 0.00173644 -0.00231758 -0.00174056 0.999996 0.023984 0.0178729 0.0708614
FixedParameters: 0 0 0

#Transform 220
Transform: AffineTransform_float_3_3
Parameters: 0.999995 0.00196953 0.00240567 -0.00197347 0.999997 0.00185626 -0.00240234 -0.00186074 0.999996 0.0287663 0.00235326 0.0630069
FixedParameters: 0 0 0

#Transform 221
Transform: AffineTransform_float_3_3
Parameters: 0.999994 0.00212394 0.0025023 -0.00212905 0.999995 0.00201868 -0.0024977 -0.00202431 0.999995 0.0203211 -0.00862924 0.0660045
FixedParameters: 0 0 0

#Transform 222
Transform: AffineTransform_float_3_3
Parameters: 0.999995 0.00228245 0.00245024 -0.00228655 0.999995 0.00185441 -0.00244676 -0.00185959 0.999996 0.0192178 0.0105299 0.0688799
FixedParameters: 0 0 0

#Transform 223
Transform: AffineTransform_float_3_3
Parameters: 0.999994 0.00238708 0.0025027 -0.00239191 0.999995 0.00196303 -0.0024973 -0.00196897 0.999995 0.0196554 0.0083424 0.0664397
FixedParameters: 0 0 0

#Transform 224
Transform: AffineTransform_float_3_3
Parameters: 0.999994 0.00245937 0.00250256 -0.00246363 0.999996 0.00184885 -0.00249744 -0.00185515 0.999995 0.0183194 -0.00432414 0.0620489
FixedParameters: 0 0 0

#Transform 225
Transform: AffineTransform_float_3_3
Parameters: 0.999994 0.00232609 0.00250258 -0.00233091 0.999996 0.00196218 -0.00249743 -0.00196782 0.999995 0.0242949 0.00375229 0.063924
FixedParameters: 0 0 0

#Transform 226
Transform: AffineTransform_float_3_3
Parameters: 0.999993 0.00248924 0.00279913 -0.00249476 0.999995 0.00205503 -0.00279387 -0.00206197 0.999994 0.014453 0.00894264 0.0820454
FixedParameters: 0 0 0

#Transform 227
Transform: AffineTransform_float_3_3
Parameters: 0.999993 0.0025954 0.00270837 -0.00260059 0.999994 0.00206397 -0.00270263 -0.00207103 0.999994 0.0174039 0.000368831 0.072952
FixedParameters: 0 0 0

#Transform 228
Transform: AffineTransform_float_3_3
Parameters: 0.999992 0.00290712 0.00274025 -0.00291288 0.999994 0.00214304 -0.00273375 -0.00215097 0.999994 0.007072 -0.00834042 0.0774224
FixedParameters: 0 0 0

#Transform 229
Transform: AffineTransform_float_3_3
Parameters: 0.999994 0.00263663 0.00250367 -0.00264137 0.999994 0.0021444 -0.00249734 -0.0021506 0.999995 0.0148928 -0.00402911 0.0881951
FixedParameters: 0 0 0

#Transform 230
Transform: AffineTransform_float_3_3
Parameters: 0.999992 0.00275126 0.00264503 -0.00275774 0.999993 0.00254872 -0.00263797 -0.00255628 0.999994 0.00385966 0.00186223 0.1023
FixedParameters: 0 0 0

#Transform 231
Transform: AffineTransform_float_3_3
Parameters: 0.999993 0.00269987 0.00268418 -0.00270613 0.999993 0.00228275 -0.00267782 -0.00229025 0.999994 0.00603207 0.0191928 0.0961405
FixedParameters: 0 0 0

#Transform 232
Transform: AffineTransform_float_3_3
Parameters: 0.999993 0.00276708 0.00275895 -0.00277292 0.999994 0.00214337 -0.00275305 -0.00215063 0.999994 0.00342473 0.0206207 0.0946986
FixedParameters: 0 0 0

#Transform 233
Transform: AffineTransform_float_3_3
Parameters: 0.999992 0.00259279 0.00285955 -0.00259921 0.999994 0.00251859 -0.00285345 -0.00252642 0.999992 0.0118475 0.00858903 0.103332
FixedParameters: 0 0 0

#Transform 234
Transform: AffineTransform_float_3_3
Parameters: 0.999993 0.00255822 0.00278724 -0.00256578 0.999994 0.00243087 -0.00278076 -0.00243813 0.999993 0.0131941 0.0109309 0.0866828
FixedParameters: 0 0 0

#Transform 235
Transform: AffineTransform_float_3_3
Parameters: 0.999992 0.00263772 0.00293067 -0.00264429 0.999994 0.00214327 -0.00292533 -0.00215073 0.999994 0.00779049 0.0210135 0.101202
FixedParameters: 0 0 0

#Transform 236
Transform: AffineTransform_float_3_3
Parameters: 0.999993 0.00252307 0.00276342 -0.00252993 0.999995 0.00214402 -0.00275857 -0.00215098 0.999994 0.0141652 0.0213687 0.104383
FixedParameters: 0 0 0

#Transform 237
Transform: AffineTransform_float_3_3
Parameters: 0.999993 0.00250828 0.00280013 -0.00251372 0.999995 0.00203998 -0.00279487 -0.00204702 0.999994 0.0141348 0.0158212 0.0945381
FixedParameters: 0 0 0

#Transform 238
Transform: AffineTransform_float_3_3
Parameters: 0.999994 0.00239979 0.00277052 -0.00240521 0.999996 0.00187835 -0.00276548 -0.00188565 0.999995 0.020415 0.0102539 0.0882839
FixedParameters: 0 0 0

#Transform 239
Transform: AffineTransform_float_3_3
Parameters: 0.999993 0.00267182 0.00285386 -0.00267718 0.999995 0.00181237 -0.00284915 -0.00181963 0.999995 0.0102476 0.0245368 0.0925368
FixedParameters: 0 0 0

#Transform 240
Transform: AffineTransform_float_3_3
Parameters: 0.999992 0.0028201 0.002771 -0.0028249 0.999994 0.00176718 -0.002766 -0.00177481 0.999994 0.00420453 0.0245648 0.0812353
FixedParameters: 0 0 0

#Transform 241
Transform: AffineTransform_float_3_3
Parameters: 0.999992 0.00280346 0.00285944 -0.00280854 0.999994 0.00193399 -0.00285356 -0.00194202 0.999994 0.00775011 0.0228182 0.086159
FixedParameters: 0 0 0

#Transform 242
Transform: AffineTransform_float_3_3
Parameters: 0.999992 0.00282019 0.00278091 -0.00282581 0.999994 0.00208916 -0.00277509 -0.00209684 0.999994 0.00598722 0.0210525 0.105653
FixedParameters: 0 0 0

#Transform 243
Transform: AffineTransform_float_3_3
Parameters: 0.999993 0.00287742 0.00267003 -0.00288358 0.999993 0.00208932 -0.00266397 -0.00209768 0.999995 0.00411013 0.0209452 0.116859
FixedParameters: 0 0 0

#Transform 244
Transform: AffineTransform_float_3_3
Parameters: 0.999993 0.00286028 0.00266615 -0.00286572 0.999993 0.00214338 -0.00265986 -0.00215062 0.999994 0.00599533 0.0203209 0.109314
FixedParameters: 0 0 0

#Transform 245
Transform: AffineTransform_float_3_3
Parameters: 0.999992 0.00295542 0.00271409 -0.00296158 0.999994 0.00205298 -0.00270791 -0.00206102 0.999994 0.00166377 0.0211806 0.0967368
FixedParameters: 0 0 0

#Transform 246
Transform: AffineTransform_float_3_3
Parameters: 0.999992 0.00288362 0.00273774 -0.00288938 0.999993 0.00232911 -0.00273127 -0.0023379 0.999994 0.0076908 0.0181895 0.112491
FixedParameters: 0 0 0

#Transform 247
Transform: AffineTransform_float_3_3
Parameters: 0.999991 0.00285287 0.00291798 -0.00286012 0.999993 0.00244067 -0.00291101 -0.00244932 0.999993 0.00626607 0.0170943 0.116455
FixedParameters: 0 0 0

#Transform 248
Transform: AffineTransform_float_3_3
Parameters: 0.999993 0.00274415 0.00281569 -0.00275085 0.999994 0.00243127 -0.00280931 -0.00243873 0.999993 0.00687578 0.0350761 0.114297
FixedParameters: 0 0 0

#Transform 249
Transform: AffineTransform_float_3_3
Parameters: 0.999992 0.00281147 0.00291731 -0.00281753 0.999993 0.0022368 -0.00291069 -0.0022452 0.999993 0.0070523 0.0236483 0.100464
FixedParameters: 0 0 0

#Transform 250
Transform: AffineTransform_float_3_3
Parameters: 0.999992 0.00274458 0.00291706 -0.00275042 0.999994 0.00219999 -0.00291095 -0.00220801 0.999994 0.00365424 0.0243385 0.113321
FixedParameters: 0 0 0

#Transform 251
Transform: AffineTransform_float_3_3
Parameters: 0.999992 0.00274501 0.00284179 -0.00275099 0.999994 0.0021042 -0.0028362 -0.0021128 0.999993 0.00528144 0.0254384 0.108901
FixedParameters: 0 0 0

#Transform 252
Transform: AffineTransform_float_3_3
Parameters: 0.999992 0.00274465 0.00291699 -0.00275035 0.999994 0.002176 -0.00291101 -0.00218401 0.999994 0.00832224 0.024568 0.109998
FixedParameters: 0 0 0

#Transform 253
Transform: AffineTransform_float_3_3
Parameters: 0.999992 0.00269048 0.00291702 -0.00269752 0.999994 0.00223215 -0.00291098 -0.00223985 0.999994 0.00934669 0.0325018 0.11885
FixedParameters: 0 0 0

#Transform 254
Transform: AffineTransform_float_3_3
Parameters: 0.999993 0.00263663 0.00291677 -0.00264337 0.999994 0.00218131 -0.00291123 -0.00218969 0.999994 0.00693113 0.0339037 0.123286
FixedParameters: 0 0 0

#Transform 255
Transform: AffineTransform_float_3_3
Parameters: 0.999992 0.00248084 0.00320356 -0.00248816 0.999995 0.00223205 -0.00319845 -0.00223995 0.999993 0.0102026 0.0413543 0.118659
FixedParameters: 0 0 0

#Transform 256
Transform: AffineTransform_float_3_3
Parameters: 0.999993 0.00232166 0.00291606 -0.00232834 0.999995 0.00217323 -0.00291094 -0.00217977 0.999994 0.0113638 0.0446407 0.123885
FixedParameters: 0 0 0

#Transform 257
Transform: AffineTransform_float_3_3
Parameters: 0.999993 0.00232148 0.0029162 -0.00232852 0.999995 0.00223323 -0.0029108 -0.00223977 0.999994 0.0164793 0.0480123 0.129592
FixedParameters: 0 0 0

#Transform 258
Transform: AffineTransform_float_3_3
Parameters: 0.999993 0.00225085 0.00320004 -0.00225815 0.999995 0.00223279 -0.00319496 -0.00224021 0.999993 0.0184886 0.0464068 0.13493
FixedParameters: 0 0 0

#Transform 259
Transform: AffineTransform_float_3_3
Parameters: 0.999993 0.00232024 0.00291718 -0.00232875 0.999994 0.00265722 -0.00291081 -0.00266477 0.999992 0.013491 0.0383903 0.142714
FixedParameters: 0 0 0

#Transform 260
Transform: AffineTransform_float_3_3
Parameters: 0.999994 0.00222856 0.0029167 -0.00223644 0.999995 0.0025485 -0.0029113 -0.00255551 0.999993 0.0152859 0.0538795 0.131483
FixedParameters: 0 0 0

#Transform 261
Transform: AffineTransform_float_3_3
Parameters: 0.999993 0.00232103 0.00291656 -0.00232797 0.999995 0.00238923 -0.00291144 -0.00239677 0.999993 0.0228827 0.0572593 0.123716
FixedParameters: 0 0 0

#Transform 262
Transform: AffineTransform_float_3_3
Parameters: 0.999993 0.00232092 0.00291665 -0.00232808 0.999995 0.00242623 -0.00291135 -0.00243277 0.999993 0.0165117 0.0501289 0.123936
FixedParameters: 0 0 0

#Transform 263
Transform: AffineTransform_float_3_3
Parameters: 0.999992 0.00247338 0.00291747 -0.00248061 0.999993 0.00260878 -0.00291153 -0.00261622 0.999993 0.0164197 0.0339916 0.122809
FixedParameters: 0 0 0

#Transform 264
Transform: AffineTransform_float_3_3
Parameters: 0.999992 0.00231974 0.00303433 -0.00232826 0.999993 0.00272195 -0.00302766 -0.00272904 0.999991 0.017519 0.0286271 0.137158
FixedParameters: 0 0 0

#Transform 265
Transform: AffineTransform_float_3_3
Parameters: 0.999992 0.00252419 0.00286789 -0.0025318 0.999993 0.00272176 -0.00286011 -0.00272924 0.999992 0.0127027 0.042701 0.122701
FixedParameters: 0 0 0

#Transform 266
Transform: AffineTransform_float_3_3
Parameters: 0.999992 0.00250206 0.00291783 -0.00250994 0.999993 0.0027217 -0.00291117 -0.0027293 0.999992 0.0141226 0.0261761 0.125192
FixedParameters: 0 0 0

#Transform 267
Transform: AffineTransform_float_3_3
Parameters: 0.999992 0.00231934 0.00305359 -0.00232866 0.999994 0.00283391 -0.0030474 -0.00284109 0.999992 0.0195008 0.0203068 0.130627
FixedParameters: 0 0 0

#Transform 268
Transform: AffineTransform_float_3_3
Parameters: 0.999991 0.00252279 0.00322643 -0.0025312 0.999993 0.00254085 -0.00321957 -0.00254914 0.999991 0.0166927 0.0374829 0.120007
FixedParameters: 0 0 0

#Transform 269
Transform: AffineTransform_float_3_3
Parameters: 0.999991 0.00248735 0.00337938 -0.00249664 0.999993 0.00255658 -0.00337262 -0.00256541 0.999991 0.0162419 0.0366193 0.121674
FixedParameters: 0 0 0

#Transform 270
Transform: AffineTransform_float_3_3
Parameters: 0.999991 0.00231942 0.0033829 -0.00232858 0.999994 0.00253414 -0.0033771 -0.00254185 0.999991 0.0253506 0.0374919 0.136743
FixedParameters: 0 0 0

#Transform 271
Transform: AffineTransform_float_3_3
Parameters: 0.999991 0.00217252 0.00348093 -0.00218148 0.999994 0.00272143 -0.00347507 -0.00272957 0.99999 0.0270887 0.0235526 0.139403
FixedParameters: 0 0 0

#Transform 272
Transform: AffineTransform_float_3_3
Parameters: 0.999992 0.00215732 0.00341314 -0.00216668 0.999993 0.00283563 -0.00340686 -0.00284337 0.99999 0.0304379 0.0344825 0.127591
FixedParameters: 0 0 0

#Transform 273
Transform: AffineTransform_float_3_3
Parameters: 0.999992 0.00231885 0.00348111 -0.00232815 0.999994 0.00262692 -0.00347489 -0.00263508 0.99999 0.0241924 0.0575927 0.129739
FixedParameters: 0 0 0

#Transform 274
Transform: AffineTransform_float_3_3
Parameters: 0.999992 0.00192509 0.0034805 -0.00193491 0.999994 0.00284629 -0.0034755 -0.00285271 0.99999 0.0318111 0.0272383 0.143762
FixedParameters: 0 0 0

#Transform 275
Transform: AffineTransform_float_3_3
Parameters: 0.999992 0.00187252 0.00348012 -0.00188248 0.999994 0.00272247 -0.00347488 -0.00272953 0.99999 0.040307 0.0389606 0.139923
FixedParameters: 0 0 0

#Transform 276
Transform: AffineTransform_float_3_3
Parameters: 0.999991 0.00181579 0.00386429 -0.00182721 0.999994 0.00289897 -0.00385871 -0.00290603 0.999989 0.0467131 0.0560484 0.152306
FixedParameters: 0 0 0

#Transform 277
Transform: AffineTransform_float_3_3
Parameters: 0.999991 0.00187169 0.00378412 -0.00188231 0.999994 0.0027219 -0.00377888 -0.0027291 0.999989 0.0463423 0.0576689 0.127411
FixedParameters: 0 0 0

#Transform 278
Transform: AffineTransform_float_3_3
Parameters: 0.99999 0.00173947 0.00396263 -0.00175052 0.999995 0.00265409 -0.00395736 -0.00266091 0.999988 0.0469559 0.0354833 0.125743
FixedParameters: 0 0 0

#Transform 279
Transform: AffineTransform_float_3_3
Parameters: 0.999991 0.00157981 0.00399444 -0.00159118 0.999995 0.00279867 -0.00398956 -0.00280533 0.999988 0.0496183 0.0425881 0.129359
FixedParameters: 0 0 0

#Transform 280
Transform: AffineTransform_float_3_3
Parameters: 0.99999 0.00162681 0.00410845 -0.00163819 0.999995 0.0027223 -0.00410355 -0.0027287 0.999988 0.0496489 0.0321856 0.131897
FixedParameters: 0 0 0

#Transform 281
Transform: AffineTransform_float_3_3
Parameters: 0.99999 0.00172519 0.00396672 -0.0017358 0.999995 0.00272214 -0.00396228 -0.00272886 0.999989 0.0475444 0.0401232 0.140836
FixedParameters: 0 0 0

#Transform 282
Transform: AffineTransform_float_3_3
Parameters: 0.99999 0.00188339 0.00389614 -0.00189361 0.999994 0.00272165 -0.00389185 -0.00272935 0.999988 0.0420656 0.0243107 0.121652
FixedParameters: 0 0 0

#Transform 283
Transform: AffineTransform_float_3_3
Parameters: 0.99999 0.00188443 0.00388115 -0.00189557 0.999994 0.00272167 -0.00387585 -0.00272933 0.999989 0.046944 0.0411933 0.109209
FixedParameters: 0 0 0

#Transform 284
Transform: AffineTransform_float_3_3
Parameters: 0.999991 0.0016529 0.00407552 -0.0016631 0.999995 0.00272225 -0.00407048 -0.00272875 0.999988 0.0505963 0.0579004 0.114993
FixedParameters: 0 0 0

#Transform 285
Transform: AffineTransform_float_3_3
Parameters: 0.999991 0.00162037 0.0039388 -0.00163163 0.999995 0.0029516 -0.00393419 -0.0029584 0.999988 0.0496925 0.0392366 0.12742
FixedParameters: 0 0 0

#Transform 286
Transform: AffineTransform_float_3_3
Parameters: 0.99999 0.0016172 0.00404813 -0.0016308 0.999993 0.00316043 -0.00404386 -0.00316657 0.999987 0.0450167 0.0284606 0.143504
FixedParameters: 0 0 0

#Transform 287
Transform: AffineTransform_float_3_3
Parameters: 0.999991 0.00165155 0.00393882 -0.00166345 0.999995 0.00290448 -0.00393418 -0.00291153 0.999988 0.0471349 0.0398982 0.122256
FixedParameters: 0 0 0

#Transform 288
Transform: AffineTransform_float_3_3
Parameters: 0.999991 0.00167211 0.0038867 -0.00168389 0.999994 0.00280148 -0.00388229 -0.00280751 0.999988 0.0485388 0.0464698 0.118302
FixedParameters: 0 0 0

#Transform 289
Transform: AffineTransform_float_3_3
Parameters: 0.999991 0.00189058 0.0039395 -0.00190242 0.999994 0.00289753 -0.0039345 -0.00290447 0.999988 0.0471426 0.0254317 0.121877
FixedParameters: 0 0 0

#Transform 290
Transform: AffineTransform_float_3_3
Parameters: 0.999991 0.00187048 0.00393949 -0.00188152 0.999994 0.00292162 -0.00393451 -0.00292939 0.999988 0.0462664 0.0166925 0.130969
FixedParameters: 0 0 0

#Transform 291
Transform: AffineTransform_float_3_3
Parameters: 0.99999 0.00184919 0.00393956 -0.00186081 0.999994 0.0029967 -0.00393443 -0.0030033 0.999987 0.0450195 0.0239973 0.140247
FixedParameters: 0 0 0

#Transform 292
Transform: AffineTransform_float_3_3
Parameters: 0.99999 0.00191333 0.00406351 -0.00192567 0.999994 0.0028692 -0.00405748 -0.00287679 0.999987 0.045423 0.0337073 0.136024
FixedParameters: 0 0 0

#Transform 293
Transform: AffineTransform_float_3_3
Parameters: 0.99999 0.0018916 0.00393949 -0.0019034 0.999994 0.00289153 -0.0039345 -0.00289847 0.999988 0.0423392 0.0342052 0.135764
FixedParameters: 0 0 0

#Transform 294
Transform: AffineTransform_float_3_3
Parameters: 0.999989 0.00187612 0.00428966 -0.00188888 0.999993 0.00300093 -0.00428334 -0.00300907 0.999987 0.0380451 0.0331227 0.137357
FixedParameters: 0 0 0

#Transform 295
Transform: AffineTransform_float_3_3
Parameters: 0.99999 0.00177071 0.00426912 -0.00178329 0.999995 0.00287642 -0.00426388 -0.00288358 0.999987 0.0439848 0.0170742 0.125201
FixedParameters: 0 0 0

#Transform 296
Transform: AffineTransform_float_3_3
Parameters: 0.999988 0.00172239 0.00442593 -0.00173461 0.999994 0.00284635 -0.00442107 -0.00285465 0.999986 0.0478545 0.0295876 0.121476
FixedParameters: 0 0 0

#Transform 297
Transform: AffineTransform_float_3_3
Parameters: 0.99999 0.00143156 0.00423189 -0.00144344 0.999996 0.00270092 -0.00422711 -0.00270708 0.999988 0.0580627 0.0290468 0.118963
FixedParameters: 0 0 0

#Transform 298
Transform: AffineTransform_float_3_3
Parameters: 0.999989 0.00169389 0.00422628 -0.00170611 0.999993 0.00310082 -0.00422072 -0.00310818 0.999987 0.0496656 0.0243537 0.126205
FixedParameters: 0 0 0

#Transform 299
Transform: AffineTransform_float_3_3
Parameters: 0.999989 0.00176597 0.00432975 -0.00178003 0.999993 0.00323833 -0.00432425 -0.00324567 0.999986 0.0495746 0.0156105 0.131565
FixedParameters: 0 0 0

#Transform 300
Transform: AffineTransform_float_3_3
Parameters: 0.99999 0.00174835 0.0041094 -0.00176064 0.999993 0.00307579 -0.0041036 -0.0030832 0.999987 0.0528415 0.0201276 0.126962
FixedParameters: 0 0 0

#Transform 301
Transform: AffineTransform_float_3_3
Parameters: 0.999989 0.00167343 0.00443315 -0.00168657 0.999994 0.00305956 -0.00442786 -0.00306645 0.999986 0.0527219 0.0341115 0.136452
FixedParameters: 0 0 0

#Transform 302
Transform: AffineTransform_float_3_3
Parameters: 0.999989 0.00142812 0.00458467 -0.00144288 0.999993 0.00324542 -0.00457934 -0.00325158 0.999984 0.0499889 0.0435037 0.148591
FixedParameters: 0 0 0

#Transform 303
Transform: AffineTransform_float_3_3
Parameters: 0.999989 0.00160812 0.00444205 -0.00162288 0.999994 0.00312283 -0.00443695 -0.00313017 0.999986 0.0552532 0.0302154 0.13946
FixedParameters: 0 0 0

#Transform 304
Transform: AffineTransform_float_3_3
Parameters: 0.999989 0.00169487 0.00434454 -0.00170913 0.999994 0.00324961 -0.00433946 -0.00325739 0.999986 0.0558743 0.0179924 0.138647
FixedParameters: 0 0 0

#Transform 305
Transform: AffineTransform_float_3_3
Parameters: 0.999989 0.00161039 0.00435606 -0.00162461 0.999994 0.00312296 -0.00435094 -0.00313004 0.999985 0.0576498 0.0186052 0.135979
FixedParameters: 0 0 0

#Transform 306
Transform: AffineTransform_float_3_3
Parameters: 0.999988 0.00171876 0.00455739 -0.00173324 0.999993 0.00312214 -0.0045516 -0.00312986 0.999984 0.0607106 0.0372072 0.135101
FixedParameters: 0 0 0

#Transform 307
Transform: AffineTransform_float_3_3
Parameters: 0.999988 0.00211214 0.00443762 -0.00212586 0.999993 0.0031206 -0.00443138 -0.0031304 0.999986 0.0463716 0.0265472 0.118452
FixedParameters: 0 0 0

#Transform 308
Transform: AffineTransform_float_3_3
Parameters: 0.999988 0.0021603 0.0044262 -0.0021757 0.999992 0.00331841 -0.00441879 -0.00332759 0.999984 0.0456414 0.0217248 0.124246
FixedParameters: 0 0 0

#Transform 309
Transform: AffineTransform_float_3_3
Parameters: 0.999988 0.00200858 0.00462616 -0.00202542 0.999991 0.00354667 -0.00461884 -0.00355632 0.999983 0.0499839 0.00266363 0.136402
FixedParameters: 0 0 0

#Transform 310
Transform: AffineTransform_float_3_3
Parameters: 0.999988 0.00206293 0.00460079 -0.00207807 0.999993 0.00327248 -0.00459421 -0.00328252 0.999984 0.051181 0.00213574 0.133998
FixedParameters: 0 0 0

#Transform 311
Transform: AffineTransform_float_3_3
Parameters: 0.999989 0.00182401 0.00420223 -0.00183599 0.999994 0.00285232 -0.00419677 -0.00285969 0.999987 0.0626816 0.0301492 0.126919
FixedParameters: 0 0 0

#Transform 312
Transform: AffineTransform_float_3_3
Parameters: 0.999989 0.00180851 0.00437718 -0.00182049 0.999995 0.00285207 -0.00437182 -0.00285994 0.999987 0.0610688 0.0149074 0.123556
FixedParameters: 0 0 0

#Transform 313
Transform: AffineTransform_float_3_3
Parameters: 0.999988 0.00188791 0.00435782 -0.00189908 0.999995 0.00254075 -0.00435318 -0.00254925 0.999988 0.0597019 0.00939064 0.115059
FixedParameters: 0 0 0

#Transform 314
Transform: AffineTransform_float_3_3
Parameters: 0.999988 0.00183024 0.00438551 -0.00184076 0.999996 0.00245096 -0.0043815 -0.00245805 0.999988 0.0604272 0.0105913 0.118027
FixedParameters: 0 0 0

#Transform 315
Transform: AffineTransform_float_3_3
Parameters: 0.999989 0.00177206 0.00449133 -0.00178295 0.999996 0.00243402 -0.00448667 -0.00244198 0.999987 0.0657707 0.0225678 0.106785
FixedParameters: 0 0 0

#Transform 316
Transform: AffineTransform_float_3_3
Parameters: 0.999987 0.0017673 0.00476935 -0.0017797 0.999996 0.00245054 -0.00476564 -0.00245945 0.999985 0.0631952 0.0170747 0.0981536
FixedParameters: 0 0 0

#Transform 317
Transform: AffineTransform_float_3_3
Parameters: 0.999987 0.00166914 0.00470222 -0.00168186 0.999996 0.00251912 -0.00469777 -0.00252687 0.999986 0.0668931 0.0102805 0.101849
FixedParameters: 0 0 0

#Transform 318
Transform: AffineTransform_float_3_3
Parameters: 0.999987 0.00171158 0.00469991 -0.00172442 0.999995 0.00285293 -0.00469509 -0.00286107 0.999985 0.0591796 0.00636102 0.112074
FixedParameters: 0 0 0

#Transform 319
Transform: AffineTransform_float_3_3
Parameters: 0.999987 0.00169741 0.00476451 -0.0017106 0.999995 0.00264088 -0.0047605 -0.00264811 0.999985 0.0722503 0.00883979 0.110251
FixedParameters: 0 0 0

#Transform 320
Transform: AffineTransform_float_3_3
Parameters: 0.999987 0.00170813 0.00466899 -0.00171886 0.999996 0.002324 -0.00466501 -0.002332 0.999987 0.0768643 0.0177632 0.109531
FixedParameters: 0 0 0

#Transform 321
Transform: AffineTransform_float_3_3
Parameters: 0.999988 0.00143274 0.00471913 -0.00144326 0.999996 0.00217122 -0.00471687 -0.00217778 0.999987 0.0854607 0.031582 0.104502
FixedParameters: 0 0 0

#Transform 322
Transform: AffineTransform_float_3_3
Parameters: 0.999988 0.00166102 0.00459162 -0.00167098 0.999996 0.00217035 -0.00458838 -0.00217765 0.999987 0.0794176 0.0220866 0.0904185
FixedParameters: 0 0 0

#Transform 323
Transform: AffineTransform_float_3_3
Parameters: 0.999987 0.00182541 0.00487598 -0.00183559 0.999996 0.00216908 -0.00487202 -0.00217792 0.999986 0.0821124 0.00851338 0.0767606
FixedParameters: 0 0 0

#Transform 324
Transform: AffineTransform_float_3_3
Parameters: 0.999987 0.00143322 0.00484391 -0.00144278 0.999997 0.00201604 -0.0048411 -0.00202296 0.999986 0.0834142 0.0133771 0.0690427
FixedParameters: 0 0 0

#Transform 325
Transform: AffineTransform_float_3_3
Parameters: 0.999987 0.0014333 0.00484388 -0.0014427 0.999997 0.00200004 -0.00484112 -0.00200696 0.999987 0.10092 0.0114423 0.0776084
FixedParameters: 0 0 0

#Transform 326
Transform: AffineTransform_float_3_3
Parameters: 0.999984 0.00133631 0.00537766 -0.00134769 0.999997 0.00198378 -0.00537533 -0.00199121 0.999983 0.100257 0.0193563 0.0766188
FixedParameters: 0 0 0

#Transform 327
Transform: AffineTransform_float_3_3
Parameters: 0.999984 0.00143341 0.00533658 -0.00144359 0.999998 0.00179332 -0.00533441 -0.00180067 0.999984 0.0955497 0.0193896 0.0777109
FixedParameters: 0 0 0

#Transform 328
Transform: AffineTransform_float_3_3
Parameters: 0.999984 0.00143456 0.00548221 -0.00144344 0.999998 0.00153511 -0.00547978 -0.00154389 0.999984 0.092762 0.0249732 0.0657674
FixedParameters: 0 0 0

#Transform 329
Transform: AffineTransform_float_3_3
Parameters: 0.999984 0.00123743 0.00539697 -0.00124556 0.999998 0.0015833 -0.00539503 -0.0015907 0.999984 0.0937778 0.0276922 0.0726873
FixedParameters: 0 0 0

#Transform 330
Transform: AffineTransform_float_3_3
Parameters: 0.999985 0.0012043 0.00544371 -0.00121271 0.999999 0.00141242 -0.00544229 -0.00141858 0.999984 0.0935795 0.0432067 0.0603503
FixedParameters: 0 0 0

#Transform 331
Transform: AffineTransform_float_3_3
Parameters: 0.999987 0.00114672 0.00497976 -0.00115028 0.999999 0.000655281 -0.00497824 -0.000661718 0.999988 0.10298 0.0518813 0.0507084
FixedParameters: 0 0 0

#Transform 332
Transform: AffineTransform_float_3_3
Parameters: 0.999986 0.00100677 0.00532261 -0.00101023 1 0.000603632 -0.00532239 -0.000609367 0.999985 0.112934 0.052862 0.0369767
FixedParameters: 0 0 0

#Transform 333
Transform: AffineTransform_float_3_3
Parameters: 0.999985 0.00100523 0.00547788 -0.00100977 0.999999 0.000868482 -0.00547712 -0.000874519 0.999984 0.110425 0.033708 0.0385227
FixedParameters: 0 0 0

#Transform 334
Transform: AffineTransform_float_3_3
Parameters: 0.999983 0.00100405 0.00561506 -0.00100995 0.999999 0.00105735 -0.00561393 -0.00106265 0.999983 0.110498 0.0233266 0.0477655
FixedParameters: 0 0 0

#Transform 335
Transform: AffineTransform_float_3_3
Parameters: 0.999984 0.00100513 0.00568287 -0.00100988 0.999999 0.000855276 -0.00568214 -0.000860726 0.999984 0.114168 0.0353449 0.0271966
FixedParameters: 0 0 0

#Transform 336
Transform: AffineTransform_float_3_3
Parameters: 0.999983 0.00109084 0.0057258 -0.00109516 0.999999 0.000722742 -0.00572521 -0.000729258 0.999984 0.122634 0.0512037 0.0230534
FixedParameters: 0 0 0

#Transform 337
Transform: AffineTransform_float_3_3
Parameters: 0.999984 0.0010582 0.00552373 -0.00106281 0.999999 0.000686141 -0.00552227 -0.000691855 0.999985 0.11808 0.0441547 0.0188717
FixedParameters: 0 0 0

#Transform 338
Transform: AffineTransform_float_3_3
Parameters: 0.999984 0.00117804 0.00553906 -0.00118297 0.999999 0.000893462 -0.00553794 -0.000899538 0.999985 0.112582 0.0275467 0.0321803
FixedParameters: 0 0 0

#Transform 339
Transform: AffineTransform_float_3_3
Parameters: 0.999984 0.00100587 0.00557475 -0.00101013 0.999999 0.000738381 -0.00557325 -0.000744618 0.999984 0.115192 0.0401571 0.0283836
FixedParameters: 0 0 0

#Transform 340
Transform: AffineTransform_float_3_3
Parameters: 0.999984 0.00130802 0.00538073 -0.00131098 0.999999 0.000549955 -0.00538028 -0.000557046 0.999986 0.11115 0.039876 0.0140972
FixedParameters: 0 0 0

#Transform 341
Transform: AffineTransform_float_3_3
Parameters: 0.999985 0.00126281 0.00531176 -0.00126619 0.999999 0.000597283 -0.00531124 -0.000603716 0.999985 0.116953 0.0306811 0.00387723
FixedParameters: 0 0 0

#Transform 342
Transform: AffineTransform_float_3_3
Parameters: 0.999983 0.00100656 0.00586859 -0.00100944 1 0.000583086 -0.00586841 -0.000588917 0.999982 0.120181 0.025166 -0.00537113
FixedParameters: 0 0 0

#Transform 343
Transform: AffineTransform_float_3_3
Parameters: 0.999983 0.00100553 0.00585077 -0.00100947 0.999999 0.000761107 -0.00585023 -0.000766896 0.999982 0.12282 0.0231977 0.0107856
FixedParameters: 0 0 0

#Transform 344
Transform: AffineTransform_float_3_3
Parameters: 0.999983 0.000857237 0.00576856 -0.000860764 1 0.000650046 -0.00576744 -0.000654956 0.999983 0.132037 0.0365625 0.0179577
FixedParameters: 0 0 0

#Transform 345
Transform: AffineTransform_float_3_3
Parameters: 0.999981 0.000587273 0.00603236 -0.000590729 0.999999 0.000616447 -0.00603263 -0.000619554 0.999981 0.128899 0.0387871 0.0226052
FixedParameters: 0 0 0

#Transform 346
Transform: AffineTransform_float_3_3
Parameters: 0.999979 0.000586405 0.00642742 -0.000590596 0.999999 0.000713219 -0.00642758 -0.000716784 0.999979 0.134787 0.0290678 0.0199784
FixedParameters: 0 0 0

#Transform 347
Transform: AffineTransform_float_3_3
Parameters: 0.999981 0.000587315 0.00603236 -0.00059068 0.999999 0.000608448 -0.00603164 -0.000612553 0.999981 0.141329 0.0378676 0.0240044
FixedParameters: 0 0 0

#Transform 348
Transform: AffineTransform_float_3_3
Parameters: 0.999978 0.00053224 0.00649722 -0.000534757 1 0.000422534 -0.00649777 -0.000426467 0.999979 0.143805 0.0401662 0.0231849
FixedParameters: 0 0 0

#Transform 349
Transform: AffineTransform_float_3_3
Parameters: 0.999979 0.00058878 0.00655121 -0.000591221 1 0.000337134 -0.00655081 -0.000340864 0.999979 0.14262 0.0410364 0.0265426
FixedParameters: 0 0 0

#Transform 350
Transform: AffineTransform_float_3_3
Parameters: 0.999978 0.000405479 0.00651809 -0.000406523 1 0.000232355 -0.0065179 -0.000234648 0.999978 0.148209 0.0602983 0.0139495
FixedParameters: 0 0 0

#Transform 351
Transform: AffineTransform_float_3_3
Parameters: 0.999978 0.000403618 0.00653714 -0.000406377 1 0.000362351 -0.00653685 -0.000365646 0.999978 0.150777 0.0447017 0.0220584
FixedParameters: 0 0 0

#Transform 352
Transform: AffineTransform_float_3_3
Parameters: 0.999979 0.000534568 0.0064892 -0.000536435 1 0.000373527 -0.0064888 -0.000376477 0.999979 0.14833 0.040728 0.0165827
FixedParameters: 0 0 0

#Transform 353
Transform: AffineTransform_float_3_3
Parameters: 0.99998 0.000538025 0.00629617 -0.000539979 1 0.000312606 -0.00629583 -0.000315394 0.99998 0.149973 0.0278785 0.00698452
FixedParameters: 0 0 0

#Transform 354
Transform: AffineTransform_float_3_3
Parameters: 0.99998 0.000536688 0.0062712 -0.000539316 1 0.000367625 -0.0062708 -0.000370373 0.999981 0.151311 0.0407767 -0.00719454
FixedParameters: 0 0 0

#Transform 355
Transform: AffineTransform_float_3_3
Parameters: 0.999981 0.000589306 0.00603216 -0.00059069 1 0.000278442 -0.00603183 -0.00028256 0.999982 0.151466 0.0523771 -0.00366265
FixedParameters: 0 0 0

#Transform 356
Transform: AffineTransform_float_3_3
Parameters: 0.999981 0.000537412 0.00616314 -0.000538586 1 0.000255685 -0.00616286 -0.000259317 0.999981 0.147483 0.0490565 -0.012777
FixedParameters: 0 0 0

#Transform 357
Transform: AffineTransform_float_3_3
Parameters: 0.999982 1.11278e-05 0.006032 -1.08718e-05 1 -0.000187069 -0.006032 0.000186936 0.999982 0.160762 0.0598582 -0.0261998
FixedParameters: 0 0 0

#Transform 358
Transform: AffineTransform_float_3_3
Parameters: 0.99998 0.000263104 0.00621886 -0.000259892 1 -0.000500626 -0.00621813 0.000498373 0.99998 0.156677 0.0391663 -0.0495123
FixedParameters: 0 0 0

#Transform 359
Transform: AffineTransform_float_3_3
Parameters: 0.999981 0.000485058 0.00623377 -0.000481942 1 -0.000492014 -0.00623424 0.000488986 0.999981 0.158766 0.0385073 -0.0481928
FixedParameters: 0 0 0

#Transform 360
Transform: AffineTransform_float_3_3
Parameters: 0.999979 0.000334773 0.00645875 -0.000329227 0.999999 -0.000740142 -0.00645824 0.000737853 0.999979 0.161177 0.0386314 -0.0720542
FixedParameters: 0 0 0

#Transform 361
Transform: AffineTransform_float_3_3
Parameters: 0.999978 0.000167798 0.00651885 -0.000162201 0.999999 -0.000890076 -0.00651915 0.000888925 0.999979 0.168196 0.034632 -0.0767275
FixedParameters: 0 0 0

#Transform 362
Transform: AffineTransform_float_3_3
Parameters: 0.999978 0.000237859 0.00652979 -0.000232137 0.999999 -0.000898535 -0.00653021 0.000896466 0.999979 0.162125 0.0198987 -0.0753198
FixedParameters: 0 0 0

#Transform 363
Transform: AffineTransform_float_3_3
Parameters: 0.999978 1.43762e-05 0.00664099 -1.06232e-05 1 -0.000659085 -0.00664101 0.000658919 0.999977 0.165069 0.0298731 -0.0778108
FixedParameters: 0 0 0

#Transform 364
Transform: AffineTransform_float_3_3
Parameters: 0.999979 -0.000228157 0.00646728 0.000235841 0.999999 -0.0012115 -0.00646772 0.0012135 0.999979 0.171661 0.103365 -0.0980543
FixedParameters: 0 0 0

#Transform 365
Transform: AffineTransform_float_3_3
Parameters: 0.999979 -0.000342447 0.00656551 0.000351559 0.999999 -0.00145472 -0.0065655 0.00145628 0.999978 0.156689 0.0579614 -0.0465798
FixedParameters: 0 0 0

#Transform 366
Transform: AffineTransform_float_3_3
Parameters: 0.999979 -0.000288888 0.00647937 0.000297112 0.999999 -0.0012511 -0.00647863 0.0012529 0.999978 0.141593 0.0328289 -0.0243036
FixedParameters: 0 0 0

#Transform 367
Transform: AffineTransform_float_3_3
Parameters: 0.999979 -0.000247999 0.00644827 0.000255004 1 -0.00108538 -0.00644773 0.00108662 0.999978 0.146703 0.0454333 -0.0334912
FixedParameters: 0 0 0

#Transform 368
Transform: AffineTransform_float_3_3
Parameters: 0.999979 -1.27627e-05 0.00645002 2.02366e-05 1 -0.00112189 -0.00644998 0.00112211 0.999978 0.14972 0.0815097 -0.0614424
FixedParameters: 0 0 0

#Transform 369
Transform: AffineTransform_float_3_3
Parameters: 0.99998 0.00015507 0.00631681 -0.00014693 0.999999 -0.00127795 -0.00631719 0.00127705 0.999979 0.13687 0.0804189 -0.0846386
FixedParameters: 0 0 0

#Transform 370
Transform: AffineTransform_float_3_3
Parameters: 0.999982 0.000250085 0.00603163 -0.000240917 0.999999 -0.00150648 -0.00603237 0.00150552 0.99998 0.134083 0.0672073 -0.0835662
FixedParameters: 0 0 0

#Transform 371
Transform: AffineTransform_float_3_3
Parameters: 0.999981 0.000370023 0.00603145 -0.000360975 0.999999 -0.0014972 -0.00603254 0.00149479 0.99998 0.135629 0.0669047 -0.0914703
FixedParameters: 0 0 0

#Transform 372
Transform: AffineTransform_float_3_3
Parameters: 0.999979 0.000555431 0.00634518 -0.000545566 0.999998 -0.00148849 -0.00634581 0.0014845 0.999979 0.137695 0.0500765 -0.0935916
FixedParameters: 0 0 0

#Transform 373
Transform: AffineTransform_float_3_3
Parameters: 0.999981 0.000371911 0.00603134 -0.000361089 0.999999 -0.00181021 -0.00603166 0.00180779 0.99998 0.144967 0.0809302 -0.0953746
FixedParameters: 0 0 0

#Transform 374
Transform: AffineTransform_float_3_3
Parameters: 0.999981 0.000474642 0.00603124 -0.000464359 0.999998 -0.00159983 -0.00603175 0.00159716 0.99998 0.134819 0.0649197 -0.0889609
FixedParameters: 0 0 0

#Transform 375
Transform: AffineTransform_float_3_3
Parameters: 0.999982 0.000372074 0.00596632 -0.000360926 0.999998 -0.00185719 -0.00596668 0.00185481 0.999981 0.135465 0.0428099 -0.107223
FixedParameters: 0 0 0

#Transform 376
Transform: AffineTransform_float_3_3
Parameters: 0.999979 0.000373245 0.00636429 -0.000360752 0.999998 -0.00192534 -0.0063657 0.00192266 0.999978 0.13122 0.0649189 -0.0801767
FixedParameters: 0 0 0

#Transform 377
Transform: AffineTransform_float_3_3
Parameters: 0.999984 0.000371911 0.00560629 -0.00036109 0.999998 -0.00194706 -0.00560672 0.00194495 0.999983 0.116451 0.0674293 -0.0424311
FixedParameters: 0 0 0

#Transform 378
Transform: AffineTransform_float_3_3
Parameters: 0.999983 0.000369792 0.00589646 -0.000361208 0.999999 -0.00149216 -0.00589655 0.00148985 0.999982 0.105949 0.0622565 -0.0331656
FixedParameters: 0 0 0

#Transform 379
Transform: AffineTransform_float_3_3
Parameters: 0.999982 0.000372285 0.00609332 -0.000360719 0.999998 -0.00185223 -0.00609468 0.00185077 0.999979 0.0997529 0.101694 -0.0128766
FixedParameters: 0 0 0

#Transform 380
Transform: AffineTransform_float_3_3
Parameters: 0.999982 0.000370098 0.00589644 -0.000360901 0.999998 -0.00154416 -0.00589656 0.00154184 0.999982 0.102639 0.0809239 -0.0278234
FixedParameters: 0 0 0

#Transform 381
Transform: AffineTransform_float_3_3
Parameters: 0.999981 0.000372759 0.00605828 -0.00036024 0.999998 -0.00194222 -0.00605871 0.00193978 0.99998 0.114556 0.138075 -0.0358035
FixedParameters: 0 0 0

#Transform 382
Transform: AffineTransform_float_3_3
Parameters: 0.999981 0.000372356 0.00604031 -0.000360649 0.999998 -0.00188021 -0.00604069 0.00187879 0.99998 0.117212 0.0848449 -0.0449931
FixedParameters: 0 0 0

#Transform 383
Transform: AffineTransform_float_3_3
Parameters: 0.999982 0.000373732 0.00598022 -0.000360267 0.999997 -0.00213019 -0.00598078 0.0021278 0.99998 0.125106 0.120374 -0.0493564
FixedParameters: 0 0 0

#Transform 384
Transform: AffineTransform_float_3_3
Parameters: 0.999981 0.000373169 0.00604226 -0.000360828 0.999998 -0.00201522 -0.00604374 0.00201278 0.999979 0.117195 0.0847939 -0.0428554
FixedParameters: 0 0 0

#Transform 385
Transform: AffineTransform_float_3_3
Parameters: 0.999982 0.000373473 0.00608725 -0.000360524 0.999998 -0.00205023 -0.00608876 0.00204776 0.99998 0.116524 0.0733507 -0.0557037
FixedParameters: 0 0 0

#Transform 386
Transform: AffineTransform_float_3_3
Parameters: 0.999978 -6.52958e-05 0.00652815 7.87007e-05 0.999998 -0.00209853 -0.00652785 0.00209947 0.999977 0.126794 0.0940622 -0.0694584
FixedParameters: 0 0 0

#Transform 387
Transform: AffineTransform_float_3_3
Parameters: 0.999978 -0.000235212 0.0067005 0.000248792 0.999998 -0.00205738 -0.00670051 0.00205862 0.999976 0.139951 0.0611256 -0.0689221
FixedParameters: 0 0 0

#Transform 388
Transform: AffineTransform_float_3_3
Parameters: 0.999978 -3.28072e-05 0.00662908 4.61909e-05 0.999998 -0.00198974 -0.00662892 0.00199026 0.999976 0.138183 0.0629447 -0.0708552
FixedParameters: 0 0 0

#Transform 389
Transform: AffineTransform_float_3_3
Parameters: 0.999977 -0.000233348 0.00676756 0.000248655 0.999998 -0.00231237 -0.00676745 0.00231363 0.999975 0.141758 0.012233 -0.0756489
FixedParameters: 0 0 0

#Transform 390
Transform: AffineTransform_float_3_3
Parameters: 0.999976 -0.000228326 0.00693371 0.000248678 0.999996 -0.00298135 -0.00693329 0.00298265 0.999971 0.158109 0.136803 -0.0854163
FixedParameters: 0 0 0

#Transform 391
Transform: AffineTransform_float_3_3
Parameters: 0.999973 -0.000228411 0.00725267 0.000248592 0.999996 -0.00283827 -0.00725232 0.00283973 0.999969 0.146269 0.0712965 -0.0883867
FixedParameters: 0 0 0

#Transform 392
Transform: AffineTransform_float_3_3
Parameters: 0.999974 0.00014835 0.0072926 -0.000127649 0.999995 -0.00292801 -0.00729341 0.002927 0.999969 0.146123 0.089301 -0.100622
FixedParameters: 0 0 0

#Transform 393
Transform: AffineTransform_float_3_3
Parameters: 0.999973 0.000118146 0.0073587 -9.88548e-05 0.999996 -0.0027378 -0.0073593 0.00273721 0.999969 0.146375 0.102478 -0.109253
FixedParameters: 0 0 0

#Transform 394
Transform: AffineTransform_float_3_3
Parameters: 0.999971 -0.000230599 0.00753558 0.000249401 0.999997 -0.00244119 -0.00753441 0.00244281 0.999968 0.162083 0.0795102 -0.111126
FixedParameters: 0 0 0

#Transform 395
Transform: AffineTransform_float_3_3
Parameters: 0.99997 -0.00029532 0.00782873 0.000313686 0.999997 -0.00238562 -0.00782827 0.00238738 0.999966 0.164273 0.075367 -0.119196
FixedParameters: 0 0 0

#Transform 396
Transform: AffineTransform_float_3_3
Parameters: 0.999969 -0.000228283 0.00793163 0.000248716 0.999996 -0.00261111 -0.00793038 0.00261289 0.999965 0.161732 0.0816502 -0.139394
FixedParameters: 0 0 0

#Transform 397
Transform: AffineTransform_float_3_3
Parameters: 0.99997 -0.000401993 0.00782906 0.000422005 0.999996 -0.00255377 -0.00782795 0.00255722 0.999966 0.166191 0.0602949 -0.138075
FixedParameters: 0 0 0

#Transform 398
Transform: AffineTransform_float_3_3
Parameters: 0.999968 -0.000227753 0.00791364 0.000249249 0.999997 -0.00268411 -0.00791336 0.00268589 0.999965 0.162061 0.0511959 -0.130784
FixedParameters: 0 0 0

#Transform 399
Transform: AffineTransform_float_3_3
Parameters: 0.999969 -0.000407181 0.00785017 0.000428825 0.999996 -0.00277872 -0.00784884 0.00278128 0.999966 0.163238 0.0767367 -0.134247
FixedParameters: 0 0 0

#Transform 400
Transform: AffineTransform_float_3_3
Parameters: 0.99997 -0.000229246 0.00771361 0.000248748 0.999996 -0.00255916 -0.00771339 0.00256184 0.999967 0.158352 0.0673731 -0.137801
FixedParameters: 0 0 0

#Transform 401
Transform: AffineTransform_float_3_3
Parameters: 0.999966 -0.000229704 0.00816256 0.000249295 0.999997 -0.00236304 -0.00816143 0.00236495 0.999964 0.159354 0.0475201 -0.128305
FixedParameters: 0 0 0

#Transform 402
Transform: AffineTransform_float_3_3
Parameters: 0.999966 -0.000229278 0.00824157 0.000248723 0.999997 -0.00239203 -0.00824143 0.00239397 0.999963 0.158415 0.0586364 -0.119691
FixedParameters: 0 0 0

#Transform 403
Transform: AffineTransform_float_3_3
Parameters: 0.999966 -0.000230133 0.00816055 0.000248868 0.999998 -0.00231105 -0.00816044 0.00231296 0.999964 0.162581 0.0722687 -0.130073
FixedParameters: 0 0 0

#Transform 404
Transform: AffineTransform_float_3_3
Parameters: 0.999966 -0.000230102 0.00831455 0.000248898 0.999998 -0.00227201 -0.00831346 0.00227399 0.999963 0.165158 0.0710719 -0.131558
FixedParameters: 0 0 0

#Transform 405
Transform: AffineTransform_float_3_3
Parameters: 0.999964 -0.000231512 0.0084565 0.000249489 0.999998 -0.00206696 -0.0084565 0.00206903 0.999962 0.161944 0.0650436 -0.132169
FixedParameters: 0 0 0

#Transform 406
Transform: AffineTransform_float_3_3
Parameters: 0.999965 -0.000337349 0.00838668 0.000353652 0.999998 -0.0019841 -0.00838631 0.0019869 0.999963 0.158812 0.0575448 -0.119395
FixedParameters: 0 0 0

#Transform 407
Transform: AffineTransform_float_3_3
Parameters: 0.999966 -0.000232775 0.00830347 0.000249224 0.999998 -0.001953 -0.00830253 0.001955 0.999963 0.157686 0.0749864 -0.119892
FixedParameters: 0 0 0

#Transform 408
Transform: AffineTransform_float_3_3
Parameters: 0.999969 -0.00023504 0.00779043 0.000248962 0.999999 -0.00179112 -0.00779056 0.00179289 0.999968 0.151346 0.0731947 -0.10218
FixedParameters: 0 0 0

#Transform 409
Transform: AffineTransform_float_3_3
Parameters: 0.99997 -0.000290996 0.00781762 0.000307002 0.999998 -0.00204566 -0.00781739 0.00204834 0.999968 0.145272 0.0640853 -0.0795506
FixedParameters: 0 0 0

#Transform 410
Transform: AffineTransform_float_3_3
Parameters: 0.999973 -0.000232388 0.00725455 0.000248614 0.999998 -0.00228926 -0.00725445 0.00229075 0.999971 0.147879 0.0890684 -0.0973723
FixedParameters: 0 0 0

#Transform 411
Transform: AffineTransform_float_3_3
Parameters: 0.999973 -0.000235149 0.00734446 0.000248851 0.999998 -0.00188522 -0.00734355 0.00188678 0.999972 0.13647 0.0702079 -0.0790523
FixedParameters: 0 0 0

#Transform 412
Transform: AffineTransform_float_3_3
Parameters: 0.999971 -0.000234973 0.00760345 0.00024903 0.999999 -0.00184416 -0.00760356 0.00184584 0.99997 0.146308 0.0581713 -0.0956368
FixedParameters: 0 0 0

#Transform 413
Transform: AffineTransform_float_3_3
Parameters: 0.999967 -0.000232754 0.00814348 0.000249247 0.999998 -0.00199404 -0.00814352 0.00199596 0.999965 0.1423 0.0731007 -0.101715
FixedParameters: 0 0 0

#Transform 414
Transform: AffineTransform_float_3_3
Parameters: 0.999966 -0.000231959 0.0081575 0.00024904 0.999998 -0.00208804 -0.00815649 0.00208996 0.999964 0.159488 0.071673 -0.109266
FixedParameters: 0 0 0

#Transform 415
Transform: AffineTransform_float_3_3
Parameters: 0.999965 -0.000234298 0.00835342 0.000248701 0.999999 -0.00175898 -0.00835257 0.00176102 0.999963 0.15722 0.0680272 -0.111555
FixedParameters: 0 0 0

#Transform 416
Transform: AffineTransform_float_3_3
Parameters: 0.999965 -0.000233633 0.00827945 0.000249366 0.999998 -0.001855 -0.00827855 0.001857 0.999964 0.152215 0.066587 -0.129372
FixedParameters: 0 0 0

#Transform 417
Transform: AffineTransform_float_3_3
Parameters: 0.999966 -0.000233653 0.00824245 0.000249347 0.999998 -0.00186101 -0.00824155 0.00186299 0.999965 0.158424 0.0691168 -0.123995
FixedParameters: 0 0 0

#Transform 418
Transform: AffineTransform_float_3_3
Parameters: 0.999966 -0.000235228 0.00831141 0.000248771 0.999998 -0.00165599 -0.0083106 0.00165801 0.999964 0.157672 0.0667868 -0.118096
FixedParameters: 0 0 0

#Transform 419
Transform: AffineTransform_float_3_3
Parameters: 0.999964 -0.000234875 0.00839741 0.000249123 0.999998 -0.00168097 -0.00839659 0.00168303 0.999964 0.152825 0.0555857 -0.111559
FixedParameters: 0 0 0

#Transform 420
Transform: AffineTransform_float_3_3
Parameters: 0.999966 -6.44184e-05 0.00822114 7.95766e-05 0.999998 -0.00189441 -0.00822087 0.00189559 0.999965 0.155423 0.0610641 -0.117286
FixedParameters: 0 0 0

#Transform 421
Transform: AffineTransform_float_3_3
Parameters: 0.999964 0.000109934 0.00841379 -9.30669e-05 0.999998 -0.00201285 -0.0084142 0.00201215 0.999962 0.149878 0.069914 -0.124814
FixedParameters: 0 0 0

#Transform 422
Transform: AffineTransform_float_3_3
Parameters: 0.999968 0.000174372 0.00791165 -0.000157626 0.999998 -0.00207031 -0.00791134 0.00206868 0.999966 0.142936 0.0703084 -0.121312
FixedParameters: 0 0 0

#Transform 423
Transform: AffineTransform_float_3_3
Parameters: 0.999968 0.00011915 0.00808478 -0.00010285 0.999998 -0.0019979 -0.00808523 0.0019971 0.999966 0.149942 0.0654646 -0.136214
FixedParameters: 0 0 0

#Transform 424
Transform: AffineTransform_float_3_3
Parameters: 0.999966 0.000333016 0.00816836 -0.000316977 0.999998 -0.00196265 -0.00816963 0.00195934 0.999964 0.148379 0.046316 -0.130996
FixedParameters: 0 0 0

#Transform 425
Transform: AffineTransform_float_3_3
Parameters: 0.999965 0.000362855 0.00836833 -0.000347144 0.999998 -0.00189597 -0.00836967 0.00189303 0.999963 0.145445 0.0564699 -0.142474
FixedParameters: 0 0 0

#Transform 426
Transform: AffineTransform_float_3_3
Parameters: 0.999965 0.000247396 0.00836959 -0.000232603 0.999998 -0.00172101 -0.00837042 0.00171899 0.999964 0.158269 0.0494466 -0.131844
FixedParameters: 0 0 0

#Transform 427
Transform: AffineTransform_float_3_3
Parameters: 0.999966 9.96749e-05 0.00824584 -8.43269e-05 0.999999 -0.00177976 -0.00824617 0.00177924 0.999965 0.151922 0.0622061 -0.132474
FixedParameters: 0 0 0

#Transform 428
Transform: AffineTransform_float_3_3
Parameters: 0.999967 0.000205996 0.00819361 -0.00019 0.999998 -0.00195362 -0.00819339 0.00195138 0.999964 0.150469 0.0638573 -0.13017
FixedParameters: 0 0 0

#Transform 429
Transform: AffineTransform_float_3_3
Parameters: 0.999964 9.69885e-05 0.00856983 -8.10133e-05 0.999999 -0.00186576 -0.00857016 0.00186524 0.999961 0.152552 0.0632421 -0.124193
FixedParameters: 0 0 0

#Transform 430
Transform: AffineTransform_float_3_3
Parameters: 0.999963 -9.21584e-05 0.00854217 0.000106842 0.999998 -0.00173715 -0.00854182 0.00173785 0.999962 0.161049 0.0621737 -0.132599
FixedParameters: 0 0 0

#Transform 431
Transform: AffineTransform_float_3_3
Parameters: 0.999963 -0.000234664 0.0085844 0.000249335 0.999998 -0.00166892 -0.00858359 0.00167107 0.999962 0.16204 0.06178 -0.118545
FixedParameters: 0 0 0

#Transform 432
Transform: AffineTransform_float_3_3
Parameters: 0.999964 2.53169e-05 0.00856297 -1.06817e-05 0.999998 -0.00167215 -0.00856303 0.00167184 0.999962 0.161354 0.0610683 -0.131397
FixedParameters: 0 0 0

#Transform 433
Transform: AffineTransform_float_3_3
Parameters: 0.999963 -4.99483e-05 0.0086671 6.40473e-05 0.999998 -0.00162051 -0.00866691 0.00162149 0.999961 0.162692 0.0521748 -0.134738
FixedParameters: 0 0 0

#Transform 434
Transform: AffineTransform_float_3_3
Parameters: 0.999962 -9.73029e-05 0.00872716 0.000110698 0.999999 -0.00156909 -0.00872683 0.00156991 0.99996 0.163574 0.0603534 -0.1249
FixedParameters: 0 0 0

#Transform 435
Transform: AffineTransform_float_3_3
Parameters: 0.99996 -9.90009e-05 0.00887015 0.000111999 0.999999 -0.00146506 -0.00886984 0.00146594 0.999959 0.165762 0.0591411 -0.119606
FixedParameters: 0 0 0

#Transform 436
Transform: AffineTransform_float_3_3
Parameters: 0.999961 5.40123e-05 0.00882893 -4.09839e-05 0.999999 -0.00147442 -0.00882907 0.00147358 0.99996 0.163595 0.058841 -0.130309
FixedParameters: 0 0 0

#Transform 437
Transform: AffineTransform_float_3_3
Parameters: 0.999961 1.53451e-05 0.00881799 -3.66298e-06 0.999999 -0.00139909 -0.00881802 0.00139992 0.99996 0.161532 0.0453155 -0.140159
FixedParameters: 0 0 0

#Transform 438
Transform: AffineTransform_float_3_3
Parameters: 0.999961 -0.000104059 0.00881314 0.000114942 0.999999 -0.00124104 -0.00881287 0.00124197 0.999961 0.163292 0.0436348 -0.125019
FixedParameters: 0 0 0

#Transform 439
Transform: AffineTransform_float_3_3
Parameters: 0.99996 -0.000237986 0.0088743 0.000249013 0.999999 -0.00123984 -0.00887469 0.00124216 0.99996 0.161874 0.0750821 -0.123205
FixedParameters: 0 0 0

#Transform 440
Transform: AffineTransform_float_3_3
Parameters: 0.999959 -0.000129865 0.00897517 0.000141142 0.999999 -0.00124078 -0.00897483 0.00124122 0.999959 0.167117 0.0714548 -0.123449
FixedParameters: 0 0 0

#Transform 441
Transform: AffineTransform_float_3_3
Parameters: 0.999959 -4.19391e-05 0.00897507 5.50569e-05 0.999999 -0.00145456 -0.00897492 0.00145543 0.999958 0.159202 0.0605465 -0.120398
FixedParameters: 0 0 0

#Transform 442
Transform: AffineTransform_float_3_3
Parameters: 0.999962 8.88638e-05 0.00878188 -7.51401e-05 0.999999 -0.00157872 -0.00878114 0.00157828 0.99996 0.15721 0.0571442 -0.117128
FixedParameters: 0 0 0

#Transform 443
Transform: AffineTransform_float_3_3
Parameters: 0.999961 -0.000235109 0.00875239 0.000248889 0.999998 -0.00158588 -0.00875162 0.00158812 0.999961 0.163944 0.0698412 -0.105214
FixedParameters: 0 0 0

#Transform 444
Transform: AffineTransform_float_3_3
Parameters: 0.99996 3.30654e-05 0.00893797 -2.09324e-05 0.999999 -0.00135024 -0.00893804 0.00134976 0.999959 0.156698 0.0546501 -0.102273
FixedParameters: 0 0 0

#Transform 445
Transform: AffineTransform_float_3_3
Parameters: 0.999962 -1.67751e-05 0.00872503 2.92231e-05 0.999999 -0.0014008 -0.00872497 0.0014012 0.999961 0.159971 0.0671497 -0.109166
FixedParameters: 0 0 0

#Transform 446
Transform: AffineTransform_float_3_3
Parameters: 0.999962 0.000441911 0.00876946 -0.000431092 0.999999 -0.00124583 -0.00876955 0.00124217 0.999961 0.150584 0.0454444 -0.111423
FixedParameters: 0 0 0

#Transform 447
Transform: AffineTransform_float_3_3
Parameters: 0.999961 0.000436865 0.00873946 -0.000426128 0.999999 -0.00124577 -0.00874053 0.00124123 0.999961 0.151073 0.0616325 -0.111802
FixedParameters: 0 0 0

#Transform 448
Transform: AffineTransform_float_3_3
Parameters: 0.999963 0.000419796 0.00866435 -0.000406199 0.999998 -0.00159458 -0.00866466 0.00159042 0.999961 0.15215 0.0680993 -0.11364
FixedParameters: 0 0 0

#Transform 449
Transform: AffineTransform_float_3_3
Parameters: 0.999963 0.000396658 0.00857151 -0.00038634 0.999999 -0.00124536 -0.00857148 0.00124165 0.999962 0.153712 0.0642955 -0.11033
FixedParameters: 0 0 0

#Transform 450
Transform: AffineTransform_float_3_3
Parameters: 0.999962 0.000251919 0.00878469 -0.000241079 0.999999 -0.00124417 -0.00878531 0.00124183 0.99996 0.154032 0.0555946 -0.113685
FixedParameters: 0 0 0

#Transform 451
Transform: AffineTransform_float_3_3
Parameters: 0.999958 0.000156311 0.0091368 -0.000143695 0.999999 -0.00134737 -0.00913721 0.00134663 0.999958 0.155771 0.0550016 -0.120329
FixedParameters: 0 0 0

#Transform 452
Transform: AffineTransform_float_3_3
Parameters: 0.999959 0.000211331 0.00911475 -0.00019967 0.999999 -0.00124387 -0.00911526 0.00124213 0.999957 0.150983 0.057557 -0.127407
FixedParameters: 0 0 0

#Transform 453
Transform: AffineTransform_float_3_3
Parameters: 0.999962 -0.000235228 0.00877139 0.000248772 0.999998 -0.00156888 -0.00877163 0.00157112 0.999961 0.163556 0.0594503 -0.112176
FixedParameters: 0 0 0

#Transform 454
Transform: AffineTransform_float_3_3
Parameters: 0.999962 3.29039e-05 0.00877997 -2.2094e-05 0.999999 -0.00124224 -0.00878004 0.00124176 0.99996 0.158299 0.0435797 -0.11767
FixedParameters: 0 0 0

#Transform 455
Transform: AffineTransform_float_3_3
Parameters: 0.999961 -3.89232e-05 0.00884606 5.10732e-05 0.999999 -0.0013646 -0.00884594 0.0013654 0.99996 0.156326 0.066876 -0.117712
FixedParameters: 0 0 0

#Transform 456
Transform: AffineTransform_float_3_3
Parameters: 0.999964 0.000248641 0.0085607 -0.000238359 0.999999 -0.00124409 -0.0085603 0.00124192 0.999962 0.149112 0.0646767 -0.107716
FixedParameters: 0 0 0

#Transform 457
Transform: AffineTransform_float_3_3
Parameters: 0.999965 0.000225714 0.00834869 -0.000213288 0.999999 -0.00140383 -0.00834831 0.00140216 0.999964 0.145135 0.0732117 -0.0837076
FixedParameters: 0 0 0

#Transform 458
Transform: AffineTransform_float_3_3
Parameters: 0.999964 0.00038903 0.00855842 -0.000375969 0.999999 -0.00152427 -0.00855859 0.00152073 0.999962 0.143407 0.0674295 -0.0986744
FixedParameters: 0 0 0

#Transform 459
Transform: AffineTransform_float_3_3
Parameters: 0.999964 0.000382475 0.00849749 -0.000370522 0.999999 -0.0013522 -0.00849851 0.0013488 0.999963 0.143487 0.0654837 -0.106871
FixedParameters: 0 0 0

#Transform 460
Transform: AffineTransform_float_3_3
Parameters: 0.999962 -7.03934e-05 0.00871011 8.36006e-05 0.999999 -0.00144633 -0.00870989 0.00144767 0.999961 0.161053 0.0678292 -0.114896
FixedParameters: 0 0 0

#Transform 461
Transform: AffineTransform_float_3_3
Parameters: 0.99996 1.70459e-05 0.00893699 -5.95317e-06 0.999999 -0.0012361 -0.00893702 0.0012359 0.99996 0.156999 0.0582987 -0.093264
FixedParameters: 0 0 0

#Transform 462
Transform: AffineTransform_float_3_3
Parameters: 0.99996 -9.02534e-05 0.0088651 9.97479e-05 1 -0.00109916 -0.00886489 0.00109984 0.99996 0.1598 0.0595374 -0.100356
FixedParameters: 0 0 0

#Transform 463
Transform: AffineTransform_float_3_3
Parameters: 0.999962 0.000113171 0.00880084 -9.98292e-05 0.999999 -0.00149694 -0.00880116 0.00149606 0.99996 0.156589 0.070588 -0.112087
FixedParameters: 0 0 0

#Transform 464
Transform: AffineTransform_float_3_3
Parameters: 0.99996 9.41648e-05 0.00893388 -8.1837e-05 0.999999 -0.00136179 -0.00893412 0.00136121 0.999959 0.159003 0.0664128 -0.108743
FixedParameters: 0 0 0

#Transform 465
Transform: AffineTransform_float_3_3
Parameters: 0.999959 -2.11649e-05 0.00899903 3.28328e-05 0.999999 -0.00131476 -0.00899896 0.00131524 0.999958 0.156904 0.0662619 -0.116157
FixedParameters: 0 0 0

#Transform 466
Transform: AffineTransform_float_3_3
Parameters: 0.999958 -6.61515e-05 0.00911009 7.88437e-05 0.999999 -0.00140934 -0.00911089 0.00141066 0.999957 0.169887 0.0628881 -0.113284
FixedParameters: 0 0 0

#Transform 467
Transform: AffineTransform_float_3_3
Parameters: 0.999956 -0.000238085 0.00935228 0.000248922 1 -0.00116672 -0.00935171 0.00116828 0.999955 0.169125 0.0651373 -0.111321
FixedParameters: 0 0 0

#Transform 468
Transform: AffineTransform_float_3_3
Parameters: 0.999954 -0.0002373 0.0095813 0.000248697 0.999999 -0.00121967 -0.00958071 0.00122233 0.999954 0.171849 0.0735844 -0.11864
FixedParameters: 0 0 0

#Transform 469
Transform: AffineTransform_float_3_3
Parameters: 0.999955 4.18938e-05 0.00943296 -3.21029e-05 1 -0.00104935 -0.00943303 0.00104865 0.999955 0.170918 0.0596985 -0.122598
FixedParameters: 0 0 0

#Transform 470
Transform: AffineTransform_float_3_3
Parameters: 0.99995 -0.000236264 0.00998731 0.000248742 0.999999 -0.00127458 -0.0099867 0.00127642 0.99995 0.183194 0.0560508 -0.136728
FixedParameters: 0 0 0

#Transform 471
Transform: AffineTransform_float_3_3
Parameters: 0.999952 -0.000237977 0.00973627 0.000249021 1 -0.00113063 -0.00973672 0.00113337 0.999952 0.171566 0.052414 -0.133072
FixedParameters: 0 0 0

#Transform 472
Transform: AffineTransform_float_3_3
Parameters: 0.999954 -0.000237595 0.00963929 0.000249412 1 -0.00118265 -0.00963971 0.00118435 0.999953 0.172589 0.0568028 -0.123747
FixedParameters: 0 0 0

#Transform 473
Transform: AffineTransform_float_3_3
Parameters: 0.999954 -0.000120375 0.00960215 0.000131632 1 -0.00121079 -0.00960185 0.00121121 0.999953 0.170774 0.0479803 -0.129737
FixedParameters: 0 0 0

#Transform 474
Transform: AffineTransform_float_3_3
Parameters: 0.999952 -0.000173233 0.00986226 0.000186759 0.999999 -0.00139423 -0.00986176 0.00139678 0.999951 0.18001 0.051285 -0.129708
FixedParameters: 0 0 0
