#Insight Transform File V1.0
#Transform 0
Transform: AffineTransform_float_3_3
Parameters: 1 4.57756e-05 0.000330031 -4.62244e-05 1 0.000679984 -0.000329969 -0.000680015 0.999999 4.59299e-05 -0.033411 0.0106153
FixedParameters: 0 0 0

#Transform 1
Transform: AffineTransform_float_3_3
Parameters: 1 0.000251101 0.00042094 -0.000251899 1 -0.000240106 -0.00042106 0.000239894 1 -0.00371363 -0.0190126 -0.0162724
FixedParameters: 0 0 0

#Transform 2
Transform: AffineTransform_float_3_3
Parameters: 1 0.000237 0.000336 -0.000237 1 -1.07963e-06 -0.000336 9.20368e-07 1 -0.00521557 -0.0364363 -0.0173581
FixedParameters: 0 0 0

#Transform 3
Transform: AffineTransform_float_3_3
Parameters: 1 0.000147914 0.000390033 -0.000148086 1 0.000220942 -0.000389967 -0.000221058 1 -0.00413035 -0.0588682 -0.0112134
FixedParameters: 0 0 0

#Transform 4
Transform: AffineTransform_float_3_3
Parameters: 1 0.000225816 0.000456091 -0.000226184 1 0.000402897 -0.000455909 -0.000403103 1 -0.00557818 -0.0427599 0.0010728
FixedParameters: 0 0 0

#Transform 5
Transform: AffineTransform_float_3_3
Parameters: 1 0.000226713 0.000456142 -0.000226286 1 0.000627897 -0.000455858 -0.000628103 0.999999 -0.00554139 -0.0423659 0.00448979
FixedParameters: 0 0 0

#Transform 6
Transform: AffineTransform_float_3_3
Parameters: 1 0.000198933 0.000260051 -0.000199067 1 0.000258948 -0.000259948 -0.000259052 1 -0.00413991 -0.0321631 -0.00129747
FixedParameters: 0 0 0

#Transform 7
Transform: AffineTransform_float_3_3
Parameters: 1 0.000169215 0.00030388 -0.000168785 0.999999 -0.000707051 -0.000304119 0.000706948 0.999999 -0.0039882 -0.0366657 -0.0346416
FixedParameters: 0 0 0

#Transform 8
Transform: AffineTransform_float_3_3
Parameters: 1 0.000242959 0.000456022 -0.000243041 1 8.98892e-05 -0.000455978 -9.01108e-05 1 -0.00582495 -0.0458728 -0.00452985
FixedParameters: 0 0 0

#Transform 9
Transform: AffineTransform_float_3_3
Parameters: 1 7.39592e-05 0.000206015 -7.40408e-05 1 0.000197985 -0.000205985 -0.000198015 1 -0.00204691 -0.0324954 0.0133732
FixedParameters: 0 0 0

#Transform 10
Transform: AffineTransform_float_3_3
Parameters: 1 4.29091e-05 0.000307013 -4.30909e-05 1 0.000295987 -0.000306987 -0.000296013 1 -0.00206714 -0.0202587 0.0258485
FixedParameters: 0 0 0

#Transform 11
Transform: AffineTransform_float_3_3
Parameters: 1 -2.8046e-05 0.000455997 2.79539e-05 1 0.000101013 -0.000456003 -0.000100987 1 -0.00165251 0.000932536 0.0120419
FixedParameters: 0 0 0

#Transform 12
Transform: AffineTransform_float_3_3
Parameters: 1 -0.000214037 0.000119935 0.000213963 1 0.000305026 -0.000120065 -0.000304974 1 0.00276938 -0.00596724 0.00947341
FixedParameters: 0 0 0

#Transform 13
Transform: AffineTransform_float_3_3
Parameters: 1 0.000194972 5.51e-05 -0.000195028 1 0.000512989 -5.48999e-05 -0.000513011 1 -0.00319005 -0.0126962 -0.000193251
FixedParameters: 0 0 0

#Transform 14
Transform: AffineTransform_float_3_3
Parameters: 1 0.000194974 0.000223023 -0.000195026 1 0.000116957 -0.000222977 -0.000117043 1 -0.00401305 -0.0388588 0.00440484
FixedParameters: 0 0 0

#Transform 15
Transform: AffineTransform_float_3_3
Parameters: 1 0.000194983 0.000209016 -0.000195017 1 8.29592e-05 -0.000208984 -8.30407e-05 1 -0.0039476 0.00109619 -0.00684765
FixedParameters: 0 0 0

#Transform 16
Transform: AffineTransform_float_3_3
Parameters: 1 -0.000132034 0.000168974 0.000131966 1 0.000200022 -0.000169026 -0.000199978 1 0.00130015 -0.0267303 0.012469
FixedParameters: 0 0 0

#Transform 17
Transform: AffineTransform_float_3_3
Parameters: 1 0.000194953 0.000187049 -0.000195047 1 0.000251964 -0.000186951 -0.000251036 1 -0.00381787 -0.024159 0.0211906
FixedParameters: 0 0 0

#Transform 18
Transform: AffineTransform_float_3_3
Parameters: 1 3.20004e-05 0.000456 -3.19995e-05 1 -1.01459e-06 -0.000456 9.85408e-07 1 -0.00257757 -0.0322976 -0.000281949
FixedParameters: 0 0 0

#Transform 19
Transform: AffineTransform_float_3_3
Parameters: 1 -0.000230018 0.000118965 0.000229982 1 0.000150027 -0.000119034 -0.000149973 1 0.00300909 -0.0331126 0.00371203
FixedParameters: 0 0 0

#Transform 20
Transform: AffineTransform_float_3_3
Parameters: 1 2.29954e-05 0.000202001 -2.30046e-05 1 2.29954e-05 -0.000201999 -2.30046e-05 1 -0.00125864 0.000497365 -0.000764238
FixedParameters: 0 0 0

#Transform 21
Transform: AffineTransform_float_3_3
Parameters: 1 0.000194998 5.10092e-05 -0.000195002 1 4.69901e-05 -5.09908e-05 -4.70099e-05 1 -0.00318123 -0.00702696 0.00214786
FixedParameters: 0 0 0

#Transform 22
Transform: AffineTransform_float_3_3
Parameters: 1 -4.9024e-05 0.000167993 4.8976e-05 1 0.000143008 -0.000168007 -0.000142992 1 -0.00242241 -0.0143568 0.00134489
FixedParameters: 0 0 0

#Transform 23
Transform: AffineTransform_float_3_3
Parameters: 1 0.000195003 0.000296998 -0.000194997 1 -1.00579e-05 -0.000297002 9.94208e-06 1 -0.00107357 -0.018132 0.00129721
FixedParameters: 0 0 0

#Transform 24
Transform: AffineTransform_float_3_3
Parameters: 1 -8.89907e-05 0.000212004 8.90093e-05 1 -4.39811e-05 -0.000211996 4.40189e-05 1 0.000365808 0.00329451 0.00318331
FixedParameters: 0 0 0

#Transform 25
Transform: AffineTransform_float_3_3
Parameters: 1 -0.000112028 0.000216986 0.000111972 1 0.000128024 -0.000217014 -0.000127976 1 0.00072937 -0.0108782 -0.00506977
FixedParameters: 0 0 0

#Transform 26
Transform: AffineTransform_float_3_3
Parameters: 1 0.000108982 0.000172011 -0.000109018 1 0.000101981 -0.000171989 -0.000102019 1 -0.00251995 -0.0396894 -0.000880657
FixedParameters: 0 0 0

#Transform 27
Transform: AffineTransform_float_3_3
Parameters: 1 0.000195002 2.59844e-05 -0.000194998 1 -8.00051e-05 -2.50156e-05 7.99951e-05 1 -0.00303355 0.00362673 8.03116e-05
FixedParameters: 0 0 0

#Transform 28
Transform: AffineTransform_float_3_3
Parameters: 1 0.000194997 0.000289002 -0.000195003 1 1.19436e-05 -0.000288998 -1.20564e-05 1 -0.0043158 0.000905319 -0.00256398
FixedParameters: 0 0 0

#Transform 29
Transform: AffineTransform_float_3_3
Parameters: 1 -0.000372983 -6.80914e-05 0.000373017 1 0.000244975 6.79086e-05 -0.000245025 1 0.00605611 -0.0276109 0.00525704
FixedParameters: 0 0 0

#Transform 30
Transform: AffineTransform_float_3_3
Parameters: 1 0.000144895 0.000456033 -0.000145105 1 0.000230934 -0.000455966 -0.000231066 1 -0.00436591 -0.0248072 0.00506491
FixedParameters: 0 0 0

#Transform 31
Transform: AffineTransform_float_3_3
Parameters: 1 4.59733e-05 0.000188007 -4.60267e-05 1 0.000141991 -0.000187993 -0.000142009 1 -0.0049747 0.0133282 0.00360729
FixedParameters: 0 0 0

#Transform 32
Transform: AffineTransform_float_3_3
Parameters: 1 -0.000401012 4.48909e-05 0.000400988 1 0.000272018 -4.51091e-05 -0.000271982 1 0.00599139 -0.0351911 0.00560501
FixedParameters: 0 0 0

#Transform 33
Transform: AffineTransform_float_3_3
Parameters: 1 2.09529e-05 0.000277004 -2.10471e-05 1 0.000169994 -0.000276996 -0.000170006 1 0.000948449 -0.0222069 -0.00391173
FixedParameters: 0 0 0

#Transform 34
Transform: AffineTransform_float_3_3
Parameters: 1 -3.60665e-05 0.000212989 3.59335e-05 1 0.000312008 -0.000213011 -0.000311992 1 -0.000362218 0.00168401 0.00632555
FixedParameters: 0 0 0

#Transform 35
Transform: AffineTransform_float_3_3
Parameters: 1 -3.59701e-05 0.000290004 3.60299e-05 1 -0.00010299 -0.000289996 0.00010301 1 -0.00073373 -0.00697432 -0.0209132
FixedParameters: 0 0 0

#Transform 36
Transform: AffineTransform_float_3_3
Parameters: 1 -3.60892e-05 0.000199984 3.59108e-05 1 0.000446007 -0.000200016 -0.000445993 1 -0.000354509 -0.0194755 -0.00815903
FixedParameters: 0 0 0

#Transform 37
Transform: AffineTransform_float_3_3
Parameters: 1 -3.60094e-05 2.69875e-05 3.59906e-05 1 0.000347001 -2.70125e-05 -0.000346999 1 0.000518777 -0.0124266 0.0100257
FixedParameters: 0 0 0

#Transform 38
Transform: AffineTransform_float_3_3
Parameters: 1 6.09822e-05 0.000456002 -6.10178e-05 1 3.89722e-05 -0.000455998 -3.90278e-05 1 -0.00308976 0.0183767 0.00205589
FixedParameters: 0 0 0

#Transform 39
Transform: AffineTransform_float_3_3
Parameters: 1 0.00012597 0.000295013 -0.00012603 1 0.000101963 -0.000294987 -0.000102037 1 -0.00338889 0.0114493 0.000309551
FixedParameters: 0 0 0

#Transform 40
Transform: AffineTransform_float_3_3
Parameters: 1 6.70556e-05 0.000349989 -6.69445e-05 1 -0.000159023 -0.000349011 0.000158977 1 -0.00257785 -0.0222886 -0.00115004
FixedParameters: 0 0 0

#Transform 41
Transform: AffineTransform_float_3_3
Parameters: 1 0.000134026 0.000455992 -0.000133974 1 -5.60611e-05 -0.000456007 5.59389e-05 1 -0.00418147 -0.0488574 0.00618268
FixedParameters: 0 0 0

#Transform 42
Transform: AffineTransform_float_3_3
Parameters: 1 0.000115916 0.000286034 -0.000116084 1 0.000293967 -0.000285966 -0.000294033 1 -0.000903223 -0.0262593 0.0169393
FixedParameters: 0 0 0

#Transform 43
Transform: AffineTransform_float_3_3
Parameters: 1 4.30711e-05 0.000455993 -4.29289e-05 1 -0.00015602 -0.000456007 0.00015598 1 -0.00271978 -0.00936264 -0.0111594
FixedParameters: 0 0 0

#Transform 44
Transform: AffineTransform_float_3_3
Parameters: 1 3.49805e-05 0.000271002 -3.50195e-05 1 7.19905e-05 -0.000270997 -7.20095e-05 1 -0.0017938 -0.0230567 -0.00582149
FixedParameters: 0 0 0

#Transform 45
Transform: AffineTransform_float_3_3
Parameters: 1 0.000124855 0.000311058 -0.000124145 1 0.000466961 -0.000310942 -0.000467039 1 -0.00334988 -0.0356607 0.00182415
FixedParameters: 0 0 0

#Transform 46
Transform: AffineTransform_float_3_3
Parameters: 1 9.39658e-05 0.000456007 -9.40342e-05 1 7.49571e-05 -0.000455993 -7.50428e-05 1 -0.00362617 0.00597583 -0.00280554
FixedParameters: 0 0 0

#Transform 47
Transform: AffineTransform_float_3_3
Parameters: 1 0.000169149 0.000455945 -0.000168851 1 -0.000326077 -0.000456055 0.000326923 1 -0.00473507 0.0104908 -0.00403566
FixedParameters: 0 0 0

#Transform 48
Transform: AffineTransform_float_3_3
Parameters: 1 -0.000240021 7.79359e-05 0.000239979 1 0.000267019 -7.80641e-05 -0.000266981 1 -0.00435079 -0.00943042 0.0098291
FixedParameters: 0 0 0

#Transform 49
Transform: AffineTransform_float_3_3
Parameters: 1 -8.59882e-05 -3.70274e-05 8.60118e-05 1 0.000318997 3.69726e-05 -0.000319003 1 0.00154983 -0.00364558 0.0104306
FixedParameters: 0 0 0

#Transform 50
Transform: AffineTransform_float_3_3
Parameters: 1 0.000149031 0.000274983 -0.000148969 1 -0.000112041 -0.000275017 0.000111959 1 -0.00357004 0.0265859 0.000111312
FixedParameters: 0 0 0

#Transform 51
Transform: AffineTransform_float_3_3
Parameters: 1 9.7176e-05 0.000455962 -9.68239e-05 1 -0.000386044 -0.000456037 0.000385956 1 -0.00663052 -0.00192951 0.0033974
FixedParameters: 0 0 0

#Transform 52
Transform: AffineTransform_float_3_3
Parameters: 1 9.68841e-05 0.000456025 -9.71158e-05 1 0.000253956 -0.000455975 -0.000254044 1 -0.00366153 -0.0287819 0.0134567
FixedParameters: 0 0 0

#Transform 53
Transform: AffineTransform_float_3_3
Parameters: 1 -4.09997e-05 9.80001e-05 4.10003e-05 1 -2.99598e-06 -9.79999e-05 3.00402e-06 1 0.000159125 0.00958283 -0.000564075
FixedParameters: 0 0 0

#Transform 54
Transform: AffineTransform_float_3_3
Parameters: 1 9.71815e-05 0.000455961 -9.68185e-05 1 -0.000398044 -0.000456038 0.000397956 1 -0.00366226 0.011523 0.00328469
FixedParameters: 0 0 0

#Transform 55
Transform: AffineTransform_float_3_3
Parameters: 1 9.69817e-05 0.00017801 -9.70183e-05 1 0.000102983 -0.00017799 -0.000103017 1 -0.00235004 -0.0240429 0.0110888
FixedParameters: 0 0 0

#Transform 56
Transform: AffineTransform_float_3_3
Parameters: 1 0.000170976 0.000456009 -0.000171024 1 5.1922e-05 -0.000455991 -5.2078e-05 1 -0.00477441 0.00281479 0.0103497
FixedParameters: 0 0 0

#Transform 57
Transform: AffineTransform_float_3_3
Parameters: 1 0.000180044 0.000217964 -0.000179956 1 -0.000202039 -0.000218036 0.000201961 1 -0.00380629 0.0106352 0.024761
FixedParameters: 0 0 0

#Transform 58
Transform: AffineTransform_float_3_3
Parameters: 1 0.000139001 1.59915e-05 -0.000138999 1 -6.10022e-05 -1.60085e-05 6.09978e-05 1 -0.00223853 -0.00967418 0.0243353
FixedParameters: 0 0 0

#Transform 59
Transform: AffineTransform_float_3_3
Parameters: 1 0.000154032 8.49413e-05 -0.000153968 1 -0.000381013 -8.50587e-05 0.000380987 1 -0.00282924 -0.0207193 0.0336572
FixedParameters: 0 0 0

#Transform 60
Transform: AffineTransform_float_3_3
Parameters: 1 0.000137947 0.00018204 -0.000138053 1 0.000292975 -0.00018196 -0.000293025 1 -0.00309446 -0.0239304 0.0341084
FixedParameters: 0 0 0

#Transform 61
Transform: AffineTransform_float_3_3
Parameters: 1 0.000132982 4.60521e-05 -0.000133018 1 0.000391994 -4.59479e-05 -0.000392006 1 -0.00232163 0.00769233 0.011343
FixedParameters: 0 0 0

#Transform 62
Transform: AffineTransform_float_3_3
Parameters: 1 0.00018201 4.4959e-05 -0.00018199 1 -0.000225008 -4.50409e-05 0.000224992 1 -0.00307641 0.00863221 0.0134686
FixedParameters: 0 0 0

#Transform 63
Transform: AffineTransform_float_3_3
Parameters: 1 0.000181992 3.9038e-05 -0.000182008 1 0.000208993 -3.9962e-05 -0.000209007 1 -0.0091225 -0.00937215 0.0230793
FixedParameters: 0 0 0

#Transform 64
Transform: AffineTransform_float_3_3
Parameters: 1 3.90096e-05 -2.59856e-05 -3.89904e-05 1 0.000370001 2.60144e-05 -0.000369999 1 -0.00292552 -0.00769147 0.0226825
FixedParameters: 0 0 0

#Transform 65
Transform: AffineTransform_float_3_3
Parameters: 1 0.000177989 3.30589e-05 -0.000178011 1 0.000330994 -3.29411e-05 -0.000331006 1 -0.0101314 -0.0200291 0.0221777
FixedParameters: 0 0 0

#Transform 66
Transform: AffineTransform_float_3_3
Parameters: 1 0.000175993 6.30187e-05 -0.000176007 1 0.000105989 -6.29813e-05 -0.000106011 1 -0.00707597 0.00806561 0.000257157
FixedParameters: 0 0 0

#Transform 67
Transform: AffineTransform_float_3_3
Parameters: 1 0.000167044 0.000136946 -0.000166956 1 -0.000321023 -0.000137054 0.000320977 1 -0.00331299 -0.0239972 -0.00638418
FixedParameters: 0 0 0

#Transform 68
Transform: AffineTransform_float_3_3
Parameters: 1 0.000140001 -2.94512e-06 -0.000139999 1 0.000392 3.05488e-06 -0.000392 1 -0.002222 -0.0103218 -0.00337567
FixedParameters: 0 0 0

#Transform 69
Transform: AffineTransform_float_3_3
Parameters: 1 0.000183186 -0.000265872 -0.000182814 0.999999 0.000701048 0.000265128 -0.000700951 0.999999 -0.00166207 -0.0151505 -0.00379691
FixedParameters: 0 0 0

#Transform 70
Transform: AffineTransform_float_3_3
Parameters: 1 7.71143e-05 -0.000124929 -7.78856e-05 0.999999 0.000915009 0.000125071 -0.00091499 0.999999 -0.0106403 -0.0119248 -0.0182524
FixedParameters: 0 0 0

#Transform 71
Transform: AffineTransform_float_3_3
Parameters: 1 2.62302e-05 -0.00029898 -2.67698e-05 0.999999 0.000770008 0.000299021 -0.000769992 0.999999 0.000972008 0.00531144 -0.0152111
FixedParameters: 0 0 0

#Transform 72
Transform: AffineTransform_float_3_3
Parameters: 1 0.000175155 -0.000266898 -0.000174845 1 0.000581046 0.000267102 -0.000580953 1 -0.00146596 0.0108383 -0.0181414
FixedParameters: 0 0 0

#Transform 73
Transform: AffineTransform_float_3_3
Parameters: 1 0.000157175 -0.000383928 -0.000156825 1 0.00045606 0.000384071 -0.00045594 1 -0.000589949 -0.00408704 -0.0117746
FixedParameters: 0 0 0

#Transform 74
Transform: AffineTransform_float_3_3
Parameters: 1 0.000226994 -5.60232e-05 -0.000227006 1 -0.000101987 5.59768e-05 0.000102013 1 -0.0109045 -0.0175874 -0.0252901
FixedParameters: 0 0 0

#Transform 75
Transform: AffineTransform_float_3_3
Parameters: 1 0.000102012 -0.000142992 -0.000101988 1 8.30146e-05 0.000143008 -8.29854e-05 1 -0.00211323 -0.0123265 -0.0152038
FixedParameters: 0 0 0

#Transform 76
Transform: AffineTransform_float_3_3
Parameters: 1 0.00018403 -0.000115952 -0.00018397 1 0.000261021 0.000116048 -0.000260979 1 -0.00480258 0.0123282 -0.00420928
FixedParameters: 0 0 0

#Transform 77
Transform: AffineTransform_float_3_3
Parameters: 1 0.000163975 -7.10572e-05 -0.000164025 1 -0.000348988 7.09428e-05 0.000349012 1 -0.00267032 0.00732325 -0.0189514
FixedParameters: 0 0 0

#Transform 78
Transform: AffineTransform_float_3_3
Parameters: 1 0.000131105 -0.000198931 -0.000130895 1 0.000527026 0.000199069 -0.000526974 1 -0.00151575 -0.00748459 -0.0125068
FixedParameters: 0 0 0

#Transform 79
Transform: AffineTransform_float_3_3
Parameters: 1 0.000135096 -0.000182929 -0.000134904 1 0.000527025 0.000183071 -0.000526975 1 -0.0106681 -0.0191127 -0.0179862
FixedParameters: 0 0 0

#Transform 80
Transform: AffineTransform_float_3_3
Parameters: 1 0.000127302 -0.000447914 -0.000126698 1 0.000675056 0.000448085 -0.000674943 0.999999 -0.000298864 -0.0145193 -0.0158651
FixedParameters: 0 0 0

#Transform 81
Transform: AffineTransform_float_3_3
Parameters: 1 0.000229005 -0.000215995 -0.000228995 1 2.10495e-05 0.000216005 -2.09505e-05 1 -0.0117608 0.00755211 -0.033857
FixedParameters: 0 0 0

#Transform 82
Transform: AffineTransform_float_3_3
Parameters: 1 0.000148135 -0.000361945 -0.000147865 1 0.000372053 0.000362055 -0.000371946 1 -0.00956592 0.00407895 -0.0422516
FixedParameters: 0 0 0

#Transform 83
Transform: AffineTransform_float_3_3
Parameters: 1 7.62431e-05 -0.00036895 -7.57568e-05 1 0.000659028 0.00036905 -0.000658972 0.999999 0.000100618 -0.0123477 -0.00602143
FixedParameters: 0 0 0

#Transform 84
Transform: AffineTransform_float_3_3
Parameters: 1 -4.79179e-05 -0.000112035 4.80821e-05 0.999999 0.000732994 0.000111965 -0.000733005 0.999999 0.000835571 -0.00344527 -0.00054735
FixedParameters: 0 0 0

#Transform 85
Transform: AffineTransform_float_3_3
Parameters: 1 0.000168073 -0.000209942 -0.000167927 1 0.000347035 0.000210058 -0.000346965 1 -0.0113849 0.00575491 -0.0218373
FixedParameters: 0 0 0

#Transform 86
Transform: AffineTransform_float_3_3
Parameters: 1 0.000173005 -4.59829e-05 -0.000172995 1 9.9008e-05 4.60171e-05 -9.8992e-05 1 -0.011731 0.00536723 -0.0205517
FixedParameters: 0 0 0

#Transform 87
Transform: AffineTransform_float_3_3
Parameters: 1 0.000139073 -0.000187946 -0.000138927 1 0.000388026 0.000188054 -0.000387974 1 -0.010936 -0.0124165 -0.0218107
FixedParameters: 0 0 0

#Transform 88
Transform: AffineTransform_float_3_3
Parameters: 1 -1.2898e-05 -0.000257005 1.3102e-05 1 0.000396997 0.000256995 -0.000397003 1 -0.00347904 0.0116537 -0.013743
FixedParameters: 0 0 0

#Transform 89
Transform: AffineTransform_float_3_3
Parameters: 1 0.000140046 -0.000112943 -0.000139954 1 0.000410016 0.000113057 -0.000409984 1 -0.00208052 0.0116668 -0.0098381
FixedParameters: 0 0 0

#Transform 90
Transform: AffineTransform_float_3_3
Parameters: 1 6.50776e-05 -0.000112955 -6.49223e-05 1 0.000687007 0.000113045 -0.000686992 1 -0.0101496 0.00741379 -0.00556972
FixedParameters: 0 0 0

#Transform 91
Transform: AffineTransform_float_3_3
Parameters: 1 0.000110078 -0.000112924 -0.000109922 1 0.000687012 0.000113076 -0.000686987 1 -0.00160844 0.0103435 0.00466823
FixedParameters: 0 0 0

#Transform 92
Transform: AffineTransform_float_3_3
Parameters: 1 0.000117073 -0.000112924 -0.000116926 1 0.000650013 0.000113076 -0.000649986 1 -0.00179656 0.0104829 0.000740634
FixedParameters: 0 0 0

#Transform 93
Transform: AffineTransform_float_3_3
Parameters: 1 5.00662e-05 -0.000112971 -4.99338e-05 1 0.000586005 0.000113029 -0.000585994 1 -0.0102727 0.0107928 -0.0032965
FixedParameters: 0 0 0

#Transform 94
Transform: AffineTransform_float_3_3
Parameters: 1 -8.89397e-05 -0.000113047 8.90602e-05 1 0.00053299 0.000112953 -0.00053301 1 -0.0148086 0.0503118 -0.0206283
FixedParameters: 0 0 0

#Transform 95
Transform: AffineTransform_float_3_3
Parameters: 1 0.000179092 -0.000176907 -0.000178908 1 0.000522032 0.000177093 -0.000521968 1 -0.0139305 0.0233747 -0.0261547
FixedParameters: 0 0 0

#Transform 96
Transform: AffineTransform_float_3_3
Parameters: 1 -5.99296e-05 -0.000113037 6.00704e-05 1 0.000622993 0.000112963 -0.000623007 1 -0.00924893 0.00476927 -0.0192462
FixedParameters: 0 0 0

#Transform 97
Transform: AffineTransform_float_3_3
Parameters: 1 7.50409e-05 -0.000112973 -7.49591e-05 1 0.000362008 0.000113027 -0.000361991 1 -0.0105289 -5.06452e-05 -0.034145
FixedParameters: 0 0 0

#Transform 98
Transform: AffineTransform_float_3_3
Parameters: 1 0.000179103 -0.000219916 -0.000178897 1 0.000469039 0.000220084 -0.00046896 1 -0.0121822 0.00577861 -0.0304056
FixedParameters: 0 0 0

#Transform 99
Transform: AffineTransform_float_3_3
Parameters: 1 0.000179081 -0.000112872 -0.000178919 0.999999 0.00071502 0.000113128 -0.000714979 0.999999 -0.00265852 0.0190482 -0.0161118
FixedParameters: 0 0 0

#Transform 100
Transform: AffineTransform_float_3_3
Parameters: 1 4.00336e-05 -0.000112988 -3.99664e-05 1 0.000297004 0.000113012 -0.000296995 1 -0.000619432 0.00632774 -0.0252973
FixedParameters: 0 0 0

#Transform 101
Transform: AffineTransform_float_3_3
Parameters: 1 -1.10032e-05 -0.000113 1.09968e-05 1 -2.80012e-05 0.000113 2.79988e-05 1 -0.0100303 0.00373562 -0.0276097
FixedParameters: 0 0 0

#Transform 102
Transform: AffineTransform_float_3_3
Parameters: 1 0.000179011 -4.79574e-05 -0.000178989 1 0.000238009 4.80426e-05 -0.000237991 1 -0.00296645 -0.0069194 -0.00359366
FixedParameters: 0 0 0

#Transform 103
Transform: AffineTransform_float_3_3
Parameters: 1 0.000178994 -0.000113009 -0.000178006 1 -5.19799e-05 0.000112991 5.20202e-05 1 -0.00266848 0.0152777 -0.0135835
FixedParameters: 0 0 0

#Transform 104
Transform: AffineTransform_float_3_3
Parameters: 1 0.000179103 -0.00020491 -0.000178897 1 0.000502037 0.00020509 -0.000501963 1 -0.00813391 0.011202 -0.0204782
FixedParameters: 0 0 0

#Transform 105
Transform: AffineTransform_float_3_3
Parameters: 1 -0.000138963 -0.000113046 0.000139037 1 0.000330984 0.000112954 -0.000331016 1 0.00217368 0.017332 -0.0101113
FixedParameters: 0 0 0

#Transform 106
Transform: AffineTransform_float_3_3
Parameters: 1 -0.000228961 -0.000113079 0.000229039 1 0.000344974 0.000112921 -0.000345026 1 0.00359849 0.018498 -0.00991253
FixedParameters: 0 0 0

#Transform 107
Transform: AffineTransform_float_3_3
Parameters: 1 -1.69779e-05 -0.000113003 1.70221e-05 1 0.000195998 0.000112997 -0.000196002 1 0.000278561 0.00261151 -0.0100633
FixedParameters: 0 0 0

#Transform 108
Transform: AffineTransform_float_3_3
Parameters: 1 -0.000232903 -0.000228099 0.000233097 1 0.000423947 0.000227901 -0.000424053 1 0.00415391 0.0252935 0.00031663
FixedParameters: 0 0 0

#Transform 109
Transform: AffineTransform_float_3_3
Parameters: 1 -0.000149967 -0.000113044 0.000150033 1 0.000294983 0.000112956 -0.000295017 1 -0.00335097 0.0251311 -0.00854871
FixedParameters: 0 0 0

#Transform 110
Transform: AffineTransform_float_3_3
Parameters: 1 0.000179059 -0.00017494 -0.000178941 1 0.000337031 0.00017506 -0.000336969 1 -0.00237848 0.026191 -0.00792687
FixedParameters: 0 0 0

#Transform 111
Transform: AffineTransform_float_3_3
Parameters: 1 -0.000141937 -0.000113079 0.000142063 1 0.000558984 0.000112921 -0.000559016 1 -0.00974629 0.00503746 -0.00933472
FixedParameters: 0 0 0

#Transform 112
Transform: AffineTransform_float_3_3
Parameters: 1 -0.000123928 -0.000113079 0.000123072 1 0.000637986 0.000112921 -0.000638014 1 0.00191228 0.0197818 -0.00786344
FixedParameters: 0 0 0

#Transform 113
Transform: AffineTransform_float_3_3
Parameters: 1 0.000178988 -0.00011302 -0.000178012 1 -0.00010898 0.000112981 0.00010902 1 -0.0122822 0.0282175 -0.0311633
FixedParameters: 0 0 0

#Transform 114
Transform: AffineTransform_float_3_3
Parameters: 1 -0.000212866 -0.000254112 0.000213134 1 0.000525946 0.000253888 -0.000526054 1 0.00399597 0.01824 -0.0128937
FixedParameters: 0 0 0

#Transform 115
Transform: AffineTransform_float_3_3
Parameters: 1 -2.59545e-05 -0.000175007 2.50455e-05 1 0.000259996 0.000174993 -0.000260005 1 -0.00751907 0.0265297 -0.003983
FixedParameters: 0 0 0

#Transform 116
Transform: AffineTransform_float_3_3
Parameters: 1 0.000179032 -0.00011295 -0.000178968 1 0.00028002 0.00011305 -0.00028098 1 -0.00869667 0.0181017 -0.0162573
FixedParameters: 0 0 0

#Transform 117
Transform: AffineTransform_float_3_3
Parameters: 1 -8.97774e-06 -0.000113002 9.02226e-06 1 0.000196999 0.000112998 -0.000197001 1 0.000168318 0.0267604 -0.00484928
FixedParameters: 0 0 0

#Transform 118
Transform: AffineTransform_float_3_3
Parameters: 1 -0.000245919 -0.000200099 0.000246081 1 0.000403951 0.000199901 -0.000403049 1 -0.00416431 0.0237617 -0.00159929
FixedParameters: 0 0 0

#Transform 119
Transform: AffineTransform_float_3_3
Parameters: 1 -0.000196998 -0.000113004 0.000197002 1 2.19777e-05 0.000112996 -2.20223e-05 1 -0.00596373 0.00279412 -0.018175
FixedParameters: 0 0 0

#Transform 120
Transform: AffineTransform_float_3_3
Parameters: 1 0.000178868 -0.000241098 -0.000178132 1 -0.000547957 0.000240903 0.000547043 1 -0.0139956 0.0345684 -0.0454278
FixedParameters: 0 0 0

#Transform 121
Transform: AffineTransform_float_3_3
Parameters: 1 0.000178957 -0.000113068 -0.000178043 1 -0.00037998 0.000112932 0.00038002 1 -0.0141007 0.0015648 -0.0688638
FixedParameters: 0 0 0

#Transform 122
Transform: AffineTransform_float_3_3
Parameters: 1 5.98613e-06 -0.000295 -6.01386e-06 1 -4.69982e-05 0.000295 4.70018e-05 1 0.000862663 -0.0132597 -0.0436247
FixedParameters: 0 0 0

#Transform 123
Transform: AffineTransform_float_3_3
Parameters: 1 0.000179021 -0.000112967 -0.000178979 1 0.00018402 0.000113033 -0.00018398 1 -0.0026632 0.0113792 -0.0664489
FixedParameters: 0 0 0

#Transform 124
Transform: AffineTransform_float_3_3
Parameters: 1 -4.09897e-05 -0.000246002 4.10103e-05 1 4.19899e-05 0.000245998 -4.20101e-05 1 -0.0101902 -0.00863815 -0.068667
FixedParameters: 0 0 0

#Transform 125
Transform: AffineTransform_float_3_3
Parameters: 1 -8.89772e-05 -0.000240008 8.90228e-05 1 9.49786e-05 0.000239992 -9.50214e-05 1 0.00201692 -0.0154526 -0.0713788
FixedParameters: 0 0 0

#Transform 126
Transform: AffineTransform_float_3_3
Parameters: 1 -2.69674e-05 -0.000366002 2.70326e-05 1 8.89901e-05 0.000365998 -8.90099e-05 1 -0.00620491 0.0111251 -0.0474178
FixedParameters: 0 0 0

#Transform 127
Transform: AffineTransform_float_3_3
Parameters: 1 -0.000141026 -0.000273987 0.000140974 1 -9.40386e-05 0.000274013 9.39614e-05 1 -0.0086399 0.000500715 -0.0501866
FixedParameters: 0 0 0

#Transform 128
Transform: AffineTransform_float_3_3
Parameters: 1 -0.000115971 -0.000301011 0.000116029 1 9.69651e-05 0.000300989 -9.70349e-05 1 0.00271636 0.00938917 -0.0471945
FixedParameters: 0 0 0

#Transform 129
Transform: AffineTransform_float_3_3
Parameters: 1 -5.49742e-05 -0.000344004 5.50258e-05 1 7.49811e-05 0.000343996 -7.50189e-05 1 -0.00787196 -0.00484408 -0.0476809
FixedParameters: 0 0 0

#Transform 130
Transform: AffineTransform_float_3_3
Parameters: 1 3.4012e-05 -0.000342999 -3.3988e-05 1 3.50117e-05 0.000343001 -3.49883e-05 1 -0.0095843 0.0104412 -0.0552831
FixedParameters: 0 0 0

#Transform 131
Transform: AffineTransform_float_3_3
Parameters: 1 -4.10898e-05 -0.00038199 4.09102e-05 1 -0.000235016 0.00038201 0.000234984 1 -0.00917909 0.02616 -0.0687896
FixedParameters: 0 0 0

#Transform 132
Transform: AffineTransform_float_3_3
Parameters: 1 3.0063e-06 -0.0003 -2.9937e-06 1 2.10009e-05 0.0003 -2.09991e-05 1 -0.0130384 0.00552163 -0.0685034
FixedParameters: 0 0 0

#Transform 133
Transform: AffineTransform_float_3_3
Parameters: 1 -0.00010194 -0.000417015 0.00010206 1 0.000143957 0.000416985 -0.000144043 1 -0.00661026 -0.00660465 -0.0262084
FixedParameters: 0 0 0

#Transform 134
Transform: AffineTransform_float_3_3
Parameters: 1 -4.00981e-05 -0.000240984 3.99019e-05 1 -0.00040701 0.000241016 0.00040699 1 -0.0105677 0.00284878 -0.0347197
FixedParameters: 0 0 0

#Transform 135
Transform: AffineTransform_float_3_3
Parameters: 1 -4.11276e-05 -0.000300983 4.08724e-05 1 -0.000424012 0.000301017 0.000423988 1 -0.00908393 0.0271078 -0.0281762
FixedParameters: 0 0 0

#Transform 136
Transform: AffineTransform_float_3_3
Parameters: 1 -0.000108067 -0.000112936 0.000108933 1 -0.000594012 0.000113065 0.000593988 1 -0.00849421 -0.00289224 -0.0491292
FixedParameters: 0 0 0

#Transform 137
Transform: AffineTransform_float_3_3
Parameters: 1 -0.000254266 -0.000185636 0.000254735 0.999999 -0.00143305 0.000185365 0.00143295 0.999999 0.00438633 -0.0174858 -0.0660537
FixedParameters: 0 0 0

#Transform 138
Transform: AffineTransform_float_3_3
Parameters: 1 -0.000219157 -0.000186816 0.000218843 0.999999 -0.00084104 0.000187184 0.000840958 0.999999 0.00380868 -0.0367389 -0.0381743
FixedParameters: 0 0 0

#Transform 139
Transform: AffineTransform_float_3_3
Parameters: 1 -0.000140004 -0.000170997 0.000139996 1 -2.40239e-05 0.000171003 2.39761e-05 1 -0.00428376 0.0668688 -0.00731864
FixedParameters: 0 0 0

#Transform 140
Transform: AffineTransform_float_3_3
Parameters: 1 -0.000221996 -0.000113008 0.000222004 1 3.39749e-05 0.000112992 -3.40251e-05 1 0.00351373 -0.00377981 0.000528923
FixedParameters: 0 0 0

#Transform 141
Transform: AffineTransform_float_3_3
Parameters: 1 -0.000161006 -0.000367997 0.000160994 1 -1.70592e-05 0.000368003 1.69407e-05 1 0.00369669 0.011699 -0.0137984
FixedParameters: 0 0 0

#Transform 142
Transform: AffineTransform_float_3_3
Parameters: 1 -0.000182026 -0.000112958 0.000181974 1 -0.000231021 0.000113042 0.000230979 1 -0.00803563 0.0308232 -0.0293823
FixedParameters: 0 0 0

#Transform 143
Transform: AffineTransform_float_3_3
Parameters: 1 -7.78591e-05 -0.000280039 7.71408e-05 1 0.000502978 0.000279961 -0.000503022 1 -0.00661065 0.023184 -0.0132111
FixedParameters: 0 0 0

#Transform 144
Transform: AffineTransform_float_3_3
Parameters: 1 4.99908e-05 -0.000113004 -5.00092e-05 1 -8.09943e-05 0.000112996 8.10056e-05 1 -0.0086522 0.0327395 -0.0245778
FixedParameters: 0 0 0

#Transform 145
Transform: AffineTransform_float_3_3
Parameters: 1 -8.59621e-05 -0.000214015 8.60379e-05 1 0.000176982 0.000213985 -0.000177018 1 0.00186862 0.00579456 -0.0373133
FixedParameters: 0 0 0

#Transform 146
Transform: AffineTransform_float_3_3
Parameters: 1 -0.000147911 -0.000292045 0.00014809 1 0.000305957 0.000292955 -0.000305043 1 -0.00529299 0.00496519 -0.0205725
FixedParameters: 0 0 0

#Transform 147
Transform: AffineTransform_float_3_3
Parameters: 1 -0.000187859 -0.000317084 0.000187141 1 0.000445941 0.000316916 -0.000446059 1 -0.00347667 0.021 -0.0111762
FixedParameters: 0 0 0

#Transform 148
Transform: AffineTransform_float_3_3
Parameters: 1 -0.000197937 -0.000113109 0.000198062 1 0.000552977 0.00011289 -0.000553022 1 -0.00835106 0.0122549 0.0106856
FixedParameters: 0 0 0

#Transform 149
Transform: AffineTransform_float_3_3
Parameters: 1 -6.80812e-05 -0.000266979 6.79188e-05 1 -0.000304018 0.000267021 0.000303982 1 -0.00448512 0.0163206 -0.0319533
FixedParameters: 0 0 0

#Transform 150
Transform: AffineTransform_float_3_3
Parameters: 1 -0.000105891 -0.000218053 0.000106109 1 0.000498977 0.000217947 -0.000499023 1 -0.00295158 0.00565745 -0.00982771
FixedParameters: 0 0 0

#Transform 151
Transform: AffineTransform_float_3_3
Parameters: 1 -0.000153958 -0.000113057 0.000154042 1 0.000367983 0.000112943 -0.000368017 1 -0.00430029 0.0102746 0.00674975
FixedParameters: 0 0 0

#Transform 152
Transform: AffineTransform_float_3_3
Parameters: 1 0.000179095 -0.000112849 -0.000178904 0.999999 0.00084502 0.000113151 -0.000844979 0.999999 -0.00266954 0.0285306 0.0167796
FixedParameters: 0 0 0

#Transform 153
Transform: AffineTransform_float_3_3
Parameters: 1 -0.000113763 -0.000280096 0.000114237 0.999999 0.000844967 0.000279903 -0.000845031 0.999999 -0.00333238 0.0182075 0.00650212
FixedParameters: 0 0 0

#Transform 154
Transform: AffineTransform_float_3_3
Parameters: 1 -6.38942e-05 -0.000198034 6.41057e-05 1 0.000533987 0.000197966 -0.000534012 1 -0.00782012 0.0476413 0.0155506
FixedParameters: 0 0 0

#Transform 155
Transform: AffineTransform_float_3_3
Parameters: 1 -3.69428e-05 -0.000113019 3.70572e-05 1 0.000505996 0.000112981 -0.000506004 1 0.000641687 0.0365735 0.00507198
FixedParameters: 0 0 0

#Transform 156
Transform: AffineTransform_float_3_3
Parameters: 1 -8.09724e-05 -0.00011302 8.10276e-05 1 0.000243991 0.00011298 -0.000244009 1 0.00125045 0.0168663 -0.0237781
FixedParameters: 0 0 0

#Transform 157
Transform: AffineTransform_float_3_3
Parameters: 1 0.000179033 -0.000112948 -0.000178967 1 0.00029002 0.000113052 -0.00028998 1 -0.00954339 0.0185467 -0.0180364
FixedParameters: 0 0 0

#Transform 158
Transform: AffineTransform_float_3_3
Parameters: 1 0.00017906 -0.000112905 -0.00017894 1 0.00053102 0.000113095 -0.00053098 1 -0.00676172 -0.00884485 -0.0142415
FixedParameters: 0 0 0

#Transform 159
Transform: AffineTransform_float_3_3
Parameters: 1 -5.29762e-05 -0.000113011 5.30238e-05 1 0.000210994 0.000112989 -0.000211006 1 0.000835693 0.0235091 -0.0213236
FixedParameters: 0 0 0

#Transform 160
Transform: AffineTransform_float_3_3
Parameters: 1 -2.58054e-05 -0.000207024 2.51946e-05 0.999999 0.000939994 0.000206976 -0.000940005 0.999999 -0.00831877 0.00611129 0.0109775
FixedParameters: 0 0 0

#Transform 161
Transform: AffineTransform_float_3_3
Parameters: 1 0.000179167 -0.000240876 -0.000178833 0.999999 0.000694043 0.000241124 -0.000693956 0.999999 -0.00210005 0.0193097 0.0071465
FixedParameters: 0 0 0

#Transform 162
Transform: AffineTransform_float_3_3
Parameters: 1 -2.90282e-06 -0.000113002 3.09718e-06 0.999999 0.000859999 0.000112997 -0.00086 0.999999 -0.00483897 0.0123724 0.0186
FixedParameters: 0 0 0

#Transform 163
Transform: AffineTransform_float_3_3
Parameters: 1 0.000123003 -1.69749e-05 -0.000122997 1 0.000204002 1.70251e-05 -0.000203998 1 -0.00226308 -0.0176984 0.00809877
FixedParameters: 0 0 0

#Transform 164
Transform: AffineTransform_float_3_3
Parameters: 1 -1.95695e-06 -0.000113001 2.04305e-06 1 0.000381 0.000112999 -0.000381 1 0.000115041 0.0228283 -0.00643118
FixedParameters: 0 0 0

#Transform 165
Transform: AffineTransform_float_3_3
Parameters: 1 0.000179076 -0.00011288 -0.000178924 1 0.00067202 0.00011312 -0.000671979 1 -0.00266819 0.014086 -0.0180274
FixedParameters: 0 0 0

#Transform 166
Transform: AffineTransform_float_3_3
Parameters: 1 0.000179149 -0.000192862 -0.000178851 0.999999 0.000771034 0.000193138 -0.000771965 0.999999 -0.0023317 -0.00633994 -0.0172449
FixedParameters: 0 0 0

#Transform 167
Transform: AffineTransform_float_3_3
Parameters: 1 0.000179365 -0.000292777 -0.000178635 0.999999 0.00124705 0.000293223 -0.00124695 0.999999 -0.00856797 0.0187995 0.0043169
FixedParameters: 0 0 0

#Transform 168
Transform: AffineTransform_float_3_3
Parameters: 1 -0.000149887 -0.000113149 0.000150112 0.999999 0.000995982 0.00011285 -0.000996016 0.999999 -0.00216852 0.0297379 -0.00102091
FixedParameters: 0 0 0

#Transform 169
Transform: AffineTransform_float_3_3
Parameters: 1 -4.67191e-05 -0.000284046 4.62809e-05 1 0.000988988 0.000283954 -0.000989014 1 0.00147276 0.0199538 0.0046767
FixedParameters: 0 0 0

#Transform 170
Transform: AffineTransform_float_3_3
Parameters: 1 -0.000132907 -0.000184067 0.000133093 1 0.000504975 0.000183933 -0.000505024 1 -0.00150938 0.0221835 0.000341074
FixedParameters: 0 0 0

#Transform 171
Transform: AffineTransform_float_3_3
Parameters: 1 -7.08673e-05 -0.000113083 7.11326e-05 1 0.00117399 0.000112917 -0.00117401 1 0.00114687 0.0130997 0.0199853
FixedParameters: 0 0 0

#Transform 172
Transform: AffineTransform_float_3_3
Parameters: 1 -8.59195e-05 -0.000113061 8.60804e-05 0.999999 0.00071199 0.000112939 -0.000712009 0.999999 0.00138604 -0.00426036 -0.00449511
FixedParameters: 0 0 0

#Transform 173
Transform: AffineTransform_float_3_3
Parameters: 1 -2.19363e-05 -0.000113012 2.20637e-05 1 0.000563997 0.000112988 -0.000564002 1 0.000398637 0.021894 -0.0142791
FixedParameters: 0 0 0

#Transform 174
Transform: AffineTransform_float_3_3
Parameters: 1 0.000179061 -0.00018394 -0.000178939 1 0.000334033 0.00018406 -0.000333967 1 -0.00232431 0.00346714 -0.0178861
FixedParameters: 0 0 0

#Transform 175
Transform: AffineTransform_float_3_3
Parameters: 1 4.30993e-05 -0.000112962 -4.39006e-05 0.999999 0.000879004 0.000113039 -0.000878994 0.999999 -0.00784085 -0.0219994 -0.00937604
FixedParameters: 0 0 0

#Transform 176
Transform: AffineTransform_float_3_3
Parameters: 1 0.000179144 -0.000245895 -0.000178856 1 0.000585044 0.000246105 -0.000585956 1 -0.00814469 0.00499474 -0.0140366
FixedParameters: 0 0 0

#Transform 177
Transform: AffineTransform_float_3_3
Parameters: 1 0.000179035 -0.000112944 -0.000178965 1 0.00031002 0.000113055 -0.00030998 1 -0.0026653 0.0168056 -0.0392483
FixedParameters: 0 0 0

#Transform 178
Transform: AffineTransform_float_3_3
Parameters: 1 0.000179133 -0.00011279 -0.000178867 1 0.00117402 0.00011321 -0.00117398 1 -0.00267181 0.00226934 -0.00472348
FixedParameters: 0 0 0

#Transform 179
Transform: AffineTransform_float_3_3
Parameters: 1 0.000179043 -0.000112931 -0.000178957 1 0.00038302 0.000113069 -0.00038298 1 -0.0105938 0.00596665 -0.0252734
FixedParameters: 0 0 0

#Transform 180
Transform: AffineTransform_float_3_3
Parameters: 1 0.000179042 -0.000112933 -0.000178957 1 0.00037602 0.000113067 -0.00037598 1 -0.00948658 0.0213731 -0.0295696
FixedParameters: 0 0 0

#Transform 181
Transform: AffineTransform_float_3_3
Parameters: 1 0.000179106 -0.000112832 -0.000178894 0.999999 0.000940019 0.000113168 -0.000939979 0.999999 -0.00267119 0.0033354 -0.00847269
FixedParameters: 0 0 0

#Transform 182
Transform: AffineTransform_float_3_3
Parameters: 1 0.00017916 -0.000112747 -0.00017884 0.999999 0.00141402 0.000113253 -0.00141398 0.999999 -0.00267242 0.00114575 -0.0011067
FixedParameters: 0 0 0

#Transform 183
Transform: AffineTransform_float_3_3
Parameters: 1 0.000179056 -0.000112911 -0.000178944 1 0.00049602 0.000113089 -0.00049598 1 -0.00266235 0.0440351 -0.0222548
FixedParameters: 0 0 0

#Transform 184
Transform: AffineTransform_float_3_3
Parameters: 1 0.000179081 -0.000112872 -0.000178919 0.999999 0.00071502 0.000113128 -0.000714979 0.999999 -0.0123137 0.0129079 -0.0329655
FixedParameters: 0 0 0

#Transform 185
Transform: AffineTransform_float_3_3
Parameters: 1 7.3314e-05 -0.000295922 -7.26859e-05 1 0.00106102 0.000296077 -0.00106098 1 -0.000205589 -0.00279581 -0.00904455
FixedParameters: 0 0 0

#Transform 186
Transform: AffineTransform_float_3_3
Parameters: 1 0.000179099 -0.000184905 -0.000178901 1 0.000533033 0.000185095 -0.000532967 1 -0.0107909 -0.00877679 -0.0205035
FixedParameters: 0 0 0

#Transform 187
Transform: AffineTransform_float_3_3
Parameters: 1 0.000179168 -0.000208856 -0.000178832 0.999999 0.000803037 0.000209144 -0.000802962 0.999999 -0.00221721 0.0148334 -0.0126948
FixedParameters: 0 0 0

#Transform 188
Transform: AffineTransform_float_3_3
Parameters: 1 0.000179031 -0.000112951 -0.000178969 1 0.00027202 0.000113049 -0.00027198 1 -0.00266932 0.00917205 -0.0158353
FixedParameters: 0 0 0

#Transform 189
Transform: AffineTransform_float_3_3
Parameters: 1 0.000110029 -0.000112972 -0.000109971 1 0.000257012 0.000113028 -0.000256988 1 -0.00160867 0.0229571 -0.00755167
FixedParameters: 0 0 0

#Transform 190
Transform: AffineTransform_float_3_3
Parameters: 1 0.000179065 -0.000112897 -0.000178935 1 0.00057702 0.000113103 -0.00057698 1 -0.00268315 -0.00358003 -0.00207651
FixedParameters: 0 0 0

#Transform 191
Transform: AffineTransform_float_3_3
Parameters: 1 0.000179066 -0.000112896 -0.000178934 1 0.00058202 0.000113104 -0.00058198 1 -0.00267326 -0.00248625 0.000573904
FixedParameters: 0 0 0

#Transform 192
Transform: AffineTransform_float_3_3
Parameters: 1 0.00017903 -0.000112953 -0.00017897 1 0.00026402 0.000113047 -0.00026398 1 -0.00267516 -0.00777708 0.00899581
FixedParameters: 0 0 0

#Transform 193
Transform: AffineTransform_float_3_3
Parameters: 0.999999 0.000610199 -0.000473743 -0.0006098 0.999999 0.000421289 0.000474256 -0.000420711 1 -0.0113574 0.0167834 0.0748718
FixedParameters: 0 0 0

#Transform 194
Transform: AffineTransform_float_3_3
Parameters: 1 0.000452128 -0.000384849 -0.000451871 1 0.000334174 0.000385151 -0.000333826 1 -0.00565407 0.0276833 0.0721325
FixedParameters: 0 0 0

#Transform 195
Transform: AffineTransform_float_3_3
Parameters: 0.999999 0.000538661 -0.000551354 -0.000537339 0.999999 0.0011993 0.000551644 -0.0011987 0.999999 -0.00621089 0.0130856 0.104073
FixedParameters: 0 0 0

#Transform 196
Transform: AffineTransform_float_3_3
Parameters: 0.999999 0.000612419 -0.000460444 -0.000611581 1 0.000908283 0.000461556 -0.000908718 1 -0.00780772 0.0144442 0.0799374
FixedParameters: 0 0 0

#Transform 197
Transform: AffineTransform_float_3_3
Parameters: 1 0.000565438 -0.000416405 -0.000564562 1 0.00105224 0.000416594 -0.00105177 1 -0.00723704 0.0322745 0.0455257
FixedParameters: 0 0 0

#Transform 198
Transform: AffineTransform_float_3_3
Parameters: 0.999999 0.000541541 -0.000460364 -0.000540458 0.999999 0.00117425 0.000461635 -0.00117375 0.999999 -0.00665664 0.0176593 0.0863262
FixedParameters: 0 0 0

#Transform 199
Transform: AffineTransform_float_3_3
Parameters: 1 0.00053329 -0.000437646 -0.000532709 0.999999 0.000663233 0.000438353 -0.000662766 0.999999 -0.00665722 0.0155765 0.0711801
FixedParameters: 0 0 0

#Transform 200
Transform: AffineTransform_float_3_3
Parameters: 1 0.000538129 -0.000260734 -0.000537871 0.999999 0.00049414 0.000260266 -0.00049386 1 -0.00763719 0.0322643 0.0495758
FixedParameters: 0 0 0

#Transform 201
Transform: AffineTransform_float_3_3
Parameters: 1 0.000360627 -0.000510558 -0.000360374 0.999999 0.00122718 0.000510442 -0.00122682 0.999999 -0.000434228 -0.0153566 0.0524947
FixedParameters: 0 0 0

#Transform 202
Transform: AffineTransform_float_3_3
Parameters: 0.999999 0.000586553 -0.00042624 -0.000585447 0.999999 0.00129625 0.00042676 -0.00129675 0.999999 -0.00980682 0.00704993 0.0800913
FixedParameters: 0 0 0

#Transform 203
Transform: AffineTransform_float_3_3
Parameters: 0.999999 0.000729357 -0.000373302 -0.000728643 1 0.000957273 0.000373697 -0.000956728 1 -0.0100493 0.0455265 0.038693
FixedParameters: 0 0 0

#Transform 204
Transform: AffineTransform_float_3_3
Parameters: 1 0.000403115 -0.000279835 -0.000402885 1 0.000410113 0.000280165 -0.000409887 1 -0.00542571 0.0170256 0.0526848
FixedParameters: 0 0 0

#Transform 205
Transform: AffineTransform_float_3_3
Parameters: 1 0.00042533 -0.000396646 -0.00042467 0.999999 0.000832168 0.000396353 -0.000831831 0.999999 -0.00519247 0.0147772 0.0617374
FixedParameters: 0 0 0

#Transform 206
Transform: AffineTransform_float_3_3
Parameters: 1 0.000596273 -0.000344526 -0.000595726 0.999999 0.000794205 0.000344473 -0.000793794 0.999999 -0.00806767 -0.00153379 0.0718123
FixedParameters: 0 0 0

#Transform 207
Transform: AffineTransform_float_3_3
Parameters: 1 0.000460255 -0.000465747 -0.000459744 0.999999 0.000549214 0.000465252 -0.000548786 0.999999 -0.00545874 0.0225194 0.0747371
FixedParameters: 0 0 0

#Transform 208
Transform: AffineTransform_float_3_3
Parameters: 1 0.000522676 -0.000475258 -0.000521325 0.999999 0.00142025 0.000475741 -0.00142075 0.999999 -0.00629459 0.0352104 0.117935
FixedParameters: 0 0 0

#Transform 209
Transform: AffineTransform_float_3_3
Parameters: 1 0.000440081 -0.000112682 -0.000439918 0.999999 0.000722049 0.000113318 -0.00072195 0.999999 -0.00680018 0.0453725 0.0593972
FixedParameters: 0 0 0

#Transform 210
Transform: AffineTransform_float_3_3
Parameters: 0.999999 0.000644276 -0.000340479 -0.000643724 1 0.000808219 0.000341521 -0.00080878 0.999999 -0.0110654 0.0202765 0.041599
FixedParameters: 0 0 0

#Transform 211
Transform: AffineTransform_float_3_3
Parameters: 1 0.000538137 -0.000112347 -0.000537863 0.999999 0.00121306 0.000113653 -0.00121294 1 -0.00828695 0.00176688 0.065154
FixedParameters: 0 0 0

#Transform 212
Transform: AffineTransform_float_3_3
Parameters: 1 0.00060531 -0.000303382 -0.00060469 1 0.00102118 0.000303618 -0.00102082 1 -0.00839583 0.0131409 0.0376917
FixedParameters: 0 0 0

#Transform 213
Transform: AffineTransform_float_3_3
Parameters: 1 0.000433414 -0.000361504 -0.000432585 1 0.00114516 0.000362496 -0.00114484 1 -0.0105103 0.0222939 0.077595
FixedParameters: 0 0 0

#Transform 214
Transform: AffineTransform_float_3_3
Parameters: 1 0.000581365 -0.00034138 -0.000580636 1 0.0010672 0.00034162 -0.0010678 1 -0.0078852 0.0417005 0.0763529
FixedParameters: 0 0 0

#Transform 215
Transform: AffineTransform_float_3_3
Parameters: 0.999999 0.000704433 -0.00026485 -0.000704566 0.999998 0.00163219 0.000266151 -0.00163281 0.999998 -0.0101677 0.0266969 0.0850319
FixedParameters: 0 0 0

#Transform 216
Transform: AffineTransform_float_3_3
Parameters: 1 0.000566327 -0.000292368 -0.000565674 0.999999 0.00111617 0.000292631 -0.00111584 1 -0.0110047 0.0175696 0.0859157
FixedParameters: 0 0 0

#Transform 217
Transform: AffineTransform_float_3_3
Parameters: 1 0.000577273 -0.000255384 -0.000576728 1 0.00106715 0.000255616 -0.00106785 1 -0.00825023 0.0262662 0.0763767
FixedParameters: 0 0 0

#Transform 218
Transform: AffineTransform_float_3_3
Parameters: 1 0.000548403 -0.000294251 -0.000548596 0.999999 0.00136716 0.00029575 -0.00136684 0.999999 -0.00540268 0.00799181 0.0556565
FixedParameters: 0 0 0

#Transform 219
Transform: AffineTransform_float_3_3
Parameters: 1 0.000435472 -0.000303323 -0.000435528 0.999998 0.00155613 0.000303678 -0.00155587 0.999998 -0.00588853 0.0128793 0.0790737
FixedParameters: 0 0 0

#Transform 220
Transform: AffineTransform_float_3_3
Parameters: 0.999999 0.000623363 -0.000391423 -0.000623638 1 0.000926245 0.000391578 -0.000925757 1 -0.00592519 0.0214952 0.0300382
FixedParameters: 0 0 0

#Transform 221
Transform: AffineTransform_float_3_3
Parameters: 1 0.000591389 -0.00037639 -0.000590612 1 0.00103222 0.00037661 -0.00103178 1 -0.00788312 0.0209341 0.0591102
FixedParameters: 0 0 0

#Transform 222
Transform: AffineTransform_float_3_3
Parameters: 0.999999 0.000581701 -0.00069141 -0.000580298 1 0.0010144 0.000692589 -0.0010136 0.999999 -0.00860447 0.0210208 0.0754846
FixedParameters: 0 0 0

#Transform 223
Transform: AffineTransform_float_3_3
Parameters: 1 0.00059614 -0.000112257 -0.000595859 0.999999 0.00124607 0.000113743 -0.00124593 0.999999 -0.00918743 0.0199217 0.0791468
FixedParameters: 0 0 0

#Transform 224
Transform: AffineTransform_float_3_3
Parameters: 1 0.000561102 -0.000112492 -0.000560898 1 0.000906063 0.000113508 -0.000905936 0.999999 -0.0135312 0.0216031 0.0903522
FixedParameters: 0 0 0

#Transform 225
Transform: AffineTransform_float_3_3
Parameters: 1 0.000517102 -0.000112532 -0.000516898 1 0.000905058 0.000113468 -0.000904941 0.999999 -0.00800306 0.019111 0.0738753
FixedParameters: 0 0 0

#Transform 226
Transform: AffineTransform_float_3_3
Parameters: 1 0.000415087 -0.00011268 -0.000414913 0.999999 0.000770046 0.000113319 -0.000769953 0.999999 0.00024331 -0.00246516 0.0921484
FixedParameters: 0 0 0

#Transform 227
Transform: AffineTransform_float_3_3
Parameters: 1 0.000413031 -0.000112888 -0.000412969 1 0.000272047 0.000113112 -0.000271953 1 -0.00630741 0.0454456 0.0843944
FixedParameters: 0 0 0

#Transform 228
Transform: AffineTransform_float_3_3
Parameters: 1 0.000394039 -0.000112865 -0.000393961 1 0.000342044 0.000113135 -0.000341955 1 -0.00608464 0.0392475 0.0955599
FixedParameters: 0 0 0

#Transform 229
Transform: AffineTransform_float_3_3
Parameters: 1 0.000358085 -0.00011273 -0.000357915 0.999999 0.00075404 0.00011327 -0.000753959 0.999999 -0.00196887 0.0298602 0.0647999
FixedParameters: 0 0 0

#Transform 230
Transform: AffineTransform_float_3_3
Parameters: 1 0.000179089 -0.000112859 -0.000178911 0.999999 0.00078602 0.000113141 -0.000785979 0.999999 -0.00267565 0.0426244 0.0931666
FixedParameters: 0 0 0

#Transform 231
Transform: AffineTransform_float_3_3
Parameters: 1 0.000394032 -0.000112887 -0.000393967 1 0.000287044 0.000113113 -0.000286955 1 -0.00609075 0.0484191 0.066607
FixedParameters: 0 0 0

#Transform 232
Transform: AffineTransform_float_3_3
Parameters: 1 0.000507174 -0.000201563 -0.000506826 1 0.000862102 0.000202437 -0.000861898 0.999999 -0.0073707 0.0365212 0.0786709
FixedParameters: 0 0 0

#Transform 233
Transform: AffineTransform_float_3_3
Parameters: 1 0.000362188 -0.00019365 -0.000361813 1 0.000967071 0.00019335 -0.000966931 1 -0.00258295 0.0165769 0.0797935
FixedParameters: 0 0 0

#Transform 234
Transform: AffineTransform_float_3_3
Parameters: 1 0.000179363 -0.000318796 -0.000178637 1 0.00113906 0.000319204 -0.00113894 1 -0.00174495 0.0139067 0.110418
FixedParameters: 0 0 0

#Transform 235
Transform: AffineTransform_float_3_3
Parameters: 1 0.000434064 -0.000112753 -0.000433935 0.999999 0.000570049 0.000113247 -0.000569951 1 -0.00666843 0.0361467 0.0754157
FixedParameters: 0 0 0

#Transform 236
Transform: AffineTransform_float_3_3
Parameters: 1 0.000179058 -0.000112908 -0.000178942 1 0.00051602 0.000113092 -0.00051598 1 -0.00266245 0.0332291 0.067726
FixedParameters: 0 0 0

#Transform 237
Transform: AffineTransform_float_3_3
Parameters: 1 0.000472042 -0.000112825 -0.000471958 1 0.000371053 0.000113175 -0.000370947 1 -0.00724765 0.0204272 0.088746
FixedParameters: 0 0 0

#Transform 238
Transform: AffineTransform_float_3_3
Parameters: 1 0.00051512 -0.000112452 -0.00051488 1 0.00106306 0.000113547 -0.00106294 0.999999 -0.00791301 0.0247262 0.0952559
FixedParameters: 0 0 0

#Transform 239
Transform: AffineTransform_float_3_3
Parameters: 1 0.000537057 -0.000112729 -0.000536943 0.999999 0.00050406 0.000113271 -0.000503939 1 -0.00825262 0.0324412 0.108914
FixedParameters: 0 0 0

#Transform 240
Transform: AffineTransform_float_3_3
Parameters: 1 0.000454104 -0.000209776 -0.000453896 1 0.000494095 0.000210224 -0.000493904 1 -0.00652015 0.0561884 0.0823946
FixedParameters: 0 0 0

#Transform 241
Transform: AffineTransform_float_3_3
Parameters: 1 0.000572 4.95352e-07 -0.000572 1 0.000866 4.95352e-07 -0.000866 0.999999 -0.00939773 0.0454576 0.10204
FixedParameters: 0 0 0

#Transform 242
Transform: AffineTransform_float_3_3
Parameters: 1 0.00046411 -0.000112547 -0.00046489 1 0.000977053 0.000113454 -0.000976948 1 -0.0072071 0.0185435 0.0875956
FixedParameters: 0 0 0

#Transform 243
Transform: AffineTransform_float_3_3
Parameters: 1 0.000557246 -0.000189277 -0.000556754 0.999999 0.00129811 0.000189723 -0.00129789 0.999999 -0.00822439 0.0336523 0.0929755
FixedParameters: 0 0 0

#Transform 244
Transform: AffineTransform_float_3_3
Parameters: 1 0.000493947 5.74609e-05 -0.000493053 1 0.000932973 -5.654e-05 -0.000933029 1 -0.00834335 0.0404561 0.103163
FixedParameters: 0 0 0

#Transform 245
Transform: AffineTransform_float_3_3
Parameters: 1 0.000546122 -0.000112411 -0.000545878 1 0.00107906 0.000113589 -0.00107894 1 -0.00841733 0.0376665 0.105288
FixedParameters: 0 0 0

#Transform 246
Transform: AffineTransform_float_3_3
Parameters: 1 0.00068314 -0.000112152 -0.00068286 0.999999 0.00124108 0.000112847 -0.00124092 0.999999 -0.0126464 0.0166727 0.107669
FixedParameters: 0 0 0

#Transform 247
Transform: AffineTransform_float_3_3
Parameters: 1 0.000659105 -5.26957e-05 -0.000658894 0.999998 0.00197903 5.4304e-05 -0.00197896 0.999998 -0.00793919 0.0234881 0.0872623
FixedParameters: 0 0 0

#Transform 248
Transform: AffineTransform_float_3_3
Parameters: 1 0.000442199 -0.000112218 -0.000441801 0.999999 0.00176905 0.000112782 -0.00176895 0.999999 -0.00672525 0.0504283 0.0839902
FixedParameters: 0 0 0

#Transform 249
Transform: AffineTransform_float_3_3
Parameters: 1 0.000592091 -5.19769e-05 -0.000592909 0.999999 0.00172803 5.30246e-05 -0.00172797 0.999998 -0.00542474 0.0240313 0.112145
FixedParameters: 0 0 0

#Transform 250
Transform: AffineTransform_float_3_3
Parameters: 1 0.000410029 -1.31332e-05 -0.000409971 0.999997 0.002114 1.38667e-05 -0.00211399 0.999998 -0.00671118 0.020409 0.118221
FixedParameters: 0 0 0

#Transform 251
Transform: AffineTransform_float_3_3
Parameters: 1 0.000574926 6.96169e-05 -0.000575074 1 0.00107296 -6.83829e-05 -0.00107304 0.999999 -0.00975108 0.0538514 0.0917963
FixedParameters: 0 0 0

#Transform 252
Transform: AffineTransform_float_3_3
Parameters: 1 0.000392033 -2.44833e-05 -0.000391967 0.999999 0.00131801 2.55166e-05 -0.00131799 0.999999 -0.00400851 0.0430171 0.105666
FixedParameters: 0 0 0

#Transform 253
Transform: AffineTransform_float_3_3
Parameters: 1 0.000352176 -0.00011245 -0.000351823 0.999998 0.00156104 0.000113549 -0.00156096 0.999999 -0.00539328 0.0221508 0.0767968
FixedParameters: 0 0 0

#Transform 254
Transform: AffineTransform_float_3_3
Parameters: 1 0.000501206 -0.000112082 -0.000500794 0.999998 0.00183106 0.000112917 -0.00183094 0.999999 -0.00773469 0.0196532 0.11381
FixedParameters: 0 0 0

#Transform 255
Transform: AffineTransform_float_3_3
Parameters: 1 0.00042722 -0.000112164 -0.00042678 0.999998 0.00195705 0.000112835 -0.00195695 0.999998 -0.00654188 0.00468111 0.149854
FixedParameters: 0 0 0

#Transform 256
Transform: AffineTransform_float_3_3
Parameters: 1 0.000445122 -0.000112519 -0.000444878 1 0.00108105 0.000113481 -0.00108095 1 -0.00689458 0.0505397 0.120318
FixedParameters: 0 0 0

#Transform 257
Transform: AffineTransform_float_3_3
Parameters: 1 0.000178829 9.93082e-05 -0.00017817 0.999998 0.00172298 -9.86931e-05 -0.00172302 0.999998 -0.00370934 0.0188041 0.146093
FixedParameters: 0 0 0

#Transform 258
Transform: AffineTransform_float_3_3
Parameters: 1 0.000356858 7.36917e-05 -0.000357141 0.999998 0.00193797 -7.2308e-05 -0.00193803 0.999998 -0.00372583 0.0315541 0.149403
FixedParameters: 0 0 0

#Transform 259
Transform: AffineTransform_float_3_3
Parameters: 1 0.000541916 5.09034e-05 -0.000542084 0.999998 0.00166697 -5.00964e-05 -0.00166703 0.999998 -0.00551444 0.0303831 0.100478
FixedParameters: 0 0 0

#Transform 260
Transform: AffineTransform_float_3_3
Parameters: 1 0.000514846 9.9796e-05 -0.000515154 0.999998 0.00154595 -9.92036e-05 -0.00154605 0.999999 -0.00648385 0.0601131 0.157436
FixedParameters: 0 0 0

#Transform 261
Transform: AffineTransform_float_3_3
Parameters: 1 0.000407194 -0.000112299 -0.000406805 0.999999 0.00172105 0.0001137 -0.00172095 0.999998 -0.00628463 0.0689464 0.184937
FixedParameters: 0 0 0

#Transform 262
Transform: AffineTransform_float_3_3
Parameters: 1 0.000330198 -0.00011242 -0.000330801 0.999999 0.00175604 0.000113581 -0.00175596 0.999999 -0.0051358 0.0379248 0.191802
FixedParameters: 0 0 0

#Transform 263
Transform: AffineTransform_float_3_3
Parameters: 1 0.00045278 0.00011388 -0.000453221 0.999998 0.00194295 -0.00011312 -0.00194305 0.999998 -0.00811854 0.0230904 0.207247
FixedParameters: 0 0 0

#Transform 264
Transform: AffineTransform_float_3_3
Parameters: 1 0.000387184 -9.32374e-05 -0.000386816 0.999998 0.00197004 9.37622e-05 -0.00196996 0.999998 -0.00604124 0.0241861 0.22479
FixedParameters: 0 0 0

#Transform 265
Transform: AffineTransform_float_3_3
Parameters: 1 0.000179336 -0.000175658 -0.000178666 0.999998 0.00190903 0.000175341 -0.00190897 0.999998 -0.00244737 0.0327788 0.237636
FixedParameters: 0 0 0

#Transform 266
Transform: AffineTransform_float_3_3
Parameters: 1 0.000456714 0.000147886 -0.000457286 0.999998 0.00193893 -0.000147114 -0.00193907 0.999998 -0.00371552 0.03724 0.218721
FixedParameters: 0 0 0

#Transform 267
Transform: AffineTransform_float_3_3
Parameters: 1 0.000466774 0.00012187 -0.000467227 0.999998 0.00186394 -0.000121129 -0.00186406 0.999999 -0.00605335 0.0375201 0.21519
FixedParameters: 0 0 0

#Transform 268
Transform: AffineTransform_float_3_3
Parameters: 1 0.000393725 0.000204531 -0.000394276 0.999999 0.00134792 -0.000204469 -0.00134808 0.999999 -0.00759368 0.0254959 0.193896
FixedParameters: 0 0 0

#Transform 269
Transform: AffineTransform_float_3_3
Parameters: 1 0.000395798 9.18766e-05 -0.000395201 0.999998 0.00221397 -9.01253e-05 -0.00221404 0.999998 -0.00699802 0.0264799 0.226788
FixedParameters: 0 0 0

#Transform 270
Transform: AffineTransform_float_3_3
Parameters: 1 0.000473723 0.000153854 -0.000474277 0.999999 0.00180293 -0.000153145 -0.00180307 0.999999 -0.00861076 0.0260462 0.210395
FixedParameters: 0 0 0

#Transform 271
Transform: AffineTransform_float_3_3
Parameters: 1 0.00048895 2.30826e-05 -0.00048905 0.999998 0.00221399 -2.19173e-05 -0.00221401 0.999997 -0.00817656 0.0595733 0.195722
FixedParameters: 0 0 0

#Transform 272
Transform: AffineTransform_float_3_3
Parameters: 1 0.000548853 0.000114708 -0.000549146 0.999999 0.00128894 -0.000113292 -0.00128906 0.999999 -0.00951383 0.049029 0.195784
FixedParameters: 0 0 0

#Transform 273
Transform: AffineTransform_float_3_3
Parameters: 1 0.000481687 0.000142067 -0.000482313 0.999998 0.00221393 -0.000140932 -0.00221407 0.999997 -0.00863935 0.0516299 0.225144
FixedParameters: 0 0 0

#Transform 274
Transform: AffineTransform_float_3_3
Parameters: 1 0.00050707 -4.41978e-05 -0.000506929 0.999998 0.00158202 4.4802e-05 -0.00158198 0.999998 -0.00511706 0.0286566 0.199814
FixedParameters: 0 0 0

#Transform 275
Transform: AffineTransform_float_3_3
Parameters: 1 0.000527862 8.38694e-05 -0.000528137 0.999998 0.00164695 -8.31302e-05 -0.00164704 0.999998 -0.0067655 0.0325359 0.214944
FixedParameters: 0 0 0

#Transform 276
Transform: AffineTransform_float_3_3
Parameters: 1 0.000397868 7.96633e-05 -0.000398131 0.999998 0.00166697 -7.83364e-05 -0.00166703 0.999998 -0.00353501 0.0271822 0.217146
FixedParameters: 0 0 0

#Transform 277
Transform: AffineTransform_float_3_3
Parameters: 1 0.00052195 3.08503e-05 -0.000522049 0.999998 0.00162898 -3.01496e-05 -0.00162901 0.999998 -0.00884912 0.0473281 0.233114
FixedParameters: 0 0 0

#Transform 278
Transform: AffineTransform_float_3_3
Parameters: 1 0.000425976 1.19044e-05 -0.000426024 0.999997 0.00212299 -1.10956e-05 -0.002123 0.999997 -0.00435456 0.0157629 0.202987
FixedParameters: 0 0 0

#Transform 279
Transform: AffineTransform_float_3_3
Parameters: 0.999999 0.000656491 0.000267254 -0.000656509 0.999998 0.00190983 -0.000265746 -0.00191018 0.999998 -0.00800553 0.00542759 0.216799
FixedParameters: 0 0 0

#Transform 280
Transform: AffineTransform_float_3_3
Parameters: 1 0.000559884 5.71445e-05 -0.000560115 0.999998 0.00204397 -5.58552e-05 -0.00204403 0.999998 -0.0095093 0.0338515 0.215885
FixedParameters: 0 0 0

#Transform 281
Transform: AffineTransform_float_3_3
Parameters: 1 0.000362609 0.000165858 -0.000363392 0.999997 0.00236594 -0.000165141 -0.00236606 0.999997 -0.00693342 0.0554239 0.211755
FixedParameters: 0 0 0

#Transform 282
Transform: AffineTransform_float_3_3
Parameters: 1 0.000401823 9.07877e-05 -0.000401176 0.999998 0.00195996 -8.92139e-05 -0.00196004 0.999998 -0.00710878 0.0433847 0.229118
FixedParameters: 0 0 0

#Transform 283
Transform: AffineTransform_float_3_3
Parameters: 1 0.000353407 0.000267785 -0.000354594 0.999998 0.00221991 -0.000267214 -0.0022201 0.999998 -0.00735709 0.0522562 0.238724
FixedParameters: 0 0 0

#Transform 284
Transform: AffineTransform_float_3_3
Parameters: 1 0.000424913 3.50717e-05 -0.000425087 0.999996 0.00252198 -3.3928e-05 -0.00252201 0.999997 -0.00733703 0.0449936 0.263514
FixedParameters: 0 0 0

#Transform 285
Transform: AffineTransform_float_3_3
Parameters: 1 0.000446765 0.000113923 -0.000447234 0.999998 0.00206595 -0.000113076 -0.00206605 0.999998 -0.00798952 0.0304609 0.216259
FixedParameters: 0 0 0

#Transform 286
Transform: AffineTransform_float_3_3
Parameters: 1 0.000571561 0.000206218 -0.000572437 0.999997 0.00213088 -0.00020478 -0.00213112 0.999997 -0.00791083 0.0413786 0.251769
FixedParameters: 0 0 0

#Transform 287
Transform: AffineTransform_float_3_3
Parameters: 1 0.000481818 8.40505e-05 -0.000482182 0.999998 0.00217996 -8.2949e-05 -0.00218004 0.999997 -0.00619842 0.0628819 0.248896
FixedParameters: 0 0 0

#Transform 288
Transform: AffineTransform_float_3_3
Parameters: 1 0.000367003 -1.33169e-06 -0.000366998 0.999999 0.001821 1.66831e-06 -0.001821 0.999999 -0.000230369 0.0411216 0.252107
FixedParameters: 0 0 0

#Transform 289
Transform: AffineTransform_float_3_3
Parameters: 1 0.000368914 3.98047e-05 -0.000369086 0.999997 0.00218098 -3.91951e-05 -0.00218101 0.999997 -0.0065076 0.0275285 0.253679
FixedParameters: 0 0 0

#Transform 290
Transform: AffineTransform_float_3_3
Parameters: 1 0.000526681 0.000190883 -0.00052632 0.999999 0.0016759 -0.000190118 -0.0016761 0.999999 -0.00952919 0.0384287 0.232237
FixedParameters: 0 0 0

#Transform 291
Transform: AffineTransform_float_3_3
Parameters: 1 0.000179489 -0.000209582 -0.000178512 0.999998 0.00233304 0.000209417 -0.00233296 0.999998 -0.00230445 0.04081 0.268506
FixedParameters: 0 0 0

#Transform 292
Transform: AffineTransform_float_3_3
Parameters: 1 0.000512838 8.30084e-05 -0.000513162 0.999998 0.00196596 -8.19913e-05 -0.00196604 0.999998 -0.00882794 0.0564305 0.224003
FixedParameters: 0 0 0

#Transform 293
Transform: AffineTransform_float_3_3
Parameters: 1 0.000556997 2.01262e-06 -0.000557003 0.999998 0.001818 -9.8737e-07 -0.001818 0.999999 -0.00290476 0.031899 0.241546
FixedParameters: 0 0 0

#Transform 294
Transform: AffineTransform_float_3_3
Parameters: 1 0.000575279 -0.000127752 -0.000575721 0.999998 0.00217007 0.00012925 -0.00216993 0.999997 -0.00454421 0.0268166 0.244921
FixedParameters: 0 0 0

#Transform 295
Transform: AffineTransform_float_3_3
Parameters: 1 0.000497369 -0.000189031 -0.000496631 0.999998 0.00194909 0.000189968 -0.00194891 0.999998 -0.007291 0.0456157 0.240195
FixedParameters: 0 0 0

#Transform 296
Transform: AffineTransform_float_3_3
Parameters: 1 0.000531296 -0.000186157 -0.000530704 0.999998 0.0015871 0.000186842 -0.0015869 0.999998 -0.00781252 0.0600957 0.232641
FixedParameters: 0 0 0

#Transform 297
Transform: AffineTransform_float_3_3
Parameters: 0.999999 0.000711908 6.69832e-05 -0.000711092 0.999999 0.00138095 -6.6018e-05 -0.00138105 0.999999 -0.0118038 0.0329769 0.231053
FixedParameters: 0 0 0

#Transform 298
Transform: AffineTransform_float_3_3
Parameters: 1 0.00061713 -5.04308e-05 -0.000617868 0.999996 0.00254303 5.25714e-05 -0.00254297 0.999997 -0.00986955 0.0306182 0.27087
FixedParameters: 0 0 0

#Transform 299
Transform: AffineTransform_float_3_3
Parameters: 1 0.000610054 -3.19934e-05 -0.000609947 0.999999 0.00165002 3.30064e-05 -0.00164998 0.999998 -0.00980086 0.0642768 0.259055
FixedParameters: 0 0 0

#Transform 300
Transform: AffineTransform_float_3_3
Parameters: 1 0.000617132 -5.4519e-05 -0.000617868 0.999997 0.00240003 5.5483e-05 -0.00239997 0.999997 -0.00787386 0.0607153 0.277898
FixedParameters: 0 0 0

#Transform 301
Transform: AffineTransform_float_3_3
Parameters: 1 0.000521663 0.000172026 -0.000521337 0.999998 0.00196691 -0.000170975 -0.00196709 0.999998 -0.00611536 0.0466189 0.234002
FixedParameters: 0 0 0

#Transform 302
Transform: AffineTransform_float_3_3
Parameters: 1 0.000442929 3.98e-05 -0.000443072 0.999999 0.00180598 -3.91999e-05 -0.00180602 0.999999 -0.00759498 0.0310949 0.246944
FixedParameters: 0 0 0

#Transform 303
Transform: AffineTransform_float_3_3
Parameters: 1 0.00033009 -4.02709e-05 -0.000329911 0.999998 0.00220901 4.07289e-05 -0.00220899 0.999997 -0.00547809 0.02033 0.231433
FixedParameters: 0 0 0

#Transform 304
Transform: AffineTransform_float_3_3
Parameters: 1 0.000438016 -7.06397e-06 -0.000437984 0.999997 0.002137 7.93599e-06 -0.002137 0.999997 -0.00729825 0.061747 0.239641
FixedParameters: 0 0 0

#Transform 305
Transform: AffineTransform_float_3_3
Parameters: 1 0.000530909 5.98091e-05 -0.000531089 0.999998 0.00152397 -5.81907e-05 -0.00152403 0.999999 -0.00904345 0.0545879 0.219405
FixedParameters: 0 0 0

#Transform 306
Transform: AffineTransform_float_3_3
Parameters: 1 0.000393994 3.73362e-06 -0.000394007 0.999998 0.001862 -3.26637e-06 -0.001862 0.999999 -0.000600338 0.0316393 0.229586
FixedParameters: 0 0 0

#Transform 307
Transform: AffineTransform_float_3_3
Parameters: 1 0.000260526 -0.000206337 -0.000260475 0.999996 0.00254605 0.000206664 -0.00254594 0.999996 -0.00367433 0.0254861 0.278997
FixedParameters: 0 0 0

#Transform 308
Transform: AffineTransform_float_3_3
Parameters: 1 0.000473737 0.00011905 -0.000473263 0.999998 0.00221694 -0.000117951 -0.00221706 0.999997 -0.00567232 0.0686304 0.264915
FixedParameters: 0 0 0

#Transform 309
Transform: AffineTransform_float_3_3
Parameters: 1 0.000558046 -1.97562e-05 -0.000557956 0.999998 0.00222901 2.02437e-05 -0.00222899 0.999998 -0.0091618 0.0664623 0.265211
FixedParameters: 0 0 0

#Transform 310
Transform: AffineTransform_float_3_3
Parameters: 1 0.00049373 0.000161824 -0.000493269 0.999998 0.00166792 -0.000161177 -0.00166808 0.999998 -0.00888713 0.0501879 0.215597
FixedParameters: 0 0 0

#Transform 311
Transform: AffineTransform_float_3_3
Parameters: 1 0.000448067 -2.79485e-05 -0.000447933 0.999997 0.00234701 2.90514e-05 -0.00234699 0.999997 -0.00735539 0.0395318 0.233034
FixedParameters: 0 0 0

#Transform 312
Transform: AffineTransform_float_3_3
Parameters: 1 0.00046953 -0.000263055 -0.000469469 0.999998 0.00201312 0.000263945 -0.00201288 0.999998 -0.00656181 0.0624085 0.259899
FixedParameters: 0 0 0

#Transform 313
Transform: AffineTransform_float_3_3
Parameters: 1 0.000360267 -0.000148353 -0.000359734 0.999999 0.00179705 0.000148647 -0.00179695 0.999999 -0.00237852 0.0568912 0.251531
FixedParameters: 0 0 0

#Transform 314
Transform: AffineTransform_float_3_3
Parameters: 1 0.000602145 -7.4838e-05 -0.000602856 0.999998 0.00193005 7.51636e-05 -0.00192996 0.999998 -0.00549823 0.0629201 0.268712
FixedParameters: 0 0 0

#Transform 315
Transform: AffineTransform_float_3_3
Parameters: 1 0.000483065 -2.99677e-05 -0.000482935 0.999997 0.00213701 3.10321e-05 -0.00213698 0.999997 -0.00798849 0.0496923 0.231914
FixedParameters: 0 0 0

#Transform 316
Transform: AffineTransform_float_3_3
Parameters: 1 0.000565972 1.14501e-05 -0.000566029 0.999996 0.00256199 -1.05499e-05 -0.002562 0.999996 -0.00938752 0.0273303 0.238644
FixedParameters: 0 0 0

#Transform 317
Transform: AffineTransform_float_3_3
Parameters: 1 0.00055983 7.4294e-05 -0.00056017 0.999997 0.00231096 -7.27056e-05 -0.00231104 0.999998 -0.00955226 0.0610426 0.238713
FixedParameters: 0 0 0

#Transform 318
Transform: AffineTransform_float_3_3
Parameters: 1 0.000568874 9.47589e-05 -0.000569125 0.999999 0.00133395 -9.32408e-05 -0.00133405 0.999999 -0.0097928 0.0434303 0.231188
FixedParameters: 0 0 0

#Transform 319
Transform: AffineTransform_float_3_3
Parameters: 1 0.000550633 0.000231872 -0.000551366 0.999998 0.00158287 -0.000231127 -0.00158313 0.999998 -0.0102727 0.0374462 0.249497
FixedParameters: 0 0 0

#Transform 320
Transform: AffineTransform_float_3_3
Parameters: 1 0.000569637 0.000183132 -0.000570362 0.999998 0.0019869 -0.000181867 -0.0019871 0.999998 -0.0102979 0.038722 0.26976
FixedParameters: 0 0 0

#Transform 321
Transform: AffineTransform_float_3_3
Parameters: 1 0.000318135 -5.82685e-05 -0.000317866 0.999998 0.00230002 5.87313e-05 -0.00229998 0.999998 -0.00520149 0.0496003 0.276336
FixedParameters: 0 0 0

#Transform 322
Transform: AffineTransform_float_3_3
Parameters: 1 0.000398577 0.00018193 -0.000398424 0.999997 0.00233293 -0.000181071 -0.00233307 0.999998 -0.00330768 0.0607551 0.231961
FixedParameters: 0 0 0

#Transform 323
Transform: AffineTransform_float_3_3
Parameters: 0.999999 0.000579094 0.000489074 -0.000579905 0.999998 0.00185372 -0.000487926 -0.00185428 0.999998 -0.00958754 0.040023 0.26384
FixedParameters: 0 0 0

#Transform 324
Transform: AffineTransform_float_3_3
Parameters: 1 0.000399107 -4.09712e-05 -0.000398895 0.999996 0.00257801 4.10285e-05 -0.00257798 0.999996 -0.0065289 0.0392165 0.2782
FixedParameters: 0 0 0

#Transform 325
Transform: AffineTransform_float_3_3
Parameters: 1 0.000504792 0.000112934 -0.000505208 0.999998 0.00184994 -0.000112066 -0.00185006 0.999999 -0.00664699 0.0839599 0.257697
FixedParameters: 0 0 0

#Transform 326
Transform: AffineTransform_float_3_3
Parameters: 1 0.000179285 -0.000153669 -0.000178715 0.999999 0.00185003 0.000154331 -0.00184997 0.999999 -0.00253368 0.0631403 0.248792
FixedParameters: 0 0 0

#Transform 327
Transform: AffineTransform_float_3_3
Parameters: 1 0.00053677 0.000124993 -0.00053723 0.999998 0.00184993 -0.000124006 -0.00185007 0.999999 -0.00952403 0.0537017 0.217649
FixedParameters: 0 0 0

#Transform 328
Transform: AffineTransform_float_3_3
Parameters: 1 0.000428991 4.82839e-06 -0.000429009 0.999998 0.001931 -4.17159e-06 -0.001931 0.999998 -0.00725871 0.0539485 0.260787
FixedParameters: 0 0 0

#Transform 329
Transform: AffineTransform_float_3_3
Parameters: 1 0.000419271 -0.000148235 -0.000418729 0.999998 0.00182506 0.000148764 -0.00182494 0.999999 -0.00158764 0.0632713 0.268485
FixedParameters: 0 0 0

#Transform 330
Transform: AffineTransform_float_3_3
Parameters: 1 0.000179079 -5.07223e-05 -0.000178921 0.999999 0.00155101 5.12776e-05 -0.00155099 0.999999 -0.000164302 0.0645043 0.253185
FixedParameters: 0 0 0

#Transform 331
Transform: AffineTransform_float_3_3
Parameters: 1 0.000505597 0.000210968 -0.000505403 0.999998 0.00191389 -0.000210033 -0.00191411 0.999998 -0.00937178 0.0361236 0.250111
FixedParameters: 0 0 0

#Transform 332
Transform: AffineTransform_float_3_3
Parameters: 1 0.000613797 9.33456e-05 -0.000614205 0.999998 0.00219194 -9.26538e-05 -0.00219206 0.999997 -0.00778722 0.0539436 0.270971
FixedParameters: 0 0 0

#Transform 333
Transform: AffineTransform_float_3_3
Parameters: 1 0.000495881 5.99943e-05 -0.000496119 0.999998 0.00200497 -5.90054e-05 -0.00200503 0.999998 -0.00849925 0.0716618 0.242993
FixedParameters: 0 0 0

#Transform 334
Transform: AffineTransform_float_3_3
Parameters: 1 0.000358993 3.71979e-06 -0.000359007 0.999998 0.002005 -3.2802e-06 -0.002005 0.999998 -0.00374748 0.0475217 0.234031
FixedParameters: 0 0 0

#Transform 335
Transform: AffineTransform_float_3_3
Parameters: 1 0.000508805 0.000131754 -0.000509193 0.999999 0.00148193 -0.000130245 -0.00148207 0.999999 -0.00900459 0.0274407 0.257527
FixedParameters: 0 0 0

#Transform 336
Transform: AffineTransform_float_3_3
Parameters: 1 0.000383523 0.000285642 -0.000383476 0.999999 0.00167289 -0.000284359 -0.00167311 0.999999 -0.00782331 0.0597516 0.259481
FixedParameters: 0 0 0

#Transform 337
Transform: AffineTransform_float_3_3
Parameters: 1 0.000455397 -0.000216166 -0.000455603 0.999998 0.0018331 0.000216835 -0.0018329 0.999999 -0.00658716 0.0796499 0.259313
FixedParameters: 0 0 0

#Transform 338
Transform: AffineTransform_float_3_3
Parameters: 1 0.00053274 0.000165836 -0.00053226 0.999998 0.00156891 -0.000165165 -0.00156909 0.999999 -0.00955248 0.0557627 0.257609
FixedParameters: 0 0 0

#Transform 339
Transform: AffineTransform_float_3_3
Parameters: 1 0.000553099 -7.32528e-05 -0.000553901 0.999999 0.00135104 7.37484e-05 -0.00135096 0.999999 -0.00887476 0.0635075 0.289789
FixedParameters: 0 0 0

#Transform 340
Transform: AffineTransform_float_3_3
Parameters: 1 0.000622762 0.000126181 -0.000623238 0.999998 0.00189592 -0.000124819 -0.00189608 0.999998 -0.0107878 0.0632407 0.282222
FixedParameters: 0 0 0

#Transform 341
Transform: AffineTransform_float_3_3
Parameters: 1 0.000455982 1.36133e-05 -0.000456018 0.999999 0.00134499 -1.33867e-05 -0.00134501 0.999999 -0.00571653 0.0705889 0.253969
FixedParameters: 0 0 0

#Transform 342
Transform: AffineTransform_float_3_3
Parameters: 1 0.00052072 0.000127151 -0.00052028 0.999998 0.00220993 -0.00012585 -0.00221007 0.999997 -0.00916763 0.0532482 0.284658
FixedParameters: 0 0 0

#Transform 343
Transform: AffineTransform_float_3_3
Parameters: 1 0.000513671 0.000152114 -0.00051433 0.999997 0.00216792 -0.000151885 -0.00216808 0.999997 -0.00924238 0.0507864 0.283481
FixedParameters: 0 0 0

#Transform 344
Transform: AffineTransform_float_3_3
Parameters: 1 0.000423835 7.69131e-05 -0.000424165 0.999997 0.00215397 -7.60865e-05 -0.00215403 0.999997 -0.00759435 0.04689 0.293384
FixedParameters: 0 0 0

#Transform 345
Transform: AffineTransform_float_3_3
Parameters: 1 0.000540591 0.000190165 -0.000541408 0.999997 0.0021539 -0.000188834 -0.0021541 0.999997 -0.0098115 0.0780691 0.275024
FixedParameters: 0 0 0

#Transform 346
Transform: AffineTransform_float_3_3
Parameters: 1 0.000458086 -3.38572e-05 -0.000457914 0.999997 0.00249501 3.51426e-05 -0.00249498 0.999997 -0.00744609 0.0712053 0.26227
FixedParameters: 0 0 0

#Transform 347
Transform: AffineTransform_float_3_3
Parameters: 1 0.000558998 1.75465e-06 -0.000559002 0.999999 0.00135 -1.24535e-06 -0.00135 0.999999 -0.00689877 0.0704294 0.245494
FixedParameters: 0 0 0

#Transform 348
Transform: AffineTransform_float_3_3
Parameters: 1 0.000179553 -0.000205518 -0.000178449 0.999997 0.00268704 0.00020548 -0.00268697 0.999997 -0.00232359 0.0659054 0.283583
FixedParameters: 0 0 0

#Transform 349
Transform: AffineTransform_float_3_3
Parameters: 1 0.000609699 0.000199918 -0.0006103 0.999998 0.00150488 -0.000199082 -0.00150512 0.999999 -0.0109689 0.0453427 0.258082
FixedParameters: 0 0 0

#Transform 350
Transform: AffineTransform_float_3_3
Parameters: 1 0.000457828 8.6908e-05 -0.00045817 0.999998 0.00198296 -8.50916e-05 -0.00198304 0.999998 -0.00811853 0.0788301 0.265373
FixedParameters: 0 0 0

#Transform 351
Transform: AffineTransform_float_3_3
Parameters: 1 0.000436566 -0.00027711 -0.000435434 0.999998 0.00203912 0.000277888 -0.00203888 0.999998 -0.00594696 0.0608237 0.2436
FixedParameters: 0 0 0

#Transform 352
Transform: AffineTransform_float_3_3
Parameters: 1 0.000570256 -0.000131897 -0.000570744 0.999998 0.00193408 0.000133104 -0.00193392 0.999998 -0.00343899 0.047848 0.231981
FixedParameters: 0 0 0

#Transform 353
Transform: AffineTransform_float_3_3
Parameters: 1 0.000513021 -1.10822e-05 -0.00051298 0.999999 0.00178901 1.19177e-05 -0.001789 0.999999 -0.00464077 0.0265364 0.254471
FixedParameters: 0 0 0

#Transform 354
Transform: AffineTransform_float_3_3
Parameters: 1 0.000413759 0.000146682 -0.00041424 0.999998 0.00164794 -0.000145317 -0.00164806 0.999998 -0.0054241 0.0561886 0.249773
FixedParameters: 0 0 0

#Transform 355
Transform: AffineTransform_float_3_3
Parameters: 1 0.000444797 0.000127707 -0.000445203 0.999998 0.00158994 -0.000127292 -0.00159006 0.999998 -0.00493161 0.0617896 0.259304
FixedParameters: 0 0 0

#Transform 356
Transform: AffineTransform_float_3_3
Parameters: 1 0.00033599 5.62327e-06 -0.000336011 0.999998 0.001855 -5.37671e-06 -0.001855 0.999999 -0.00583131 0.0691529 0.284252
FixedParameters: 0 0 0

#Transform 357
Transform: AffineTransform_float_3_3
Parameters: 1 0.00017898 9.38339e-06 -0.000178019 0.999997 0.002142 -8.6187e-06 -0.002142 0.999997 -0.00331731 0.0615974 0.27632
FixedParameters: 0 0 0

#Transform 358
Transform: AffineTransform_float_3_3
Parameters: 1 0.000512126 -5.89118e-05 -0.000511873 0.999997 0.00212503 6.00878e-05 -0.00212497 0.999997 -0.00823598 0.0951636 0.288292
FixedParameters: 0 0 0

#Transform 359
Transform: AffineTransform_float_3_3
Parameters: 1 0.00052393 5.96204e-05 -0.000524069 0.999999 0.00118397 -5.83795e-05 -0.00118403 1 -0.00893263 0.0866867 0.265678
FixedParameters: 0 0 0

#Transform 360
Transform: AffineTransform_float_3_3
Parameters: 1 0.000435896 6.27236e-05 -0.000436102 0.999998 0.00165997 -6.12761e-05 -0.00166003 0.999998 -0.00757846 0.0754433 0.254621
FixedParameters: 0 0 0

#Transform 361
Transform: AffineTransform_float_3_3
Parameters: 1 0.000429162 -0.000114395 -0.000428839 0.999999 0.00141005 0.000114605 -0.00140995 0.999999 -0.00663595 0.0540987 0.277385
FixedParameters: 0 0 0

#Transform 362
Transform: AffineTransform_float_3_3
Parameters: 1 0.00053682 0.000108891 -0.00053718 0.999998 0.00165994 -0.000108108 -0.00166006 0.999998 -0.00940211 0.0410827 0.252899
FixedParameters: 0 0 0

#Transform 363
Transform: AffineTransform_float_3_3
Parameters: 1 0.000395242 -0.000145344 -0.000394759 0.999998 0.00166006 0.000145655 -0.00165994 0.999998 -0.00602272 0.0596299 0.281196
FixedParameters: 0 0 0

#Transform 364
Transform: AffineTransform_float_3_3
Parameters: 1 0.000395815 0.000111657 -0.000396185 0.999998 0.00165995 -0.000111342 -0.00166004 0.999998 -0.00716441 0.0672675 0.270803
FixedParameters: 0 0 0

#Transform 365
Transform: AffineTransform_float_3_3
Parameters: 1 0.000178716 0.000222229 -0.000178284 0.999999 0.00127996 -0.000221772 -0.00128004 0.999999 -0.00433685 0.0738127 0.258265
FixedParameters: 0 0 0

#Transform 366
Transform: AffineTransform_float_3_3
Parameters: 1 0.000299949 3.84026e-05 -0.000300051 0.999999 0.00134199 -3.75974e-05 -0.00134201 0.999999 -0.00214386 0.0635293 0.260068
FixedParameters: 0 0 0

#Transform 367
Transform: AffineTransform_float_3_3
Parameters: 1 0.000495078 -5.63183e-05 -0.000494922 0.999999 0.00137703 5.66816e-05 -0.00137697 0.999999 -0.00427327 0.04169 0.276774
FixedParameters: 0 0 0

#Transform 368
Transform: AffineTransform_float_3_3
Parameters: 1 0.000448865 6.59266e-05 -0.000449135 0.999998 0.00206397 -6.50731e-05 -0.00206403 0.999998 -0.00784384 0.0571266 0.270526
FixedParameters: 0 0 0

#Transform 369
Transform: AffineTransform_float_3_3
Parameters: 1 0.000178822 9.33414e-05 -0.000178177 0.999998 0.00190798 -9.26602e-05 -0.00190802 0.999998 -0.00369703 0.0780916 0.228698
FixedParameters: 0 0 0

#Transform 370
Transform: AffineTransform_float_3_3
Parameters: 1 0.000567128 -8.61624e-05 -0.000566871 0.999998 0.00147705 8.78373e-05 -0.00147695 0.999999 -0.00592837 0.0683002 0.244716
FixedParameters: 0 0 0

#Transform 371
Transform: AffineTransform_float_3_3
Parameters: 1 0.000524166 -9.61022e-05 -0.000523835 0.999999 0.00171305 9.68974e-05 -0.00171295 0.999998 -0.00828301 0.048307 0.254781
FixedParameters: 0 0 0

#Transform 372
Transform: AffineTransform_float_3_3
Parameters: 1 0.000407301 -0.000144152 -0.000407699 0.999997 0.00208306 0.000144849 -0.00208294 0.999998 -0.00624703 0.0774795 0.272503
FixedParameters: 0 0 0

#Transform 373
Transform: AffineTransform_float_3_3
Parameters: 1 0.000434049 -6.46697e-05 -0.00043395 0.999999 0.000761028 6.53302e-05 -0.000760971 0.999999 -0.00698347 0.0847938 0.239492
FixedParameters: 0 0 0

#Transform 374
Transform: AffineTransform_float_3_3
Parameters: 1 0.000178791 0.000103362 -0.000178208 0.999998 0.00202598 -0.000102639 -0.00202602 0.999998 -0.00374227 0.045004 0.276056
FixedParameters: 0 0 0

#Transform 375
Transform: AffineTransform_float_3_3
Parameters: 1 0.000179159 -6.55675e-05 -0.00017884 0.999997 0.00241501 6.64321e-05 -0.00241499 0.999997 -0.00294302 0.0590679 0.270934
FixedParameters: 0 0 0

#Transform 376
Transform: AffineTransform_float_3_3
Parameters: 1 0.000297798 0.000112535 -0.000298203 0.999999 0.00179597 -0.000112465 -0.00179603 0.999999 -0.00573435 0.0755393 0.261508
FixedParameters: 0 0 0

#Transform 377
Transform: AffineTransform_float_3_3
Parameters: 1 0.00017969 -0.000309601 -0.00017831 0.999998 0.00222606 0.000310398 -0.00222595 0.999998 -0.00185094 0.0779629 0.268858
FixedParameters: 0 0 0

#Transform 378
Transform: AffineTransform_float_3_3
Parameters: 1 0.000179095 -5.26784e-05 -0.000178905 0.999999 0.00179601 5.33214e-05 -0.00179599 0.999999 -0.00308119 0.0800081 0.28063
FixedParameters: 0 0 0

#Transform 379
Transform: AffineTransform_float_3_3
Parameters: 1 0.000286623 0.000162666 -0.000286378 0.999998 0.00232295 -0.000162335 -0.00232305 0.999998 -0.00578059 0.0623363 0.260518
FixedParameters: 0 0 0

#Transform 380
Transform: AffineTransform_float_3_3
Parameters: 1 0.00017876 0.000103416 -0.000178239 0.999998 0.00232298 -0.000102586 -0.00232302 0.999998 -0.00382667 0.0402513 0.261027
FixedParameters: 0 0 0

#Transform 381
Transform: AffineTransform_float_3_3
Parameters: 1 0.000179177 -9.36615e-05 -0.000178822 0.999998 0.00189002 9.43382e-05 -0.00188998 0.999998 -0.00288775 0.0571714 0.281086
FixedParameters: 0 0 0

#Transform 382
Transform: AffineTransform_float_3_3
Parameters: 1 0.000304972 1.65176e-05 -0.000305028 0.999998 0.00169699 -1.64824e-05 -0.001697 0.999998 -0.00153393 0.0698282 0.271503
FixedParameters: 0 0 0

#Transform 383
Transform: AffineTransform_float_3_3
Parameters: 1 0.000178818 0.000143228 -0.000178182 0.999999 0.00127297 -0.000142773 -0.00127303 0.999999 -0.00402139 0.0691768 0.251117
FixedParameters: 0 0 0

#Transform 384
Transform: AffineTransform_float_3_3
Parameters: 1 0.000248677 0.000132607 -0.000249321 0.999997 0.00243997 -0.000131392 -0.00244003 0.999997 -0.00507189 0.0502875 0.273887
FixedParameters: 0 0 0

#Transform 385
Transform: AffineTransform_float_3_3
Parameters: 1 0.00017884 7.93618e-05 -0.000178159 0.999998 0.00202199 -7.86399e-05 -0.00202201 0.999998 0.00141952 0.0574894 0.258664
FixedParameters: 0 0 0

#Transform 386
Transform: AffineTransform_float_3_3
Parameters: 1 1.19981e-05 1.90012e-05 -1.20019e-05 1 9.89998e-05 -1.89988e-05 -9.90002e-05 1 0.00425176 0.087922 0.274091
FixedParameters: 0 0 0

#Transform 387
Transform: AffineTransform_float_3_3
Parameters: 1 1.67518e-05 0.000180023 -1.62482e-05 0.999999 0.001379 -0.000179978 -0.001379 0.999999 -0.00171035 0.0924974 0.285951
FixedParameters: 0 0 0

#Transform 388
Transform: AffineTransform_float_3_3
Parameters: 1 0.000178904 0.000121141 -0.000178095 0.999999 0.000789978 -0.000120859 -0.000790021 0.999999 0.00544745 0.0381645 0.273076
FixedParameters: 0 0 0

#Transform 389
Transform: AffineTransform_float_3_3
Parameters: 1 0.00017941 -0.000186606 -0.000178589 0.999997 0.00219603 0.000187393 -0.00219596 0.999997 -0.00245899 0.0648063 0.293076
FixedParameters: 0 0 0

#Transform 390
Transform: AffineTransform_float_3_3
Parameters: 1 7.23922e-05 -0.000169833 -7.26075e-05 0.999998 0.00230801 0.000170168 -0.00230799 0.999998 0.00513484 0.0694117 0.260169
FixedParameters: 0 0 0

#Transform 391
Transform: AffineTransform_float_3_3
Parameters: 1 0.000179294 -0.000146642 -0.000178706 0.999998 0.00200003 0.000147358 -0.00199997 0.999998 -0.00261374 0.0859511 0.268142
FixedParameters: 0 0 0

#Transform 392
Transform: AffineTransform_float_3_3
Parameters: 1 0.00017839 0.000245444 -0.000178608 0.999997 0.00248596 -0.000244557 -0.00248604 0.999997 0.00214804 0.0211029 0.294125
FixedParameters: 0 0 0

#Transform 393
Transform: AffineTransform_float_3_3
Parameters: 1 0.000179142 -8.6707e-05 -0.000178857 0.999998 0.00163601 8.72927e-05 -0.00163598 0.999998 0.0043345 0.10628 0.286471
FixedParameters: 0 0 0

#Transform 394
Transform: AffineTransform_float_3_3
Parameters: 1 0.000179402 -0.0001796 -0.0001786 0.999998 0.00223403 0.0001794 -0.00223397 0.999998 -0.0025243 0.0758676 0.317029
FixedParameters: 0 0 0

#Transform 395
Transform: AffineTransform_float_3_3
Parameters: 1 -2.31413e-05 5.59417e-05 2.28585e-05 0.999997 0.002525 -5.60579e-05 -0.002525 0.999997 0.00564692 0.0592693 0.303907
FixedParameters: 0 0 0

#Transform 396
Transform: AffineTransform_float_3_3
Parameters: 1 0.000178639 0.000145445 -0.00017836 0.999997 0.00248597 -0.000144557 -0.00248603 0.999997 -0.00403127 0.0821581 0.282828
FixedParameters: 0 0 0

#Transform 397
Transform: AffineTransform_float_3_3
Parameters: 1 -0.000195119 5.75989e-05 0.00019488 0.999998 0.00205601 -5.84008e-05 -0.00205599 0.999998 0.00950906 0.0766888 0.244853
FixedParameters: 0 0 0

#Transform 398
Transform: AffineTransform_float_3_3
Parameters: 1 -3.2293e-05 -0.000277083 3.27068e-05 0.999996 0.00255199 0.000276917 -0.00255201 0.999996 0.00814099 0.0633189 0.301821
FixedParameters: 0 0 0

#Transform 399
Transform: AffineTransform_float_3_3
Parameters: 1 0.000178972 9.53768e-06 -0.000178026 0.999996 0.003004 -8.46525e-06 -0.003004 0.999996 0.00627384 0.0671978 0.293592
FixedParameters: 0 0 0

#Transform 400
Transform: AffineTransform_float_3_3
Parameters: 1 0.000178801 8.24328e-05 -0.000178198 0.999997 0.00241899 -8.15692e-05 -0.00241901 0.999997 -0.00369813 0.101626 0.284443
FixedParameters: 0 0 0

#Transform 401
Transform: AffineTransform_float_3_3
Parameters: 1 0.000178615 0.000189364 -0.000178386 0.999998 0.00203597 -0.000189637 -0.00203603 0.999998 0.000461782 0.0658188 0.26192
FixedParameters: 0 0 0

#Transform 402
Transform: AffineTransform_float_3_3
Parameters: 1 0.000179413 -0.000151513 -0.000178586 0.999997 0.00271803 0.000152486 -0.00271797 0.999997 -0.00262047 0.0582695 0.282441
FixedParameters: 0 0 0

#Transform 403
Transform: AffineTransform_float_3_3
Parameters: 1 3.08244e-05 -0.000330924 -3.01779e-05 0.999997 0.00249101 0.000330076 -0.00249099 0.999997 0.000395156 0.0876108 0.300021
FixedParameters: 0 0 0

#Transform 404
Transform: AffineTransform_float_3_3
Parameters: 1 0.000178896 4.34302e-05 -0.000178105 0.999997 0.00240399 -4.3572e-05 -0.00240401 0.999997 0.000853116 0.0679718 0.27478
FixedParameters: 0 0 0

#Transform 405
Transform: AffineTransform_float_3_3
Parameters: 1 0.000178672 0.000125469 -0.000178327 0.999996 0.00262098 -0.000124533 -0.00262102 0.999996 -0.00390661 0.0640365 0.287552
FixedParameters: 0 0 0

#Transform 406
Transform: AffineTransform_float_3_3
Parameters: 1 0.000178494 0.000184491 -0.000178504 0.999996 0.00274397 -0.000183511 -0.00274403 0.999996 -0.0041706 0.072985 0.283161
FixedParameters: 0 0 0

#Transform 407
Transform: AffineTransform_float_3_3
Parameters: 1 0.000177979 0.000419435 -0.000178023 0.999997 0.00243593 -0.000419568 -0.00243607 0.999997 0.00248398 0.0545038 0.266848
FixedParameters: 0 0 0

#Transform 408
Transform: AffineTransform_float_3_3
Parameters: 1 7.95924e-05 0.000206158 -8.04073e-05 0.999998 0.00197798 -0.000205841 -0.00197802 0.999998 0.00359702 0.0737581 0.277785
FixedParameters: 0 0 0

#Transform 409
Transform: AffineTransform_float_3_3
Parameters: 1 0.000178782 8.7447e-05 -0.000178217 0.999997 0.00249898 -8.65549e-05 -0.00249901 0.999997 -0.00371045 0.0786591 0.285757
FixedParameters: 0 0 0

#Transform 410
Transform: AffineTransform_float_3_3
Parameters: 1 0.000178788 0.000132287 -0.000178212 0.999998 0.00160498 -0.000131714 -0.00160502 0.999998 -0.00396451 0.0624338 0.260366
FixedParameters: 0 0 0

#Transform 411
Transform: AffineTransform_float_3_3
Parameters: 1 -0.000245371 0.000154411 0.00024463 0.999997 0.00240104 -0.000154588 -0.00240096 0.999997 0.00242537 0.0692722 0.287364
FixedParameters: 0 0 0

#Transform 412
Transform: AffineTransform_float_3_3
Parameters: 1 -0.000245045 1.84102e-05 0.000244954 0.999997 0.00240701 -1.95897e-05 -0.002407 0.999997 0.00957136 0.0650454 0.280972
FixedParameters: 0 0 0

#Transform 413
Transform: AffineTransform_float_3_3
Parameters: 1 -0.000244961 -1.56154e-05 0.000245039 0.999997 0.002512 1.53845e-05 -0.002512 0.999997 0.00320618 0.0834154 0.291932
FixedParameters: 0 0 0

#Transform 414
Transform: AffineTransform_float_3_3
Parameters: 1 2.48543e-06 0.000229006 -2.51456e-06 0.999998 0.002247 -0.000228995 -0.002247 0.999998 -0.00169286 0.096913 0.249815
FixedParameters: 0 0 0

#Transform 415
Transform: AffineTransform_float_3_3
Parameters: 1 -3.81145e-05 9.69551e-05 3.88854e-05 1 0.001181 -9.7046e-05 -0.001181 1 0.00268647 0.0653126 0.254151
FixedParameters: 0 0 0

#Transform 416
Transform: AffineTransform_float_3_3
Parameters: 1 -6.01149e-05 6.99013e-05 5.98849e-05 0.999998 0.001643 -7.00985e-05 -0.00164299 0.999998 0.00427287 0.0789374 0.264885
FixedParameters: 0 0 0

#Transform 417
Transform: AffineTransform_float_3_3
Parameters: 1 -6.79999e-05 -9.0984e-08 6.79999e-05 0.999999 0.001338 -9.0984e-08 -0.001338 0.999999 0.00836191 0.0732723 0.268066
FixedParameters: 0 0 0

#Transform 418
Transform: AffineTransform_float_3_3
Parameters: 1 -2.92053e-05 0.000124952 2.97946e-05 0.999998 0.001643 -0.000125049 -0.001643 0.999998 0.00612555 0.049866 0.280882
FixedParameters: 0 0 0

#Transform 419
Transform: AffineTransform_float_3_3
Parameters: 1 6.49722e-06 0.000268013 -7.50276e-06 0.999998 0.001876 -0.000267986 -0.001876 0.999998 0.00330566 0.0861631 0.255306
FixedParameters: 0 0 0

#Transform 420
Transform: AffineTransform_float_3_3
Parameters: 1 -0.000244794 -0.000102494 0.000245205 0.999998 0.00201697 0.000101506 -0.00201702 0.999998 0.00365614 0.0843406 0.275354
FixedParameters: 0 0 0

#Transform 421
Transform: AffineTransform_float_3_3
Parameters: 1 -0.000154497 0.000301746 0.000154502 0.999998 0.00164805 -0.000302255 -0.00164795 0.999999 0.000420373 0.0844711 0.267624
FixedParameters: 0 0 0

#Transform 422
Transform: AffineTransform_float_3_3
Parameters: 1 -6.22805e-05 0.000164894 6.17192e-05 0.999998 0.00170101 -0.000165105 -0.00170099 0.999998 0.00653455 0.0695016 0.256116
FixedParameters: 0 0 0

#Transform 423
Transform: AffineTransform_float_3_3
Parameters: 1 5.76197e-05 0.000190116 -5.83801e-05 0.999998 0.00200099 -0.000189884 -0.00200101 0.999998 -0.00246105 0.0853467 0.273582
FixedParameters: 0 0 0

#Transform 424
Transform: AffineTransform_float_3_3
Parameters: 1 0.00012504 -2.17702e-05 -0.000124959 0.999999 0.001838 2.22297e-05 -0.001838 0.999999 -0.00244613 0.0755068 0.224005
FixedParameters: 0 0 0

#Transform 425
Transform: AffineTransform_float_3_3
Parameters: 1 0.000124064 0.00044826 -0.000124937 0.999998 0.00208794 -0.00044874 -0.00208805 0.999997 -0.00471161 0.0805928 0.271461
FixedParameters: 0 0 0

#Transform 426
Transform: AffineTransform_float_3_3
Parameters: 1 -1.56193e-05 0.000284967 1.53807e-05 0.999997 0.002173 -0.000285034 -0.00217299 0.999997 -0.00181094 0.0787817 0.267964
FixedParameters: 0 0 0

#Transform 427
Transform: AffineTransform_float_3_3
Parameters: 1 0.0001245 0.000252247 -0.000124501 0.999998 0.00198197 -0.000252754 -0.00198203 0.999998 0.00493742 0.0711166 0.264991
FixedParameters: 0 0 0

#Transform 428
Transform: AffineTransform_float_3_3
Parameters: 1 0.000124447 0.000270255 -0.000124552 0.999998 0.00204697 -0.000269746 -0.00204703 0.999998 0.000769412 0.0700277 0.276202
FixedParameters: 0 0 0

#Transform 429
Transform: AffineTransform_float_3_3
Parameters: 1 -0.000160272 0.000148707 0.000160727 0.999999 0.00182803 -0.000149294 -0.00182798 0.999999 0.00111592 0.1013 0.23523
FixedParameters: 0 0 0

#Transform 430
Transform: AffineTransform_float_3_3
Parameters: 1 7.77557e-06 0.000113016 -8.2244e-06 0.999998 0.001986 -0.000112984 -0.001986 0.999998 -0.00139283 0.100638 0.243927
FixedParameters: 0 0 0

#Transform 431
Transform: AffineTransform_float_3_3
Parameters: 1 0.000124456 0.000330206 -0.000124544 0.999998 0.00164896 -0.000329795 -0.00164904 0.999998 0.0021787 0.0553925 0.226015
FixedParameters: 0 0 0

#Transform 432
Transform: AffineTransform_float_3_3
Parameters: 1 0.000125167 -7.97389e-05 -0.000124833 0.999998 0.00208701 8.02607e-05 -0.00208699 0.999998 0.00585339 0.0833473 0.24973
FixedParameters: 0 0 0

#Transform 433
Transform: AffineTransform_float_3_3
Parameters: 1 1.07223e-05 0.00015202 -1.12777e-05 0.999999 0.001827 -0.00015198 -0.001827 0.999999 0.00314796 0.0936498 0.239072
FixedParameters: 0 0 0

#Transform 434
Transform: AffineTransform_float_3_3
Parameters: 1 -0.000107533 -0.000197255 0.000107467 0.999997 0.00236998 0.000196746 -0.00237002 0.999997 0.00767162 0.0666918 0.266746
FixedParameters: 0 0 0

#Transform 435
Transform: AffineTransform_float_3_3
Parameters: 1 0.000124659 0.000216197 -0.00012434 0.999999 0.00157597 -0.000215804 -0.00157603 0.999998 0.00773685 0.094776 0.226484
FixedParameters: 0 0 0

#Transform 436
Transform: AffineTransform_float_3_3
Parameters: 1 2.27588e-05 0.000126044 -2.22411e-05 0.999998 0.001914 -0.000125958 -0.001914 0.999998 0.00228592 0.0744937 0.241619
FixedParameters: 0 0 0

#Transform 437
Transform: AffineTransform_float_3_3
Parameters: 1 0.000124335 0.000384216 -0.000124664 0.999998 0.00173095 -0.000383785 -0.00173105 0.999999 -0.000323898 0.0852754 0.227219
FixedParameters: 0 0 0

#Transform 438
Transform: AffineTransform_float_3_3
Parameters: 1 -1.14196e-05 0.000196976 1.15804e-05 0.999997 0.00213 -0.000197025 -0.00213 0.999997 0.00736004 0.0755636 0.2649
FixedParameters: 0 0 0

#Transform 439
Transform: AffineTransform_float_3_3
Parameters: 1 -3.40821e-05 4.99441e-05 3.39178e-05 0.999998 0.001643 -5.00558e-05 -0.001643 0.999998 -0.000444117 0.0944439 0.261153
FixedParameters: 0 0 0

#Transform 440
Transform: AffineTransform_float_3_3
Parameters: 1 0.000124412 0.000374196 -0.000124588 0.999999 0.00157195 -0.000373804 -0.00157205 0.999998 0.0026262 0.0801329 0.244681
FixedParameters: 0 0 0

#Transform 441
Transform: AffineTransform_float_3_3
Parameters: 1 0.00012468 0.000181221 -0.00012432 0.999999 0.00176598 -0.000180781 -0.00176602 0.999999 0.0125852 0.0731088 0.247642
FixedParameters: 0 0 0

#Transform 442
Transform: AffineTransform_float_3_3
Parameters: 1 0.00012445 0.00024528 -0.000124552 0.999998 0.00224297 -0.000245721 -0.00224303 0.999998 0.0026056 0.0549781 0.220173
FixedParameters: 0 0 0

#Transform 443
Transform: AffineTransform_float_3_3
Parameters: 1 0.000124452 0.000268255 -0.000124548 0.999998 0.00204497 -0.000267746 -0.00204503 0.999998 0.00385313 0.0822995 0.236795
FixedParameters: 0 0 0

#Transform 444
Transform: AffineTransform_float_3_3
Parameters: 1 0.000124368 0.000312252 -0.000124634 0.999998 0.00202496 -0.000312748 -0.00202504 0.999998 0.00317847 0.0705382 0.236522
FixedParameters: 0 0 0

#Transform 445
Transform: AffineTransform_float_3_3
Parameters: 1 0.000124899 4.1307e-05 -0.0001241 0.999997 0.00245699 -4.06952e-05 -0.002457 0.999997 0.00465317 0.0610775 0.256507
FixedParameters: 0 0 0

#Transform 446
Transform: AffineTransform_float_3_3
Parameters: 1 -6.34759e-05 0.00023187 6.35238e-05 0.999998 0.00205201 -0.000232131 -0.00205198 0.999998 0.00754353 0.0728846 0.270022
FixedParameters: 0 0 0

#Transform 447
Transform: AffineTransform_float_3_3
Parameters: 1 -0.000131615 0.000320748 0.000131385 0.999998 0.00191604 -0.000321252 -0.00191596 0.999998 0.00412153 0.0569001 0.261095
FixedParameters: 0 0 0

#Transform 448
Transform: AffineTransform_float_3_3
Parameters: 1 0.000123886 0.000437317 -0.000124113 0.999996 0.00254894 -0.000436685 -0.00254905 0.999996 0.00122092 0.0823286 0.24553
FixedParameters: 0 0 0

#Transform 449
Transform: AffineTransform_float_3_3
Parameters: 1 0.000124131 0.000417259 -0.000124868 0.999998 0.00208295 -0.000416741 -0.00208305 0.999997 0.00205043 0.0834718 0.255865
FixedParameters: 0 0 0

#Transform 450
Transform: AffineTransform_float_3_3
Parameters: 1 -5.43611e-05 0.000221912 5.36387e-05 0.999998 0.00162701 -0.000222087 -0.00162699 0.999998 0.00294641 0.0826155 0.266595
FixedParameters: 0 0 0

#Transform 451
Transform: AffineTransform_float_3_3
Parameters: 1 0.000124594 0.000213238 -0.000124407 0.999998 0.00190297 -0.000213764 -0.00190303 0.999998 0.00241421 0.0711386 0.280683
FixedParameters: 0 0 0

#Transform 452
Transform: AffineTransform_float_3_3
Parameters: 1 -9.32624e-05 0.000191873 9.37388e-05 0.999999 0.00136702 -0.000191128 -0.00136698 0.999999 0.00479619 0.114939 0.272167
FixedParameters: 0 0 0

#Transform 453
Transform: AffineTransform_float_3_3
Parameters: 1 -0.000148582 0.000302715 0.000147417 0.999998 0.00192305 -0.000303284 -0.00192296 0.999998 0.00540274 0.0854328 0.237015
FixedParameters: 0 0 0
